1.204269596258940866e-01 2.071543226922652452e-03 1.000000000000000000e+00 1.000000000000000021e-02
9.350720548642972585e-02 1.687405545770865678e-03 1.000000000000000000e+00 1.000000000000000000e+06
9.348875284494270743e-02 1.687371729388661892e-03 1.000000000000000000e+00 3.162277660168379080e+05
9.343048569536437087e-02 1.687265023827903701e-03 1.000000000000000000e+00 1.000000000000000000e+05
9.324714223579710914e-02 1.686859710053023077e-03 1.000000000000000000e+00 3.162277660168379589e+04
9.267728988616182051e-02 1.686134214022504737e-03 1.000000000000000000e+00 1.000000000000000000e+04
9.097052127249569131e-02 1.684041518406855908e-03 3.162277660168379394e-03 1.000000000000000000e+06
9.096905818493226936e-02 1.683271603022404653e-03 1.000000000000000000e+00 3.162277660168379043e+03
9.025568571733115497e-02 2.285228260364734372e-03 3.162277660168379394e-03 1.000000000000000021e-02
9.014185605223196118e-02 2.287223049427183387e-03 9.999999999999999124e-06 1.000000000000000021e-02
9.014160458819514554e-02 2.287204788042299965e-03 3.162277660168379191e-08 1.000000000000000021e-02
9.014160382449436237e-02 2.287204724723454138e-03 9.999999999999999072e-11 1.000000000000000021e-02
8.631335201914877575e-02 1.666608477409577778e-03 3.162277660168379394e-03 3.162277660168379080e+05
8.631311311475406423e-02 1.665784856865099939e-03 1.000000000000000000e+00 1.000000000000000000e+03
7.619475469420254610e-02 1.550414285874692367e-03 1.000000000000000000e+00 3.162277660168379043e+02
7.619036452708521923e-02 1.551308377233132042e-03 3.162277660168379394e-03 1.000000000000000000e+05
6.161988067467357583e-02 1.486394890877578779e-03 1.000000000000000000e+00 1.000000000000000000e+02
6.160442525054750373e-02 1.486877511754847647e-03 3.162277660168379394e-03 3.162277660168379589e+04
4.903183713102495650e-02 1.217794469396790225e-03 1.000000000000000000e+00 3.162277660168379612e+01
4.901057172731297651e-02 1.212582567522437925e-03 3.162277660168379394e-03 1.000000000000000000e+04
4.134482612436196636e-02 8.707704590865993424e-04 1.000000000000000000e+00 1.000000000000000000e+01
4.133585008881264511e-02 8.541054978894110916e-04 3.162277660168379394e-03 3.162277660168379043e+03
4.133584033968432797e-02 8.540497103470548945e-04 9.999999999999999124e-06 1.000000000000000000e+06
4.120777399255649148e-02 9.279206350502743495e-04 1.000000000000000000e+00 3.162277660168379134e-02
3.982878519180010207e-02 9.812195292333164304e-04 9.999999999999999072e-11 1.000000000000000000e+04
3.980463046325739829e-02 9.791911794791590979e-04 9.999999999999999072e-11 3.162277660168379589e+04
3.978071887041993715e-02 9.804836944274438089e-04 9.999999999999999072e-11 3.162277660168379043e+03
3.967639990210637679e-02 9.729158712824381022e-04 9.999999999999999072e-11 1.000000000000000000e+05
3.960055562852306255e-02 9.746832903141681645e-04 9.999999999999999072e-11 1.000000000000000000e+03
3.928872050857730447e-02 9.549493927252159214e-04 9.999999999999999072e-11 3.162277660168379080e+05
3.910971630674685284e-02 9.573697761648772850e-04 9.999999999999999072e-11 3.162277660168379043e+02
3.902371026698535361e-02 9.446881371159616568e-04 3.162277660168379191e-08 1.000000000000000000e+03
3.892118583836758766e-02 9.462155455293730106e-04 3.162277660168379191e-08 3.162277660168379043e+02
3.830419161103049142e-02 9.213614979409183057e-04 9.999999999999999072e-11 1.000000000000000000e+06
3.822452987770166150e-02 9.178461130277792415e-04 3.162277660168379191e-08 3.162277660168379043e+03
3.804883033898130706e-02 9.117567714106088964e-04 9.999999999999999072e-11 1.000000000000000000e+02
3.799171665127251685e-02 9.081859146974297168e-04 3.162277660168379191e-08 1.000000000000000000e+02
3.697000486541599656e-02 5.651638823124763723e-04 9.999999999999999124e-06 3.162277660168379080e+05
3.696936923120209412e-02 5.651459638419761454e-04 3.162277660168379394e-03 1.000000000000000000e+03
3.684723898269741393e-02 5.770328011306538954e-04 1.000000000000000000e+00 3.162277660168379079e+00
3.634640773651127976e-02 9.091282797906428438e-04 3.162277660168379191e-08 1.000000000000000000e+04
3.629006547476680555e-02 8.691743230962860637e-04 9.999999999999999072e-11 3.162277660168379612e+01
3.627393878065521271e-02 8.680547520957976890e-04 3.162277660168379191e-08 3.162277660168379612e+01
3.419914313745869155e-02 4.821681405465916672e-04 9.999999999999999124e-06 1.000000000000000000e+05
3.419448026840267441e-02 4.817969087644934458e-04 3.162277660168379394e-03 3.162277660168379043e+02
3.385478085534857767e-02 7.935386367357359595e-04 9.999999999999999072e-11 1.000000000000000000e+01
3.385063114280931207e-02 7.931734954405906700e-04 3.162277660168379191e-08 1.000000000000000000e+01
3.377856057487289843e-02 8.166999865523704447e-04 3.162277660168379191e-08 3.162277660168379589e+04
3.362599654775804553e-02 7.496210422740219679e-04 9.999999999999999124e-06 3.162277660168379612e+01
3.356102597293029316e-02 4.792386348389873090e-04 1.000000000000000000e+00 1.000000000000000000e+00
3.287549978971678055e-02 7.424939748290305345e-04 9.999999999999999124e-06 1.000000000000000000e+01
3.279462828371587646e-02 7.439929594040644006e-04 9.999999999999999124e-06 1.000000000000000000e+02
3.204263049865074819e-02 3.831619830170536890e-04 9.999999999999999124e-06 3.162277660168379589e+04
3.201050734775483242e-02 3.826877085345358289e-04 3.162277660168379394e-03 1.000000000000000000e+02
3.139663734574097559e-02 6.422579140333380858e-04 3.162277660168379191e-08 1.000000000000000000e+05
3.118636321851904827e-02 6.341031531200335900e-04 9.999999999999999124e-06 3.162277660168379043e+02
3.084757782788700303e-02 8.031174242074619113e-04 9.999999999999999072e-11 3.162277660168379079e+00
3.084665676621068872e-02 8.030037362069481020e-04 3.162277660168379191e-08 3.162277660168379079e+00
3.057540814350698244e-02 7.811569043352177945e-04 9.999999999999999124e-06 3.162277660168379079e+00
3.049352892100954879e-02 2.923291985034600607e-04 9.999999999999999124e-06 1.000000000000000000e+04
3.047856720127691335e-02 1.043305687952787632e-03 9.999999999999999072e-11 3.162277660168379134e-02
3.047856498418245047e-02 1.043304503027241278e-03 3.162277660168379191e-08 3.162277660168379134e-02
3.047813028935418209e-02 1.043229106270071637e-03 9.999999999999999124e-06 3.162277660168379134e-02
3.046939235418307662e-02 1.044091981500026032e-03 3.162277660168379394e-03 3.162277660168379134e-02
3.027326043676078354e-02 2.834674467676918269e-04 3.162277660168379394e-03 3.162277660168379612e+01
3.015083264467643964e-02 4.632973448489011636e-04 1.000000000000000000e+00 3.162277660168379412e-01
2.992611039376327775e-02 4.315934142668919216e-04 3.162277660168379191e-08 3.162277660168379080e+05
2.989140153166636865e-02 4.320415965665532973e-04 9.999999999999999124e-06 1.000000000000000000e+03
2.966541539055831539e-02 2.878231567123710924e-04 3.162277660168379191e-08 1.000000000000000000e+06
2.966018924507010657e-02 2.877679551465768190e-04 9.999999999999999124e-06 3.162277660168379043e+03
2.859621415232965758e-02 3.007221920343134845e-04 3.162277660168379394e-03 1.000000000000000000e+01
2.820516545572677655e-02 6.744968365618871607e-04 1.000000000000000000e+00 1.000000000000000056e-01
2.746071258088654196e-02 7.484912782532858640e-04 9.999999999999999072e-11 1.000000000000000000e+00
2.746054369109799873e-02 7.484408913314226884e-04 3.162277660168379191e-08 1.000000000000000000e+00
2.740506918661362798e-02 7.393433649788631575e-04 9.999999999999999124e-06 1.000000000000000000e+00
2.668383771748081973e-02 5.049886641850883815e-04 3.162277660168379394e-03 3.162277660168379079e+00
2.465516952300083470e-02 6.349067679087057759e-04 3.162277660168379394e-03 1.000000000000000000e+00
2.408494174370884311e-02 6.082591882677526162e-04 9.999999999999999072e-11 3.162277660168379412e-01
2.408490152174037890e-02 6.082494148831321321e-04 3.162277660168379191e-08 3.162277660168379412e-01
2.407517062356179932e-02 6.061956229842264000e-04 9.999999999999999124e-06 3.162277660168379412e-01
2.304345735359252315e-02 5.389020492627776254e-04 3.162277660168379394e-03 3.162277660168379412e-01
2.245873421753879356e-02 8.557329868048386880e-04 9.999999999999999072e-11 1.000000000000000056e-01
2.245872343869518423e-02 8.557311985365795206e-04 3.162277660168379191e-08 1.000000000000000056e-01
2.245645409491583630e-02 8.558550444974139838e-04 9.999999999999999124e-06 1.000000000000000056e-01
2.220489338287011047e-02 8.397798692520117578e-04 3.162277660168379394e-03 1.000000000000000056e-01
