1.310821470021588109e-01 2.296130724681484051e-03 1.000000000000000000e+00 1.000000000000000000e+06
1.293194786453762679e-01 2.287439896851302477e-03 1.000000000000000000e+00 3.162277660168379080e+05
1.241501047158489329e-01 2.256946656713377380e-03 1.000000000000000000e+00 1.000000000000000000e+05
1.110749496256976804e-01 2.171270423809429275e-03 1.000000000000000000e+00 3.162277660168379225e+04
8.796586059958061421e-02 1.920466603324999565e-03 1.000000000000000000e+00 1.000000000000000000e+04
6.580942237317619070e-02 1.282879415786879109e-03 1.000000000000000000e+00 3.162277660168379498e+03
6.578628968673208566e-02 1.282921638073152492e-03 3.162277660168379394e-03 1.000000000000000000e+06
5.239479060750550088e-02 8.602826650053441680e-04 1.000000000000000000e+00 1.000000000000000000e+03
5.235120005068422122e-02 8.607234672099789083e-04 3.162277660168379394e-03 3.162277660168379080e+05
4.436905534285594255e-02 8.284804665124355979e-04 1.000000000000000000e+00 3.162277660168379612e+02
4.432334773159722630e-02 8.258119744837392247e-04 3.162277660168379394e-03 1.000000000000000000e+05
3.991246314203616974e-02 6.398176228871001788e-04 3.162277660168379394e-03 3.162277660168379225e+04
3.987460377480279983e-02 6.420415858808485978e-04 1.000000000000000000e+00 1.000000000000000000e+02
3.671585942995824609e-02 6.154322023691466805e-04 3.162277660168379394e-03 1.000000000000000000e+04
3.628974652137835488e-02 5.551686057042362057e-04 1.000000000000000000e+00 3.162277660168379256e+01
3.368847829187483073e-02 5.458925182827455754e-04 1.000000000000000082e-05 1.000000000000000000e+06
3.367054441504922085e-02 5.446966215993376530e-04 3.162277660168379394e-03 3.162277660168379498e+03
3.232592241356129631e-02 4.489970647058962104e-04 1.000000000000000000e+00 1.000000000000000000e+01
3.076403387159528172e-02 5.239760376692467357e-04 1.000000000000000082e-05 3.162277660168379080e+05
3.065875934391833896e-02 5.229789611655878820e-04 3.162277660168379394e-03 1.000000000000000000e+03
2.902017727443636022e-02 4.362452393711252247e-04 1.000000000000000000e+00 3.162277660168379523e+00
2.822558600570069728e-02 4.886463773668219511e-04 1.000000000000000082e-05 1.000000000000000000e+05
2.784360119133157813e-02 5.133424406458759809e-04 3.162277660168379394e-03 3.162277660168379612e+02
2.742533670831396458e-02 4.589210150834885957e-04 1.000000000000000000e+00 1.000000000000000000e+00
2.618410425917945192e-02 4.061829120072767683e-04 1.000000000000000082e-05 3.162277660168379225e+04
2.581239803778512254e-02 4.330397142634128185e-04 1.000000000000000036e-10 3.162277660168379080e+05
2.580815095735659523e-02 4.319255662581522885e-04 1.000000000000000036e-10 1.000000000000000000e+06
2.580467211272052808e-02 4.344747838938102296e-04 1.000000000000000036e-10 1.000000000000000000e+05
2.577626596681997784e-02 4.383352354952352748e-04 1.000000000000000036e-10 3.162277660168379225e+04
2.570313583979488836e-02 4.473740701900792292e-04 1.000000000000000036e-10 1.000000000000000000e+04
2.567247548902249973e-02 4.264232731100596257e-04 3.162277660168379191e-08 3.162277660168379225e+04
2.566866120598614714e-02 4.432125911149062208e-04 3.162277660168379191e-08 1.000000000000000000e+04
2.556077615298946171e-02 4.616700758213186954e-04 1.000000000000000036e-10 3.162277660168379498e+03
2.554994993482204851e-02 4.599200825513999617e-04 3.162277660168379191e-08 3.162277660168379498e+03
2.551917013683358687e-02 4.032494112761146198e-04 3.162277660168379191e-08 1.000000000000000000e+05
2.534627984613179591e-02 4.762859895278123484e-04 3.162277660168379394e-03 1.000000000000000000e+02
2.533942422102391373e-02 4.779123142793083485e-04 1.000000000000000036e-10 1.000000000000000000e+03
2.533600085135679844e-02 4.770594718281237186e-04 3.162277660168379191e-08 1.000000000000000000e+03
2.518162077851585079e-02 3.549857287510189930e-04 3.162277660168379191e-08 3.162277660168379080e+05
2.500766071556150688e-02 4.764864892500606896e-04 1.000000000000000036e-10 3.162277660168379612e+02
2.500662551935332531e-02 4.760569818956603030e-04 3.162277660168379191e-08 3.162277660168379612e+02
2.498310742360452738e-02 2.928499140495408916e-04 1.000000000000000082e-05 1.000000000000000000e+04
2.484071662358013771e-02 2.936533514685687150e-04 3.162277660168379191e-08 1.000000000000000000e+06
2.476254705340169213e-02 4.445448829582580538e-04 1.000000000000000082e-05 3.162277660168379612e+02
2.476065881810906102e-02 3.933699167486463095e-04 1.000000000000000082e-05 1.000000000000000000e+03
2.466124259242458497e-02 3.034667255200289402e-04 1.000000000000000082e-05 3.162277660168379498e+03
2.450253342956871735e-02 4.016113769652763913e-04 1.000000000000000036e-10 1.000000000000000000e+02
2.450216850787491005e-02 4.014480878111154711e-04 3.162277660168379191e-08 1.000000000000000000e+02
2.441753960582498245e-02 3.939905586937834437e-04 1.000000000000000082e-05 1.000000000000000000e+02
2.378202553800774083e-02 2.646462084827600272e-04 1.000000000000000036e-10 3.162277660168379256e+01
2.378193695807395355e-02 2.646457508745525696e-04 3.162277660168379191e-08 3.162277660168379256e+01
2.375912012527445216e-02 2.646079419106073813e-04 1.000000000000000082e-05 3.162277660168379256e+01
2.366533423466178968e-02 2.787636700039161858e-04 3.162277660168379394e-03 3.162277660168379256e+01
2.332960363495104050e-02 6.579038926650027271e-04 1.000000000000000036e-10 1.000000000000000000e+00
2.332960191540239120e-02 6.579063609194646563e-04 3.162277660168379191e-08 1.000000000000000000e+00
2.332932017168833430e-02 6.583281012689910392e-04 1.000000000000000082e-05 1.000000000000000000e+00
2.329034144130603251e-02 6.482546799266555772e-04 3.162277660168379394e-03 1.000000000000000000e+00
2.305304105562282907e-02 2.804333147419972930e-04 1.000000000000000036e-10 1.000000000000000000e+01
2.305302826593714355e-02 2.804394697008615414e-04 3.162277660168379191e-08 1.000000000000000000e+01
2.304803246404083308e-02 2.805372077522285887e-04 1.000000000000000082e-05 1.000000000000000000e+01
2.276978723266760360e-02 5.124941686141410444e-04 1.000000000000000036e-10 3.162277660168379523e+00
2.276978152395421964e-02 5.125025851033339136e-04 3.162277660168379191e-08 3.162277660168379523e+00
2.276867559649876221e-02 5.132263036274120399e-04 1.000000000000000082e-05 3.162277660168379523e+00
2.273776375072191630e-02 2.890706553799375438e-04 3.162277660168379394e-03 1.000000000000000000e+01
2.259759457296814378e-02 4.903265647749634713e-04 3.162277660168379394e-03 3.162277660168379523e+00
