2.918919776926159337e-01 2.855847191109536082e-02 1.000000000000000000e+00 1.000000000000000000e+06
2.904235463838740761e-01 2.849703927577478674e-02 1.000000000000000000e+00 3.162277660168379080e+05
2.858816766106258012e-01 2.830816808954693745e-02 1.000000000000000000e+00 1.000000000000000000e+05
2.724815869331284612e-01 2.778875967883892573e-02 1.000000000000000000e+00 3.162277660168379589e+04
2.376460999114239081e-01 2.626885042302569417e-02 1.000000000000000000e+00 1.000000000000000000e+04
1.912730623293097398e-01 2.542746995532153137e-02 1.000000000000000000e+00 1.000000000000000000e+00
1.721132434349878504e-01 2.240099677215688645e-02 1.000000000000000000e+00 3.162277660168379043e+03
1.719154490011050862e-01 2.195526396034135769e-02 3.162277660168379394e-03 1.000000000000000000e+06
1.153263534652450434e-01 1.961234509182057176e-02 3.162277660168379394e-03 1.000000000000000000e+00
1.150355203901181483e-01 1.961194834533758549e-02 9.999999999999999124e-06 1.000000000000000000e+00
1.150345992648510035e-01 1.961194751068190759e-02 3.162277660168379191e-08 1.000000000000000000e+00
1.150345963519828346e-01 1.961194750804673426e-02 9.999999999999999072e-11 1.000000000000000000e+00
9.877369481680391139e-02 1.588373987298361684e-02 1.000000000000000000e+00 1.000000000000000000e+03
9.749284099738515785e-02 1.549632442418947577e-02 3.162277660168379394e-03 3.162277660168379080e+05
6.920436924736275697e-02 1.307852501314777684e-02 1.000000000000000000e+00 3.162277660168379079e+00
5.470508865693250733e-02 9.727294426094459240e-03 1.000000000000000000e+00 3.162277660168379043e+02
5.257645323186632691e-02 9.453322931800754725e-03 3.162277660168379394e-03 1.000000000000000000e+05
4.529703341187505533e-02 7.703660475317673437e-03 3.162277660168379394e-03 3.162277660168379079e+00
4.524029051285231168e-02 7.709251306162416897e-03 9.999999999999999124e-06 3.162277660168379079e+00
4.524011118653674390e-02 7.709270827666364970e-03 3.162277660168379191e-08 3.162277660168379079e+00
4.524011061945858170e-02 7.709270889417834359e-03 9.999999999999999072e-11 3.162277660168379079e+00
4.275255392860632941e-02 7.401600101852057537e-03 1.000000000000000000e+00 1.000000000000000000e+01
3.933907434217345095e-02 8.081010894450362317e-03 1.000000000000000000e+00 1.000000000000000000e+02
3.759830363571960155e-02 7.488608439733072768e-03 1.000000000000000000e+00 3.162277660168379612e+01
3.726169568476377092e-02 7.899270234623719661e-03 3.162277660168379394e-03 3.162277660168379589e+04
3.504117445596077046e-02 6.089222314106976577e-03 9.999999999999999072e-11 3.162277660168379080e+05
3.504104790828227456e-02 6.088941973013435940e-03 9.999999999999999072e-11 1.000000000000000000e+05
3.504051007901223119e-02 6.089453914298068558e-03 9.999999999999999072e-11 1.000000000000000000e+06
3.503994300298431813e-02 6.088197448837522757e-03 9.999999999999999072e-11 3.162277660168379589e+04
3.503622570096279198e-02 6.085878793402382282e-03 9.999999999999999072e-11 1.000000000000000000e+04
3.503263327887116974e-02 6.086610020109795884e-03 3.162277660168379191e-08 1.000000000000000000e+04
3.502857529620071603e-02 6.090508610716351308e-03 3.162277660168379191e-08 3.162277660168379589e+04
3.502439908543866082e-02 6.078480956825811979e-03 9.999999999999999072e-11 3.162277660168379043e+03
3.502327160722212840e-02 6.078711775042245323e-03 3.162277660168379191e-08 3.162277660168379043e+03
3.500529666159281350e-02 6.096222916533006707e-03 3.162277660168379191e-08 1.000000000000000000e+05
3.498704705345521276e-02 6.054680093192614000e-03 9.999999999999999072e-11 1.000000000000000000e+03
3.498669879305853214e-02 6.054752723495781565e-03 3.162277660168379191e-08 1.000000000000000000e+03
3.493239010748978857e-02 6.004453615917094977e-03 9.999999999999999072e-11 3.162277660168379043e+02
3.493229224156933765e-02 6.004478914428831859e-03 3.162277660168379191e-08 3.162277660168379043e+02
3.493028471320183681e-02 6.111959506220127590e-03 3.162277660168379191e-08 3.162277660168379080e+05
3.490160671935271797e-02 6.012440408948463606e-03 9.999999999999999124e-06 3.162277660168379043e+02
3.488067982088712687e-02 6.077512920026040787e-03 9.999999999999999124e-06 1.000000000000000000e+03
3.480735150752010953e-02 5.851193904443386697e-03 9.999999999999999072e-11 1.000000000000000000e+02
3.480732106874791232e-02 5.851198519426647690e-03 3.162277660168379191e-08 1.000000000000000000e+02
3.479960626344387464e-02 5.748130290407079193e-03 9.999999999999999072e-11 1.000000000000000000e+01
3.479960485098210210e-02 5.748130537209067761e-03 3.162277660168379191e-08 1.000000000000000000e+01
3.479915831329007114e-02 5.748208574038265149e-03 9.999999999999999124e-06 1.000000000000000000e+01
3.479772305095926027e-02 5.852656322017370585e-03 9.999999999999999124e-06 1.000000000000000000e+02
3.471743595748567890e-02 6.163753882295154585e-03 3.162277660168379191e-08 1.000000000000000000e+06
3.469865420336752659e-02 6.149464605659420505e-03 9.999999999999999124e-06 3.162277660168379043e+03
3.468201911788257319e-02 5.765332280464261806e-03 3.162277660168379394e-03 1.000000000000000000e+01
3.450844697970984615e-02 6.539617152135396468e-03 3.162277660168379394e-03 1.000000000000000000e+04
3.449289862711810151e-02 5.599430387327403516e-03 9.999999999999999072e-11 3.162277660168379612e+01
3.449289096879019217e-02 5.599432021283517157e-03 3.162277660168379191e-08 3.162277660168379612e+01
3.449047135744898879e-02 5.599948745752581641e-03 9.999999999999999124e-06 3.162277660168379612e+01
3.423817866311083119e-02 6.277693731488158228e-03 9.999999999999999124e-06 1.000000000000000000e+04
3.400192444708684258e-02 5.963800365678103253e-03 3.162277660168379394e-03 3.162277660168379043e+03
3.399222015026728133e-02 5.957829694224666024e-03 9.999999999999999124e-06 1.000000000000000000e+06
3.395098100204135133e-02 5.701944471361143282e-03 3.162277660168379394e-03 3.162277660168379612e+01
3.375486610071768562e-02 6.066532708764775517e-03 3.162277660168379394e-03 1.000000000000000000e+02
3.367576588438006557e-02 6.335644475572171572e-03 9.999999999999999124e-06 3.162277660168379589e+04
3.353099216704973073e-02 5.823731209201949560e-03 3.162277660168379394e-03 1.000000000000000000e+03
3.351141465663669272e-02 5.833024096908852492e-03 9.999999999999999124e-06 3.162277660168379080e+05
3.338774166428154500e-02 6.085382743660563108e-03 3.162277660168379394e-03 3.162277660168379043e+02
3.338043280043977157e-02 6.178668892071328272e-03 9.999999999999999124e-06 1.000000000000000000e+05
