2.893384767338985641e-01 1.407157939879230893e-02 1.000000000000000000e+00 1.000000000000000000e+06
2.893280941992787403e-01 1.407159448139489247e-02 1.000000000000000000e+00 3.162277660168379080e+05
2.892952674920518108e-01 1.407164229554134019e-02 1.000000000000000000e+00 1.000000000000000000e+05
2.891915177949690996e-01 1.407179468394233364e-02 1.000000000000000000e+00 3.162277660168379589e+04
2.888640060077165006e-01 1.407228841779597020e-02 1.000000000000000000e+00 1.000000000000000000e+04
2.885503899814731987e-01 1.410365523935995860e-02 3.162277660168379394e-03 1.000000000000000000e+06
2.878367585835667208e-01 1.407437639664346762e-02 1.000000000000000000e+00 3.162277660168379043e+03
2.853268416247067840e-01 1.410562503081746501e-02 3.162277660168379394e-03 3.162277660168379080e+05
2.846614048641470940e-01 1.406665333166124722e-02 1.000000000000000000e+00 1.000000000000000000e+03
2.757490413118400818e-01 1.408323269950084548e-02 3.162277660168379394e-03 1.000000000000000000e+05
2.752102570942168702e-01 1.407147304775992550e-02 1.000000000000000000e+00 3.162277660168379043e+02
2.506535351080514396e-01 1.406544347180807390e-02 3.162277660168379394e-03 3.162277660168379589e+04
2.505674157460703322e-01 1.398251033803516244e-02 1.000000000000000000e+00 1.000000000000000000e+02
2.021424735035845521e-01 1.370937371795048418e-02 1.000000000000000000e+00 3.162277660168379612e+01
2.011400614337298387e-01 1.387303293519408058e-02 3.162277660168379394e-03 1.000000000000000000e+04
1.397150318144195213e-01 1.343794436718879180e-02 1.000000000000000000e+00 1.000000000000000000e+01
1.366634826916570677e-01 1.377604476504576576e-02 3.162277660168379394e-03 3.162277660168379043e+03
1.366539014880344127e-01 1.377708880752237519e-02 9.999999999999999124e-06 1.000000000000000000e+06
8.977080341063960189e-02 1.242582885430415160e-02 1.000000000000000000e+00 3.162277660168379079e+00
8.498505312815166080e-02 1.240521053638472294e-02 3.162277660168379394e-03 1.000000000000000000e+03
8.497113971760983375e-02 1.240429484567945675e-02 9.999999999999999124e-06 3.162277660168379080e+05
6.418542400018698024e-02 8.348274611530490455e-03 1.000000000000000000e+00 1.000000000000000000e+00
5.667019778273316849e-02 8.118489695205675580e-03 3.162277660168379394e-03 3.162277660168379043e+02
5.666009728285033298e-02 8.122305045885819252e-03 9.999999999999999124e-06 1.000000000000000000e+05
4.269191611195009839e-02 6.148769313335083683e-03 9.999999999999999124e-06 3.162277660168379589e+04
4.266978913884388047e-02 6.146512372756066274e-03 3.162277660168379394e-03 1.000000000000000000e+02
4.083075822824525775e-02 4.038739967818403935e-03 9.999999999999999072e-11 1.000000000000000000e+04
4.082763133549382334e-02 4.036855060951406032e-03 9.999999999999999072e-11 3.162277660168379043e+03
4.082552290731984723e-02 4.037856168934868956e-03 9.999999999999999072e-11 3.162277660168379589e+04
4.081159931229026705e-02 4.029439287902945518e-03 9.999999999999999072e-11 1.000000000000000000e+03
4.080396330739414351e-02 4.032928754592431803e-03 9.999999999999999072e-11 1.000000000000000000e+05
4.075952512338421041e-02 4.005855206700321795e-03 9.999999999999999072e-11 3.162277660168379043e+02
4.073249690030612130e-02 4.016299609352538130e-03 9.999999999999999072e-11 3.162277660168379080e+05
4.072758538528081784e-02 3.998590449494812682e-03 3.162277660168379191e-08 3.162277660168379043e+02
4.070824950468659997e-02 4.005504815388838055e-03 3.162277660168379191e-08 1.000000000000000000e+03
4.061772591161144641e-02 3.953394874517356800e-03 9.999999999999999072e-11 1.000000000000000000e+02
4.060679122430975452e-02 3.950222470888097373e-03 3.162277660168379191e-08 1.000000000000000000e+02
4.054667580461828597e-02 3.911231055029469952e-03 9.999999999999999072e-11 1.000000000000000000e+06
4.053871683574113149e-02 3.908343086313287133e-03 3.162277660168379191e-08 3.162277660168379043e+03
4.022457180701087542e-02 3.810283107365898970e-03 9.999999999999999072e-11 3.162277660168379612e+01
4.022132485979638267e-02 3.809262604235238991e-03 3.162277660168379191e-08 3.162277660168379612e+01
4.002909099877231119e-02 3.540247153536386568e-03 3.162277660168379191e-08 1.000000000000000000e+04
3.943289514889694591e-02 3.309523207408120605e-03 9.999999999999999124e-06 3.162277660168379612e+01
3.931794871790167401e-02 3.460855400295801375e-03 9.999999999999999072e-11 1.000000000000000000e+01
3.931698751131958158e-02 3.460254809062338673e-03 3.162277660168379191e-08 1.000000000000000000e+01
3.904970513141214211e-02 3.323937862800609936e-03 9.999999999999999124e-06 1.000000000000000000e+01
3.883546000371269208e-02 2.910390949059058451e-03 3.162277660168379191e-08 3.162277660168379589e+04
3.863031758260101339e-02 2.853404757185359474e-03 9.999999999999999124e-06 1.000000000000000000e+02
3.791733240581015435e-02 3.031704599125880934e-03 9.999999999999999072e-11 3.162277660168379079e+00
3.791707783269013254e-02 3.031637660419232976e-03 3.162277660168379191e-08 3.162277660168379079e+00
3.783707744878452711e-02 3.009246128245846377e-03 9.999999999999999124e-06 3.162277660168379079e+00
3.709624315309430209e-02 2.483221425085019134e-03 3.162277660168379191e-08 1.000000000000000000e+05
3.704630865542726109e-02 2.480780987496989266e-03 9.999999999999999124e-06 3.162277660168379043e+02
3.635553946511066448e-02 3.572265653326896304e-03 9.999999999999999072e-11 1.000000000000000000e+00
3.635548430683775700e-02 3.572260818937053432e-03 3.162277660168379191e-08 1.000000000000000000e+00
3.633821401812207391e-02 3.570061918638079909e-03 9.999999999999999124e-06 1.000000000000000000e+00
3.606293351218182314e-02 4.751183010907415565e-03 9.999999999999999124e-06 1.000000000000000000e+04
3.593721211798889259e-02 4.729717969618575137e-03 3.162277660168379394e-03 3.162277660168379612e+01
3.547749403573934035e-02 2.807315956545248289e-03 3.162277660168379191e-08 3.162277660168379080e+05
3.546522107439525201e-02 2.809796538469284607e-03 9.999999999999999124e-06 1.000000000000000000e+03
3.478577934522501108e-02 3.539470086922662934e-03 3.162277660168379394e-03 1.000000000000000000e+00
3.474469075179139471e-02 3.437136474218436145e-03 3.162277660168379191e-08 1.000000000000000000e+06
3.474226071883189382e-02 3.436759370326264180e-03 9.999999999999999124e-06 3.162277660168379043e+03
3.423513216166503004e-02 2.952149082388050641e-03 3.162277660168379394e-03 3.162277660168379079e+00
3.418558667757723435e-02 3.301898984999150546e-03 3.162277660168379394e-03 1.000000000000000000e+01
