9.256378545070641228e-02 7.570605196835500372e-04 1.000000000000000000e+00 1.000000000000000000e+06
9.158783162616961071e-02 7.503166952292579560e-04 1.000000000000000000e+00 3.162277660168379080e+05
8.877087894002563817e-02 7.542363117115980821e-04 1.000000000000000000e+00 1.000000000000000000e+05
8.187025487725768658e-02 7.267162812966723425e-04 1.000000000000000000e+00 3.162277660168379589e+04
7.020866767146811960e-02 6.873770095602025395e-04 1.000000000000000000e+00 1.000000000000000000e+04
5.899506164418999443e-02 7.380791895505753146e-04 1.000000000000000000e+00 3.162277660168379043e+03
5.898922448342595187e-02 7.389347625003437996e-04 3.162277660168379394e-03 1.000000000000000000e+06
5.105708035864335581e-02 1.060821376768691969e-03 3.162277660168379394e-03 3.162277660168379080e+05
5.104405698387650542e-02 1.056929943602403750e-03 1.000000000000000000e+00 1.000000000000000000e+03
4.479359640634415773e-02 1.180153749029479041e-03 3.162277660168379394e-03 1.000000000000000000e+05
4.471343506674531343e-02 1.175251884545298539e-03 1.000000000000000000e+00 3.162277660168379043e+02
4.050610328638295371e-02 1.088996797165915371e-03 3.162277660168379394e-03 3.162277660168379589e+04
4.018062767260366375e-02 1.084458146563577847e-03 1.000000000000000000e+00 1.000000000000000000e+02
3.805060304432329732e-02 1.011832027018458920e-03 3.162277660168379394e-03 1.000000000000000000e+04
3.726207798827467499e-02 1.025458131347543661e-03 1.000000000000000000e+00 3.162277660168379612e+01
3.588521342836603623e-02 9.716379665000734632e-04 9.999999999999999124e-06 1.000000000000000000e+06
3.583777657241767056e-02 9.742289194696792656e-04 3.162277660168379394e-03 3.162277660168379043e+03
3.499890445379065518e-02 1.019448205379108524e-03 1.000000000000000000e+00 1.000000000000000000e+01
3.357161872934831537e-02 1.041596706036614041e-03 9.999999999999999124e-06 3.162277660168379080e+05
3.342017061740868572e-02 1.049115699740411434e-03 3.162277660168379394e-03 1.000000000000000000e+03
3.286894102683910607e-02 1.114058079218479885e-03 1.000000000000000000e+00 3.162277660168379079e+00
3.211859128584748646e-02 1.065951491054783519e-03 1.000000000000000000e+00 1.000000000000000000e+00
3.138245344194219577e-02 1.096329671763671869e-03 9.999999999999999124e-06 1.000000000000000000e+05
3.115296511611617691e-02 1.058650760252599328e-03 3.162277660168379394e-03 3.162277660168379043e+02
3.070344760789136401e-02 6.895146285068468398e-04 9.999999999999999072e-11 3.162277660168379080e+05
3.069964431049444081e-02 6.923270279562203063e-04 9.999999999999999072e-11 1.000000000000000000e+05
3.069719232921918131e-02 6.885949904981407020e-04 9.999999999999999072e-11 1.000000000000000000e+06
3.068363315476402980e-02 6.994363498355012825e-04 9.999999999999999072e-11 3.162277660168379589e+04
3.064627368586649372e-02 7.141780727714162717e-04 9.999999999999999072e-11 1.000000000000000000e+04
3.060745662914169524e-02 7.132149474194444299e-04 3.162277660168379191e-08 1.000000000000000000e+04
3.057238949314756635e-02 7.372011833269865580e-04 9.999999999999999072e-11 3.162277660168379043e+03
3.056548639215199079e-02 6.957538129039162909e-04 3.162277660168379191e-08 3.162277660168379589e+04
3.056003877423795270e-02 7.367423451147158591e-04 3.162277660168379191e-08 3.162277660168379043e+03
3.044105191540904046e-02 7.545748561493785403e-04 9.999999999999999072e-11 1.000000000000000000e+03
3.043748070135745068e-02 7.539482037178131795e-04 3.162277660168379191e-08 1.000000000000000000e+03
3.036512060906425628e-02 6.808859269021186409e-04 3.162277660168379191e-08 1.000000000000000000e+05
3.019479545526148126e-02 7.643246921065321694e-04 9.999999999999999072e-11 3.162277660168379043e+02
3.019408209068477622e-02 7.638185114221009413e-04 3.162277660168379191e-08 3.162277660168379043e+02
2.991309346689407025e-02 6.652194778676895261e-04 3.162277660168379191e-08 3.162277660168379080e+05
2.989501311969526912e-02 7.430357319970149399e-04 9.999999999999999124e-06 3.162277660168379043e+02
2.983418648518650768e-02 1.020445049109338373e-03 9.999999999999999124e-06 3.162277660168379589e+04
2.970790536558392397e-02 7.831154325730825235e-04 9.999999999999999072e-11 1.000000000000000000e+02
2.970783644564028991e-02 7.828560848166114848e-04 3.162277660168379191e-08 1.000000000000000000e+02
2.968542097226601478e-02 7.057097035311800381e-04 9.999999999999999124e-06 1.000000000000000000e+03
2.961589446848045953e-02 7.764945787519913958e-04 9.999999999999999124e-06 1.000000000000000000e+02
2.933865481826621394e-02 9.419643161564887884e-04 3.162277660168379394e-03 1.000000000000000000e+02
2.933017249215067943e-02 6.950016344722813495e-04 3.162277660168379191e-08 1.000000000000000000e+06
2.924224377395318042e-02 7.007523416567067393e-04 9.999999999999999124e-06 3.162277660168379043e+03
2.914944480997160373e-02 8.184380935599717272e-04 9.999999999999999124e-06 1.000000000000000000e+04
2.891787474295069368e-02 8.244238895376138337e-04 9.999999999999999072e-11 3.162277660168379612e+01
2.891778917651445860e-02 8.242155559147347054e-04 3.162277660168379191e-08 3.162277660168379612e+01
2.889357194077642535e-02 8.211100211125370698e-04 9.999999999999999124e-06 3.162277660168379612e+01
2.821218197427097923e-02 8.808145782214750951e-04 9.999999999999999072e-11 1.000000000000000000e+00
2.821218178867596765e-02 8.808113650660314483e-04 3.162277660168379191e-08 1.000000000000000000e+00
2.821204589536251486e-02 8.806255875421030834e-04 9.999999999999999124e-06 1.000000000000000000e+00
2.818252590430486010e-02 8.709150826413910099e-04 3.162277660168379394e-03 1.000000000000000000e+00
2.810719588603126026e-02 8.250942846190846601e-04 3.162277660168379394e-03 3.162277660168379612e+01
2.797291922988022136e-02 8.812439040489467934e-04 9.999999999999999072e-11 1.000000000000000000e+01
2.797288204459940503e-02 8.811450561864480257e-04 3.162277660168379191e-08 1.000000000000000000e+01
2.796790466714062923e-02 8.791071844702625900e-04 9.999999999999999124e-06 1.000000000000000000e+01
2.748509767301706569e-02 8.944307299026019956e-04 9.999999999999999072e-11 3.162277660168379079e+00
2.748507053992218369e-02 8.944110555158053984e-04 3.162277660168379191e-08 3.162277660168379079e+00
2.748411449567297882e-02 8.937565648465148295e-04 9.999999999999999124e-06 3.162277660168379079e+00
2.746337271139510580e-02 7.926798755041761192e-04 3.162277660168379394e-03 1.000000000000000000e+01
2.732315911198597916e-02 8.704992824510657387e-04 3.162277660168379394e-03 3.162277660168379079e+00
