-0.12972986798988728	-0.11068106846562792
-0.2815959378499766	-0.27340023168785915
-0.19674476502942362	-0.2921654100494004
-0.23873638055679436	-0.24426966552867996
-0.4343835516105585	-0.4346364305903274
-0.2226738636101011	-0.24708403217513544
-0.23690518664240656	-0.25306147065595114
-0.22246919273579024	-0.21342605578725588
-0.5340779169646872	-0.5314316600903509
-0.5193290711518301	-0.5288739705757686
-0.3791548357028205	-0.3924125934668149
-0.3693882298474307	-0.36418609030151
-0.2103938756704622	-0.2611364936097826
-0.5502831326098239	-0.5475942209838164
-0.23907322695829336	-0.2567583797538381
-0.2494975663572525	-0.25031807366818953
-0.235808989258679	-0.24553626947110008
-0.1366432704489675	-0.13105238322004673
-0.3636574068740721	-0.3129552389027704
-0.5279825435633683	-0.516577028539102
-0.2546184427884395	-0.25670843601642324
-0.16436794264194887	-0.17207216403954043
-0.2396650488845502	-0.24056517911425684
-0.22690586663115653	-0.22370696830937226
-0.37177332605079627	-0.4017256946675165
-0.4743724135347769	-0.47334008202810446
-0.2758889887592275	-0.2830185700781114
-0.3367897536066611	-0.3148606379619715
-0.4082305028272408	-0.4069573202012781
-0.37087148121466207	-0.322090920643666
-0.5290276868527819	-0.5342282666049675
-0.14196810560421902	-0.15867571554046925
-0.25192186509377557	-0.24776578454159612
-0.5187159197676792	-0.5158493062789016
-0.20653310842535078	-0.33380473034594965
-0.16895204667730823	-0.17146962413156397
-0.33275367921234356	-0.34743655657642786
-0.4259274130456614	-0.4314828462468012
-0.5257351771231633	-0.5301660826029249
-0.24327103598589161	-0.23918880496651823
-0.331158076517454	-0.32340007734795434
-0.07669854345889959	-0.08861185793125832
-0.388242635215013	-0.4094479820526629
-0.3901506037828675	-0.3886234426194073
-0.28015810712511424	-0.2915428593866796
-0.07771587747438424	-0.09029387575330149
-0.4243926838729415	-0.4268262968634734
-0.2780475742083883	-0.28081950351434715
-0.05683554339296748	-0.12050763495275636
-0.4004526702815241	-0.401824766373726
-0.5549013599225141	-0.5537322886276859
-0.24383878753274502	-0.25026992777759904
-0.27327886033291904	-0.2881850238055397
-0.29670223394481	-0.2805736463405122
-0.319397491742869	-0.3077704480688196
-0.1900626009842732	-0.20669359306549528
-0.385072191043486	-0.15313826017802962
-0.42148939040045796	-0.4176097171814646
-0.29796968066055385	-0.27789986284843
-0.1678314611364904	-0.17086014504885189
-0.4684844630497125	-0.459962277225336
-0.09630466037863172	-0.09540255127701365
-0.30426398930108967	-0.37451874505231975
-0.2902791355094081	-0.2620557516097854
-0.2933151624727337	-0.34332921046167325
-0.27138189882530384	-0.28025824825535706
-0.5298816289248123	-0.5136868511005547
-0.2915088945894535	-0.2616508189758584
-0.3122942242505058	-0.3247433635351115
-0.36754287990037326	-0.3854582838044461
-0.3415477842036516	-0.33274132523467137
-0.2835488474374799	-0.2645180743536073
-0.07959798514536942	-0.21131177987539007
-0.300609366763517	-0.2966128406407173
-0.4560115304266432	-0.44639302618258064
-0.5468167994450006	-0.5362886933312548
-0.4210476915693775	-0.34336201558959484
-0.260922992568549	-0.23142895660925195
-0.08256823187205065	-0.09806302632057624
-0.5376870105968106	-0.5392946334594175
-0.4584291616583318	-0.319339227054144
-0.38438743488829097	-0.39858900892700444
-0.16350126079503724	-0.2175633154697162
-0.3196103133895143	-0.31672215281051286
-0.45809364715180934	-0.4695766456064925
-0.4641020499698243	-0.4599796224827537
-0.38637754081612385	-0.39720856268630783
-0.46985763572964245	-0.41070466689230095
-0.3062339157801617	-0.2796744498509041
-0.23058222887814317	-0.23297870569576454
-0.27104529887021656	-0.2911768777223782
-0.17624962690733526	-0.17911624405627266
-0.25193264500769885	-0.254853163555771
-0.2527275340175308	-0.24379866408489761
-0.3823594822834018	-0.38658033479974147
-0.5352015727410411	-0.5311313176421044
-0.26873649703823155	-0.2667025599264416
-0.03500546255088821	-0.07588981328063404
-0.41364384536510457	-0.41396827000499525
-0.26140901153564045	-0.25360962937188275
-0.27146500437488896	-0.2538406174723431
-0.5495511473194998	-0.5458815380715738
-0.33754168070442603	-0.3444828897670585
-0.2590028320077771	-0.2556526746526672
-0.3840238116461858	-0.38882379689199914
-0.2724474838835498	-0.2756106094709551
-0.3412909830716977	-0.3583964672963125
-0.2713476026740391	-0.2610880302738663
-0.2562801536824857	-0.24540325927858328
-0.23827595069166918	-0.2388948868462832
-0.3844735197569964	-0.39749701578418734
-0.41180570004899053	-0.4064560002786656
-0.33440005390026784	-0.35745268543178593
-0.2650344455022662	-0.13643654161561752
-0.2844700462106573	-0.3490375601470504
-0.1589719084068939	-0.1945470381439445
-0.22884160342554338	-0.19708099314190214
-0.3937232557317678	-0.3631724586021549
-0.1396827441499191	-0.20050565417448485
-0.23070323103404178	-0.2442578104352362
-0.1237930046806639	-0.13323138080075572
-0.10958987208957005	-0.10265007629219505
-0.34299348301378885	-0.36120103293368255
-0.385340560626771	-0.38617642779286543
-0.2664369319533133	-0.24971856019549135
-0.3287322511143014	-0.2326164568933362
-0.26576009909996756	-0.27469948435242564
-0.2696367922333245	-0.27677876511270033
-0.5068280180127172	-0.5007841460181002
-0.25237333271575935	-0.2520707638248451
-0.3506503582341054	-0.345018515505278
-0.39605708586952915	-0.38470951919127794
-0.30604313563497954	-0.2148402993542391
-0.1664468422690355	-0.229759237720496
-0.46530806513978185	-0.467474606520204
-0.2683253974389075	-0.25132574872226304
-0.4250302572308229	-0.4236865139136224
-0.21649179613240577	-0.26160186385449385
-0.48359975679382217	-0.49417317179542536
-0.17878294783298365	-0.21726262761536064
-0.2986615683447269	-0.2960024462465401
-0.3922566154405338	-0.40365146024429027
-0.2999098106321725	-0.28534981908091894
-0.5279699393355983	-0.525778473027679
-0.40809521941858407	-0.3706804484465911
-0.24033972717693786	-0.1391311505537064
-0.24488234449978208	-0.3005370745270756
-0.19732699983181057	-0.21905538403820873
-0.3850147528791581	-0.38328665259884964
-0.4326507242656419	-0.4183186707602265
-0.5226657884810315	-0.5233794607582113
-0.22222011194713076	-0.23704214649533356
-0.12306935410108544	-0.13776158457709226
-0.23446562841153984	-0.22891354675604805
-0.3978058024200024	-0.10759100671656723
-0.2642796069243616	-0.31465914906072906
-0.2163418289852217	-0.2127582690267429
-0.20311766052840952	-0.17920209316698993
-0.17842828853357418	-0.17248974586369437
-0.2919359743994683	-0.3341731040500411
-0.24622411433309388	-0.22694321117860075
-0.3068357564205151	-0.27530759930563276
-0.2582891326519636	-0.2483245744995247
-0.22657262955442192	-0.22100447301986334
-0.40749346241594964	-0.4000514574226821
-0.5009076661301641	-0.4984172879932896
-0.5230381809245301	-0.5185901187226891
-0.3298905466598985	-0.15949863009901846
-0.43890840970848366	-0.4416653233255476
-0.403760628723532	-0.24802857980396895
-0.38057199690752697	-0.3773289683749254
-0.384395980933796	-0.3926645719860607
-0.3888172943062074	-0.3924781167463071
-0.3503321005333486	-0.3456952810193787
-0.3353180909313238	-0.33957137758781913
-0.24112862927716705	-0.2318333379220841
-0.4419740042894915	-0.44327874337214446
-0.3834705633106257	-0.32997349623096217
-0.299200820768867	-0.30266775238524274
-0.33046119552441056	-0.37038138644254154
-0.3831157295184209	-0.3844764356597711
-0.35942550540949014	-0.3500108648146709
-0.2663389681980952	-0.2557722670189942
-0.3241203311650267	-0.3553526256723211
-0.32412045046365456	-0.3158983184348698
-0.3490372363026495	-0.34599055475970747
-0.40794058962156576	-0.4014674858621102
-0.2754274348539809	-0.27966975261445215
-0.13746546238770918	-0.1510745080473998
-0.36958554514205844	-0.3522631579557781
-0.5441846239805255	-0.5439823874005926
-0.45971321621222216	-0.4596105791179782
-0.2717264659246119	-0.2820585414242804
-0.11157115852976318	-0.15220702240506598
-0.271459891268524	-0.2973157936472138
-0.5057209895101202	-0.5026533832160929
-0.5449057388518845	-0.5555178685852161
-0.2588173542555783	-0.2447642854651112
-0.43927003730096637	-0.4382675643512674
-0.28497891804692443	-0.2816152848279492
-0.2614791740530791	-0.30582359502015244
-0.2945088073837212	-0.27686991555695484
-0.07826095369132702	-0.0772425612225788
-0.14454182392569415	-0.14514467056256392
-0.4275556446779234	-0.4398472068849751
-0.3362774637310437	-0.3344207183859267
-0.10981936674417092	-0.1003902890335916
-0.21263584059164842	-0.29637395509082626
-0.34009714660700574	-0.3418339206705961
-0.37091554797940773	-0.3857471349020045
-0.1731037982860748	-0.23677706704465207
-0.23130263465519008	-0.23842844501548285
-0.26064236978331934	-0.25112729242683873
-0.20379385921406445	-0.2068553776978571
-0.23680226730131082	-0.2392473310342277
-0.2308234028834022	-0.24357917324193218
-0.27826243187073985	-0.266926723823289
-0.3101744604097192	-0.34111272453136776
-0.3794133128710975	-0.37207605536414584
-0.533239041959396	-0.5385162546393781
-0.3501699014006743	-0.34645585423944575
-0.3805748590436302	-0.3562604796307773
-0.2235319840355725	-0.23216767737837662
-0.2132271499805789	-0.2285525347619964
-0.30538033935187414	-0.3337467105079262
-0.08271178921081201	-0.116461720934421
-0.29888198769162955	-0.2697772875411556
-0.19692360315301372	-0.19214936968257681
-0.37750852128909784	-0.3435137682609022
-0.46068070384664495	-0.44931862629261804
-0.41550278175628463	-0.41982155470391963
-0.1765175672503254	-0.218443732605458
-0.2698919432329987	-0.3276744935853072
-0.48517927578256703	-0.49695951416108347
-0.5656786605674355	-0.5628522500599822
-0.49738038222810665	-0.48722047553698083
-0.18853491908400777	-0.24789122086429802
-0.16379204529581415	-0.2772301288754432
-0.3382700821556597	-0.34718621597309435
-0.364636780938584	-0.3705837453476835
-0.2583409091188287	-0.2662218556626843
-0.2868258179655534	-0.28432997784843894
-0.21763272623103092	-0.26459487404418575
-0.5291786732448482	-0.5270785063718629
-0.266711217213615	-0.27206393577592747
-0.2989142065403456	-0.2942213301509628
-0.24642850526944926	-0.21068024166756003
-0.228168360431507	-0.25892252008916056
-0.22731823499513482	-0.35075071533861957
-0.48095628449134864	-0.4818225880681377
-0.5647173014653912	-0.5475360793944536
-0.40480337941807676	-0.4068974686836251
-0.2577164955719766	-0.25350358195367223
-0.41484778900094277	-0.4224494824690255
-0.3002401884960264	-0.2945507309112652
-0.34197834105165015	-0.30314955093738993
-0.11333218799569877	-0.13023064182698774
-0.2576648293157433	-0.25800321575909574
-0.4173722583706585	-0.3475609697862361
-0.37951761849775245	-0.37023847915302444
-0.4041788113274869	-0.3876843204540858
-0.25965256679198845	-0.25170425687872394
-0.2328204776932985	-0.2550034911331199
-0.2103869933311593	-0.20375502595152387
-0.4939321612643184	-0.48740014821736233
-0.43241684744332964	-0.4499638229755711
-0.3701371762236114	-0.3687690790949468
-0.41120548146185776	-0.4111743017377426
-0.29854343925464377	-0.31472977668582375
-0.24666742982322276	-0.24109882871595925
-0.26548764736420694	-0.2765517932729177
-0.39914117477448485	-0.40567350486979925
-0.23331706627674365	-0.24168825459505391
-0.19078009661414796	-0.19280787630006796
-0.3714852782115834	-0.3680084754921477
-0.5389148259828183	-0.5506818514231158
-0.26659813505864705	-0.2898072185725436
-0.2420476055284091	-0.1923476009188776
-0.3820462814823049	-0.3763552094350081
-0.2995776761555664	-0.2956219789177329
-0.501152330482368	-0.49666086980467566
-0.33598976126536506	-0.32337183694876737
-0.34240619031415065	-0.3455667316830433
-0.3269553416369142	-0.3549394561178906
-0.4056658373402975	-0.23989653666754807
-0.31236951969023785	-0.30371800412309347
-0.23897992933087053	-0.2874176937565364
-0.28725987600004466	-0.28285468599293134
-0.22696314889709157	-0.2281050381174891
-0.49054527335628606	-0.4888905982526021
-0.5005573154629701	-0.5051526569367792
-0.2539111397314926	-0.24931414673891697
-0.18386240694842826	-0.2468540831865747
-0.435143033358635	-0.39052740091015076
-0.31089418530526913	-0.31205158623972395
-0.4972872751201791	-0.5078440827878844
-0.40187661504710803	-0.39424095950540317
-0.20915217907753458	-0.2232610569147492
-0.558437293163248	-0.5510715584014501
-0.23061676320348923	-0.2557321293567473
-0.5142405754720762	-0.5037333466581491
-0.2810919221823127	-0.3026000732909658
-0.34187124851979256	-0.4162802567549107
-0.3345555275176224	-0.31726604609557857
-0.4600541561670184	-0.4540462783006417
-0.39666257442229025	-0.3952106001314042
-0.36566541124703633	-0.37250605468419645
-0.33925665451880604	-0.2194758603271723
-0.54509278863787	-0.5342718836281802
-0.2884437377926865	-0.2949062305467342
-0.31785597613871097	-0.3234403877117196
-0.44977785141258764	-0.42987416186152455
-0.3114812923398116	-0.3065224894342367
-0.23475408489086647	-0.23690108270127647
-0.540710391700415	-0.5423967034672094
-0.41505441266638954	-0.40764503825797765
-0.22699964942478523	-0.24209620189477007
-0.29041054118683896	-0.2892039552447744
-0.25081985281876484	-0.24026004434090714
-0.26898724745436375	-0.2745284824027162
-0.11606042507710157	-0.10187830789861758
-0.36558824317406113	-0.36477623407453047
-0.4376321834187955	-0.42064251097800026
-0.21738137470817165	-0.29516812268420556
-0.29137908657432554	-0.3122051516404362
-0.5312864914891762	-0.5298311375912795
-0.3459192810970819	-0.33052777342198153
-0.3524769635240119	-0.34265140752695666
-0.2804359617541117	-0.30069387047700386
-0.3967634077186055	-0.37710803069637366
-0.16606000891705008	-0.15766480427552407
-0.25464090008676266	-0.2507712564701361
-0.5543855554094854	-0.5520554806376999
-0.5011420044674928	-0.49687083506356
-0.4184860564262287	-0.4201011954341078
-0.41677524028111534	-0.42304596910156983
-0.25875226844386034	-0.2575828847694819
-0.37097046988348126	-0.33309965321642876
-0.30717841951148017	-0.35710426321284633
-0.1412391051177	-0.25692287837230815
-0.4524667994745002	-0.43872482815411534
-0.4181054523647205	-0.42776874351900523
-0.2596169803122024	-0.2775579602415956
-0.2518169067391227	-0.2796056823115545
-0.3176849009326226	-0.31518100205254207
-0.350325455452948	-0.3392247700162979
-0.33928123240797703	-0.29274400827347435
-0.4158102225280018	-0.4102821671891275
-0.3619846026811402	-0.35703096175237264
-0.5072772049962886	-0.5106814217491777
-0.10918968739542478	-0.15724999884937876
-0.4545331591294346	-0.4486842144015377
-0.3817416790615642	-0.40419103776909193
-0.225493833206718	-0.21780700281776402
-0.260371220826638	-0.24829023058806177
-0.10564398805887976	-0.14155711364870852
-0.35049023356460296	-0.3458932399221709
-0.5101395663894497	-0.5048203946862269
-0.4140242468425086	-0.3977784712742521
-0.3758804481673792	-0.3950489772440839
-0.2650876604305594	-0.2413814794074355
-0.36666145024745944	-0.329488450592382
-0.28976413812719315	-0.26030258623052416
-0.20100370803030287	-0.17487539400941676
-0.34567332464805745	-0.32868408253748815
-0.10329009406517642	-0.1252752925656909
-0.3685938851068613	-0.3694194154463848
-0.2774562056666312	-0.27951376874312694
-0.3684224359268029	-0.36610737189319836
-0.4255608004682152	-0.42631681714609304
-0.44116167708655496	-0.4429097622247271
-0.36928552458670083	-0.36034129892635186
-0.3990372831857414	-0.39424083000651877
-0.1887443100086834	-0.20645446457263772
-0.14230757842951647	-0.13079774486000512
-0.16369909041938158	-0.16426555563649398
-0.24201413934230054	-0.24356687826776596
-0.32481959182054254	-0.3119251246003693
-0.37934680443057545	-0.41363476014236406
-0.16632396574638264	-0.1643879333295317
-0.3304969113200329	-0.3355321517947498
-0.45384598333907533	-0.45191664799863
-0.45354151818599675	-0.44914425699475286
-0.2875992812173358	-0.2974661138428539
-0.3959353307464468	-0.3878913329505087
-0.42263104864985834	-0.4268991539058095
-0.16017977922047066	-0.1584629534834076
-0.10826930849834504	-0.08767965935033137
-0.13462994735255762	-0.13325165478519563
-0.23862617443685608	-0.21944340231416648
-0.3758496057181908	-0.3423874182262764
-0.2617974566529284	-0.3221053142146856
-0.10606886973869578	-0.10543682949331896
-0.25949380751592166	-0.2864902702006444
-0.2157390111780586	-0.22359658815732397
-0.13037464551154088	-0.15443358466905358
-0.3512385424141229	-0.3488689874359321
-0.2931310060406922	-0.28914417764315237
-0.12366669740639225	-0.10972900824827521
-0.4133967593380614	-0.4231664171823242
-0.2902878889124345	-0.289996338921796
-0.3992014582451091	-0.41440705718060816
-0.35794483674164823	-0.34470947797825585
-0.228558722382326	-0.21216852635123773
-0.2618526604740694	-0.2765011402212727
-0.3393299219686412	-0.3371911405794939
-0.38993942734086495	-0.39312634133533064
-0.39369058382175837	-0.3671197931177434
-0.29280984886523775	-0.31126868864085766
-0.23399677094885973	-0.2474283438162669
-0.10530706883433005	-0.15103216190306498
-0.3080736848644712	-0.2504907884492688
-0.352103933631275	-0.331989960236394
-0.08554824075268286	-0.09251617103628669
-0.2741914328586468	-0.2695690737037065
-0.38931325036987907	-0.39029840156155265
-0.24634415933889997	-0.24166021458466438
-0.294706322973429	-0.2933693221259815
-0.3761314920257597	-0.38323409139427655
-0.24230448513442226	-0.2590480730118297
-0.29264108287586055	-0.28894046919582883
-0.27181067938551706	-0.29522483272471584
-0.0836031700357136	-0.096370367318174
-0.35838405453009514	-0.3599065528296926
-0.07677682223570415	-0.08241788640148662
-0.3914035863953256	-0.3883216715801691
-0.5164300545151157	-0.5097650524575409
-0.2930204218033978	-0.26028440922657686
-0.4217889462948463	-0.4371648913412909
-0.353124825241828	-0.3575968399754939
-0.4729945464700087	-0.4428897673620317
-0.25140325960852294	-0.24316884825313304
-0.2195728336044347	-0.23251090133249996
-0.5219278073732738	-0.5079500655439453
-0.31641652345232885	-0.30993239074205725
-0.1578096198470469	-0.14407285828073754
-0.38388793858126924	-0.37833662674971463
-0.2100230943189505	-0.20990502441723904
-0.3149011535640973	-0.35115854099097504
-0.250291347881026	-0.26926722307810047
-0.2277972665472099	-0.23026861171789562
-0.34993987921548	-0.30800584614677035
-0.3238037986903599	-0.3237520912911091
-0.3532234254772746	-0.3378649283567656
-0.23640028909634125	-0.2383005173576493
-0.14935950237865114	-0.18328430733652595
-0.2630244874505614	-0.2938173829480519
-0.5529474125332197	-0.5499858156747879
-0.3983521362345961	-0.3945733332272674
-0.2744873418198104	-0.31955736418870456
-0.26628937858756174	-0.2825222719597148
-0.34225538610076534	-0.3154904551946431
-0.2694705710347556	-0.25727315161069036
-0.35748274400356905	-0.3666618627328443
-0.28139908929132673	-0.39891575402977175
-0.5111623333843536	-0.5082280798330697
-0.17559691656283505	-0.161951289386852
-0.3879884964649811	-0.39476382122376824
-0.21970217194322927	-0.21587395461072267
-0.4022491327441884	-0.41167614347655995
-0.3275358453836219	-0.21311707047102468
-0.32975951525278546	-0.17038133833238223
-0.08414945206577684	-0.10630560444980543
-0.3067937724402423	-0.3206523641643636
-0.2576468414121198	-0.25786971490454336
-0.24932261391973043	-0.2526382856917901
-0.24024277921683002	-0.22486587440133574
-0.37334916058004275	-0.3706529812372049
-0.3340810172177857	-0.3557091042695409
-0.33924547290012974	-0.3461303832412264
-0.4907120430489975	-0.4856573853938509
-0.3154006237408602	-0.3557884555419868
-0.12078956613926906	-0.13595042089895398
-0.5289248858345061	-0.5302349913105032
-0.2742671442151181	-0.3322361905037734
-0.2428791982324423	-0.23938437341834465
-0.39343584393795084	-0.3873337244879324
-0.18144310900714444	-0.15815763273122926
-0.09112690770610854	-0.08650095146881576
-0.14221976097009303	-0.14810502346582619
-0.5498938192185072	-0.5473840838609024
-0.4894747637527672	-0.5035277031724484
-0.4236675689151106	-0.3787652221218539
-0.19588129799780596	-0.2359987600346066
-0.2659013081615331	-0.26839561497949577
-0.27135801856698194	-0.2629846157603605
-0.1013527673101855	-0.23652345323868204
-0.5388655011562022	-0.5365614692113853
-0.33485898780320866	-0.22974713689367135
-0.3550475945240521	-0.3578467656703488
-0.27356164926169235	-0.28525920931405835
-0.5241227731250895	-0.5087938634316702
-0.5419371858308342	-0.5434447869240338
-0.32032692172146326	-0.27155068708843355
-0.2163369565792017	-0.22498707572818968
-0.2701624086964607	-0.24969091260933818
-0.21674005012059183	-0.19843187175376378
-0.3105693819060473	-0.3201357538307554
-0.22671310964900115	-0.23259971474733573
-0.265071637847651	-0.2512863288291646
-0.2683937172342148	-0.17547182486734975
-0.09064339065287896	-0.1043264717710593
-0.2932614529036375	-0.2523140054257802
-0.13851886498675015	-0.17900877849977948
-0.21832487579906967	-0.1672993867329381
-0.3515194067052896	-0.31331707892307564
-0.27958586188474577	-0.2996079050626168
-0.34199353530618737	-0.3434602102765602
-0.30872951358954737	-0.26241896340716375
-0.19831044310175372	-0.23635822571405046
-0.4031256570904098	-0.4030842362126463
-0.468980505426531	-0.4664944808625229
-0.3704320916698407	-0.3708505721394651
-0.3214462031126786	-0.3433012451086766
-0.4490068377307459	-0.42224851685779546
-0.24660933071584346	-0.25689475582939153
-0.4664611618407264	-0.4439756576771826
-0.47482927771721783	-0.4333025667690354
-0.2736815231190448	-0.24766868920857682
-0.07205349797676774	-0.15294520050328272
-0.319401400719606	-0.314828713196053
-0.39122801942458985	-0.3887665073993809
-0.20860904853980777	-0.2128240344298739
-0.34331641653739275	-0.31873014362335866
-0.5460679365991812	-0.541580802629996
-0.3262819693021335	-0.24641251985557808
-0.24652067776736608	-0.2733020878443319
-0.541831925336739	-0.5395058471789043
-0.24498757199197208	-0.2263675377163264
-0.04557559222723029	-0.05351996102680877
-0.17745232504724484	-0.17973544182449167
-0.2838325935257693	-0.34672344275537353
-0.4071244495776565	-0.40809194530240583
-0.2573531514773606	-0.23500304256268645
-0.47623891513449834	-0.4753399552097189
-0.32103282598605354	-0.30002197268972763
-0.2236815170793811	-0.23241612606113393
-0.26318424944508756	-0.2663864974469637
-0.3465385480391632	-0.35980950791719424
-0.23676977728887394	-0.22623348039177135
-0.41812026897038024	-0.4275894030253257
-0.38984114496284406	-0.37223057033263657
-0.26693092407739094	-0.26909772102917445
-0.3142979788649569	-0.30905545226114456
-0.3127133020249424	-0.29366153492353086
-0.47177798944762195	-0.48679436880436844
-0.30435443932271866	-0.2658071852474458
-0.2512975737875216	-0.24438212275514815
-0.13530783742661612	-0.1373155387152648
-0.29453132766886725	-0.3002638088014712
-0.20026759463540422	-0.2125488373011505
-0.3944781094132743	-0.39239550521000327
-0.2235033000299751	-0.22368634263508563
-0.28900198713436964	-0.2933232033243824
-0.24997364821490287	-0.2540411562406941
-0.27325723439419747	-0.2865259963640737
-0.24636882953378958	-0.2624939795581206
-0.25240314783921036	-0.25077196898754295
-0.27388531781435077	-0.2754911537469865
-0.4468819634529666	-0.419997171230077
-0.3765117837559675	-0.40788389426555616
-0.1315834925525614	-0.12608003126229025
-0.4339423703208496	-0.4379746264832239
-0.2873088572367273	-0.26902280554171004
-0.3580586843733453	-0.3535830480723152
-0.20146256423805653	-0.33719982733362935
-0.5388946309200442	-0.5410901790121782
-0.28300716729759934	-0.3228452708882103
-0.23049871560831647	-0.2549244392486636
-0.3749663999436095	-0.2755800120225715
-0.3808629369569392	-0.37821201003606203
-0.25214593519185513	-0.28312851953522067
-0.3673907393527358	-0.3547619928522222
-0.2769813401324335	-0.23471777963780535
-0.3649700689264428	-0.3951607864584584
-0.3595432170391071	-0.3061850877142791
-0.46729791478457017	-0.4648591138313063
-0.3827031094860871	-0.3907003515465699
-0.27487767227170323	-0.3061796796682442
-0.25314050976433755	-0.2637730584079839
-0.3952196323665298	-0.4020373880801822
-0.2455827872659544	-0.25052177627227074
-0.3510250830423125	-0.358400652935032
-0.2717595629564862	-0.2816546117551435
-0.3439897515001302	-0.34185256187612834
-0.2711751978188417	-0.26813510207829716
-0.41493412493240456	-0.42069415709776653
-0.4752039460875519	-0.46354715984888883
-0.5685968627298106	-0.5436454102054762
-0.30096321567618567	-0.3025566349188544
-0.30790360297331887	-0.31403996846763
-0.08326102149295522	-0.07281129194925497
-0.26612844522536605	-0.22763330151583547
-0.2791208344739786	-0.2645794002661936
-0.08919240364915737	-0.10643735180793179
-0.3357089156919706	-0.2935364439405011
-0.07909623845051428	-0.12029325550779706
-0.36555889464393587	-0.371952063136702
-0.2651036707528842	-0.25891852718921915
-0.38064539389741014	-0.3819214484012366
-0.24403414846959848	-0.24621439577862475
-0.46051702487175916	-0.5069342150373793
-0.2752966057565569	-0.2581598524864371
-0.27467778924216546	-0.26041551466932006
-0.397428203601109	-0.39996459789513616
-0.20769197869693024	-0.20918104405374238
-0.5436635128175702	-0.5256521845749252
-0.26421582096300256	-0.2746733484122949
-0.2717763987572823	-0.2645056093005796
-0.40996094290612106	-0.34668119836996214
-0.44790927160341454	-0.45183850131226555
-0.315985223471154	-0.29278469655157136
-0.23314647670619948	-0.23391267538101265
-0.4800078961022791	-0.4738080520192532
-0.5432393211681834	-0.5291207876463428
-0.4533584769921628	-0.4536639991850147
-0.41105277036324495	-0.38953979282772233
-0.4374682537636936	-0.43911099209713617
-0.33683680362219803	-0.3347258565881417
-0.2825031422699791	-0.27308424005905646
-0.5155758520066929	-0.5228745173087859
-0.379089526060989	-0.39983195432356433
-0.1478037182988423	-0.16470641458504878
-0.26273064924762934	-0.2600477100874922
-0.37817369183557403	-0.35736293568923116
-0.5276928416276956	-0.5372278866226101
-0.3880589889846462	-0.3763010188048576
-0.36788269713345834	-0.3389126848070583
-0.39645488667772	-0.3720667030976852
-0.40462657601792884	-0.39346546180119746
-0.30123483207740875	-0.2869100821552667
-0.3521583954681269	-0.3480659888465856
-0.10797460617753174	-0.14487243770832137
-0.337053125776567	-0.2796256516234584
-0.2560956324461685	-0.24855732119480337
-0.30838131440850347	-0.31426617210514407
-0.07229200106603706	-0.07690820170464235
-0.43030996915238795	-0.4305061681741442
-0.4403423143056262	-0.4428150317443116
-0.335480036681151	-0.3882070788978118
-0.29870744057921783	-0.3279671923706677
-0.3537551677008324	-0.3664650374795438
-0.3872580044376832	-0.38032745850668614
-0.5294989324799637	-0.5224038518473596
-0.15418809340586037	-0.1580864358341311
-0.3323784842540487	-0.32247026937896556
-0.36091914601416164	-0.3602444017439163
-0.25874025597802586	-0.18920869670191218
-0.3678357594106245	-0.3643006590690076
-0.42178146099728764	-0.36086427069533156
-0.17190953564615263	-0.1691455261126738
-0.24092583284854108	-0.24621592397555733
-0.53311644203378	-0.53492856382228
-0.38353260323086147	-0.38347862841738145
-0.22512156579933773	-0.24270325393947337
-0.44519470978300646	-0.4411834015365965
-0.3031157950090346	-0.2993602979918506
-0.32196619137782534	-0.30594827163756
-0.35158730183730214	-0.36217250408420737
-0.25120018252191123	-0.25519057775064957
-0.21865886700722115	-0.17391874570782756
-0.20645830184859904	-0.18765002425753566
-0.5591242521859456	-0.5497328111605424
-0.09396002278247728	-0.10735330856339625
-0.34126723905166756	-0.3472983511522593
-0.212741126486236	-0.29559783710403964
-0.3113624157179373	-0.3064527092994083
-0.3544398146718013	-0.3665922350136951
-0.38038238061973395	-0.3962219634928042
-0.22158412724193255	-0.29292457241230285
-0.28074029553387625	-0.2809457163706559
-0.2791024463789231	-0.28218367753711016
-0.315089790662638	-0.3101284427824426
-0.0927431838352284	-0.18925440017687103
-0.41508875674331236	-0.41507867391578973
-0.24965819115521448	-0.2716451943066386
-0.36186307080311053	-0.3486937391170987
-0.27660164844402146	-0.26499898881250955
-0.32785167851415054	-0.3479340183131729
-0.18678596871227526	-0.23015468605276634
-0.2624785597807815	-0.26096138968742333
-0.43195628506611783	-0.4297364052958573
-0.3956171746248742	-0.40270533382481516
-0.11224822656854272	-0.08097458381251119
-0.12144349900282947	-0.11110786825927817
-0.28246461318918037	-0.26664828160280213
-0.22050963975033788	-0.22381133815134324
-0.07925933840730437	-0.16452560029859783
-0.3204025756537039	-0.2680023540488294
-0.3177777122000336	-0.27221258363504147
-0.14933182637662057	-0.1709869292356309
-0.2720572319898178	-0.3108551175998103
-0.32052816656333505	-0.3219314135765274
-0.40326590793771544	-0.3079991399879629
-0.0357661069585653	-0.11478811913859818
-0.2437405828728476	-0.24310141369392263
-0.5334473552962571	-0.5284353480363349
-0.5095029918814422	-0.5150435026853987
-0.46968870929076445	-0.36455535961151647
-0.2816272195118259	-0.26833946721370233
-0.3719012319798729	-0.3410652379683705
-0.43591000458222595	-0.43661066608410676
-0.3151860777125819	-0.30658179450496265
-0.17226519060364964	-0.16233930779535233
-0.2950081934433477	-0.19615524217537914
-0.40122607473272964	-0.3989925980029038
-0.1746240427808008	-0.29062968674454814
-0.22839687558667876	-0.24058977148031127
-0.42061054867400394	-0.43031327849029904
-0.06636734459141103	-0.08706110559150931
-0.4975500443513532	-0.48695105776346204
-0.10762986970061661	-0.12627816219500776
-0.4267069978720581	-0.3430052862021565
-0.4264243802144545	-0.3811620590588271
-0.3945411361389404	-0.401105256891078
-0.40378431999687336	-0.3892427193732653
-0.3531218573706294	-0.3504370068429698
-0.19031670890529284	-0.20046811444175341
-0.30980153302910907	-0.31634656703265096
-0.21053853221022223	-0.21581459648936674
-0.37888620129169226	-0.38178753417844535
-0.31716210616424867	-0.2721928596803213
-0.2367858187549814	-0.24705761507424487
-0.20706140214659285	-0.23679515682414604
-0.5263593861603546	-0.5231096393707767
-0.35671684200788434	-0.33688474688836634
-0.21999893216280597	-0.2291997146248594
-0.3739019656007443	-0.36024753602901566
-0.41012205457655426	-0.40333561024498477
-0.2641464930678161	-0.24717006964876842
-0.3972645841230644	-0.40160717385861366
-0.36188048315135823	-0.3115594500012652
-0.3279508677828602	-0.3412649648707381
-0.1327351619644137	-0.10131654354241
-0.4693980128381643	-0.47062827195476153
-0.23209707433990623	-0.24726180329918235
-0.3599202174209637	-0.3644584100680749
-0.13763443293616717	-0.14028927394946433
-0.31707247999727173	-0.3195781179564151
-0.24250228574691768	-0.23811794474575404
-0.39582514489810094	-0.3865244888206226
-0.07767421253568152	-0.08222697255884706
-0.1771228798346698	-0.17976408463843352
-0.38863997984372567	-0.39497437232537624
-0.28071400449143624	-0.2684291038585622
-0.27834410083841377	-0.28884894621925755
-0.2823001334782802	-0.2703738834178511
-0.3093171543053401	-0.29657923686103244
-0.25630958114728486	-0.2518232151164816
-0.14808768542647854	-0.21436493522986708
-0.4122973993587493	-0.4077004600065699
-0.17542318931599254	-0.1702464196654915
-0.2688353336352449	-0.26810781983280974
-0.21374353992792194	-0.20679008281619998
-0.33605006147347893	-0.3446154291739962
-0.1398194968629376	-0.18934407558943386
-0.2967854336328202	-0.2864995414847986
-0.5361568727325192	-0.5199296471075723
-0.27921147888801556	-0.2816433533933459
-0.568219473450311	-0.5659937056290013
-0.4100397121030337	-0.41614100683432736
-0.44275826061980617	-0.4428913374418286
-0.13237924042245375	-0.26514208705573594
-0.4054458560060539	-0.3944576590870671
-0.09858516417133423	-0.11198368802269495
-0.5385365394032302	-0.5416595003198021
-0.27465267990884357	-0.24637038804084244
-0.5609666385492034	-0.5600162454612296
-0.5396177766018067	-0.5429770477118473
-0.26551322111895104	-0.2567333822405501
-0.22903214240149516	-0.3706873782681691
-0.38016225596641817	-0.37362032143097024
-0.2498610235324321	-0.25762212561312264
-0.19310145982396065	-0.17377684501225357
-0.11095524123019018	-0.12209652732454918
-0.37942077455464585	-0.4080244855976718
-0.49356052438188946	-0.48022475658791497
-0.34305469673715017	-0.30125594317881293
-0.4448366578801277	-0.4374328836770602
-0.5397089436576596	-0.5502829198286245
-0.1931429827775233	-0.20333078415821132
-0.32352939089518884	-0.31980033552928094
-0.4278094785356288	-0.4092947210877703
-0.32635545760950535	-0.30323546061980255
-0.3714445107475388	-0.35460103593334336
-0.28679422014696954	-0.2759353655496793
-0.3738899852789146	-0.36715664131223696
-0.3398903005547371	-0.23682820885800443
-0.17322866977629303	-0.2236230094414942
-0.24700466790163844	-0.22408458737016881
-0.3378011483805814	-0.337285776857107
-0.23354752714636007	-0.23942260782470307
-0.5324809466106988	-0.5394808661509519
-0.26151989779022244	-0.16440362525665259
-0.4385885808777026	-0.44104499177836376
-0.2661790385056655	-0.26612620150277955
-0.36467180506426544	-0.3637958053653378
-0.08156950548001163	-0.0886596585827175
-0.5079328448652944	-0.5072634519227863
-0.11126965858287896	-0.14779633053748226
-0.46829569758256184	-0.4016797671473626
-0.37673020377612865	-0.37640439508848567
-0.5466579594191323	-0.5377843509738088
-0.510092831773834	-0.5075573136414286
-0.08602064148312749	-0.09003331401288281
-0.26680371187220686	-0.259127681600821
-0.2551093172126606	-0.24709875961885153
-0.10187945907667739	-0.18882219676888853
-0.41814828021889916	-0.4169092465825837
-0.3932078529489065	-0.3942735393668477
-0.546107157884375	-0.5444409518631442
-0.2652326139509231	-0.2676816143063402
-0.33890937580255454	-0.34788635269330176
-0.4273978831559102	-0.41425639445402523
-0.3892655870323125	-0.3799785585921483
-0.35489562168219635	-0.34249768837590866
-0.29609815829923036	-0.29051624587326763
-0.13660485512834875	-0.10432880078598221
-0.2787139536593273	-0.28201039383050114
-0.22746843933732208	-0.2634803296390984
-0.3368022500449612	-0.34925243638417086
-0.24472812627474738	-0.2276946439311899
-0.45159406124645507	-0.4355517216774962
-0.2480399877750905	-0.2440852963979307
-0.5450611086946324	-0.5314390402668333
-0.09188868110251036	-0.08961648954029004
-0.2798275179370897	-0.2585034233055362
-0.315421029821394	-0.26464090614261926
-0.30825265843115446	-0.26765768343449337
-0.24079718000482586	-0.28288955706487234
-0.22904973104343185	-0.23195440607010112
-0.10995126368692709	-0.08537168765044069
-0.44171136017611445	-0.35092904441926326
-0.27611159398704643	-0.2720154874847518
-0.19834198897014765	-0.25781555591005473
-0.33276270537059816	-0.3526251357119221
-0.5332020397702664	-0.539762853858967
-0.3616789482996374	-0.37344755099655286
-0.4053999281525602	-0.3868121884471776
-0.24654789583684078	-0.2482927490954793
-0.3699610855616058	-0.37963120043048776
-0.5264977557503521	-0.5076253514649861
-0.35867316806950456	-0.35269514265800317
-0.2161192786570627	-0.22346862526639508
-0.45526438983520734	-0.4193426783265865
-0.41800907538317666	-0.41876108330146816
-0.36454893215021933	-0.36048682195146353
-0.35266273321793307	-0.3065225291256599
-0.12075709006004232	-0.13698031059896493
-0.4896967454140366	-0.49153303004476473
-0.1060254348344376	-0.17317180900787138
-0.5261631635980528	-0.518152002674
-0.2339782062841138	-0.24002694944378036
-0.3045675429905188	-0.3364024724659291
-0.19281566903966407	-0.14939095003095454
-0.4196869548381805	-0.4101762590366376
-0.3916604629103517	-0.39038408253271434
-0.3041396926257107	-0.23459331367736552
-0.3642856392036524	-0.35097536347281105
-0.4229623366762105	-0.42362689919732455
-0.36635056181053827	-0.39241150398639657
-0.20981931766106676	-0.2601083608459496
-0.31976345383759863	-0.31362044557451646
-0.28352948349338547	-0.25383184231541983
-0.42586096669746176	-0.403713145086665
-0.26368507048712253	-0.41371133547350614
-0.41783181285307336	-0.41738177729859566
-0.32158179898137895	-0.33947794471324694
-0.2289627503616174	-0.23034670022366585
-0.263296668850451	-0.2927698089824498
-0.3684457422760854	-0.3193790748781676
-0.3558257239781817	-0.33788979379371686
-0.29149854610796133	-0.2864101947931299
-0.008654074998645456	-0.023159175418560513
-0.24799512326116258	-0.254191870488927
-0.3888759091887888	-0.38867625119100224
-0.27360078329881077	-0.29089076994879154
-0.3640004204321041	-0.40059467805421645
-0.3697949524985038	-0.3583810217802784
-0.3806650497152546	-0.4254542128797075
-0.3597397771673272	-0.3332533600013577
-0.35485468795130615	-0.28684539249210567
-0.5514533038522558	-0.5446372837030318
-0.05514427415276124	-0.09831979564726645
-0.2694914771880246	-0.2824554339498906
-0.4930558335248669	-0.4656473320532777
-0.3089682044583846	-0.32024978645309216
-0.3495970100943957	-0.3516276214870868
-0.16443819193883868	-0.16418387488782318
-0.38061189307996557	-0.36032011859269064
-0.19107806738522015	-0.1711894298810286
-0.4283800326633127	-0.43838353562971466
-0.4305168132609474	-0.3999028726504909
-0.12191532214338174	-0.12526775532273798
-0.40780320818760885	-0.3966749661281528
-0.32952712035387677	-0.3233764656487525
-0.3827459302259957	-0.3776951125805228
-0.418017488271218	-0.3512766643905781
-0.3702842653370695	-0.37003157494870853
-0.28780681830634514	-0.2881401321366347
-0.22237329710096887	-0.22747867370440156
-0.35632885823152805	-0.37425682542857647
-0.40557277553311444	-0.40667872134322564
-0.3875221968354463	-0.38697779483443673
-0.2903240274133463	-0.286692634398566
-0.3857850630888944	-0.39522607794943587
-0.4132681715780926	-0.3976595738499992
-0.2846980637066814	-0.2908036202165511
-0.40013006641768634	-0.39965756939469405
-0.06441705586201962	-0.1441850512416811
-0.3628059410587703	-0.38629174995439064
-0.206836376715394	-0.23538682491260998
-0.3359634989051443	-0.36002062558896203
-0.3239002853533499	-0.32957195052075794
-0.3599636829999202	-0.30174726068546
-0.34726969767697113	-0.32335951671259827
-0.39238923576718143	-0.39628943314360376
-0.5695432441752644	-0.5666892499623338
-0.32037159432705664	-0.31679957768731537
-0.2516999645271145	-0.2341957825600225
-0.22979328658825793	-0.2595383214710198
-0.2705104410289305	-0.26181969491581714
-0.31693916206796224	-0.33683323075924965
-0.3746283683656131	-0.3798330740901266
-0.34693616667946614	-0.3035827763583065
-0.05260331177507993	-0.07549753418901632
-0.16950314969400715	-0.1804514526740965
-0.3913361395334576	-0.38753605665613355
-0.2545433554074883	-0.2559593702031473
-0.26795530544892365	-0.2537455786316538
-0.3989898816835904	-0.3937298952190337
-0.4503009312739614	-0.4378647555318907
-0.5000800254652926	-0.5061745559834077
-0.3180886962876812	-0.2951238418030633
-0.3841595192066034	-0.388990748295352
-0.400868569479794	-0.3944849948177596
-0.3938519062682424	-0.3951048437934002
-0.4407976643959035	-0.43712923817215915
-0.37435928943376595	-0.3523792679099396
-0.3509901284948107	-0.3847506385567863
-0.5324572270066046	-0.5385012907138333
-0.27271319384106363	-0.2976941150125135
-0.3213560574421397	-0.34923224747512066
-0.24095621698329595	-0.24794136764271144
-0.47413640009805036	-0.37519868092972497
-0.557690020091858	-0.5525353815209045
-0.16685505964443692	-0.13346061015486577
-0.26962401995617746	-0.28824717186449034
-0.27055334297138955	-0.3276753914440764
-0.29722793650268287	-0.29464230420860027
-0.32769234751613574	-0.32704014746679577
-0.3833343006336172	-0.3449516675066989
-0.5192206254089768	-0.5221164918324499
-0.40841387620591085	-0.41806447082238646
-0.345669371905748	-0.3466979702464236
-0.5243541737847277	-0.5245942555697852
-0.3409432803002552	-0.3303763365522423
-0.37302794010221874	-0.3361129000823229
-0.3263347963042573	-0.30075440530031433
-0.22654835950601537	-0.31302001322927897
-0.5430692241286881	-0.5302594282619134
-0.4821068198501983	-0.4710560198093187
-0.4031419402270835	-0.4082785826452933
-0.45738692819654325	-0.4773515160240356
-0.2627061949009697	-0.25714716585557174
-0.3879654939892614	-0.37169034393269645
-0.4096428032131705	-0.3844911688944664
-0.4131175712758228	-0.40508786457373563
-0.27072440905661566	-0.31200487837330654
-0.3838021446157178	-0.36764275415017444
-0.24191869392691068	-0.25826799858910077
-0.1510346309566586	-0.345189546094428
-0.5488225289471131	-0.5430943238759244
-0.3581562007992556	-0.33892084569474396
-0.3282228135918537	-0.32462176678856347
-0.12984613514246846	-0.16767770415905695
-0.2362891850769948	-0.26736221527226617
-0.12178231271422035	-0.19219227755612112
-0.37791126919358575	-0.29033351827518683
-0.34889717652962027	-0.3600593182855643
-0.2295459250464873	-0.22930127756900062
-0.22757666310630142	-0.24406147960848615
-0.41627959633504297	-0.41089349350582177
-0.25753064037517603	-0.24572886116199372
-0.3051264146531878	-0.30636622031343885
-0.26461080679208493	-0.3010199204508494
-0.2714040122270802	-0.25878653287396736
-0.3932810641185185	-0.3966621921236259
-0.43346375067801013	-0.40533908189314233
-0.35420743571511615	-0.37710420157173163
-0.4146893610375404	-0.3424495126706666
-0.09688852711934359	-0.08160755592135868
-0.06312940682740553	-0.05703169664602029
-0.18870576417203289	-0.1631437318154421
-0.3132216205109497	-0.3044106089472182
-0.3868463238834021	-0.3822653089003688
-0.37185593182841714	-0.3481821877395322
-0.11922702896165127	-0.09986000424407732
-0.31072995341295595	-0.30737693201226385
-0.2693835523873105	-0.259117444973658
-0.2496584106043791	-0.2719608218282449
-0.2325033460282846	-0.2313971581924418
-0.2426130158139479	-0.21412372249035852
-0.42270637002947353	-0.43224080324664
-0.3802893486149532	-0.4016302185489572
-0.37575256725420836	-0.3545141934518557
-0.27630114538607486	-0.2688126821663283
-0.2938273081623457	-0.24995448138755527
-0.1971228149271127	-0.22622940380041334
-0.4203936978937186	-0.4143289713789463
-0.4621929400303202	-0.4012720600761237
-0.34491771066113586	-0.3385851416579937
-0.3776611758198367	-0.3697641682419863
-0.24810882591157934	-0.25596181041127214
-0.36562606165050937	-0.3311036044785937
-0.3153235197151467	-0.29744763302706
-0.21493230092422877	-0.30167573024691546
-0.41087691749665467	-0.3814961420359399
-0.39386521203580926	-0.3594835303129529
-0.3076881240369218	-0.3068087075611112
-0.10051845211082444	-0.09415932354095141
-0.23848771890332188	-0.24527704600408623
-0.13618756626781447	-0.1511178656049284
-0.27450317238185207	-0.24564705306314966
-0.4829650558768819	-0.5013788978824679
-0.47211119509452715	-0.46597987814756503
-0.3989276732605873	-0.4081754909528019
-0.033815005495053896	-0.15849745944079857
-0.1660122178901169	-0.18796304603209696
-0.2792586798528056	-0.22983832218718506
-0.26434741060958444	-0.2930340577963627
-0.25779487437967674	-0.15431365531574337
-0.36885859729805404	-0.3733289271858743
-0.29838397529843164	-0.30299013287212795
-0.24567740471066912	-0.25851018638731327
-0.36232341108641286	-0.3790046949455756
-0.2766867494295582	-0.3235522709470797
-0.2246908801278522	-0.2851206614228539
-0.4493162007840006	-0.378407360546361
-0.5489462652311321	-0.5591428733866253
-0.3893513010238614	-0.4030368786505068
-0.1283175182180898	-0.12052729284247886
-0.3305736821658023	-0.33331588895487757
-0.47709444193131034	-0.4872031311833826
-0.5028912933647192	-0.5090992766991864
-0.06308920815495433	-0.08739309158566015
-0.2828442652665899	-0.2679054641135297
-0.2862914113387447	-0.28580240794576234
-0.414077719932461	-0.38943697982336284
-0.39341684257791343	-0.35300296068809184
-0.37780766487921014	-0.38350992590383365
-0.3469436473554204	-0.35384472682235296
-0.39914114901318243	-0.39584720164409254
-0.49652473424636945	-0.5082833896719219
-0.2854677375599941	-0.2874328667463908
-0.14003810467349354	-0.23581741366584372
-0.11171347427221079	-0.11905881582240886
-0.3775811879583859	-0.37986954517865895
-0.3640191528879022	-0.36661473186735855
-0.35348608546708604	-0.3445102534938206
-0.3339344858100972	-0.33908187338469226
-0.3726991953096359	-0.3650782610864931
-0.29753192802468575	-0.27398514735273155
-0.24280447380651005	-0.2546867776020601
-0.056717283969344834	-0.08961442936317698
-0.5605718510685627	-0.5458439925159327
-0.2588456953774312	-0.27825287133863064
-0.5370535153826381	-0.54251286092692
-0.41064241431159765	-0.40135047092393766
-0.40143912458603026	-0.4040730515665763
-0.24928353707666417	-0.2830686201114778
-0.26071141820108323	-0.2481438396910699
-0.23813732964087286	-0.2588009616682094
-0.37889197625460014	-0.3815032022357305
-0.13996462280882938	-0.21404922932703688
-0.41036113430978105	-0.24574247508946842
-0.09774392839130286	-0.07954244019693057
-0.4109486017397579	-0.40767055847757444
-0.2786572866574577	-0.22621087801597828
-0.35267631397046273	-0.3736368224071006
-0.19216673116408245	-0.18280343365015783
-0.1545639224944999	-0.14180833354878947
-0.23935487603519867	-0.21398618449354473
-0.3686854867379452	-0.3831597185670533
-0.3806422841632937	-0.3474572118059081
-0.28652441224517666	-0.2731820870300623
-0.3789972745532033	-0.3471917961499256
-0.36217112329993206	-0.32341899615739234
-0.4900530942185686	-0.4928221585061543
-0.2868921038338783	-0.36737161727602985
-0.31333612934589894	-0.3007664905240572
-0.20837384410959459	-0.22478991414844704
-0.2680885888771769	-0.2572929919885686
-0.33603809499709136	-0.3571847825272203
-0.4077829099869952	-0.40383064276484093
-0.08935677721060387	-0.10600381091056181
-0.1885505396993139	-0.17883628389972223
-0.47749185293514884	-0.4763028222130737
-0.45719305977618063	-0.46658789945520096
-0.14172721192341342	-0.13251526416605475
-0.45303324294960845	-0.46074291010993246
-0.24899558043960113	-0.24263272140276013
-0.22887150897674857	-0.24329187329046742
-0.4951232752961854	-0.46129516408715954
-0.37430521284820273	-0.37015502669287575
-0.375753942701202	-0.3236378858471782
-0.13626742266253444	-0.14064323339855161
-0.23907022640431563	-0.1881705065444686
-0.23792044430855697	-0.2383099851195295
-0.5045405445337519	-0.49202829182973423
-0.2342435411558128	-0.2369481403004622
-0.1062190507471108	-0.10178499835149335
-0.3743605776208252	-0.3707013593489497
-0.28896684937168793	-0.29076344039388746
-0.36591534859094565	-0.3671116055738041
-0.45179681621331724	-0.45777891943207016
-0.1980258792895473	-0.29310794570332527
-0.4152728553170153	-0.41685493484921815
-0.2352432354917937	-0.23342862233762687
-0.2689547012042919	-0.2936289935902919
-0.27541789449361787	-0.2815133564862919
-0.13925999507515208	-0.1256656305365357
-0.274370039480079	-0.2859821230225939
-0.4038468757264866	-0.4008342337795724
-0.2606029690907512	-0.24724608350513416
-0.2461541757242074	-0.25720391203112514
-0.4050193071128927	-0.3988819249161699
-0.42935853895293263	-0.428632603423323
-0.06903656343171427	-0.12682477800442474
-0.3741308850301941	-0.33952065984998747
-0.34690308095937894	-0.36160138941840214
-0.18283429385362737	-0.19169610417142582
-0.12399364649489897	-0.23366009254918152
-0.5439822076726575	-0.5528414265300368
-0.262450913794833	-0.28020537507385
-0.26439154480707217	-0.2483109469416325
-0.36891906020291465	-0.19724725343554328
-0.09613395451829199	-0.08348685438556815
-0.1448369001133596	-0.14679607821856033
-0.29809035268440454	-0.2870017494432891
-0.35736112494471683	-0.36529658361488565
-0.30528971638948654	-0.2815555249134491
-0.2596290763189799	-0.2631982566108732
-0.2210343928036309	-0.26344329599403005
-0.5289408860346878	-0.5371390448794715
-0.23737872164722162	-0.23222845281006801
-0.3336594003376039	-0.32759891575686123
-0.33537941892286405	-0.3477608232306866
-0.5277892885628646	-0.5346237721480919
-0.3782784412875131	-0.39169652204581273
-0.22481935132695519	-0.20594626944607047
-0.2906565717145	-0.24452086131136214
-0.5166537187675537	-0.5063482079064092
-0.264374047644127	-0.26792960490202894
-0.21935357240623077	-0.22363873159577577
-0.32878521062434274	-0.3547538612020378
-0.33505513325789593	-0.34054974273080846
-0.18833457859501834	-0.28558379665601363
-0.20989569882986991	-0.2093795292264995
-0.2252998010154279	-0.21378053566958966
-0.27409403973281243	-0.23984800276277599
-0.20482337692717678	-0.2507650446105499
-0.4488725442315058	-0.43145952061609016
-0.2788150797741764	-0.2492801446216394
-0.5133945639083599	-0.5104009711807755
-0.14342945222592896	-0.12154396603939076
-0.2098172222713366	-0.296847330176887
-0.2980699835993441	-0.3079087970131987
-0.389855306704991	-0.3879138411096164
-0.4285173434710714	-0.4035789464932574
-0.502658622181098	-0.49174096039421
-0.2969698116316337	-0.35176697467481594
-0.3756943434381732	-0.3777713500561804
-0.5403215619157002	-0.5422820760633357
-0.4953547125945761	-0.5069056011409588
-0.39064196204479984	-0.3068308946508371
-0.2737329554844212	-0.27384605177928556
-0.3839733877782123	-0.381431584328605
-0.3401830798819834	-0.34557100700654003
-0.2748471147409912	-0.24859386126001903
-0.2723796241202141	-0.2784427586487728
-0.30941477534371664	-0.31746686497984633
-0.3115770648856184	-0.3243496401740257
-0.47881220782855394	-0.4797303604047928
-0.23452036132549736	-0.23188758620370617
-0.5067301422162949	-0.5081993545406965
-0.28906340860331525	-0.2686681713217538
-0.08860774788701065	-0.3008081347160519
-0.4470129466495578	-0.44729684246262963
-0.3701692763690634	-0.3755468931192927
