1.310173964951268644e-01 3.320697603785757127e-03 1.000000000000000000e+00 1.000000000000000000e+06
1.292450483032187569e-01 3.319818678310854521e-03 1.000000000000000000e+00 3.162277660168379080e+05
1.240536990536323242e-01 3.327341502186382041e-03 1.000000000000000000e+00 1.000000000000000000e+05
1.109682612618398539e-01 3.335585012147413569e-03 1.000000000000000000e+00 3.162277660168379589e+04
8.799698636936428842e-02 2.859915570822628515e-03 1.000000000000000000e+00 1.000000000000000000e+04
6.611753300595399341e-02 1.982272195360142760e-03 1.000000000000000000e+00 3.162277660168379043e+03
6.609531496344492330e-02 1.980321125165451952e-03 3.162277660168379394e-03 1.000000000000000000e+06
5.270526242966515340e-02 1.195873642353810409e-03 1.000000000000000000e+00 1.000000000000000000e+03
5.266162738237485652e-02 1.191536176683603713e-03 3.162277660168379394e-03 3.162277660168379080e+05
4.455666621866924415e-02 4.891082225924703146e-04 1.000000000000000000e+00 3.162277660168379043e+02
4.451027723868444114e-02 4.789767966884928355e-04 3.162277660168379394e-03 1.000000000000000000e+05
4.003409254311939003e-02 3.443923164697883688e-04 3.162277660168379394e-03 3.162277660168379589e+04
4.000438401650549536e-02 3.460822443183851280e-04 1.000000000000000000e+00 1.000000000000000000e+02
3.682751952694994502e-02 5.179988282587770845e-04 3.162277660168379394e-03 1.000000000000000000e+04
3.641428335710686359e-02 5.119372572269660334e-04 1.000000000000000000e+00 3.162277660168379612e+01
3.378170707019251956e-02 7.074278536665868028e-04 9.999999999999999124e-06 1.000000000000000000e+06
3.376498663436441894e-02 7.068596808428249381e-04 3.162277660168379394e-03 3.162277660168379043e+03
3.249772247552240589e-02 7.182804136657005038e-04 1.000000000000000000e+00 1.000000000000000000e+01
3.087679074039202318e-02 8.718807373021025169e-04 9.999999999999999124e-06 3.162277660168379080e+05
3.077405846910409234e-02 8.691613170389606447e-04 3.162277660168379394e-03 1.000000000000000000e+03
2.908939693567929446e-02 8.121839174031627272e-04 1.000000000000000000e+00 3.162277660168379079e+00
2.831928198835782090e-02 8.472739511690177390e-04 9.999999999999999124e-06 1.000000000000000000e+05
2.794117974902376317e-02 8.371838781576403793e-04 3.162277660168379394e-03 3.162277660168379043e+02
2.749345596338138506e-02 9.486538375124648013e-04 1.000000000000000000e+00 1.000000000000000000e+00
2.622794121952442062e-02 6.512901858298034835e-04 9.999999999999999124e-06 3.162277660168379589e+04
2.592237899863766154e-02 5.563629985980779501e-04 9.999999999999999072e-11 3.162277660168379080e+05
2.591679344796545340e-02 5.564786971641484670e-04 9.999999999999999072e-11 1.000000000000000000e+06
2.591677553084607150e-02 5.570493389059799931e-04 9.999999999999999072e-11 1.000000000000000000e+05
2.589437276659971657e-02 5.585928606962113586e-04 9.999999999999999072e-11 3.162277660168379589e+04
2.583794831388302321e-02 5.611018131924813907e-04 9.999999999999999072e-11 1.000000000000000000e+04
2.580011701058177939e-02 5.627636114043685182e-04 3.162277660168379191e-08 1.000000000000000000e+04
2.578339424485874207e-02 5.619244464836437806e-04 3.162277660168379191e-08 3.162277660168379589e+04
2.573549846264176072e-02 5.646390466773114564e-04 9.999999999999999072e-11 3.162277660168379043e+03
2.572302974816921203e-02 5.656053819045812588e-04 3.162277660168379191e-08 3.162277660168379043e+03
2.561057287545158781e-02 5.679327716739117782e-04 3.162277660168379191e-08 1.000000000000000000e+05
2.556004504926844695e-02 5.578382286748693585e-04 9.999999999999999072e-11 1.000000000000000000e+03
2.555592933613316450e-02 5.581249301180568048e-04 3.162277660168379191e-08 1.000000000000000000e+03
2.537604636964075483e-02 5.909289911817168939e-04 3.162277660168379394e-03 1.000000000000000000e+02
2.525866217099028560e-02 5.342606901909860125e-04 9.999999999999999072e-11 3.162277660168379043e+02
2.525726873028049518e-02 5.344246606594157695e-04 3.162277660168379191e-08 3.162277660168379043e+02
2.522167555550115445e-02 5.612735677770280211e-04 3.162277660168379191e-08 3.162277660168379080e+05
2.499906028576572709e-02 5.108931957448187939e-04 9.999999999999999124e-06 1.000000000000000000e+04
2.496833354647155084e-02 5.465782460001926933e-04 9.999999999999999124e-06 3.162277660168379043e+02
2.487224532230475349e-02 5.617625738438421744e-04 9.999999999999999124e-06 1.000000000000000000e+03
2.483507775905248113e-02 5.206514631497594428e-04 3.162277660168379191e-08 1.000000000000000000e+06
2.474694374699355770e-02 5.255927952898275558e-04 9.999999999999999072e-11 1.000000000000000000e+02
2.474654334216179127e-02 5.256893496825333374e-04 3.162277660168379191e-08 1.000000000000000000e+02
2.465720523056375707e-02 5.269454536822176793e-04 9.999999999999999124e-06 3.162277660168379043e+03
2.465256727200047446e-02 5.331631558866035568e-04 9.999999999999999124e-06 1.000000000000000000e+02
2.397132249544539628e-02 5.736386558013200536e-04 9.999999999999999072e-11 3.162277660168379612e+01
2.397121738182120959e-02 5.736674819271815736e-04 3.162277660168379191e-08 3.162277660168379612e+01
2.394727199344718477e-02 5.759143380816718859e-04 9.999999999999999124e-06 3.162277660168379612e+01
2.362543829266090453e-02 3.932604406531281212e-04 3.162277660168379394e-03 3.162277660168379612e+01
2.340494661308190755e-02 5.300677395332829790e-04 9.999999999999999072e-11 1.000000000000000000e+00
2.340494544351627224e-02 5.300681658306431298e-04 3.162277660168379191e-08 1.000000000000000000e+00
2.340467594282798908e-02 5.301807119081573122e-04 9.999999999999999124e-06 1.000000000000000000e+00
2.336324181367746902e-02 5.395041849419879429e-04 3.162277660168379394e-03 1.000000000000000000e+00
2.300932079201568198e-02 5.805338747441340539e-04 9.999999999999999072e-11 1.000000000000000000e+01
2.300929602307322241e-02 5.805385562096317554e-04 3.162277660168379191e-08 1.000000000000000000e+01
2.300403793377160319e-02 5.813491596685955044e-04 9.999999999999999124e-06 1.000000000000000000e+01
2.268329265794852626e-02 5.119026196246735704e-04 3.162277660168379394e-03 1.000000000000000000e+01
2.260366192558265278e-02 4.846595325052938433e-04 9.999999999999999072e-11 3.162277660168379079e+00
2.260365601025710047e-02 4.846603519920736022e-04 3.162277660168379191e-08 3.162277660168379079e+00
2.260240333847279154e-02 4.848692699427839146e-04 9.999999999999999124e-06 3.162277660168379079e+00
2.246499426019852794e-02 4.927519570506721505e-04 3.162277660168379394e-03 3.162277660168379079e+00
