-0.2652930932786539	-0.26757201872569886
-0.31388853401990335	-0.32730224359588794
-0.2900216937020659	-0.31733370918292186
-0.19733615333737475	-0.17069175183803195
-0.18291434386764927	-0.19716744416010695
-0.4713995621692959	-0.47998919897561326
-0.37168954563152923	-0.36970071248442754
-0.3470717434392432	-0.3345019748336277
-0.46809946239744704	-0.467823784321059
-0.017333813025940614	-0.03205116007413943
-0.4287815575290512	-0.42760351463184426
-0.23602124704657435	-0.24991095239124675
-0.09933889630740822	-0.11064348353258675
-0.2292413821811845	-0.23570254323556708
-0.09691746269125012	-0.07835782350771581
-0.000930579881402771	-0.003947742273526946
-0.2624039298667036	-0.25966871177608614
-0.19905028413520842	-0.19334301177587757
-0.2640802139995033	-0.26459833425447626
-0.2990115898412382	-0.2969884700943087
-0.09515597397896514	-0.07457249845061524
-0.2832786789331374	-0.2665084047416812
-0.17835723106610502	-0.17448167606366125
-0.0010074055273951998	-0.0007179045648453419
-0.3465445229008868	-0.3371037632025738
-0.516633294339095	-0.5267230942846545
-0.045145342795974486	-0.035926295205576955
-0.42227058159998077	-0.4294675519348216
-0.3299557250461769	-0.2886088006947305
-0.10010777693172379	-0.103241036739204
-0.42539962838486467	-0.43838320360798994
-0.3124249810251243	-0.30897937326225444
-0.39115487530424087	-0.3762816407881066
-0.2120549757363328	-0.18887414570598715
-0.30125399926438234	-0.31207046252618453
-0.24443911235864846	-0.26796484538446336
-0.3720718147315569	-0.3703171409672433
-0.4418570742400387	-0.4383446312455426
-0.22112229571474895	-0.24020619624396164
-0.27539099555651614	-0.3002749405251074
0.11406199795369787	0.12768373371233438
-0.6049040368753413	-0.618129033693996
-0.2876708649919735	-0.29184344435887366
-0.40186931609544274	-0.39599710973206803
-0.03480130647223234	-0.03557146517455204
-0.3107078184876553	-0.30846931063936045
-0.4749088691820287	-0.4736636578885212
-0.33690467194671214	-0.3688774399944284
-0.08612235437017457	-0.07931717697366532
-0.2814903073563313	-0.28413907045638115
-0.27195247022064617	-0.2638015613817901
-0.31020054258544505	-0.3130382227898627
-0.14489345477704685	-0.13215377712665388
-0.09921803273235064	-0.09043761615853137
-0.3020310286740395	-0.27839147717098195
-0.19857619768173507	-0.20682879946318408
-0.4042136023324705	-0.3823561296691461
-0.2828300536404358	-0.31748984692392157
-0.08841213149270732	-0.0818273243933298
-0.2508778273883454	-0.25552704442972346
-0.06015158396033016	-0.06931763870888664
-0.4930098287777014	-0.48751029741287105
-0.6349689069822588	-0.6355218341828
-0.4679989078092177	-0.47371255454608874
-0.09360415953680068	-0.14612281204862865
-0.330935344600074	-0.29072428061943806
-0.17751864660213812	-0.16395739881428073
-0.299688686908798	-0.2887131429400383
-0.6370571709213486	-0.6407138201105804
-0.4346365127676073	-0.44554731832507066
-0.3776258757611206	-0.35812476579653374
-0.20216386625908278	-0.2198188055596542
-0.29468178397528	-0.3013040857327638
-0.4678453418910511	-0.46494164176746816
-0.10445146094020519	-0.09600120644292066
-0.5414372843672375	-0.5494978000796374
-0.1831278525875284	-0.1796705274495809
-0.35963051559202164	-0.3587034464427536
-0.03188997779381175	-0.04964229475185846
-0.42310098498589976	-0.42120061355094907
-0.3833678531979441	-0.3441453436049446
-0.5064450828395035	-0.481426704697456
-0.5519446759727602	-0.5532473365972589
-0.4490999282259063	-0.4495018075390195
-0.29598212359722886	-0.2983158577205069
-0.14959092344698455	-0.14381025413630993
-0.15837099443365332	-0.1651790442013847
-0.629086734833928	-0.6174772300910818
-0.13402919016588122	-0.08932643696851303
-0.28155874543027437	-0.30880589409716847
-0.1410356575304359	-0.13947333941737003
-0.09969337192154448	-0.10562685247588466
-0.31297032561086713	-0.3216127426778448
0.19359283839289354	0.13843382468326842
-0.33737685636913994	-0.34071127214955543
-0.22692070438660217	-0.21894571495821755
-0.29100506952683425	-0.2963747887516493
-0.27538444843903953	-0.2726793693123872
-0.2747774918362449	-0.2925075665866888
-0.24136610073807852	-0.3112041225712198
-0.2902605734512722	-0.28177500097797864
-0.16797156066512997	-0.18462521002930943
-0.3909745994998808	-0.3989010710657751
-0.2942746472121778	-0.30562477720053544
-0.20299984331676413	-0.1881655158645176
-0.3036255085265731	-0.3056864694575559
-0.4847332031812046	-0.4737430082217738
0.02117757645214624	0.0014308347734549452
-0.34316881388856757	-0.3425585292194307
-0.19338781144285377	-0.19574050461466277
-0.3972570901552004	-0.40128681176944564
-0.15010868067061	-0.18492984842327023
-0.2884673774824069	-0.257089959074734
-0.10966542847629235	-0.13009341694366147
-0.10114214815038469	-0.10504912353693527
-0.0067218544793865576	-0.04293576699233657
-0.5002204672111326	-0.5034968428787587
-0.16295408330791972	-0.18271410882539432
-0.3775903088397943	-0.3811846350290542
-0.2379552591550418	-0.24351980184944322
-0.2118676478891821	-0.20503768228574662
-0.36105033172528955	-0.3605364115803236
-0.18440702710937185	-0.17185597616929144
-0.2914651330299609	-0.30243507801656366
-0.4235264380628223	-0.42280982843124065
-0.18359937917939284	-0.1795717838543573
0.06366937144578877	0.06556057757540001
-0.06440137332636198	-0.060872855136321694
-0.2784107536740468	-0.29314777875894427
-0.1136797399859013	-0.11564876837540351
-0.4573206883411842	-0.4637142152155714
-0.20771125651919675	-0.21263980333857915
-0.43964286224445104	-0.44452902680685125
-0.44079161551209367	-0.4425970174799821
-0.2842843139238074	-0.3158823083152049
-0.5066830706624224	-0.514336042798188
-0.0025805761274408923	-0.012105129200889365
-0.26995035337152906	-0.2774709150415035
-0.47943264461962887	-0.47172033115655204
-0.03435875245336284	-0.034304067237275124
-0.15124559400410043	-0.1424530893905697
-0.22901530619537525	-0.28096579532746224
-0.042480521334102406	-0.06613535912663987
-0.03684735501929204	-0.03336394303767156
-0.5040652537162913	-0.507481230342986
-0.18534125643597044	-0.1686829860542987
-0.3701689369105239	-0.3538677581244505
-0.14314056797565833	-0.0828005841029357
-0.2929685336297876	-0.2895423500918869
-0.630910568700715	-0.6269942182557241
-0.1347757490818431	-0.1333381547731541
-0.30444211485874995	-0.30580169539762186
-0.5193526833244944	-0.5228170846420974
-0.36015385312835235	-0.36820655124294766
-0.2974700281191103	-0.29391473500454623
-0.37886324093618473	-0.3628963181522851
-0.5163118862123834	-0.5158404783979625
-0.1990643999032855	-0.19974867756864004
-0.3318474509603355	-0.33413348052914565
-0.3090303565345991	-0.3187796936619659
-0.48501828202307884	-0.4793440958790576
-0.06949125781624232	-0.0793579128619514
-0.40626478529579124	-0.4237798131470353
-0.07084879496943852	-0.09320772549297356
-0.03743002793274375	-0.044377945032157806
-0.33528460039065067	-0.3353274142060922
-0.2131606977664502	-0.23290587849747107
-0.4097707738291785	-0.41247475141923456
-0.4596785885348016	-0.4581233577157476
-0.21448439887061088	-0.2458334918414366
-0.17097297675220346	-0.1898548019318535
-0.356744897632856	-0.33639607222772033
-0.0617339408009272	-0.06202549418874918
0.04949154322239302	0.059747570389857875
0.10080166597995088	0.08974895964255322
-0.10641553133886461	-0.11341406387421234
-0.19751684464981167	-0.18631677754802292
-0.30092566149154987	-0.31639197528168694
-0.17077348668922632	-0.17517132353785872
-0.43087756481635076	-0.4356772360731379
-0.5145767457977177	-0.5164251523193485
-0.14425332604168872	-0.12044183549020966
-0.4707595112555474	-0.4651132718450215
-0.538050427577411	-0.5462728276006074
-0.5066991319605201	-0.5026743294222791
-0.2312369164255852	-0.22074809420830882
-0.26459552486410054	-0.25268331505395053
-0.30762601759699937	-0.3190338309398703
-0.3780814530208456	-0.37126141144633107
-0.17249782407492198	-0.18571050724456298
-0.29459406940056354	-0.28471389586022555
-0.172530367616881	-0.1934158729592935
-0.36769183804852634	-0.37452059586968517
-0.18323033713022419	-0.19619492181087375
-0.33113369524159353	-0.3230473960765038
-0.169605881116194	-0.1476772954242643
-0.08561732245529896	-0.09189346308807766
-0.1434123601215802	-0.1355408056985833
-0.29220254381635247	-0.289135630992982
-0.14035217923077248	-0.1784143359829701
-0.3518089842206926	-0.3316526068718169
-0.44567924146815585	-0.4448222288682761
-0.30563557041463874	-0.2836135220318219
-0.18087649572209408	-0.15014492256216141
-0.20388191839161962	-0.16109629888125732
-0.21691584317714163	-0.24248014807014098
-0.2868241331859682	-0.3024140979663326
-0.12916151762997963	-0.14401782188876852
-0.10934224552456051	-0.11360470977734968
-0.15257464635900408	-0.16656651440786058
-0.4722301222339311	-0.4728540092859436
-0.19987516555363172	-0.16379193004600442
-0.09722563117445304	-0.10354014802222282
-0.5219598416067655	-0.520739607038031
-0.06956296398659578	-0.08627973027070447
-0.07561614015307505	-0.07100578774070462
-0.31811937039548965	-0.3313047150963149
-0.2516775969986833	-0.2293261368262944
-0.18681277210314917	-0.20258795329943535
-0.1295890313412471	-0.1696173777767969
-0.4598873750187593	-0.46691713231633053
-0.47545165351314367	-0.4908355015856167
-0.13348825019511246	-0.15352163870576213
-0.39074536522802283	-0.3796154281799972
-0.13971183416162525	-0.13716848654227445
-0.3149409534610488	-0.2759522681473543
-0.21850284997243286	-0.2348647747075449
-0.30645699754135514	-0.312547791449329
-0.11617930262451548	-0.11097080645032788
-0.4183017721760276	-0.42620939043679007
-0.43992205940768603	-0.42731134248796404
-0.17411503519519567	-0.17649063818307492
-0.3755213502915442	-0.3672895700805082
-0.3610033563233923	-0.33822731954413543
-0.18106169218448276	-0.13615827635780967
-0.37099120486932335	-0.3675372710427472
-0.15102255820845567	-0.1414319844342062
0.0671118670789248	0.06623290723649253
-0.1009988622208482	-0.09604121848764455
-0.14368166664845816	-0.13286455274673034
-0.4337951971625156	-0.43981767364320346
0.0016175123413955106	-0.02584024855267176
-0.44131463007654936	-0.45463265668379793
-0.3825638454928928	-0.36898430994973885
-0.35058488976392965	-0.3562929708096495
-0.329319661181362	-0.33865676130507305
-0.1694847267028825	-0.1756943928067578
-0.10282828662652488	-0.09832619283563941
-0.262306101710287	-0.2603843939148314
-0.05507125374025712	-0.05398658286040305
-0.09047055198835352	-0.08442331273816328
-0.19320488651106338	-0.19219688777658578
-0.5019211654536608	-0.49504592961557436
-0.17140468194508962	-0.1383503787344674
-0.09842228142417397	-0.1250864282459929
0.06121403081530019	0.06031016239785205
-0.16543156183293917	-0.17778364246699957
-0.30217267859000785	-0.2775852517676841
-0.21357989444272896	-0.1974877667775699
-0.2354576207546346	-0.23436289195256255
-0.27056885895736826	-0.28219000536471767
-0.4512522892145485	-0.4518001940969438
-0.26987156109736965	-0.2750204345567023
-0.4954155617064391	-0.5056960365846177
-0.17229564680166654	-0.18579303011901918
-0.2513667374880999	-0.2640306721325356
-0.15680789997171551	-0.16004515321955848
-0.22123329139549242	-0.19710516131566458
-0.13162304107962797	-0.1351366339982489
-0.6132238032015849	-0.619001322026607
-0.39779645854806844	-0.3857979360536979
-0.24788971982145114	-0.24773831782975567
-0.23918757495034892	-0.25761806715629404
-0.4909906684165595	-0.49610123112293597
-0.13589451606740965	-0.12955458204005782
-0.28478456347998105	-0.2936696411001744
-0.23103929876029738	-0.24933349244695038
-0.050391077483363134	-0.04526011360853256
-0.5608735460809591	-0.547157941270193
-0.051597382625233834	-0.037180919688598504
-0.1708632101432439	-0.1730160428779639
-0.3386594342194993	-0.3379042227869434
-0.03323059580704246	-0.023775837319717264
-0.3123830526202642	-0.2972182137573731
-0.1539131493332473	-0.1553696300433198
-0.2686379653790105	-0.29061663512479413
-0.08473540427468151	-0.11052854859979563
-0.3519654536097132	-0.36574746826173443
-0.1343361429018497	-0.1399464890116642
-0.10945705578562137	-0.08520303863254831
-0.19289531471540933	-0.16812054006481567
0.02557567633963309	0.03218773210054515
-0.36151806234498274	-0.3239705758206953
-0.3940959394461032	-0.4072590553232818
-0.09613044618676625	-0.09170379549037551
-0.19570885430784024	-0.21495105959595587
-0.19470699610618514	-0.1751654614475101
-0.15223178372504442	-0.13455972862221577
-0.08679174259746514	-0.09825918816003029
-0.16041256895532374	-0.16074254670698437
-0.0488106856378554	-0.04256274332787054
-0.5228585794004008	-0.5048399050596691
-0.07895043595200324	-0.08882030014263895
-0.22820356477173842	-0.22239078954306918
0.07384980194698088	0.09184650888621344
-0.19800395727981268	-0.19842210740692323
-0.28018489065934205	-0.27293096929306737
-0.12972697402210187	-0.1321977575063142
-0.289749676604961	-0.2877865230859855
-0.35574983002946414	-0.3597780944749398
-0.29437768265427877	-0.2906549713288736
-0.09303252116779959	-0.12144294640843538
0.00546096234474458	0.05008844261302472
-0.06603778605565047	-0.04552600155021185
0.04854652440249918	0.034412477764079616
-0.19651422873360858	-0.2098854471012988
-0.31951201835757725	-0.3155609596874439
-0.040791797974657484	-0.04068645334246722
-0.48704711681921875	-0.49384228338584235
-0.2245275434630063	-0.18276185809009346
-0.1368858642829478	-0.14629297622560233
-0.26340950581893274	-0.27781642141634083
-0.246414758975801	-0.272455958511938
-0.6142297873092453	-0.6157792091858768
-0.3228132876231369	-0.3187990739017768
-0.22434793777590567	-0.21695748711139703
-0.2732723553262222	-0.27033839874113946
-0.2190463655404038	-0.2276491175679665
-0.4711687203417796	-0.4686304712468602
-0.2042397517736383	-0.2154503183733571
-0.4744637189922507	-0.4739109361110375
-0.26156019952328347	-0.29224113389579076
-0.17237994688308067	-0.15760687488247238
-0.2205497773074203	-0.20921639413085313
-0.6267998580838672	-0.5758580397989251
-0.46445175931864924	-0.4599043608514791
-0.2924408791191304	-0.2875252437726816
-0.10547844004515916	-0.10270704278251984
-0.07831683409528978	-0.09475551603886317
-0.3339086992717597	-0.335734216866222
-0.49640491349904536	-0.4982567220971044
-0.1746369649048365	-0.1843348864244045
-0.5137323319389999	-0.5013422872880786
-0.2681552126274944	-0.28213120979370543
-0.05318097201528538	-0.057238406095037025
-0.06175725612597294	-0.04664064245268516
0.0028463585392550783	0.032487293978928904
-0.37303782929042484	-0.3722092285370152
-0.2867332109716001	-0.2936430334460136
-0.24484179496482827	-0.22195765403443687
-0.07620908400417292	-0.07081672472354167
-0.23646239050135165	-0.231281003445904
-0.433240664499011	-0.43487036694358105
-0.40120150420460643	-0.39506809189674497
-0.048651710922609226	-0.04643064249302789
-0.48804715033242374	-0.4831451311940654
-0.27272168592774015	-0.26418661472026794
-0.19313821337832238	-0.17150862187521262
-0.22176065750825202	-0.35257629504277155
-0.45754457013243854	-0.43143446661490026
-0.2834681316770933	-0.2714260175287464
0.012792992655155544	0.0017294016019627602
-0.04443863355551869	-0.04679005124317867
-0.16752548496646202	-0.16563214730102147
-0.4847835903918698	-0.4801424280451379
-0.11707427974183027	-0.12150207818046084
-0.1085844858520364	-0.09596430339220104
-0.12571875582617587	-0.11001964863356316
-0.419336728392139	-0.43255691287221654
-0.169445581305542	-0.2042265515630476
-0.11368420931318468	-0.12721094613643683
-0.3213412515302805	-0.2990964126108747
-0.09534057693003462	-0.09865240391337636
-0.38290687064023743	-0.3725505654322826
-0.4431871767644102	-0.4430531344418232
-0.4754876908308052	-0.47760070106683
-0.4999417409792155	-0.5011859751376817
-0.08857288855101508	-0.09477929278049435
-0.6143589841926822	-0.6186249284863571
-0.266441604667933	-0.26901171404177476
-0.049473639996428176	-0.0554395642720988
-0.30638532258962314	-0.2976882031152832
-0.3746889946137504	-0.3210583647300505
-0.31046480364314455	-0.3110082562640606
-0.024662245902440816	-0.029687622898174233
-0.04109577829550748	-0.060477937195288704
-0.21156591944010295	-0.20821909002417557
-0.4750971911910753	-0.4763115662742023
-0.25542920921835766	-0.27096581750474735
-0.20834112691898987	-0.1925529729648861
-0.3569090304988993	-0.3878411756134941
-0.5730960441071513	-0.5611209594452494
-0.2822201919255214	-0.2777627961313208
-0.03671807625968526	-0.0325058592150979
-0.19097974664439654	-0.16185978664478481
-0.4136029576355824	-0.41843317047852113
-0.4954129076755516	-0.5054620777630849
-0.356196195497847	-0.23061372433240712
-0.6147181425827357	-0.6107186357732508
-0.26995060084358613	-0.270099649063155
-0.35592303238764966	-0.3477977205153491
-0.2818273462100187	-0.2279620176239025
-0.13021415042940898	-0.09434118498563146
-0.28254620522060847	-0.2905894855035595
-0.2926971321645855	-0.2893571801569621
-0.4962165807167782	-0.5251250301724144
-0.40293832699213983	-0.39978909366294724
-0.012490591439507703	-0.01782732840310753
-0.2329899422224475	-0.24350844617501252
0.0795585809064443	0.07802385189589867
-0.16650521693056852	-0.16802268687134067
0.0006765839577624888	-0.0058437324141911405
0.04844165291927727	0.06697051668900952
-0.21303867145176092	-0.2011046124604431
-0.050305393694012324	-0.0595865415443121
-0.27101117753519155	-0.2770216321170517
-0.2643669094314296	-0.24982131428185456
-0.47108388038059257	-0.46846476006682397
-0.5168817645756434	-0.5117276901286568
-0.03818573146294302	-0.03868037607140671
-0.25043469496269655	-0.26003666483567633
-0.1622709540349625	-0.1589134904389766
-0.4670602971535125	-0.45588794278860184
-0.29124930113944103	-0.28410829222258643
-0.32857078812791585	-0.33096709459951107
-0.2977306805551754	-0.33758805760869426
0.07722045878163097	0.07464553961276219
-0.5473328277656595	-0.5483957575034402
-0.149152223900348	-0.14977228388119723
-0.4591694953433336	-0.437554468816147
-0.22179230156662832	-0.22374235236042633
-0.06741580895471877	-0.08106789628121605
-0.3479471193026402	-0.3450750079149341
-0.3592749558791315	-0.35697833871931506
-0.09038337093660864	-0.15617078026181483
-0.06226019473012734	-0.07361793269677767
-0.31855595703758155	-0.3001329138117307
-0.1095435920433081	-0.08688103586703534
-0.34191581860629316	-0.33823491324604427
-0.07974272406405092	-0.07952093259778291
-0.0743180350380177	-0.059617334633189384
-0.5062794833107613	-0.48952049417522314
-0.31345004095411966	-0.32145107546351054
-0.4421970163601152	-0.4413203181765063
-0.32503295883741856	-0.3367786439340157
-0.11966545212976065	-0.11348470594091889
-0.1306835102671915	-0.14324582244892373
-0.15599449057195525	-0.1884476967878207
-0.45351360752993664	-0.460508755721123
-0.1250097960439227	-0.12971682346743818
-0.09211156714729629	-0.10560335149308764
-0.1305523768193062	-0.1369199523878954
-0.25493217342454066	-0.24030569483466613
-0.04980958353348086	-0.05396096036650541
-0.2685109466838824	-0.24949505705228853
-0.36193135839265	-0.366754824656771
-0.09872678997862927	-0.1083669729872023
-0.5514977807417676	-0.5591669062337259
-0.5775387331155937	-0.5398547870716242
-0.17271523058369453	-0.1840028304225331
-0.16087844674159335	-0.21913991975960617
-0.04667015000354713	-0.03604698705267968
-0.32190730467857964	-0.3246617024443256
-0.25813587981000374	-0.24444738914407046
-0.4393838623824635	-0.4447967864535314
-0.09048495057305672	-0.07352460573857306
-0.179315262047135	-0.18558581285553385
-0.5002914278546609	-0.504690295026184
-0.507569567788325	-0.5073357766336611
-0.06256559352821611	-0.06765738009446318
-0.5062617887116385	-0.5004442485238431
-0.3463530191700954	-0.35995130587408386
-0.0925049783611156	-0.12755443000454386
-0.13460318093179868	-0.11626836321661849
-0.09830109844845403	-0.10376636355104825
-0.5134499148817522	-0.5140798442341954
-0.17890129494555396	-0.18269981444319303
-0.12300124994976525	-0.09159182987542173
-0.6186313110310913	-0.6117115109442712
-0.4483069923044152	-0.4458557078815827
-0.2936137716061804	-0.27492463176412957
-0.4700103096885426	-0.4778154636743542
-0.48195469401060276	-0.4683019940947336
0.018237826114367195	0.002181062751628373
-0.06158228237458907	-0.05015039921819307
-0.37040632502148974	-0.3779578704781054
-0.4357668901411813	-0.4387244787729074
-0.3174444619314123	-0.31759369021994605
0.017646989225097442	0.00820114319981761
-0.3152396269709179	-0.2995212173782506
-0.3397182840958761	-0.3422274622320992
-0.5042255580950936	-0.516081622994891
-0.17753340947348484	-0.1787649843721115
-0.07974298961147763	-0.08195564839644418
-0.5854585525427307	-0.5924559823756667
-0.32847987428505476	-0.3173119597997974
-0.25596014980433424	-0.2594016841411696
-0.2714499916531903	-0.271256069355505
-0.23680322402701037	-0.21965679114210349
-0.3160711311395481	-0.3229745301277781
0.0023907906951290414	0.001880178285217697
-0.18665928857792657	-0.204279024060525
-0.2548519917192671	-0.24278348755132287
-0.20972502705475726	-0.19568449369799276
-0.043626325561213264	-0.04231749430147645
-0.24111515074687695	-0.22285109531535807
-0.5142390598278803	-0.5034420821355501
-0.24736738868602615	-0.2760455052453189
-0.44153385469547146	-0.44112470312247953
-0.3552357067753764	-0.3686246108332789
0.027160479172287033	0.03389265122017325
-0.5234731981366689	-0.5209409338519376
-0.40316395275049466	-0.40570556700373106
-0.17348390108856648	-0.19731002985157156
-0.27071473211015906	-0.27439415540262174
-0.14488255294446084	-0.14644486892849903
-0.33281723122942886	-0.3369206091015604
-0.20513614293485105	-0.1914073661372732
-0.32272961769758	-0.3187533475555418
-0.074046265085431	-0.08851838760624871
-0.42628270829403636	-0.4267162308280617
-0.18637836074663738	-0.18953784709587465
-0.1238314784102501	-0.1235441328407108
-0.2318769935213627	-0.22700665472693973
-0.2104431922070944	-0.19762747277803847
-0.4828675859370417	-0.478483646482374
-0.3396048391852631	-0.3299279135552102
-0.46089797939830834	-0.4478707565296963
-0.3122938650249649	-0.31952391372916567
-0.5093420715715169	-0.5093388979240223
-0.24302252309124572	-0.23488702726459149
-0.48117330738396547	-0.4908009187086425
-0.36867828229481425	-0.333892126390166
-0.2453154255950647	-0.24803260205422215
-0.27863944505218363	-0.2668808501839424
-0.08064035470598263	-0.08100016523776384
-0.11147744399541892	-0.17000501917961394
-0.021508195296609856	-0.03947120755082858
-0.563213667007405	-0.5703195207190699
-0.4702847891736237	-0.47712717639821006
-0.43413836609364154	-0.4404895718130574
-0.007329768761264788	-0.0014142475784438924
-0.4342557353059151	-0.4287547514049665
-0.13654168267707334	-0.130174103083466
-0.0642519740999008	-0.051602103004325175
-0.5155703081898251	-0.5252679454029295
-0.2958772499569733	-0.2971080559519995
-0.2000248262254818	-0.20539647113914616
-0.19028848075112847	-0.18072249865872916
-0.19187920263259173	-0.20002731971305124
-0.17939543319307383	-0.2093735011674769
-0.20027029159852194	-0.21376824662195282
-0.44177937516975696	-0.44363755763376644
-0.453070515364395	-0.45191385311664867
-0.43949552535762315	-0.4462822946225058
-0.1990337072355297	-0.21448614846831915
-0.24248088827620684	-0.2593708791044547
0.011022038953502289	-0.0176020396147886
-0.19354949236154795	-0.1942900647673339
-0.4422341712944533	-0.44269611879073517
-0.11831621778922496	-0.11391621387286749
-0.0527439010837929	-0.04030460258863761
-0.09953503564188004	-0.08049659569144732
-0.30100316094895696	-0.30746365157305633
-0.3391950093717888	-0.31364347415372484
-0.17819907220151165	-0.17632308680016182
0.03148824112628823	0.060830636555159044
-0.2793306996021556	-0.2748466795547368
-0.527504748268905	-0.5312622999992099
-0.14761478745176504	-0.15050628439104136
-0.15890365572382414	-0.1416518687704408
0.028806119366057814	0.020274838756237822
-0.18469280677120103	-0.2036436295490182
-0.06315302299357484	-0.06810502334048796
-0.35277912942782397	-0.41420901303022484
-0.07099667339531379	-0.057283917060971454
-0.12127035782298456	-0.1323137246757127
-0.14120266387651448	-0.16579671436740184
-0.12875647755782182	-0.12253210639754722
-0.42487829869138505	-0.4169490885677444
-0.2836849620501809	-0.2874327687631334
-0.27377634916789795	-0.2887960201213914
-0.3074253229227457	-0.2955153385819441
-0.2670286136328137	-0.27313261255836446
-0.05146731482216538	-0.07589971560689343
-0.27194593408431356	-0.2653714158793296
-0.43026815577132105	-0.4338869771753506
-0.28699746284153616	-0.32129114488306715
-0.12741010832474675	-0.13231420852672518
-0.14346388674021693	-0.17736109198898717
-0.45026925247851857	-0.4429709449314302
-0.3591701010758275	-0.34845413135187386
-0.5068477157759972	-0.484110861504127
-0.4991759131421265	-0.49721846314205725
-0.5060908787805651	-0.5011292172126967
-0.18043393048662892	-0.2050649418207254
-0.1786705293181523	-0.18942433792027827
-0.16667675201673582	-0.15960078473980974
-0.24995907675110374	-0.26403590148834843
-0.20338164312263718	-0.19598822119464426
-0.07976394539389275	-0.07825595284462347
-0.09279943331122098	-0.17979990880606617
-0.42706120814716364	-0.4366831805920483
-0.16918322132100272	-0.17115579797050018
-0.49502346925557283	-0.4880079413110433
-0.4382170629140276	-0.4151859049863095
-0.30755375538193963	-0.30458306317619294
-0.04362385782761535	-0.05116559193568537
-0.21578950241369288	-0.20031010611801067
-0.4188600716931017	-0.4221340973409167
-0.3097964646370084	-0.3195092912651682
0.02134452317273361	0.017233278811780654
-0.05424403979792913	-0.0634362434221221
-0.5190499234654711	-0.5197093823180383
-0.25900437226282147	-0.24862915300925487
-0.10079134419932245	-0.09917129355783402
-0.17836015971172792	-0.18539404180247787
0.022940459842677896	0.015887829125482023
-0.3396422941647428	-0.33863350623739974
-0.285158772428991	-0.28839453242370244
-0.2626063900469644	-0.3053161712367992
-0.3685838493989362	-0.3617365674003092
-0.158176630291047	-0.1811556259874847
-0.1115597783827571	-0.09859330646784893
-0.12655629839949434	-0.12564499198645016
-0.2529921636974173	-0.2499911574540445
-0.2667193041926552	-0.29562158536742256
-0.2916205692308065	-0.2887311947878184
-0.18662773268477295	-0.17279201727122617
-0.20503570010566285	-0.24148175077295692
-0.505852286081586	-0.5134800922800844
-0.038891685796083486	-0.03551535185468057
-0.11066481934629557	-0.09215623357237837
0.018687174816708563	0.02044914007414279
-0.5492022988027454	-0.5436265727008563
-0.3484741470390711	-0.3510828802808945
-0.21688544172957425	-0.22537502116757807
-0.14226197793804918	-0.13406760925784944
-0.18760130536674335	-0.21621049814347873
-0.11912046350056649	-0.11867369496816552
-0.1569350260851845	-0.159106705490431
-0.08204151992767628	-0.08235329763814431
-0.016955221599026515	-0.024942510824230532
-0.09852556849997463	-0.1276331000637529
-0.30910766992116123	-0.30521626056201956
-0.3381033199684431	-0.3368307162763232
-0.10478372958700177	-0.09692820119817379
-0.11088151524588064	-0.13677886917880897
-0.5125853236603675	-0.5130409189350545
-0.323559500645656	-0.32462603491023323
-0.18630992377587585	-0.18557727103527205
-0.17651042083454271	-0.16555213460942197
-0.27243883815233794	-0.2516092920005909
-0.43181466751035735	-0.44663307075207875
-0.08070035856182045	-0.09777746465388817
-0.4404955526574774	-0.43446635246257626
-0.4061450341931847	-0.39068926282299293
-0.0836361927216771	-0.09955970707656911
-0.16422651183533699	-0.18315916033809776
-0.2453057053705976	-0.2793768127224963
-0.20403460232972037	-0.18565288871294727
-0.29821044557108856	-0.2882836265545679
-0.4241107157404098	-0.4119548508700517
-0.5164851522562515	-0.5071444764147505
-0.11684009021837571	-0.06336566352374409
-0.4884162470480131	-0.4904749229334307
-0.02128642880459708	-0.027564171880951758
-0.3434122416134233	-0.3447173058421744
-0.34178877705174227	-0.3351917334009825
0.011509682075903527	0.010224364904622104
-0.4308181485225031	-0.4226624304958761
-0.16751533261994478	-0.14281939988510292
-0.23313703181810563	-0.20996719897812094
-0.1444568182062742	-0.1563046235420158
-0.13088873414129942	-0.11750505586643939
-0.05416061313542109	-0.04233603678049405
-0.26258190771773293	-0.2625671655856799
-0.2770411258030796	-0.287278264070454
-0.08783138270197455	-0.09819043004219236
-0.4127085231395702	-0.41413403686446715
-0.4920970899757702	-0.4951191655337888
-0.24392991866055524	-0.25754111056695905
-0.5125598805384932	-0.5010919356918095
-0.05998026322761163	-0.053712391668304015
-0.13974436292411418	-0.12878092097970237
-0.168203691321966	-0.16701203955229663
-0.10596362127002834	-0.10358820659171222
-0.32787724099271465	-0.33728851983966873
-0.12264796729186145	-0.13185686971073665
-0.07221926174304816	-0.09368347528914914
-0.3759963003048359	-0.36065830810435273
-0.28514715786772804	-0.29955411945125465
-0.17593817128555767	-0.1828458016468477
-0.04911969753169565	-0.0533487530868088
-0.5038109399838602	-0.4990977923305441
-0.1064034561396241	-0.1196256120012239
-0.268979821070344	-0.2611490632648991
-0.10746401943864115	-0.09685614486260136
-0.17282005857960936	-0.16547291763713115
-0.11142385121352305	-0.12687772427987426
-0.13966998894337834	-0.20551321428344665
-0.34955995920977756	-0.3456988945067253
-0.1726725343991813	-0.18016510979522637
-0.6225133518451038	-0.6283846300878009
-0.1239022189880501	-0.13703713375704496
-0.10761407556929026	-0.11124864428636975
-0.5518619875588557	-0.5317623007196076
-0.37268780302775006	-0.3914589462656136
-0.19001569289128994	-0.17506177644823825
0.015408072045449472	-0.006211837531413129
-0.17732333589223082	-0.17705014942322636
-0.22941508718311443	-0.22733189232091244
-0.19925727959698758	-0.23010129161925502
-0.5496718298357015	-0.5487289448881175
-0.06122117818272432	-0.04955396668127825
-0.3417728174890833	-0.3371296641120266
-0.19653708499439837	-0.20115652809645113
-0.20774198128615673	-0.23234595529598703
-0.14619234259976022	-0.17495741406290222
-0.49903060067238414	-0.5065087362565938
-0.29499196872633426	-0.292879478877102
-0.13855765345146764	-0.16478493006985787
-0.27555188563382416	-0.2504625772135503
-0.29743101978850284	-0.32789403683163576
0.03672602831065497	0.03922027906180582
-0.06978387254678875	-0.0559114543653301
-0.47936348268981543	-0.4845202882067643
-0.12946946774977608	-0.13084083274848538
-0.08109699375453516	-0.07352117389870691
-0.108099726973645	-0.13502139181069245
-0.4369085317841659	-0.43599221578021724
-0.2839735936835659	-0.27641576179940264
-0.4657235704756566	-0.4540283979515203
-0.2479221705949275	-0.2585529776868499
-0.08787988710703853	-0.0802573708726008
-0.4740929697283516	-0.4802573753050638
-0.05305567734862393	-0.050655940069589414
-0.3851682788447581	-0.3921575017280801
-0.42623198649414107	-0.4234942981424392
-0.2647308098984542	-0.24780435723798783
-0.2931213743751737	-0.2722461402411298
-0.17669523324540037	-0.13096975117727344
-0.23185708704886387	-0.25362932747103833
-0.044336071647371966	-0.0381487363718908
-0.31606022596801253	-0.25707645321372574
-0.174560585547737	-0.1778586693228521
-0.34904195781094316	-0.3223931451778147
-0.3146866093821288	-0.3181429607711251
-0.432606777882647	-0.4289798577656927
-0.2706239774561432	-0.26671070546483644
-0.24119682321312386	-0.2755602718346641
-0.09604488646103881	-0.12398788106558425
-0.16754657271712503	-0.17115772588276595
-0.2961497295206721	-0.3100116537314315
-0.13638256429232598	-0.12957423257158046
-0.2927458435149344	-0.31023914902317806
-0.17954952020981185	-0.1749774369820844
-0.24898627612875757	-0.24560707632501427
-0.028609118551823798	-0.03425236103336611
-0.21386591273784816	-0.1933270822225614
-0.08269077549053172	-0.0671359182343706
-0.26564334268278067	-0.2726490365508759
-0.5111609662470329	-0.49165495256215225
-0.4001169046482893	-0.40549130749145473
-0.03357236375271633	-0.04984614459116145
-0.03928903515366766	-0.0452984935526178
-0.4637034269055835	-0.4580750886501087
-0.12718688006498624	-0.13245314446426976
-0.16629017959712833	-0.15106172296498205
-0.3320153521743787	-0.3333071383848927
-0.31943851170835913	-0.32236329110761064
-0.25307468517320775	-0.2816158770903488
0.037750762589995546	-0.01162982882436856
-0.4234032768001903	-0.42269719795537014
-0.49355209056503924	-0.5016631469604679
-0.2845573491911946	-0.2906581632232133
-0.347717697800479	-0.33538314896521265
0.020327126654130723	0.02114375769974279
-0.46019164090378695	-0.42668927093304443
-0.30621694682406364	-0.2877653720216017
-0.4163599203116011	-0.4163032384738028
-0.11010242616145138	-0.12230793003594424
-0.30026949738047115	-0.3075366900024015
-0.29506865254215864	-0.3093349057691826
-0.3545845240603409	-0.34247377763554704
-0.4658454168466317	-0.4601347564654114
-0.3365342296497449	-0.3301901479583918
-0.3037657232201614	-0.3026780384209708
-0.11063320509302699	-0.10191744782037264
-0.2731963496875611	-0.2967782236848804
-0.2702363904278329	-0.2703986654744161
0.045270363131228564	0.058066544638747164
-0.10980846097842623	-0.10775145620263159
-0.6293457143876644	-0.6166760886513344
0.0064785931524848905	0.026097045836019413
-0.10777034521289774	-0.15033536309535267
-0.4290596734142458	-0.4304129806108846
-0.29004646189560646	-0.3203030321024128
-0.3216707252452444	-0.32722019174888417
-0.23274697363310537	-0.24414445206182264
-0.01121312410592612	-0.015331474336721246
-0.23567647309127615	-0.24520227920243826
-0.25543099874349995	-0.27975063748859585
0.011201885688517876	0.021416696728376046
-0.45191937328155163	-0.4551481150725893
-0.47105270090836626	-0.4580355888670686
-0.49219960664295126	-0.49534156186816897
-0.3208546023345722	-0.32367066854552645
-0.2823529104225795	-0.2806120478444073
-0.248747441861342	-0.2383849446379076
-0.32639854218610154	-0.3235339140602007
-0.25656174030660495	-0.24024818355453528
-0.21537198210829267	-0.22189690296904166
-0.626047862346109	-0.6177106503817454
-0.3666185385481908	-0.3614554705724725
-0.31690694314166823	-0.31329846115189686
-0.519977251061924	-0.5070241636657927
-0.06464840270692651	-0.06583363877183387
0.17313231531430695	0.13118437588486828
-0.608216382823568	-0.599933167830826
-0.08771036463757564	-0.11322712067626903
-0.13769909526386392	-0.14959055453674547
-0.09157334941332529	-0.08818563266997909
-0.2995162473471469	-0.2904760367892436
-0.20110359838371572	-0.2305200880658341
-0.19357512277814148	-0.2042024010544055
-0.11567112908638322	-0.08645913560960385
-0.537021496751418	-0.5224642861690929
-0.2450955344629504	-0.2471467161665601
-0.2229084038060769	-0.20871233969454306
-0.04334891658332296	-0.04573796553576426
-0.13078534576286316	-0.13313543018428714
-0.12075032762086657	-0.12138806002384184
-0.30203239543321025	-0.24410415079665326
0.0124635353181759	-0.008490843438587543
-0.561439435614151	-0.5323837417554802
-0.33238079855544456	-0.35042840387961033
-0.3750606914677075	-0.3849016007661271
-0.24327976542116492	-0.2360442233015716
-0.19669621502732149	-0.20286141784848014
-0.534151078738268	-0.5422693792356927
-0.4007707855824876	-0.40698336677988256
-0.44745505698000265	-0.4467111830299768
-0.19118326714785994	-0.19280843434299394
-0.05083225840161809	-0.07572438465780115
-0.4755846285818528	-0.47628518130594727
-0.5346069325826033	-0.5328606044854735
-0.36598371044693057	-0.35934201620845685
-0.45580395111619776	-0.4373706880164846
-0.09626411138564261	-0.08600241507002633
-0.30406273437829956	-0.32320532452565187
-0.2969957002457253	-0.31110627827001475
-0.10191576863954843	-0.11727907055417902
-0.33705840593538916	-0.34426955800522485
-0.21328683894407874	-0.19942474664722407
-0.5716812060595986	-0.5643508147360572
-0.4941833856956972	-0.49477798171182386
-0.17621720396741658	-0.17676968633629292
-0.3005995426693584	-0.30288836225963806
-0.4500588697248382	-0.44081643911386154
-0.42052735546981523	-0.4217566352988198
-0.2189615345743956	-0.23710439443401787
-0.1697537465244352	-0.16780779638868354
-0.3718480706984142	-0.3643182692432778
-0.24421787885546298	-0.250868590629944
-0.2536384505105538	-0.25227736460893957
-0.2820308575294703	-0.28312037916494337
-0.2561507055235692	-0.25348734766110737
-0.43902748311634454	-0.44201008216623017
-0.175728985606602	-0.17775317811454533
-0.3420894729278938	-0.34103290335221853
-0.2704812777932357	-0.27602145384656934
-0.1843480637197139	-0.17352714713059933
-0.18690004524529424	-0.22255121227092312
-0.05552486535204437	-0.0470294926933126
-0.20019208334139993	-0.19942871103369247
0.07784598923730535	0.06552479730475841
-0.09886595640906748	-0.0961442754391078
-0.25175611998679415	-0.2708185952436972
-0.12029427186953257	-0.11533522301371112
-0.29177103721767494	-0.2916131463055525
-0.3303890586477696	-0.34268134897722236
-0.28128172314923816	-0.2859011097804827
-0.24216583034085115	-0.23247943441900937
-0.1560386110108425	-0.16946983118475503
-0.16302605539696202	-0.15844241500672135
-0.15800471271146055	-0.17882821538987123
-0.12187274797516068	-0.12338083838932311
-0.3755502649163649	-0.3705403655142289
-0.523140060985976	-0.5215178877215537
0.03708063501464931	0.04157956497660987
-0.12451322680966914	-0.1321579226699434
-0.4148040820018135	-0.4027249977625945
0.009043978695173038	-0.007317167259984786
-0.17278723728979983	-0.16969005806573056
0.11338654309470719	0.12867685668074078
-0.2221595143530557	-0.22394607159228652
-0.2781588803805217	-0.24739741435562848
-0.12561438191825935	-0.1226611461690909
-0.45828034438525656	-0.45112480623150114
-0.06968396648633401	-0.0932213382003507
-0.1280508427126641	-0.14145305420912094
-0.04776705640550638	-0.03906936168687369
-0.29613073415806923	-0.2942623026970675
-0.13066811136439593	-0.13114302943946327
-0.33102067842240857	-0.2710113131080731
-0.35838520982149547	-0.3597639608303274
-0.13343471723404576	-0.10852127192636615
-0.3223208357275773	-0.326810145039568
-0.1923470543216501	-0.187901601167975
-0.12279719783681209	-0.1348917598920635
-0.30997367397466924	-0.2844753607938465
-0.12287048400540002	-0.12403817835044251
-0.4242078401241889	-0.41588873374815
-0.2683606849493003	-0.2703377687213445
-0.20230023041112233	-0.20353794104981202
-0.2815730065473421	-0.29026014718085413
-0.2741573176590766	-0.27026786139491144
-0.2828677303785838	-0.28544716525494657
-0.3090102791704066	-0.2975948547299304
-0.3875400996306313	-0.37852930191716494
-0.20833603417569968	-0.23655019321285783
-0.18283535090206726	-0.17875260167909357
-0.5190805684868671	-0.5033747781916302
-0.3731016907213984	-0.3797030663895133
-0.1952230504076775	-0.20927600852729758
-0.26117563780577147	-0.2467792638027455
-0.2977142209168857	-0.2902421330909311
-0.17573593567196966	-0.17634245289673048
-0.36422770520180947	-0.3529669502042873
-0.3112935014085778	-0.31689342615075466
-0.2801763383317173	-0.2335893384695456
-0.317951118893669	-0.31681926154765616
-0.17955907141409	-0.16392846285444646
-0.16221777461524134	-0.17404219514304448
-0.4804438349384341	-0.4858865720407996
-0.4090045488712697	-0.40886469589935864
-0.18744738434499553	-0.19664200205650087
-0.2568511423801265	-0.2760452419988513
-0.2284305294375102	-0.24579474036203078
-0.22223222240937623	-0.207371613413424
-0.3188288915385611	-0.32111072310776295
-0.1973612559328597	-0.1409836797821721
-0.2578098795522621	-0.2599123442778517
-0.07980577584214288	-0.07074681297608348
-0.5165408481839986	-0.519804623790408
-0.15129244702636058	-0.12699329176558607
-0.5019080210123565	-0.5099524101675007
-0.3194466282854531	-0.31603619884914225
-0.10409016017193196	-0.11728845170184317
-0.4311240531544227	-0.42750218931877815
-0.07019894991274178	-0.06140992433984874
-0.1351583436557462	-0.11908232026532892
-0.48065462901035616	-0.4770845776047939
-0.5058832367362935	-0.5101624416536883
-0.278527122375424	-0.24977482491146571
-0.06819123282757822	-0.05390074867173378
-0.2256046876601685	-0.2520546129695825
-0.3246216868873919	-0.29079552191285934
-0.0017973343219832572	0.032023823883439335
-0.2730015953125058	-0.2775606458292981
-0.0651359062579191	-0.05229588170610713
-0.4134038105587585	-0.4215609231785994
-0.11379565712274609	-0.09779805979177444
-0.04075799352640708	-0.05468235096589213
0.05041789846081102	0.05963183227813724
-0.4654662783979653	-0.4660670189788236
-0.31472552719628943	-0.3145220046034857
-0.26062236065929323	-0.2766570803285786
-0.45329993730080886	-0.4496803402144903
-0.24759695721347175	-0.25340998056487435
-0.039502744298102854	-0.036631856492831155
-0.22519593634678614	-0.20084510843524506
-0.08401915095830148	-0.07652838266639382
-0.45688272578286515	-0.4729716229980732
-0.3154611780312724	-0.3152373149297763
-0.05083013451925478	-0.0393020067374431
-0.06438090694626197	-0.07551516704282338
-0.11974618812421589	-0.1229588023273808
-0.2824183487745948	-0.2859733054777697
-0.022298659486212458	-0.03157812908845902
-0.08817450783541858	-0.08782824524872043
-0.5484462909561252	-0.5524555403970564
-0.30882071284841395	-0.32169214300857363
-0.5493253857615521	-0.5093900051126442
-0.3324551365590702	-0.32356472078700976
-0.3128032861267904	-0.3344328944045154
-0.5265966864975482	-0.49740034317169973
-0.20614746398859207	-0.18437806770645251
-0.28689326283246785	-0.31840631331697067
-0.3355141103137145	-0.31061740978493624
-0.27725370579682185	-0.30013662754516895
-0.2857759466612828	-0.2795015108107609
-0.17684729803923904	-0.1761253272396754
0.03661476070598013	0.045891757244019574
-0.4176476024289837	-0.41944525708487335
-0.2870170310602713	-0.283911941133439
-0.6275213373756507	-0.610058672701708
-0.5087530763254318	-0.5175853231607781
-0.05823837961650824	-0.07998625242302229
-0.22970646539789108	-0.22200142680347226
-0.3056062198749885	-0.30023802592435844
-0.042053860187986736	-0.041192333016307175
-0.05136339548630087	-0.05359485187376568
-0.42469423188607536	-0.4186552303981529
-0.11506612206958433	-0.1653089633058065
-0.2712391568322108	-0.302948820705019
-0.19980838879701768	-0.19831510545809797
-0.07644149552347024	-0.09116099527538873
-0.32252182288525333	-0.32436617088456243
-0.13139554104283757	-0.1382017431322967
-0.2695933841623255	-0.27640082412308364
-0.17289884902285024	-0.17641111942648022
-0.5493206399177613	-0.5633014497185593
-0.17569525790534968	-0.1330336020306297
-0.4266891457479307	-0.4260310361773945
-0.19382187225605918	-0.1795963704493339
-0.3158783634218425	-0.3254911025479303
-0.3043113656980214	-0.28119397122414347
-0.41887033811959995	-0.4230805758704135
-0.19029512523132475	-0.1843827839100937
0.06411877975980662	0.04900576008245863
-0.10547774356702799	-0.10425136974502519
-0.4424544177319527	-0.43659312042898846
-0.4983888008319015	-0.5009826812836803
-0.3338634877285944	-0.3216604287709747
-0.3188525633243895	-0.313634681015734
-0.13692611586503567	-0.11191546922908378
-0.3109435944501424	-0.3065056109106123
-0.4028370194869506	-0.41875227656244557
-0.1350386470863203	-0.15348043686156254
0.04231335379406165	0.037659805217187606
-0.2745832852898493	-0.2881748976915262
-0.12223320717488484	-0.12710924676269783
-0.09872035109273902	-0.10354156993635252
-0.20397047395243995	-0.19090784899605442
-0.23889477094080647	-0.23616428716929636
-0.16662539425165868	-0.1641514985839289
-0.34124255984372454	-0.3364116667011725
-0.3765669821773212	-0.3726104739631702
-0.32952803488095306	-0.3368743439501586
-0.20763764941618668	-0.19966654515875926
-0.6130591285702129	-0.5839649278399808
-0.3250800765023829	-0.32603406347747727
-0.4619868478131721	-0.46014506294687285
-0.3060079607709554	-0.3152247929468267
-0.27898875277407775	-0.27969371244049396
-0.1760113789123645	-0.18745289171720236
-0.1763906267196962	-0.17733176048220373
-0.30629364243250023	-0.31314026381516014
-0.1003593768101334	-0.10731225012413827
-0.04931500150359014	-0.0417763436709406
-0.13737233382931713	-0.1513309098743883
-0.5596305523432328	-0.5606419234379971
-0.05557563892361195	-0.056834499894307944
-0.18922400042059184	-0.20540466002163432
-0.26474607821165463	-0.26884321711769094
-0.04014023708779213	-0.03982562253061033
-0.45208123848054704	-0.45404950072700007
-0.3056614468813059	-0.3030821826648953
-0.08108507307466173	-0.09122985998656781
-0.1716043680659194	-0.1638412043648498
-0.1731521628345698	-0.1723456569430143
-0.5400771065895977	-0.5491617688086856
-0.46795337922272573	-0.4587203110206043
-0.3489201544475442	-0.337852693851576
-0.11211715752764562	-0.12414358906091454
-0.2974990420305579	-0.3021436830857292
-0.1997663354371486	-0.21996741634846642
-0.191930692065438	-0.1831260057905961
-0.29059364159516754	-0.2765128511170433
-0.1181718501477409	-0.11630157862482654
-0.06440233108009874	-0.06549887114344467
0.03525863732449164	0.006032587789772408
-0.16930972486093232	-0.188995079222397
-0.24677796385228312	-0.25432662615192775
-0.13222842759637388	-0.13482430779725296
-0.49225878334111783	-0.4735761689076472
-0.42489998972134124	-0.42324088159071216
-0.3351740462839654	-0.2911240400434871
-0.46839084813769816	-0.46194105027818116
0.04617121699498572	0.03855162209325189
-0.06579674032348048	-0.07071759704088182
-0.0180138378232364	-0.0071655898518390515
-0.2581069101424056	-0.24694292721914812
-0.18191741625347468	-0.18970583971366797
-0.22973804611690163	-0.18803632889284605
-0.07943674576734061	-0.10764158100111948
-0.08794108974500503	-0.08184101975987688
-0.16760109496845388	-0.16041687673893595
-0.4861375074751413	-0.4918576259686318
0.054643102735848714	0.053433362387289574
-0.40617695611443505	-0.4020081892718615
-0.31436397969089214	-0.3135936922703112
-0.32029677174248317	-0.3043187973646312
-0.32569536981481306	-0.3266929409107082
-0.3398704448701988	-0.3565621290948958
-0.03448914725793806	-0.032210849264116506
-0.32781960107618247	-0.339086008933312
-0.17250756950731372	-0.21088208702034056
-0.21057794250569373	-0.19471247331932234
-0.3680811398319772	-0.3554877874431309
-0.46638731931737976	-0.45644190042732896
-0.10837036364619568	-0.10325560652137902
-0.5199976251409124	-0.4993396419116105
-0.47139900961811065	-0.4724561191043067
-0.050568236189628024	-0.058365900966058724
-0.14574396747213747	-0.15163414557126656
-0.5157552749899299	-0.51676377079188
-0.47024302709093213	-0.47615451732476827
-0.17498502662894388	-0.16942112432250206
-0.22507098541790338	-0.19711498292365418
-0.43588413619347044	-0.43189472169891197
-0.5198654612094753	-0.5082330267477891
-0.155990830420917	-0.1674442201052435
-0.1036327272774038	-0.10425389622015739
-0.29702701338996995	-0.2867331700684681
-0.4386911253066632	-0.4919406937058638
-0.4684357319476913	-0.461571642231792
-0.18273720581618225	-0.19561197159198046
-0.28069419896724845	-0.3047613168469038
-0.5679674243223172	-0.5608720240460524
-0.4031972065349425	-0.39628372341769125
-0.1743182967439001	-0.17338931922330209
-0.0930478111214601	-0.08851119022540965
-0.4635800454917378	-0.4656058229123895
-0.15245367132907361	-0.11884453974454935
-0.0672855552279259	-0.073227110668373
-0.3978640456702607	-0.40911579825748995
-0.10310160220842146	-0.09319566778736883
-0.11961699044597829	-0.11857842709123043
-0.29845804067729986	-0.31291842092787187
-0.18470132249207438	-0.21703711397896702
0.21833651601118298	0.20078950580313237
-0.3549530359715982	-0.34751062448450887
-0.30304088304834753	-0.2891362746336743
-0.3053580043990056	-0.31236062297419287
-0.4362275513343814	-0.42822428784254035
-0.413626218791733	-0.4130892548666903
-0.3869797276461284	-0.3815949007972717
-0.28823259844056004	-0.2816532043007333
0.035218569025109225	0.06123620190921613
-0.04628280784499594	-0.07128492892153182
-0.25602370639329664	-0.24384902530605046
-0.3818373055716089	-0.3795842444345368
-0.26427735626461235	-0.28941826923972996
-0.45101531688823293	-0.45610026676507176
-0.1840310157053473	-0.18631235019792536
-0.12180985840525071	-0.11230164288096958
-0.1269124020912944	-0.13576398834404388
0.01032383965466721	-0.0038660879966772714
-0.32812487253080036	-0.33080091906921616
-0.15188767701899053	-0.1681700445271697
-0.6257911020157128	-0.6251277087616429
-0.29503841859841184	-0.2895010741945651
-0.0820979382882161	-0.06300658242017745
-0.033469185025850834	-0.04150299835309741
-0.347430198580545	-0.32948534781754735
-0.45533932706033653	-0.4597624848013361
-0.2093646093173369	-0.2178730072098678
-0.3776671929713089	-0.37945279273014376
-0.32451729040599453	-0.3267537639086433
-0.10101874424032253	-0.10082840492645095
-0.26489974537379357	-0.2440875632643167
-0.62122845410377	-0.6036656682950294
-0.004674451746959463	-0.04173479174915438
-0.06393524526871097	-0.07812991100967463
-0.08394637994642107	-0.07997693933996329
-0.382304652009374	-0.37521208985010196
-0.5569569700652233	-0.5626591224484692
-0.28491245019354494	-0.28681626854768905
-0.3195496427231239	-0.3093089088326261
-0.45670360694080436	-0.45060916528300804
-0.2686308277655236	-0.2841063322012437
-0.49072906177597275	-0.4904599052068011
-0.5139475837989291	-0.5160388479574026
-0.09605869460520111	-0.09661122960069649
-0.10803189606142194	-0.10887655822850643
-0.29642954214855877	-0.2915199013494959
-0.20684143375819541	-0.23224787798907062
-0.31505987925935397	-0.3370490641266485
-0.0657271541060016	-0.07301681704447255
-0.1879942599819442	-0.21033379418924986
-0.1730959565093393	-0.18619073387488208
-0.3337474816770918	-0.33311475947462754
-0.4123434187251407	-0.4089119195868962
-0.34190197849700876	-0.3339885338089947
-0.017755493277298307	-0.014157591101821427
-0.5350739625643985	-0.5411467984698329
-0.12640952447567066	-0.13132958578560472
-0.08321308360459945	-0.19511036385644362
-0.4135165386062116	-0.41320771059352646
-0.16365104569013056	-0.1421495718518404
-0.23286467309102754	-0.22273281341237416
-0.1198587478516151	-0.14065455526796494
-0.259389417617248	-0.26790563481487356
-0.31983495860874633	-0.3090530052825632
-0.32276490423228044	-0.2955720339579591
-0.2802146226532063	-0.27931088394630993
-0.3600109911143621	-0.3482701856584956
-0.23005267207591373	-0.21887686885731605
-0.14984904725518788	-0.1687982411849556
-0.3523790988663098	-0.3588338101541734
-0.2642854595650155	-0.26563249354926943
-0.04507220345629381	-0.06779395682306963
-0.2015678160915808	-0.1981003896023815
-0.12596233129335666	-0.1338154220920019
-0.4942374414052928	-0.4987609304518469
0.034695807033344295	0.050243158134077544
-0.10192581413458779	-0.10523925819908223
-0.24054471735526306	-0.24557899086719195
-0.3590283481825125	-0.37224765833005974
0.02443019992286999	-0.0038762705130281536
-0.4333840316660549	-0.45088118104951547
-0.26719760709555906	-0.2602320392971319
-0.32303337182303604	-0.3465260337994625
-0.15687665346938928	-0.17224114780905941
-0.024242391418539455	-0.012158185903774018
-0.1720344702772545	-0.1839964460720734
-0.3947206700015249	-0.4072010497478609
-0.13666418372663092	-0.14116822511941388
-0.3012339582667023	-0.3129191292323246
-0.34477169152200915	-0.3216599841954104
-0.4918287352750905	-0.49279871530085484
-0.07392125383442316	-0.19855612478087312
-0.3657858630789814	-0.38349303170938887
-0.13869151407262237	-0.13270910171152098
-0.17900345578673438	-0.17784244819162084
-0.5245742885765257	-0.5293902285539854
-0.09507350701765205	-0.08769474831448852
-0.36275159539344237	-0.351871181935446
-0.1372774051966985	-0.14453566680494992
-0.26942843596569066	-0.2624023059531203
-0.617960165073967	-0.6108247259749471
-0.05677370662645487	-0.048510187489506494
-0.33223970417213344	-0.3431850103675004
-0.1828593216348544	-0.17149336504042514
-0.17615063056147662	-0.1794088477208955
-0.28534843090604234	-0.31139070166931737
-0.31682560798900194	-0.31036352366093756
-0.1779171713667651	-0.17983808233469178
-0.46857026821634484	-0.4504117225621486
-0.3154288770562026	-0.3425882913009557
-0.5781508945787159	-0.5321326441166272
-0.24593594575287892	-0.243440847882348
0.23544696274342503	0.23727990229412063
-0.052345222894381926	-0.06137125652058941
-0.23753964578734355	-0.24740329471571806
-0.4103730691987266	-0.3873516796677111
-0.2896357667655227	-0.29112435090282585
-0.38813206114035026	-0.3230856181689449
-0.15448313783502066	-0.24742769243407486
-0.2856655467830844	-0.30110522270107837
-0.27298809683243697	-0.2646165659466347
-0.07116763298709472	-0.08233437623338494
-0.4157364732275015	-0.4119732662237107
0.005200695480344741	0.00848227734043465
0.04083763271828822	0.03639837021665345
-0.08925452855888949	-0.07842704920650842
-0.30854716852858743	-0.31319565441498026
-0.2000926739129536	-0.18107013420106283
-0.4812398062341874	-0.4844806207135265
-0.0984287967531623	-0.18512583295254906
-0.34757155845985643	-0.3387817076007044
-0.525414422444479	-0.5220712807433141
-0.13846712800353878	-0.14580991960576264
-0.19576031921140036	-0.17926628324029154
-0.1528357641803577	0.02147494470298096
-0.5450230364910134	-0.5393802024936709
-0.21714875239931608	-0.2146216341732883
0.01891743459029449	0.0098063691600779
-0.10807919779835196	-0.10955975625521634
-0.41078235582878797	-0.41232239352209854
-0.4938983896411582	-0.4838134871006028
-0.29061039904971864	-0.28658432684791646
-0.46381692115210527	-0.4784472437081769
-0.5512174243762349	-0.5509350605347388
-0.18376535974359065	-0.177015842007361
-0.13416148401963746	-0.1348807333749635
-0.29354531172775467	-0.3659419098925983
-0.6035195866141194	-0.6016487914819194
-0.5647974535945668	-0.5225639976620292
-0.26399297688458123	-0.24865785801355778
-0.3993694513161241	-0.428504336893681
-0.45272610305259775	-0.45246858441802645
0.031066987599650986	0.02693757172949876
-0.41576942726518595	-0.41576942437480335
-0.41151391548433125	-0.400657164560412
-0.4408744486399012	-0.44966544428367805
-0.2749523178548543	-0.2718464151085979
-0.06715657143785414	-0.11084447622631934
-0.13573158627671056	-0.1240634867590405
-0.21203423628698737	-0.22233440158793016
-0.43691636630720154	-0.3909734612279191
-0.1896473471354554	-0.17783972253314198
-0.4609832595621919	-0.47105182541133817
-0.5054388456879195	-0.5021809246192092
-0.10920522703987956	-0.1157138022245848
-0.06126791935271925	-0.04760241738590211
-0.11723573050893421	-0.12760061529907063
-0.545199829440322	-0.5420294460766371
-0.26258212580331985	-0.2613932066943208
-0.34162566940171857	-0.3417973434050936
-0.40291685782911646	-0.38149788575153587
-0.2416148166759502	-0.22173470616244798
-0.24588978231500924	-0.2642598399550877
-0.05568645847322884	-0.05249152220425568
-0.2733301944227211	-0.2607278472211845
-0.20294714118584878	-0.2136550659519831
0.008743428420618926	0.06558532004401005
-0.3250543115551441	-0.2712171181834938
-0.3573432169798192	-0.3613159898205381
-0.4792308256421638	-0.4945868526028107
-0.5277738341863456	-0.5248060898290346
-0.37987908038436125	-0.34852312767496313
-0.2779771420664181	-0.2389229117817356
-0.4508178127400351	-0.46320858095491707
-0.27608542878235554	-0.29558269922701036
0.038573373651276555	0.0669848906791913
-0.4990166207091713	-0.5448300820522225
-0.13008761301996508	-0.13650162115939596
