-0.15854345612486487	-0.1692492007059135
-0.31690694314166823	-0.30972203769035905
-0.33131222254761994	-0.3235896621687445
-0.5062641264485803	-0.5018838254733041
-0.22803545226958022	-0.25745505044539974
-0.19576031921140036	-0.16871227747927217
-0.4980337005461184	-0.4974310724049509
-0.6364354294088006	-0.6232189631192089
-0.31866044030659424	-0.3055065227309788
-0.20162986811563144	-0.20890155276940578
-0.23983382268739906	-0.25330758845602974
-0.30509671827053353	-0.3198908325115236
-0.32787724099271465	-0.32494385737102083
-0.4235264380628223	-0.4269316224456388
-0.3532031680690171	-0.36397189151966564
-0.1421114205204299	-0.12868399370681965
-0.2731770760107235	-0.28044743097968533
-0.09902784697033962	-0.08654268273653261
-0.08224959267715626	-0.08701653592434597
-0.17139943337011587	-0.16805456479021996
0.028462362220213144	-0.02649401852104123
-0.1163983619603366	-0.12055369006905813
-0.020884412604242897	-0.013389950421960171
-0.2578098795522621	-0.26846179025859873
-0.09976252358859572	-0.08040491234294575
-0.12656767231451127	-0.11986054489307574
-0.08817450783541858	-0.11584488542652847
-0.5132116548127801	-0.5095093358599192
-0.30455957507798903	-0.28156717536141757
-0.06028592093893437	-0.06264571165440048
-0.12373640611839054	-0.10785735138467771
-0.1916923843851368	-0.2374497780058112
-0.49067503682675717	-0.49581055979779315
-0.5441241531922625	-0.5415455556318108
-0.3856429706420208	-0.376785316676784
-0.49715443622517874	-0.5164282092462454
-0.0017973343219832572	0.040177955045349746
-0.14178823324844636	-0.15685899469562525
0.0848132144544298	0.08158872275309925
-0.414763239453082	-0.4005524564546535
-0.2849204949734201	-0.3379683993261469
-0.5151951612280872	-0.5112283682397698
-0.43289255363129087	-0.44685926642164564
-0.5655780322464832	-0.5585353275906173
-0.5192195026303708	-0.5201995695314985
-0.19857619768173507	-0.20555214708925829
-0.1094408215600069	-0.10146422517981898
-0.1265045412333059	-0.12225139175472166
-0.19488365920616246	-0.19200759035799608
-0.3986301174865954	-0.39871808460755437
-0.11830989575828799	-0.12029086891728481
-0.19613050000839216	-0.4234365469466562
-0.43691636630720154	-0.4361525723322612
0.026090870723281867	0.027492489544128435
-0.2479113465258571	-0.25419393654777556
-0.05157675097534842	-0.0476475713618068
-0.48319632060305473	-0.45734524675202115
-0.23447403783764287	-0.26120705518620596
-0.561439435614151	-0.5572372105324448
-0.18749587524602163	-0.18829601509536253
-0.29702701338996995	-0.30003378777226175
-0.14995453760284327	-0.18932243206115165
-0.26604878716826263	-0.31694300636311057
-0.1552817527338064	-0.17018728332137498
-0.04841735676487513	-0.05095207664419497
-0.48847139749697277	-0.46060977845822215
-0.28766507036685685	-0.28212921539928587
-0.3212312186092099	-0.34047444810889366
-0.20062712805264216	-0.1842246492808048
-0.15913952172250756	-0.167555670657727
-0.20763764941618668	-0.23388930711870293
-0.1547995019578563	-0.1571954428816278
-0.4274443507788739	-0.4198484740348968
-0.17498502662894388	-0.17210151216703506
-0.07416547141765584	-0.06954611033531577
-0.21684126622118605	-0.21975292755204245
-0.2511941230494985	-0.24547561814963598
-0.33519833422173395	-0.32880952805716807
-0.5682580214892594	-0.5376814691816011
-0.3920776508050352	-0.3899824129287038
-0.49737995302725224	-0.49827337364391094
-0.36626754297932784	-0.3663337599746009
-0.4371224305574266	-0.43646793773933606
-0.12177256111422263	-0.1302262046139759
-0.12888485792983317	-0.1622634169635828
-0.03593955109902147	-0.037776861048801964
-0.05528868558043598	-0.05486932372814355
-0.2840906743309395	-0.2810950149236933
-0.15327788486601435	-0.16211778407133962
0.021689239894985946	-0.009256636564852134
-0.49017032028061003	-0.4884424146054245
-0.35143165698814016	-0.3576821049510815
-0.2876269165570875	-0.26168741246669375
-0.2950956198715282	-0.300395177145295
-0.4096366083224421	-0.4123226359015421
-0.02585225316137496	-0.028141334054331665
-0.22699547828528033	-0.25391480338202227
-0.1357346111938753	-0.15073427279102847
-0.03195343391097616	-0.023838504768226864
-0.3650917685257564	-0.3749162589246216
-0.10538694832973583	-0.10208804412676917
-0.2733301944227211	-0.27554652634447063
-0.3307955176893831	-0.32977037882230764
-0.23242296783477734	-0.22979564969650318
-0.5176045486906746	-0.5233551879396556
-0.2508778273883454	-0.2534628819160355
-0.3291131666178648	-0.2974168320924602
-0.3869797276461284	-0.3512240443060373
-0.4676163472701491	-0.4579489933445361
-0.2513667374880999	-0.24949000841715063
-0.1852368018666697	-0.09574918460756011
-0.33038871510840107	-0.3309600015184911
-0.17276640967446966	-0.1667726714748386
-0.3643107520760269	-0.3784383790690913
-0.20720638172935857	-0.1642891321274205
-0.21663418186520378	-0.20710018396631613
-0.29461696993456954	-0.3101721131209048
-0.3056614468813059	-0.30806771469591043
-0.06622813787200599	-0.07596722827542471
-0.26719760709555906	-0.28029356319144755
-0.08114227073543923	-0.08280495260214794
-0.22829690781496836	-0.2197578649553278
-0.19171695881999362	-0.19121498599064357
-0.2158660739844347	-0.24262743613134669
-0.39455808625833555	-0.40848285070317814
-0.07761502772094708	-0.07569068147469889
-0.2974990420305579	-0.29558686196812883
-0.45921769853093597	-0.44219895874694476
-0.11952853326450885	-0.11491372773520539
-0.03251620092873164	-0.036984601662748
-0.27309411871044276	-0.2535635830443205
0.031403687689337545	-0.07842080541424126
-0.4536607142210842	-0.45578355972901
-0.6191209545171361	-0.6229012174254889
-0.1720306949558985	-0.1833600643195717
-0.29446526220624847	-0.29401770261797683
-0.38433881438406825	-0.38412479023458973
-0.1654458442361415	-0.16919577534774713
-0.24443911235864846	-0.2256500838568539
-0.32492819853930044	-0.30874092794514535
-0.18356227722915808	-0.19360967146059763
-0.5138911868868687	-0.5149550987698905
-0.2537060273714671	-0.19666506161934952
-0.5492022988027454	-0.5554380288743842
-0.1269124020912944	-0.13107841348125676
-0.21486274396912286	-0.21661862289237888
-0.24053194469721006	-0.23820196310436997
-0.01671518643124692	-0.03349703408902572
-0.38035328065160634	-0.37125581643014727
-0.4529208155579756	-0.45364939540653587
-0.14438724334288366	-0.15109428596620506
-0.2210344297729403	-0.20826359135925762
-0.4778263821020383	-0.4679393512504398
-0.33312331118684035	-0.31466995816119403
-0.004669672396683033	-0.009502747707210827
-0.14984904725518788	-0.20271227787318338
-0.13853783860448132	-0.1342016003337321
-0.16146850552226422	-0.173745910376383
-0.2797780054770538	-0.264713287624416
-0.05326061485743239	0.000466645878280054
-0.282202484812319	-0.30076465965114346
-0.158176630291047	-0.180480301586795
0.031414022426145216	-0.025049035412281217
-0.2728606609460167	-0.28062117698048133
-0.3188848692163555	-0.2737196876348877
-0.32451729040599453	-0.33185470995248517
-0.41172746718042585	-0.4202982449656515
-0.26398179605356553	-0.2767499314309632
-0.38918358846500745	-0.3948695260968507
-0.08866705527144703	-0.07260184142458946
-0.4428278161553001	-0.4352758156975241
-0.3258098504336626	-0.31875033169456224
-0.6041764602781345	-0.6058586922803791
-0.18679370494547776	-0.19228282373095906
-0.39992918407706934	-0.331564458152132
-0.3787242620704028	-0.35176060675813536
-0.14090249064474136	-0.16317521513310385
-0.27632032029380404	-0.30326957965078044
-0.5234574814578759	-0.5262870063951045
-0.48830016674767585	-0.499081420380482
-0.1136797399859013	-0.11725702052760979
-0.323227100211116	-0.3292703297627392
0.00546096234474458	0.028605350663433594
-0.29004646189560646	-0.2981708503161709
-0.1804770624623373	-0.1455464364167037
-0.11983107927926806	-0.12479122916054082
-0.21432739833474912	-0.26732130481380606
-0.19983392185238902	-0.19904644137964575
-0.06270856705452221	-0.07126312827763227
-0.1444568182062742	-0.1665874104439268
-0.35058488976392965	-0.34175088131258335
-0.04856777092107123	-0.04975306523321145
-0.18749288558436383	-0.1866372746625284
-0.30060153663054123	-0.3300660084885081
-0.16120619804411973	-0.15922846052673684
-0.05019599961469012	-0.057443638204673075
-0.1818739633279316	-0.16220441291646673
-0.4654795595104728	-0.4708729846171284
-0.34155116276139275	-0.3333682998556031
-0.04990070613882125	-0.0683853328341721
-0.21448439887061088	-0.21137080960132498
-0.36505540525151137	-0.36678940998572945
-0.19070201211881255	-0.18700354760141744
-0.2654167320757166	-0.2674623818736834
-0.44153385469547146	-0.4380691662184296
-0.25449472734561684	-0.2568450877138065
-0.3981023807539348	-0.3999779690994659
-0.23239365400184475	-0.23088576065666103
-0.4367489614087896	-0.42777995238725014
-0.33167277068585577	-0.3238877584650088
-0.15941739111099196	-0.15814936804397123
0.03688049266877247	0.02722860145680625
-0.2731963496875611	-0.28195985819425085
-0.2929863932729866	-0.2930362378149332
-0.2814484902328136	-0.2764984989929099
-0.27937447486578293	-0.28084935188508253
-0.27735051905180086	-0.18856504943419128
-0.4697013688956204	-0.48529516581882814
-0.4606360736875992	-0.45879956345715717
-0.09596153976510724	-0.11907829870730077
-0.35253842258177315	-0.33344273020763965
-0.43413836609364154	-0.46828061577063373
-0.3963590104553072	-0.38755761847411674
-0.34396498913011	-0.3404486098656828
-0.04270551110997722	-0.028533164551345875
-0.4925540424708359	-0.4933840099073092
-0.3274133076172543	-0.3178932996921509
-0.45596030249384967	-0.46734038935133915
-0.6212131335209907	-0.6087670834329936
-0.07824178950089955	-0.07669223113991964
-0.24233859954906567	-0.24835979378794987
-0.08124583375881578	-0.10102442394125262
-0.05194129012298809	-0.055872289267223846
-0.1791138536677046	-0.19331187301077232
-0.08574801631415419	-0.12670256556201734
-0.45028195305811636	-0.4466683163821541
-0.47024302709093213	-0.4800701354412739
-0.1754216641840447	-0.187393263221333
-0.4716896514938753	-0.4707671938010608
0.03591230703162118	0.017063675305604074
-0.17753340947348484	-0.1789712698344252
-0.5517180078097974	-0.5538224975087945
-0.3418003536094556	-0.3649936254885876
-0.45259859792955837	-0.44780473452138453
-0.014796774652355182	-0.016474043382809833
-0.0348470144672568	-0.0341156259859899
-0.25063475653496337	-0.23586905671705782
-0.4837169088955946	-0.4774270371573706
-0.4940024525850948	-0.4974176760502501
-0.31157363678331684	-0.3188221591765827
-0.4690928033288575	-0.48493975420720625
0.027463879980921035	0.01685577633610491
-0.17364618470857351	-0.21172653354587587
-0.16543156183293917	-0.16893840473533386
-0.2958772499569733	-0.3035741254965957
0.01891743459029449	0.009422973000049581
-0.2836849620501809	-0.292826569903865
-0.2536384505105538	-0.25883748357364955
-0.4845932137744766	-0.48798425110437404
-0.14130292008366752	-0.1461123496679549
-0.08245067300941855	-0.09699941902192541
-0.10101874424032253	-0.09928311235267546
-0.017872972288576428	-0.006314046727320394
-0.4595414608393513	-0.4526329167734317
-0.47161778510783314	-0.46815976404062526
-0.14883675964429433	-0.02834460156087828
-0.2037362719196203	-0.1789561393334357
-0.6061146205403176	-0.6052424270340193
-0.2085402194387589	-0.20577086796946048
-0.09369933976844891	-0.07990569403127004
-0.06690046735614086	-0.0586343949438443
-0.4573815157949621	-0.4610950503315437
-0.2533955839523774	-0.26141964855809385
-0.11491196906598233	-0.18180179630191678
-0.3211650267818733	-0.32323231774054606
-0.2870170310602713	-0.29321077483692004
-0.14814277975315804	-0.1583832630672879
-0.4422341712944533	-0.43961808183465173
-0.10110752992470129	-0.09849770849829904
-0.30417811059704025	-0.3012951579247688
-0.3085563421469306	-0.31757992059344037
-0.27514706470675065	-0.26986379262070925
-0.27165299485352534	-0.2640968014438277
-0.169605881116194	-0.13128101843643017
-0.44578693116606516	-0.4430754862211927
-0.19473009968791732	-0.189547665905719
-0.26310026933567787	-0.2742087719994673
-0.17097297675220346	-0.18173751510085287
-0.20934132193802224	-0.2973043807395837
-0.3290361312349974	-0.3333800462798867
-0.26491762392420704	-0.23454216363028896
-0.4509119755837805	-0.4510141487802184
-0.18106990134513534	-0.18221946906594666
-0.3391556260061588	-0.3377560277441809
-0.201612315556428	-0.19858976373313533
-0.2232726994113614	-0.17362136727807315
-0.04170942843474634	-0.05275946538001917
-0.33281723122942886	-0.32775192963149885
-0.6061522961955887	-0.6275361386461721
-0.5678753979052642	-0.5491014256204466
-0.04443863355551869	-0.027779589386936115
-0.5725450713906346	-0.5579147077484038
-0.2968259612666291	-0.30201449944281733
0.023128478582048473	-0.001421853570971941
-0.3434122416134233	-0.34860573049114
-0.14904542235635088	-0.19196400836202515
-0.3801532730539847	-0.3548808442991196
-0.0723906470438056	-0.08478865887597337
-0.3294967711795902	-0.3352677307326484
-0.2205497773074203	-0.18820992440609513
-0.2675836700351404	-0.27708929891048145
-0.3014598193518765	-0.2816782242008987
-0.3692146134211196	-0.37007089778013647
-0.5010239594585766	-0.49995558072866636
-0.30186015272007705	-0.2867398142449244
-0.5163531441886775	-0.5075398014550594
-0.24939209275972019	-0.23851537395441372
-0.125065121830362	-0.12668763333710334
-0.12069012499420317	-0.1687001775759189
-0.6117679380305159	-0.6172363824698146
-0.29593587237041774	-0.28964539525727645
-0.058145615710362364	-0.05289465468043574
-0.495079706008287	-0.5055834662881556
-0.032939947179632334	-0.03383023882380955
-0.31939315257997336	-0.3266322170084897
-0.3104015523171526	-0.3174711892032483
-0.05318097201528538	-0.058724582778894766
-0.5019080210123565	-0.502412930870717
-0.13139554104283757	-0.1327821689527311
-0.5329780785097418	-0.527642875744642
-0.3663199877096801	-0.362270278962015
-0.36015385312835235	-0.33575704281834323
-0.4696420484141832	-0.4792599650781908
-0.1720344702772545	-0.1516534930794942
-0.21386591273784816	-0.25124226106221426
-0.24995907675110374	-0.2533410840896884
-0.14438487430156943	-0.16260638153933188
-0.40362224284429704	-0.401978384395619
-0.033469185025850834	-0.03671643656867048
-0.2712066261126349	-0.27597539689821154
-0.32124737317746543	-0.30955981101108887
-0.24347264221111864	-0.20847455120746466
-0.38813206114035026	-0.37773622051604805
-0.14916253643449728	-0.1722953799686765
-0.16452881905667915	-0.16190623585902164
-0.1952230504076775	-0.1938396073090179
-0.09089709348933539	-0.08833062877335711
-0.6307960011863702	-0.6217501971627912
-0.13151599010742743	-0.16391816812246804
-0.11052858570843682	-0.11246501764508844
-0.33528460039065067	-0.33437994159437195
-0.19720339167266232	-0.2048789158852166
-0.11368420931318468	-0.1272743941160101
-0.20490633636102373	-0.1887291501524269
-0.3024102427322397	-0.3091271075691968
-0.33788431283258635	-0.35162163164492605
-0.09242465991621884	-0.07908535803010924
0.03666106133403346	0.0369346400668206
-0.28781328615679147	-0.2823678395514021
-0.02534953597235301	-0.0318576733836498
0.0841647087020636	0.07043463445260348
-0.525414422444479	-0.5306051124455371
-0.4296905723846711	-0.4252000714787212
-0.11684009021837571	-0.08096686671482844
-0.05568645847322884	-0.0267990384390993
-0.3368550530602592	-0.3049204133493663
-0.5475290549762768	-0.5715930947346173
-0.17190973248087982	-0.2117840256751493
-0.34693151213308226	-0.33146195598628136
-0.19760054906997304	-0.20338081004224998
-0.47135517553609674	-0.4677366770156643
-0.29425208039261364	-0.3005292073658839
-0.2633879330488007	-0.27435616821142866
-0.1745253100594244	-0.16088416635766983
-0.24706271161576865	-0.27220912666521974
-0.6090219980751943	-0.6135510228057176
-0.17741770107949328	-0.17551083468556475
-0.2685836421626391	-0.2666561636216353
-0.29613073415806923	-0.3043637395671553
-0.29059364159516754	-0.2684782686010797
-0.4637301194255343	-0.4685901855950513
-0.04765911983623017	-0.045948664797237686
-0.20430464367223067	-0.22877151082432143
-0.6258874130500391	-0.6393580322716454
-0.09629336968933	-0.09333141924029972
-0.44131463007654936	-0.43981770214689836
-0.3663372497083133	-0.36809334594346804
-0.20274812622638194	-0.22667828286816374
-0.5443923904762187	-0.5609092162005271
-0.5125853236603675	-0.5304762562833202
-0.06173643494326697	-0.05892618801092527
-0.5206022740659879	-0.5051116094156668
-0.1772315090006753	-0.17335445691276136
-0.45923353650981547	-0.4641493672777367
-0.1824103080312547	-0.19005586193929014
-0.4162598622091025	-0.4138994301329123
-0.306696360597571	-0.3129431168803712
-0.2936781164470599	-0.29410963693997355
-0.11853699374758264	-0.1179049711329762
-0.4359437687790688	-0.4365735197972316
-0.18359937917939284	-0.17279761558791054
-0.3195496427231239	-0.31493661523476013
-0.14692675057396976	-0.13904067299825623
-0.2329899422224475	-0.23804677997988427
-0.12857361559010094	-0.16287350508316192
-0.45223463410231624	-0.4579760045018759
-0.04678570460633402	-0.03686079274165542
-0.2776975041496108	-0.2743671406520828
-0.4747077318582331	-0.4790177492127628
-0.17720932959933844	-0.172150611498743
-0.6306154291982056	-0.62563298271096
-0.2599332042220768	-0.2612832174798233
-0.6148285617867346	-0.6025531204682586
-0.19259159160868577	-0.18442172407944893
-0.3029966717454968	-0.30789549931378996
-0.3940959394461032	-0.39189931359265845
-0.11379565712274609	-0.09495442548757194
-0.24433517858074616	-0.25350703542952835
-0.37831420001840677	-0.3706824478180887
-0.2901816482263735	-0.30631681564599117
-0.17529544380328588	-0.1862297787349498
-0.35239753535105756	-0.32519559143935584
-0.61799486297447	-0.6117926843702611
-0.2318769935213627	-0.20857002443147124
-0.48123261186785093	-0.4809904794179608
-0.3387276301207951	-0.30669982098897985
-0.3978640456702607	-0.3920217593948446
-0.06440137332636198	-0.056002803567847766
-0.12851618762699957	-0.13131742064771573
-0.45162008465918557	-0.44987868347187543
-0.4660973264115622	-0.4605942442370395
-0.42949862228948543	-0.4302944283187553
-0.5559406243482368	-0.5657372054661949
-0.361485787988407	-0.3468435207502695
-0.17778948231123692	-0.17237196830830315
-0.4749088691820287	-0.45986892901680315
-0.08576871196548108	-0.08623120766732041
-0.28156807116007876	-0.28508093246438626
-0.20382363284091198	-0.1845708176158869
-0.14718513559797053	-0.15157688094487282
-0.43849330913023365	-0.4374940577105013
-0.07256556174502826	-0.06777480707270175
-0.45933228067611154	-0.4901692815050083
-0.2150626355257872	-0.22385406642315922
-0.32424366908013447	-0.350760396911017
-0.17297266323313032	-0.1793086125132109
-0.34477169152200915	-0.37854478434130345
0.0755643692887551	0.09865215642412817
-0.45706827859173416	-0.464008351354941
-0.14745356238809926	-0.17129733531492336
-0.11039973055112196	-0.1106214143714037
-0.28393345660837	-0.2906259634700112
-0.15429828443287086	-0.1483388498952091
-0.07320066557908156	-0.08674834494376106
-0.12485339617725444	-0.11531364713925614
-0.2823529104225795	-0.2748627073592388
-0.321945807773683	-0.3280283548480952
-0.1104338955329407	-0.13096849136994412
-0.3358287886456228	-0.34101744178041626
-0.326625303686523	-0.3245658834891114
-0.3391950093717888	-0.3264422746605173
-0.12318653209106234	-0.14026183970684675
-0.4135632740960311	-0.40800916289373135
-0.13896870109788395	-0.1408665785939473
-0.16255035429061415	-0.16577039178151226
-0.09047055198835352	-0.09138082271496129
-0.2638736681710725	-0.25761084083228875
-0.1763906267196962	-0.17622247433566285
-0.3362850454769504	-0.3264837086943571
-0.4453489719408097	-0.4345646833506165
-0.1070199930266984	-0.1060231448745704
-0.22283883467526167	-0.21783473616928936
-0.3550730345411841	-0.3085593870805572
-0.22322576007388584	-0.21047053988775521
-0.10160227826879975	-0.10677454485270396
-0.3215630127594409	-0.2837433123694332
-0.16218977278302837	-0.15434888712953612
-0.15809145540808256	-0.14229595233969655
-0.24216583034085115	-0.24599132888181172
-0.07620908400417292	-0.08152547468095012
-0.08997699111004565	-0.09147427238660738
-0.15452150579904078	-0.14330589289008291
-0.07943674576734061	-0.08338854178188071
-0.15890365572382414	-0.1393692075611299
0.03574939080264716	0.03125044038221192
-0.12147279676458211	-0.11980486467739908
-0.0857687681051793	-0.08622861442139813
-0.26564334268278067	-0.26789808294914413
-0.21815225121280513	-0.2454579886039574
-0.47741610085028796	-0.46851584692089215
-0.2741573176590766	-0.27231061796799017
-0.13365045138115228	-0.1223915009040078
-0.15910716542986858	-0.1352273802091724
-0.26934461635090834	-0.2977639718772372
-0.13769909526386392	-0.178211105691338
-0.12179736991874357	-0.1108595206814927
-0.19694006810394793	-0.19467041266171947
-0.17943708590737995	-0.2024291816847766
-0.17147093610213737	-0.17202686947331552
-0.24788971982145114	-0.2566804968496289
-0.2956894540565811	-0.28674793070922727
-0.18043393048662892	-0.20471978995336054
-0.31860048018804044	-0.3143633520840951
-0.051597382625233834	-0.03747443219260639
-0.2683606849493003	-0.28767990833040946
-0.19088239513432015	-0.19318767194219033
-0.4288011248272099	-0.4358569089218046
-0.16221777461524134	-0.16908723573889894
-0.3194395770479037	-0.2926613838608501
-0.2652716058243252	-0.28961478462364265
-0.13870470779053878	-0.12659943027351012
-0.48272741005039954	-0.48002427489638627
-0.22891533109058138	-0.24468085539457235
-0.042655381968781825	-0.03378081387283708
-0.17077348668922632	-0.19750707387096317
-0.05158086418991381	-0.044193555651453255
0.0011974374981127411	-0.0038335986998599566
-0.4876095552500228	-0.470297207210757
-0.6232342701321194	-0.6128540292180741
-0.12536981391155688	-0.13742112625770558
-0.42440983357526996	-0.4227467823775608
-0.42776039445793046	-0.4151856978638438
-0.17304459836241737	-0.16657993897155718
-0.3526872060999722	-0.36133165012925045
-0.23786754605403004	-0.22875251476698388
-0.2290680522794215	-0.13685064304282465
-0.5030334613623886	-0.5037582154469804
-0.29337857454139815	-0.29231973636269976
-0.08341391395165765	-0.0892322727308271
-0.19628240347113923	-0.1961964637366626
-0.4283829761067093	-0.4216874675920353
-0.15249962163880149	-0.17804281264290195
-0.09556599308962177	-0.08752566423689999
0.04083763271828822	0.029024046742993078
-0.08997654944959788	-0.0939446973457016
-0.41678225303311756	-0.4185467238192887
0.054643102735848714	0.04278602936957296
-0.1915949639536958	-0.173654329365261
-0.2523072069809764	-0.2280553874663461
-0.4404407923810867	-0.4351424890815661
-0.26645856915681954	-0.25656663876978725
-0.41406805971878846	-0.41177877761000914
0.09285416476831543	0.07265064152753581
-0.07647218837118874	-0.06392457736523703
-0.29896982100646063	-0.289544528420164
0.0028463585392550783	-0.028643399106313343
-0.1805789662563475	-0.18252243617399055
0.06017586580586709	0.05514684266579936
-0.27033661621607763	-0.2679872340552547
-0.3404261597450695	-0.3270286815528281
-0.20519328693687733	-0.22370609486879392
-0.4721075173422111	-0.4781560849544092
-0.09061049881223049	-0.09909895301157377
-0.09435626988674617	-0.09603205583956435
-0.12187274797516068	-0.11867020831941108
-0.10148185551234334	-0.07890547821675038
-0.1784909789673872	-0.17845852094353049
-0.3307651213224583	-0.3429391388731095
-0.17669523324540037	-0.15811183785673816
-0.4052546737261862	-0.3825401624909001
-0.036660677460518265	-0.05386377603550097
-0.26902570785300917	-0.27227316307582816
-0.08073718120498441	-0.098972266216491
-0.45118072522081043	-0.43149104461229026
-0.41872186958022617	-0.4291038579179574
-0.44516635022069284	-0.4534853262207353
-0.03818573146294302	-0.03845834575780771
0.07722045878163097	0.08025423139905352
-0.09362707191718656	-0.08577485679746678
-0.03357236375271633	-0.034193349209994256
-0.2179732092436586	-0.1983093040496699
-0.3056226449129875	-0.29669382937708877
-0.31073001502601816	-0.32695354304170626
-0.3506173207174861	-0.3118142598318267
-0.19013928706830008	-0.18760073477042946
-0.23617591840287488	-0.22909005627741155
-0.4135165386062116	-0.42922105008636974
-0.4282104651570915	-0.4262544241212348
-0.19354949236154795	-0.18580505415996967
-0.08835547656724074	-0.08652227229827968
-0.18057943258986597	-0.18388464483229228
-0.38890974138827783	-0.4001477479806284
-0.46499778886702714	-0.47712565382160976
-0.05869228947282057	-0.06277078779434325
-0.18852108028713843	-0.1953609210176624
-0.5371516469731255	-0.5466472372938348
-0.20664422013786954	-0.1978758783603719
-0.06115900055857715	-0.05696740744301631
-0.4326217160020569	-0.4136129927786168
0.039719989240262876	0.03467907321208545
-0.14167757447548723	-0.13219197164609275
-0.5387897939303272	-0.5271310450130186
-0.1818844216987232	-0.18431670216069068
-0.2235398825901136	-0.24319875296664564
-0.22404172072571793	-0.2548945100999627
-0.15749701058852672	-0.12750395460523986
-0.1622709540349625	-0.1580336998161014
-0.26976740542758115	-0.26935710178128514
-0.46117466364768234	-0.45640402748001346
-0.262306101710287	-0.2644828278005148
-0.04507220345629381	-0.06232069697912539
-0.009141931668448677	-0.015315807608342539
0.00023361436540092484	-0.004635881405034381
-0.563213667007405	-0.5501584048722297
-0.0682157570445705	-0.07529965386281645
-0.22870024366851638	-0.23281067086675955
-0.4679989078092177	-0.4694067944259087
-0.3229756846584628	-0.3254655512880677
-0.5005199159915605	-0.5047695725505741
-0.3759963003048359	-0.35027125779906626
-0.20585931167753468	-0.25493263278190115
-0.32676855822610484	-0.3278436815524276
-0.10268928412265943	-0.10190479603455017
-0.41210002449103555	-0.395313442630612
-0.5202464763350569	-0.5161140958124459
-0.11147744399541892	-0.14194104276270436
-0.2659517307726045	-0.29677155294256924
-0.20846327076369775	-0.19282434277516794
-0.17723457459951053	-0.17039152402761398
-0.2970950189140815	-0.29426294023415095
-0.23176505228126132	-0.19367796057980027
-0.036406774313235246	-0.03966902649241557
-0.14310843580067178	-0.1374843940230936
-0.09451952133096775	-0.0778321966095819
-0.4943454102977274	-0.49350858133805
-0.18619074241483258	-0.18726506986726488
-0.019768240088642308	-0.02379143407715885
-0.17577050338491595	-0.17783994656787064
-0.2702612018529571	-0.2543067698385192
-0.4711687203417796	-0.47577102664833415
-0.4386911253066632	-0.4341346103567195
-0.47483868651758865	-0.4619129478593075
-0.42489998972134124	-0.42322933991828177
-0.08464306672565058	-0.11384214551537486
-0.0180138378232364	-0.007296059347785122
-0.020625841429503744	-0.04774684826664525
-0.31180317686647996	-0.3178509882790626
-0.1822782190422636	-0.2180981886292648
-0.2942746472121778	-0.30253341466599404
0.005200695480344741	0.007097436142286907
-0.32483998769741174	-0.30430387297666545
-0.16166733111135034	-0.16181665100023757
-0.30541189038381233	-0.30574309383294507
-0.3775903088397943	-0.35222478256259393
-0.3152396269709179	-0.3071250556739893
-0.25389386349144516	-0.20953182383581895
-0.17569525790534968	-0.16165507033908783
-0.08794108974500503	-0.08518619927771537
-0.0666597416408532	-0.05270020515664374
-0.05543831603520122	-0.040709688599357446
-0.31648805683622516	-0.3003939257700325
-0.08297821945023998	-0.18900578779728072
-0.11521017076676277	-0.13485761309081729
-0.0067218544793865576	-0.02154599903642195
-0.3249657085129023	-0.3318661822006981
-0.2897215578257839	-0.2937638094830756
-0.1845594286732224	-0.18511853361454483
-0.3641332203476999	-0.3402465793549479
-0.24455142113217043	-0.2314224718812102
-0.4148040820018135	-0.40351633205646276
-0.042480521334102406	-0.060691094299858465
-0.3270868968803704	-0.32790043245021994
-0.2751098427589813	-0.25167144506714423
-0.15083636252284727	-0.15409648646126858
-0.18814733690705587	-0.1877102794963042
0.03472341839154147	-0.012351794289132821
-0.3012339582667023	-0.32705899227229207
-0.17278723728979983	-0.17458555535793435
-0.1786705293181523	-0.1826020698425234
-0.3059931556153659	-0.3012244264518167
-0.3143736084343658	-0.29571796623807045
-0.03117642393978315	-0.044932263812377714
-0.1805208728379828	-0.1873898875586241
-0.5128355155999813	-0.5071567245333617
-0.5633905586311254	-0.5633335616078818
-0.6076734773735915	-0.5796411041963049
-0.43927547380903675	-0.4540762204755153
-0.07691412791216301	-0.030651956354381654
-0.08394637994642107	-0.08267161794695746
-0.042447225030095126	-0.03599414405535167
-0.5130691937220959	-0.5038720480669412
-0.2726672373507677	-0.2931155159726894
-0.08192716546511214	-0.10523298258729052
-0.15995671327134708	-0.16594657220721912
-0.12819565589995108	-0.11670077409329399
-0.2934633749455582	-0.30900026026058475
-0.2348750037993037	-0.2430270458231214
-0.33819613780209323	-0.3380635171288212
-0.29051385880482616	-0.29417415004284625
-0.37908272582232794	-0.38048893352572644
-0.4678550909086656	-0.47052472773096526
-0.5409753507078134	-0.5442949430990398
-0.33107802116922525	-0.3310680587713402
-0.1063598249768436	-0.11261931216532192
-0.27538444843903953	-0.27450576739558413
-0.25422392234620617	-0.2581590224993783
-0.22941508718311443	-0.25897106007256776
-0.014170154449178796	-0.015915520954854354
-0.29087586573069046	-0.2842600430626487
-0.3297757022762653	-0.32340912614002576
-0.5093420715715169	-0.5093093514030378
-0.30143190679272713	-0.30496204501605545
-0.31763073704484235	-0.3217799804230284
-0.13249216666625863	-0.13030996697103928
-0.16205832372109708	-0.19548440248925394
-0.03671807625968526	-0.04268735713684736
-0.17383562759629356	-0.2121252151291741
-0.28238219034384393	-0.29635671340826664
-0.5281235862990323	-0.5313032521487436
-0.31015239213479084	-0.2403832442177469
-0.48347001409070334	-0.4889521557165256
-0.07391087919609429	-0.07570642882015309
-0.4945537589937343	-0.49745464183800003
-0.3032140047845733	-0.30023546657761496
-0.0956279879755666	-0.09181880979471456
-0.38222545108646155	-0.37946432508321404
-0.12343657456429291	-0.04931714280680668
-0.28781367872928065	-0.2874343047497112
-0.10746401943864115	-0.10365993368637927
-0.2729893605011835	-0.25813806384884463
-0.5075607040869938	-0.495809743675209
-0.2572054651720812	-0.25742119954192016
-0.38446858381846294	-0.36599169784197283
-0.1781868436872145	-0.18868091164774095
-0.0016816042147151933	-0.004593768873212511
-0.17176074603279723	-0.17386162869315855
-0.16194436742772833	-0.16551874428921742
-0.23693751494734983	-0.22839979943342606
-0.4061450341931847	-0.3919960217883662
-0.3201860207211862	-0.30744926726578653
-0.5448030646084288	-0.5506930184945038
-0.10021062271011338	-0.08630590972698834
-0.42628270829403636	-0.4302523261175008
-0.37699107333628756	-0.3719720300545573
-0.28542779642853766	-0.283931489295288
-0.34910737292680505	-0.35252862229040816
-0.13142170131189435	-0.13973064273714297
-0.6316440525677187	-0.6392583036946191
-0.1836397337983282	-0.1784537509146344
-0.23918757495034892	-0.25341982129901003
-0.09145750139196629	-0.11207360348028589
-0.38639650234440026	-0.3655969896285869
-0.17871279010374064	-0.15299481613730348
-0.5067485256545519	-0.504267095559761
-0.11800063872373556	-0.10584733620770924
-0.18993509970996847	-0.2335147801511356
-0.5302068125622084	-0.5170822683710332
-0.2547417830611698	-0.2649857773140506
-0.5090891442430241	-0.5212037759139602
-0.18421872096104686	-0.18477667372849682
-0.2623198066496366	-0.26806723307427865
-0.17782168264619713	-0.15181696067002232
-0.33405875649370387	-0.3547287624142118
-0.28599329235399473	-0.22406756334499894
-0.23664288515506549	-0.2309915906306044
-0.17865207343716882	-0.15463043275682714
-0.5024900155410927	-0.4944115821887291
-0.13952175751547813	-0.17057547451349478
-0.19765304666994687	-0.3227670212336977
-0.4024492942969218	-0.41004825381470766
-0.1285218254204974	-0.13998362783013474
-0.42310098498589976	-0.43187737676261234
-0.25175611998679415	-0.25380690197562905
-0.3193044425612115	-0.29152661279158965
-0.41642348956956443	-0.4205101122824066
-0.2294735425656631	-0.22110479256376603
-0.33737685636913994	-0.3285806189792505
-0.43964286224445104	-0.4480410996795748
-0.025223926240975914	-0.019955107042280734
-0.10936564698510054	-0.1384683834655944
-0.046469095018437656	-0.03873530825888152
-0.09593727105787941	-0.1004876270958387
-0.2657351853362879	-0.25141031234138317
-0.07663718096106642	-0.09436736379471251
0.015869195205747033	0.010841584391366088
-0.07762817571496328	-0.07027729235401096
-0.026109259678211316	-0.03640534946976702
-0.32859498738741877	-0.33133814276133833
-0.1269518268640395	-0.11440271391944422
-0.2015678160915808	-0.21022165454790392
-0.3783870856619753	-0.3813451290737638
-0.6186313110310913	-0.6053525142574956
-0.20923154066183436	-0.23731440032551335
-0.10342057542102179	-0.1210306925139317
-0.4539651131078326	-0.43836769088616273
-0.02673200225896455	-0.010882642696980359
-0.43723985888960204	-0.4415873569385091
-0.01908340929131569	-0.002077125291415986
-0.17828783707139628	-0.14408775197024798
-0.28038035846301135	-0.27836147104694714
-0.13545574592049547	-0.1227489891535893
-0.1947117529256399	-0.20682524019139834
-0.2187948159062989	-0.21560150672569378
-0.3746771917809877	-0.3508589460056529
-0.05026633571672079	-0.05607740916736092
-0.2312369164255852	-0.19461928563248246
-0.36812643451283833	-0.36647189607898556
-0.25608839319522847	-0.2551614057177048
-0.03928903515366766	-0.020376217052200957
0.05041789846081102	0.05399335950332164
-0.5176100521105029	-0.521559072772293
-0.11820852194149367	-0.15880568814355714
0.14695424260710155	0.00413419787898478
-0.040791797974657484	-0.05294431737052704
-0.27634102774394975	-0.28286833565103336
-0.2720073429082923	-0.27465468188001785
-0.1009988622208482	-0.08362153618835777
-0.3443638758303642	-0.3312037348543369
-0.2657553145837568	-0.27102778860627824
-0.5055118882884502	-0.5006171923174058
-0.33158160864615205	-0.3290225963482395
-0.39913568020344936	-0.40671400200263486
-0.29368516500303876	-0.3045247083562604
-0.3188822592829421	-0.33270988538365603
-0.12818680361133694	-0.13665929853901904
-0.43915185324461703	-0.42846904905628547
-0.47359297753810914	-0.4627541133941657
-0.4070207136379498	-0.3964434372621909
-0.29598212359722886	-0.3117683461122464
-0.466817492215295	-0.47446748674911426
-0.5493206399177613	-0.5434493551119595
-0.43618819179215684	-0.43278220027101205
-0.1800507519342478	-0.1787550242790936
-0.26644883095929295	-0.2842074306104014
-0.34120846412138484	-0.3169102325703161
-0.3125288962056949	-0.3014979444457858
-0.5064450828395035	-0.4741836301493011
-0.18133152956090903	-0.21047281410326604
-0.08942484938416406	-0.08800459686959412
-0.29981998816417477	-0.33808012048816294
-0.30785835157439223	-0.24072518824258918
-0.4290596734142458	-0.4182886363721517
-0.26624586098764347	-0.26607709720373257
-0.4342557353059151	-0.4299981126345554
-0.28618940915237534	-0.237485304732876
-0.5569569700652233	-0.5715591090935219
-0.07571752591763747	-0.08431522317898574
-0.39090160556729714	-0.37757820584103174
-0.24434745691721282	-0.23462579473355705
-0.2548494613161374	-0.25633122371345274
-0.04506921302859723	-0.05966532868845278
-0.22213678709085194	-0.2140265884142988
-0.2984427982252642	-0.284603335656091
-0.17219949389754063	-0.14845670869424296
-0.12886015431165276	-0.12688636108114684
-0.20684143375819541	-0.23144546907186545
-0.07116763298709472	-0.08806542128865213
0.005212454607628203	0.013334076071190923
-0.3330054667382729	-0.3359549107179888
-0.33992943662974007	-0.34162303019917095
-0.3464579668947483	-0.35588500586100114
-0.11409753825713942	-0.13403659535075801
0.13681362323591983	0.13095482368264205
-0.49498714375044717	-0.4949452409564295
-0.3600109911143621	-0.3395081794942454
-0.2695933841623255	-0.27809169365375497
-0.3445822757968582	-0.3484385162122049
0.13882844082445267	0.14217721509368506
-0.1115597783827571	-0.08957148197222653
-0.5418935406170569	-0.547938262768761
-0.3461802008959314	-0.3491631590069359
-0.2467740500049942	-0.25585985873526523
-0.40120150420460643	-0.3920595886832488
-0.33573172543784224	-0.3481013812970235
-0.18630992377587585	-0.17933311533378082
-0.1430431985121512	-0.14744948848087483
-0.3536082648575718	-0.1939904685569197
-0.4262633585902389	-0.43116393619531623
-0.3485392376786862	-0.38203755916050536
-0.2447705983980928	-0.2499317108683433
-0.17194935775482456	-0.1487235477378833
-0.46900203245620276	-0.4680462172610498
-0.5253499393251273	-0.515941783279694
-0.2235203181777088	-0.25666011318265436
-0.0025805761274408923	0.0048072826953938375
-0.12992735485983786	-0.15155273510619233
-0.27303741855635355	-0.2737609537227751
-0.12756448647961705	-0.16807678279778665
-0.4617210044707267	-0.48152396837481004
-0.0942964859872717	-0.09500800042156086
-0.5243533343762081	-0.5285949253843518
-0.12135359636685905	-0.12108953140157261
-0.008396048514446974	-0.00629240448276832
-0.4528779289933613	-0.4468176618806335
-0.1895619412542775	-0.16918778025430425
-0.10424637849075946	-0.10691296344064344
-0.14162686879234254	-0.16630387225531107
-0.5184169332281758	-0.5165984037435614
-0.26536353944170443	-0.29468073093674624
-0.3792425641148416	-0.3847341644958498
-0.4356361177244601	-0.41499328542627856
-0.0813061330467395	-0.08273610230369714
-0.17686885348243653	-0.16216621300032258
-0.45931029941169754	-0.4604428602450828
-0.4185191271082438	-0.4260884882546879
-0.41547425325741916	-0.4007804066006452
-0.1783142055016178	-0.1937206039048174
0.024356986926823865	0.02352551452964609
-0.20294714118584878	-0.2112807420480939
-0.3114644387746033	-0.13671321766428132
-0.16914650986875923	-0.17071375892390184
-0.41245612609868587	-0.41696404372215995
-0.09634187005669226	-0.10473695183036319
-0.03234708379148188	-0.035342882132046456
-0.06949125781624232	-0.07429698545495571
-0.1936549106044243	-0.17711868066703096
-0.49458294879847653	-0.48887568932843306
-0.0657271541060016	-0.04817908857024648
-0.46884799835271274	-0.4794471066703781
-0.48205816519717537	-0.4630683886845167
-0.44435628685161	-0.44710939151427215
-0.3276099211745276	-0.33538527266625817
-0.03743002793274375	-0.044642311781538595
-0.3430873051426859	-0.34638017086881817
-0.057888963540957405	-0.029618373209535205
-0.5997074334697299	-0.6140914792915827
-0.4755846285818528	-0.48265618054560583
-0.3522867964680563	-0.3676711795278929
-0.1790576240346784	-0.16968575735862318
-0.35750172939814284	-0.31015056961338744
-0.11866410897173374	-0.11462712687796163
-0.47917646465127994	-0.47361178257319136
-0.28155874543027437	-0.31093551673697706
-0.043573250963003574	-0.02948395501574272
-0.0900455925766046	-0.13970997388054765
-0.2704571475614159	-0.2714855039596777
-0.42469423188607536	-0.42091374010772364
0.06372142054290819	0.043122393943497185
-0.34655723265976945	-0.3249942419932634
-0.4939230568601243	-0.47784533693415476
-0.43578801305404546	-0.44035139216143987
-0.2347138697939073	-0.21493359310442417
-0.16747893109659806	-0.18206899528784345
-0.24350233315043113	-0.2532406296981512
-0.16502592640675573	-0.16514047723409334
-0.18440702710937185	-0.18475457617802082
0.016862254029652135	0.03214639307560112
-0.45351360752993664	-0.46280690389592444
-0.3336914978899461	-0.38225363062900725
-0.3638300155851315	-0.3407746056082931
-0.42020827348478296	-0.40534779060563747
-0.4654662783979653	-0.4652689599002589
0.04821667388339712	0.08040891036468528
-0.0030629099948171756	-0.04080444841320257
-0.5034309562097903	-0.5064374266982488
-0.15570775106613688	-0.15052885644837474
-0.33963470665673157	-0.33659625086945594
-0.20172469298068485	-0.1841299442234346
-0.26942843596569066	-0.2820837628130813
-0.1791279315888028	-0.1790861288653527
-0.22651022537472443	-0.22839458164865348
-0.2514981058356245	-0.2582282487672707
-0.5139808815080222	-0.5217783129719402
-0.40316395275049466	-0.4057167550911433
-0.2334100409208011	-0.2343424851163724
-0.41891109392743253	-0.4232235094230571
-0.29065320474358103	-0.3000704456917069
-0.28699746284153616	-0.32019341760240017
-0.26602571642155937	-0.26235010122117497
-0.4070359661487153	-0.3902229276130801
0.061459094120497326	0.06081869011239258
-0.06438090694626197	-0.06353235726654759
-0.3790464966899716	-0.3604188179473143
-0.008020000217173084	-0.047085936913374475
-0.10445146094020519	-0.10104558902259846
-0.5255673206270082	-0.5278698889510902
-0.49308051186297597	-0.4961627758837194
-0.0008530024678563564	-0.0055011199751400066
-0.09605334788101239	-0.06380767866754943
-0.27783391311663763	-0.27228371233598947
-0.168203691321966	-0.18693841617314466
-0.3495410500322915	-0.34207796234645954
-0.4880748053290134	-0.4914499960215772
-0.278991511174814	-0.28776752301121583
-0.4999642215724709	-0.5084747081860256
-0.4938454098148295	-0.5098911108160723
-0.2465199095401509	-0.2519618502941265
-0.4313965947897307	-0.44105435283622246
-0.5027921226033758	-0.49864428683076045
-0.022725182833839952	-0.03326847397957728
-0.5872782371029066	-0.5944698808375787
-0.17684729803923904	-0.1711685105598646
-0.1858136729629365	-0.16645785307884636
-0.2226348200400725	-0.24431553095463543
-0.12900661380580303	-0.13561434854784868
-0.32817195448273573	-0.32386426825875914
-0.4713834347760475	-0.46522123705826185
-0.47710154056009557	-0.4735194975130328
-0.6266122387759641	-0.5849703898162602
-0.3071575561827746	-0.2875679646990294
-0.18106169218448276	-0.1916203268185031
-0.28016039336820864	-0.23892468359041327
-0.16295408330791972	-0.1697371349733847
-0.4598642454975055	-0.4620630708781152
-0.289749676604961	-0.3121975309794196
0.067942862828553	0.06461720951356822
-0.1892821154718778	-0.19657222170797192
0.024901766666347136	0.04789394628320716
-0.2929015312797638	-0.30102365453363994
-0.15659788165229216	-0.16624265151664125
-0.3699570698005754	-0.3545874759772876
-0.2082805618471948	-0.1965315387837255
-0.4619868478131721	-0.4580238978143536
-0.25286837203956036	-0.2637612035822581
-0.013826297469938353	-0.00319139991351907
0.23544696274342503	0.2390487932785649
-0.3112935014085778	-0.3168965696716548
-0.21420317251121368	-0.2566840717571958
-0.10656186532484568	-0.12767764307218504
-0.3692007370590815	-0.37799935307344773
-0.2140779684793621	-0.20139843967192786
-0.141410373951671	-0.16570723041370577
-0.47811410220231654	-0.48903338988198297
-0.12228464428870733	-0.11703002695093005
-0.11306904665918083	-0.1240776051700921
-0.13799294149270658	-0.1566595367627863
-0.6099673342494825	-0.5583605063580499
-0.31901473601149277	-0.31589672347319336
-0.624925177964899	-0.634547944099952
-0.04719783249884202	-0.051802302986691
-0.6279120179470343	-0.62179406007312
-0.28018489065934205	-0.24983384524976518
-0.31855595703758155	-0.3157306666663288
-0.17306706146472273	-0.17719177666600383
-0.1830427571931601	-0.1837831953161579
-0.31315903304746406	-0.2947603513626176
-0.09441827924752744	-0.08610942232405899
-0.02253393829355499	-0.022815593812042616
-0.18637836074663738	-0.1328018867060226
-0.09192777867590252	-0.11284923659838265
-0.027676321400411652	-0.03366428649732152
-0.5125407227888346	-0.530753704555448
-0.047533010029289	-0.051299520435335706
-0.141520883854529	-0.18821149841412768
-0.3896695939813135	-0.3916490103055816
-0.12047554991984377	-0.13586625815275272
-0.3441890686925575	-0.3314480344778353
-0.16633272758404694	-0.16836109997212986
-0.505454878899875	-0.5089178697830039
-0.29880000009025487	-0.3032838342107759
-0.19686766170792502	-0.23441127664000608
-0.23095485349248257	-0.23054089541892853
-0.1305523768193062	-0.08069973888343555
-0.08401915095830148	-0.08408694486626478
-0.4243292526986622	-0.42553506041243605
-0.3177306364747965	-0.32121013762907175
-0.27071473211015906	-0.2801878337275615
-0.22938650185885479	-0.21828432591905794
-0.14425332604168872	-0.13963404335317997
-0.3818047856611413	-0.3614834314459836
-0.07644149552347024	-0.08666430589120769
-0.49506365256779095	-0.5275736881839465
-0.33581033704360674	-0.32731919516176106
-0.14675048865384355	-0.14474980264219142
-0.1369500704033051	-0.1402650102814062
0.03672602831065497	0.026582197860915684
-0.03510560847714039	-0.03591192568805167
-0.4053568285986726	-0.40376449359612937
-0.14453607343251385	-0.1620409262312195
-0.3406545350685306	-0.34041015091522137
-0.06007594674152461	-0.034833699546404966
-0.46995572678500963	-0.47946346930777967
-0.30042077077938867	-0.30882915134546707
-0.26804527430728964	-0.26497733840341753
-0.12419437286064738	-0.1769084480781794
-0.043322869701651	-0.028541281132037324
-0.5596305523432328	-0.5500412404429948
-0.5062683353858812	-0.5073135178727711
-0.2670286136328137	-0.2695255916710646
-0.27760539688862806	-0.2675701649725215
-0.4808037327721948	-0.4789220813999526
-0.3247509294455675	-0.30658076742324514
-0.20415909175631697	-0.21150498721977304
-0.14060377064845397	-0.18628589185471475
-0.18132240101571995	-0.18591704708748588
-0.08535244543672693	-0.08183165344678198
-0.323708846668632	-0.32386363425360903
-0.12637662441689557	-0.1215063614166574
-0.004674451746959463	-0.030234789912954252
-0.12699454900132956	-0.18027121733939752
-0.3489746234165638	-0.34537699748123146
-0.24803023555488934	-0.1990744684744176
-0.3287500793022389	-0.30561606981541833
-0.5068477157759972	-0.4908219905839842
-0.33552083276396516	-0.35476715397027714
-0.19357512277814148	-0.17265246459025774
-0.43204114353047274	-0.42388890083425307
-0.15480934884398678	-0.1965020488654054
-0.15167405892867603	-0.1755536102466895
-0.3136829836003088	-0.3114425691385913
-0.49972810968494574	-0.49739440898791176
-0.40747859827013855	-0.4022451686563792
-0.052318362566166066	-0.029318602416397617
-0.17159522253628445	-0.1694172087401238
-0.3317581862294787	-0.32339323619862004
-0.11271347539826326	-0.12050521548989379
-0.09886595640906748	-0.09581827145736009
-0.4371885945886831	-0.43283497513347063
-0.10009302964674838	-0.0706950327060856
-0.5085697448943192	-0.5017503177499252
-0.27725370579682185	-0.2771008750893655
-0.09699420159819461	-0.09805886363973737
-0.18214963147659713	-0.19153368096543985
-0.2999834791568077	-0.2926631485447851
-0.4954155617064391	-0.5061720708799997
-0.14973950908111355	-0.1507322755285352
-0.4689233492474765	-0.46750693420966266
-0.20295850485174505	-0.18998985775990793
-0.21036379367023805	-0.19416540038470373
-0.49500189421699403	-0.501421911686603
-0.36846093332572494	-0.37735604105443116
-0.4799985835258891	-0.46728982158430005
-0.11091138405936185	-0.08116988105030788
-0.35598612916916483	-0.35582031961028737
-0.08806291946168265	-0.08413569686788192
-0.12400609450377864	-0.11998374311106308
-0.1630405755121025	-0.161753562286477
-0.12596233129335666	-0.1289160711502613
-0.2318612020834987	-0.2501828519375979
-0.21303867145176092	-0.20105181727567514
-0.36769183804852634	-0.357032001999314
-0.5230388036099871	-0.5257286948722868
-0.5190499234654711	-0.513609037776137
-0.25837841733247835	-0.25467353326625625
-0.35561841631572033	-0.3507708208678202
-0.31345004095411966	-0.30025892335965787
-0.03340284237440816	-0.01938656658078287
-0.3874355169426327	-0.3878280719494158
-0.14242735392195272	-0.12757824614506236
-0.37921791346985856	-0.37742103695374196
-0.18662773268477295	-0.1726886859970578
-0.2701531845132319	-0.2685056475513757
-0.6228019642147764	-0.6019764389319309
-0.3154505909275125	-0.3178011113739184
-0.5634877316092313	-0.550510653732369
-0.20859528192587007	-0.2145160306630027
-0.2876492490951854	-0.2882736503348656
-0.2700841926457045	-0.2553001673495598
-0.2662459558639334	-0.26670950682066236
-0.5411725610950171	-0.5287442624173313
-0.3954277232929275	-0.3870672786211673
-0.5124275006685508	-0.5175245735516564
-0.002546541347347997	-0.0042503909614063865
-0.5047545571177743	-0.5039865421193281
-0.3458002848166757	-0.33646661897403257
-0.06814969737950882	-0.06506723814336815
-0.37303782929042484	-0.3655767865498937
-0.4326596132123175	-0.43946057043462783
-0.05356071664532358	-0.053255688891520554
-0.17152114568177623	-0.17639331912020959
-0.22392695031945564	-0.1779680339502652
-0.1788933668592545	-0.17888293696292049
-0.608216382823568	-0.6047251104655895
-0.2801763383317173	-0.24756537469073217
-0.08814365476858654	-0.08940553223730562
-0.024242391418539455	-0.003922591806234557
-0.10165582899295522	-0.09067988736852045
-0.23889477094080647	-0.2480319695833567
-0.516633294339095	-0.5236528045118304
-0.1319792923710823	-0.14049495958026426
-0.2482172859409868	-0.2768886984555277
-0.12029427186953257	-0.09582086003494543
-0.46323462908665825	-0.4693074371633016
-0.33971903630040856	-0.297442362693051
-0.37827658310327195	-0.37426339707424183
-0.18854011431130324	-0.19285775719829415
-0.3718462290610933	-0.37603590876413234
-0.21374839964905057	-0.20126720071128876
-0.4136143142620341	-0.433446921587084
-0.18599158102886193	-0.17620064882173464
-0.327707460136029	-0.3426781714505036
-0.14903706180041265	-0.13994110563808027
-0.3667906302940338	-0.3409472348340557
-0.588858112081029	-0.5894445614306288
-0.1313335248431038	-0.14179872371904903
-0.39115487530424087	-0.3551512888027515
-0.538050427577411	-0.5489571513599911
-0.18922400042059184	-0.19112935217841795
-0.21308192303224782	-0.22225407960429505
-0.2691255353900237	-0.29632540826675
-0.18091867252250537	-0.15129620247854647
-0.4413062979834006	-0.47775991008186247
-0.19304149582753727	-0.42777370537545883
-0.10980846097842623	-0.10016809437190953
-0.19210411823573104	-0.2013049352392518
-0.48832539758917726	-0.4942073592193305
0.06556791428735043	-0.007991492203796182
0.019700955339320814	0.042996938488806424
-0.3394622647814085	-0.33362161501070975
-0.08042033980349128	-0.09020930596838421
-0.17992811246666562	-0.16935465303352215
-0.2994068678782149	-0.3256596386491089
-0.23274697363310537	-0.2573998176969671
-0.19924252503933904	-0.18445158906270567
-0.1793271779052663	-0.1759035476924165
-0.2492069570743265	-0.24205299564322033
-0.4733318495583978	-0.465014494607896
-0.108099726973645	-0.1205888797530572
-0.0656284653913719	-0.07053334271270338
-0.1343025231392918	-0.1354290849003367
-0.20490408362783086	-0.2038237760587967
-0.009504250330856223	-0.021161329870343422
-0.3122938650249649	-0.3112143144128975
-0.1818911017389695	-0.18500649916582998
-0.35098765364206574	-0.33546959057444287
-0.40942678105250163	-0.4063450316470219
-0.2690885883316527	-0.2674213378735196
-0.24415684765282375	-0.2614897970411473
-0.15818522286345704	-0.1038799431693585
-0.28821985937802985	-0.242475739337419
-0.13085679470355593	-0.14632418115765639
-0.4358559442026415	-0.4337032242395026
-0.23753964578734355	-0.2513934211268978
-0.20388191839161962	-0.15992973110474284
-0.1787571424786698	-0.17699293901756585
-0.41461523390594746	-0.3921177697021238
-0.356196195497847	-0.1670605006187997
0.007083469224465233	-0.009764217928607915
-0.10364513775640027	-0.11177719776357793
-0.2956296451051168	-0.2965593875178434
-0.19434216692049233	-0.1954579554422523
-0.0680177152531165	-0.06555617518113135
-0.3235567514570006	-0.32181923473967206
-0.12706120644047036	-0.12832462537831116
-0.12874217543041588	-0.13948117342914798
-0.2886210155081468	-0.25952377020899636
-0.10010986242939524	-0.10317411320304422
-0.3654104167968848	-0.36556074935250493
-0.142184650806235	-0.13371786939038943
-0.324984960066546	-0.3229056762772253
-0.13223401226262332	-0.13420040229175903
-0.09190519140633402	-0.10713775634159084
-0.5082594007682086	-0.5015006830362244
-0.14689802206467206	-0.15627811699372296
-0.3146187584042881	-0.3019364928331095
-0.44751392147405156	-0.433510704981926
-0.45950634170726445	-0.451083335416801
-0.19993047989071666	-0.19517972993970253
-0.47669718048364906	-0.48065760346621417
-0.06371231661428656	-0.06286087742922669
-0.05953329079073999	-0.057736291871255355
-0.1262517070765341	-0.049307167624227016
-0.45962225331905415	-0.4634803320459948
-0.07221926174304816	-0.08845494953490839
-0.14489345477704685	-0.1320633652279604
-0.2920776281475721	-0.298797437159293
-0.1350550267984616	-0.13229381076474941
-0.25633721948813903	-0.253359232738714
-0.20771125651919675	-0.21645400983540347
-0.14006558519533296	-0.14203732506688832
-0.37498618435884	-0.39779736970263313
-0.054168162811630616	-0.05419726407362271
-0.1280508427126641	-0.12877707982629996
-0.2840496880242789	-0.28477032706847344
-0.1095435920433081	-0.08378787333744869
-0.20280697896345679	-0.17200673964094867
-0.2828343512428493	-0.273931090817223
-0.18918176462461744	-0.1858423971579083
-0.20014958664406102	-0.25062945590668506
-0.1466912284499058	-0.1239129466348224
-0.3219677419037428	-0.33208375942966667
-0.47634771457915726	-0.42026358118940144
-0.3439028205356438	-0.33416219906355277
-0.21424482457839567	-0.2302843402256603
-0.32070382321438196	-0.3219543617148248
-0.08889425548411367	-0.08666774032534796
-0.3004078950509186	-0.3010458972414309
-0.10283549923088842	-0.16778900048916148
-0.5007120415829469	-0.5032275942290909
-0.4480884180336444	-0.4546314416195162
0.07556881285567307	0.0669569496834745
-0.09129227429836284	-0.08217957830050648
-0.4798384374531546	-0.47693979744765386
-0.28478456347998105	-0.2949997382850756
-0.20019208334139993	-0.21037126598063963
-0.33412538682937765	-0.33529494094781115
-0.1786927088455963	-0.19209403251741758
-0.3386594342194993	-0.32949803025318386
-0.22110199532474617	-0.23259086127732045
-0.4744345119637323	-0.4744779719353314
-0.1633262460001017	-0.14812149078789488
-0.3529864681481758	-0.3680426904097749
-0.31771059651583844	-0.40837236270988797
-0.05664726877191306	-0.07147849868967826
-0.5053295024438418	-0.5090852867964255
-0.36779319026301316	-0.3470506288375383
-0.30203239543321025	-0.2702480706600897
-0.09171512199841025	-0.08680061043001036
-0.3491250905348675	-0.33205847162563584
-0.45272610305259775	-0.46436764227436766
-0.18191741625347468	-0.20131677843399134
-0.15162848326868605	-0.09521914036554528
-0.4473337282718255	-0.43773267422998874
-0.0032982263212613105	-0.043311319214931775
-0.17615063056147662	-0.1572424862197471
-0.316362826717711	-0.3201561395761417
0.034577354358702905	0.029138349472812932
-0.2517189649887275	-0.2465498579875207
-0.5145767457977177	-0.5067213598674328
-0.29122035197822616	-0.28894147623272337
-0.40451278634492027	-0.41930662135719093
-0.19948266084914934	-0.2030330095094285
-0.11357293844787719	-0.1105260096697195
-0.337722121433746	-0.340936065879968
-0.3036723165120403	-0.3013702737234549
-0.4163599203116011	-0.4172686708169022
-0.07884567079777582	-0.0805513882978076
-0.21203423628698737	-0.22088985257053786
-0.36534120578111207	-0.3727431519025592
-0.050788398236756294	-0.05356044218475017
-0.1568107178574838	-0.13510437497570602
-0.43856874363542264	-0.4348455053561199
-0.06741580895471877	-0.07778502569337539
-0.49412654394965116	-0.4989256315313703
-0.3203353154479318	-0.32314116957970596
-0.49393531068687047	-0.48907636790105047
-0.293449940138494	-0.29267290717518185
-0.48501828202307884	-0.4864569351191903
-0.03564142040303153	-0.05652094945979174
-0.3818373055716089	-0.3816197058707558
-0.48411909271012554	-0.5046432896051983
