-0.08935677721060387	-0.11498738189710644
-0.2653511606698711	-0.26757885922470964
-0.3501699014006743	-0.3399383609372191
-0.3428823475436502	-0.32462913249373687
-0.2534204046568469	-0.2586877515124798
-0.2788328404736973	-0.2633852796488992
-0.2163418289852217	-0.2105780529825706
-0.40848568208402725	-0.3724267080382951
-0.1448369001133596	-0.1426356794167283
-0.28030320418677945	-0.2412299088183496
-0.5126776837886879	-0.5113984198389262
-0.0854792252761154	-0.07912046526866312
-0.258524194082316	-0.2542411797420685
-0.12013744224521261	-0.1201272126875222
-0.3684224359268029	-0.3722550445329463
-0.23525255835786751	-0.24768373074642788
-0.24002808968052491	-0.24486213022862144
-0.31980981259251173	-0.3203623989601941
-0.45738692819654325	-0.48861849204429114
-0.24759696725692848	-0.23753583825428848
-0.29004826638082193	-0.287580112335778
-0.2595397919812008	-0.30046703467330804
-0.23354752714636007	-0.24755834442123825
-0.3685938851068613	-0.36658139245551746
-0.058363657563011984	-0.06982754647410101
-0.34187124851979256	-0.41254223124513323
-0.22224904693258551	-0.23201214065014525
-0.17018695578106957	-0.19290117043060157
-0.2694914771880246	-0.2921750370240534
-0.24033832255353715	-0.23843718065297032
-0.0991883370237403	-0.16247591466758562
-0.3384076376416445	-0.33992122621417586
-0.33890286385597257	-0.3243503121201259
-0.14632846235011776	-0.10727332812580864
-0.3889296091477199	-0.39224832904863105
-0.34822092474667343	-0.3015385420118857
-0.47623891513449834	-0.4793315045041514
-0.28497891804692443	-0.28534540879099246
-0.3264718735159242	-0.2479255276421156
-0.3493734200933485	-0.3583303214839689
-0.3934265138879294	-0.39111355672939446
-0.17922434915629282	-0.18530592239137889
-0.33827248056183734	-0.31528671319032875
-0.3776327478890593	-0.3746569893957263
-0.3380018143927792	-0.35978335386211585
-0.534312809909812	-0.5339284016865312
-0.043720550863145746	-0.1571289265757877
-0.3096312867421105	-0.30384888214658134
-0.4266081160380679	-0.4262774409446299
-0.5280222818853488	-0.5205971946959588
-0.45711779016804144	-0.4514234821679429
-0.3321642463142247	-0.33405112978284984
-0.5279402865807032	-0.522003034440999
-0.20008201726228414	-0.2240103855080122
-0.3304844768564479	-0.332639158410192
-0.3645508190449007	-0.3405978617049449
-0.3118225387336082	-0.3273115169089245
-0.23643136369019047	-0.248141187050886
-0.43346375067801013	-0.4035373451692252
-0.384395980933796	-0.38986510816113285
-0.2305628176481722	-0.24560048124044423
-0.34856758228224294	-0.3334263732242212
-0.3841595192066034	-0.3847118329455542
-0.3057691119281092	-0.3183101233633393
-0.28354281610246446	-0.2873152815467098
-0.43198326196754877	-0.4394002855247959
-0.2582891326519636	-0.2456530052913991
-0.4017265687644809	-0.3897333051663826
-0.5245009257218634	-0.5357745834129145
-0.2968545033942718	-0.2844542682817447
-0.1573172745961493	-0.16037179614351058
-0.12384867853782211	-0.1871970282459745
-0.554572350977347	-0.5485718521310737
-0.3375841881376367	-0.31787610282056195
-0.33440005390026784	-0.32997804986140117
-0.13578691497047224	-0.11613062400118476
-0.09331116307811094	-0.13285869933283917
-0.37669174144036077	-0.37595292773025074
-0.2748471147409912	-0.2651055726881896
-0.2579235610651409	-0.24704156753662743
-0.346583685142015	-0.3536410352681839
-0.29809856513346844	-0.29419775452452596
-0.2551093172126606	-0.25245650286694704
-0.3755209892606537	-0.37369137673374747
-0.28264868317955205	-0.27541072453401033
-0.42074222689111807	-0.4182261898232221
-0.22266209375370138	-0.2133463534416288
-0.3115770648856184	-0.3261641700158943
-0.32778499626891744	-0.3047795581110743
-0.47985640712791167	-0.48015257584503673
-0.5551837304457496	-0.5508155742807774
-0.31247014858539046	-0.3392990905047099
-0.5224317373199732	-0.5274841945811051
-0.028163601270529526	-0.25776336983100123
-0.26674696747844173	-0.21490899680351797
-0.10762986970061661	-0.12695665206730947
-0.4980278917247425	-0.49785430648543455
-0.2724222204351001	-0.2551738640570842
-0.39874722724441014	-0.36503772098928117
-0.3741934897150223	-0.37132889247211476
-0.2601163885085924	-0.26468344220729795
-0.40518313843075937	-0.3764697353907356
-0.45885081212914614	-0.4525480233208055
-0.2701624086964607	-0.2574159223542524
-0.32952712035387677	-0.32285261750160804
-0.47106446866341756	-0.47498440005054343
-0.18881088790058165	-0.18863224089798714
-0.09911879075935204	-0.0947265263956994
-0.3922566154405338	-0.4020516030443368
-0.35134521712207345	-0.34175712539447084
-0.12262059783763846	-0.12348847320615947
-0.3537551677008324	-0.42403019382627016
-0.3409432803002552	-0.3290633433662505
-0.3359634989051443	-0.3583959736418522
-0.23287150500836518	-0.23300350181931098
-0.289465527010595	-0.271862528137274
-0.3048321274219923	-0.2899651580457788
-0.4008295679067295	-0.44343013406417614
-0.4231025803164812	-0.3974641735087943
-0.2743043608157709	-0.2594199588390861
-0.26658184338776536	-0.21915887045782434
-0.2732183015822116	-0.26646862716933517
-0.16158729346513567	-0.21528636540808696
-0.4132681715780926	-0.3986242035148589
-0.4505391825321574	-0.4435135637843149
-0.2449968120250503	-0.2684283653819695
-0.23571601897357297	-0.22452421916417925
-0.14454182392569415	-0.14502061642232414
-0.1021467202440487	-0.20543520542127336
-0.43490898896937935	-0.4222877939070602
-0.24764459930847238	-0.24779556053632826
-0.4392006750715378	-0.42711317008778066
-0.24810882591157934	-0.2500187817265387
-0.299200820768867	-0.3059036720284588
-0.29041054118683896	-0.28623087952097764
-0.43971487011786614	-0.40965688475445466
-0.4270595095768783	-0.4112708082884719
-0.3008616898253713	-0.2735951719961802
-0.12591446202723233	-0.13564378775500768
-0.31814839181518906	-0.3817611542852159
-0.1478037182988423	-0.186558170407311
-0.5592892698965493	-0.552449050069613
-0.5198533796634823	-0.5299964023319443
-0.5332020397702664	-0.5376379781587249
-0.3673907393527358	-0.36360062640547675
-0.2915574773785927	-0.28660684443330264
-0.43347308897641135	-0.4256642652314522
-0.47413640009805036	-0.37286881778466463
-0.477368678963515	-0.48032002695701387
-0.2684393548471782	-0.25017779632248766
-0.2684657290698329	-0.2797049988460274
-0.3801723015666294	-0.40618282858558297
-0.39824470934195233	-0.40879544576998317
-0.3677273347911285	-0.41067302496848257
-0.362779430839943	-0.3303395148684708
-0.30989158117026605	-0.31954817702622706
-0.39512696695678784	-0.38265459100287963
-0.11224822656854272	-0.11914194567640629
-0.14486321739404673	-0.14609330007893945
-0.4427611439825405	-0.4582458422499247
-0.36562606165050937	-0.32885167154494527
-0.3446586698186245	-0.4010774782317953
-0.4149900770093726	-0.43424045200539274
-0.4621929400303202	-0.4093128574103275
-0.19281566903966407	-0.1486445459127653
-0.2683446649082182	-0.26414473885505585
-0.3701371762236114	-0.368632760561594
-0.27366929927494965	-0.2677074118862557
-0.18923402320695004	-0.19169277153579095
-0.4203936978937186	-0.4155526537964732
-0.24660933071584346	-0.257727269240799
-0.293190093738243	-0.2820150307377136
-0.31976345383759863	-0.30557076958293583
-0.4148904511973406	-0.39076781900126806
-0.25500247186159797	-0.2438750831153548
-0.21440750967386535	-0.21120222378540207
-0.4641020499698243	-0.46076712104509443
-0.20482229877089608	-0.19161582242920072
-0.3201502080973313	-0.27556355857195236
-0.20508177136669303	-0.2471449480059994
-0.3797424107155791	-0.3685263472029426
-0.29171727483720744	-0.2967393197775597
-0.5324809466106988	-0.5385767942460513
-0.30376637341256796	-0.28312301600351497
-0.10564398805887976	-0.13199881216001907
-0.5135434815451916	-0.5072116067422089
-0.24714435046828065	-0.2487339698847818
-0.3944919879698343	-0.34073818789270494
-0.37249308493204936	-0.39681667905480567
-0.3040360263434039	-0.335542774305525
-0.3880804263830182	-0.38797580968364065
-0.41493412493240456	-0.41992488770293
-0.2468832105731984	-0.2433280514155877
-0.1140050868953999	-0.09984278261512172
-0.24143901581966887	-0.23767227577261002
-0.26018340900122894	-0.24644713529871806
-0.25009670445468757	-0.24433678769148282
-0.24538175581576382	-0.2476544582268599
-0.38849587139838704	-0.32286392705348443
-0.23874504028460208	-0.23576679281667737
-0.3486907183071537	-0.3491383626341235
-0.37575256725420836	-0.358879771394173
-0.3175930598815153	-0.31677909421800793
-0.2596169803122024	-0.27411009072611814
-0.2717831093589176	-0.2582952713794027
-0.5109637191572993	-0.5050930084092135
-0.2932932766510312	-0.30348147740164466
-0.2713476026740391	-0.25711026561933215
-0.25794723500042593	-0.24606369128831243
-0.3756742476485666	-0.35557403911974483
-0.37177332605079627	-0.3904518652686795
-0.22879816333644598	-0.23591377041596967
-0.2680885888771769	-0.25980974033015625
-0.49819286494370374	-0.4607089817499486
-0.4139125137284907	-0.4290675288254228
-0.13618756626781447	-0.14496203522310352
-0.26508097696912003	-0.25536102460834303
-0.3987616275755119	-0.40420910630676443
-0.22594044184608109	-0.21785044250293487
-0.4017465404960756	-0.40053541445644425
-0.15138260950104687	-0.14037395740355313
-0.36229840647526856	-0.3099562501325066
-0.35546324950450625	-0.3574170234238521
-0.40996094290612106	-0.34600646898297244
-0.36344755082540736	-0.3463335207075849
-0.17425481123281195	-0.1492404177665208
-0.3495970100943957	-0.34040693715229414
-0.2908668498159912	-0.27321263910915244
-0.24230448513442226	-0.25376134671991474
-0.24811370497591057	-0.2597142675755465
-0.24642850526944926	-0.2085043046386946
-0.5166537187675537	-0.5075451910330855
-0.29815283437536877	-0.29494174449729627
-0.4037213951016181	-0.39344701203445814
-0.4388864797562988	-0.4306086883329723
-0.3688556836589907	-0.3523866529212029
-0.3034709811844589	-0.34299717161672244
-0.2163369565792017	-0.22900617528772474
-0.4114553138690553	-0.40210288079192036
-0.2851771944616601	-0.3516196909039045
-0.018707854333722906	-0.052205387527113054
-0.3188971272096275	-0.32185296477530273
-0.23810370998651997	-0.275932843601844
-0.48178145091430835	-0.4705778108642615
-0.2689547012042919	-0.29184593201291303
-0.5329204596051476	-0.5343218361609244
-0.29824547100259124	-0.27684913275550155
-0.4393509909416604	-0.4316122197753048
-0.41889935456113037	-0.40797488918213837
-0.42413695638575	-0.414557386398497
-0.3356746856516537	-0.33638462060351143
-0.3176849009326226	-0.31829986073097605
-0.3275358453836219	-0.16270819064121358
-0.41077710132284295	-0.393938449390045
-0.25314676523206003	-0.25278498546931705
-0.297777623913273	-0.2893502537488981
-0.2367858187549814	-0.25474460459824283
-0.3989898816835904	-0.3997287344254155
-0.46968870929076445	-0.3979315249563176
-0.3340810172177857	-0.3721748802897254
-0.19310145982396065	-0.17253187698394434
-0.2573531514773606	-0.2364599001177035
-0.23453397218962024	-0.2438957537063704
-0.4197493844613014	-0.3686853942419655
-0.11635582083637885	-0.11954990804514733
-0.4040016511204563	-0.34321270230228107
-0.23180698890425155	-0.268119606168266
-0.24720673833314244	-0.23714886776105423
-0.2745386686779909	-0.26274865801620917
-0.41505441266638954	-0.4075185433637669
-0.2614312105984702	-0.29366163210534013
-0.5240665390311108	-0.5210720137390821
-0.28780681830634514	-0.2816133685948205
-0.23446562841153984	-0.23619649197959403
-0.32421508619275663	-0.2447938224698324
-0.37916213244952957	-0.3601666875643222
-0.08542990800541972	-0.13829320161599815
-0.27614974856219376	-0.2596102977243727
-0.5419371858308342	-0.5474036433706304
-0.0915687953042017	-0.08361540320154055
-0.37963258617883255	-0.38394718722088966
-0.531463633830553	-0.5244532014758684
-0.3898193223128583	-0.3369622913796175
-0.2717264659246119	-0.2811468910587043
-0.4122973993587493	-0.4186763357942383
-0.2791024463789231	-0.28015658177746156
-0.5352015727410411	-0.5327848047169803
-0.37995006199278336	-0.37226146897075413
-0.37606413302951225	-0.36670369897289495
-0.4038468757264866	-0.40274611585950065
-0.5238486588479496	-0.5263425310223067
-0.2846980637066814	-0.29331028379499524
-0.2431494555300162	-0.24930799902516065
-0.3497881700164065	-0.3455841180038426
-0.5079328448652944	-0.5070018983293543
-0.33312033142321873	-0.32419045274949654
-0.3456754379699696	-0.3637489919151611
-0.26863502456940935	-0.2580448218746636
-0.3830758363293505	-0.34748782451553456
-0.21402165633333858	-0.19804656015175962
-0.4029230591668522	-0.4009274704180632
-0.2545433554074883	-0.2566924892655857
-0.5294868200700176	-0.5267359499981153
-0.27356164926169235	-0.2887062539490585
-0.3765117837559675	-0.4026149071368471
-0.5289579063873067	-0.535955008808783
-0.5227655049263333	-0.5317561981294584
-0.42315653183969815	-0.4233815906787059
-0.2761463994836717	-0.24633157464509256
-0.26766352874633625	-0.25948475426742684
-0.2422777817216364	-0.187698627686194
-0.40807917206334565	-0.40570639644704565
-0.3865522875549079	-0.38709037720382894
-0.3022587428706309	-0.261547612316498
-0.5240661486696077	-0.5236876241267615
-0.396131797121118	-0.39728017372069585
-0.07771587747438424	-0.08674452664126164
-0.26998007319289385	-0.2487000777414987
-0.23797516450632727	-0.2325544999257346
-0.5266672440547122	-0.5184820657064144
-0.26636868264105473	-0.344144680048627
-0.2964494083328013	-0.2968530174021966
-0.21008289700348293	-0.19344776601588587
-0.258555693735115	-0.27832507971870246
-0.28247494951637186	-0.29595490659871637
-0.37779930485347357	-0.3819467753803645
-0.3731330644667459	-0.369998233799169
-0.1686948764124807	-0.1695641176791441
-0.29192587762730327	-0.31678032884772744
-0.43168405822497924	-0.43438563672400066
-0.5314102549353272	-0.5295141788742862
-0.2268433234574765	-0.23978115785118725
-0.4738427634981335	-0.4654834619410918
-0.5587906400854621	-0.5634793180088805
-0.40396681414762625	-0.41520696402670715
-0.3061197850536814	-0.2872079028068066
-0.37606073397057216	-0.36790711653113406
-0.1854381330952748	-0.23668567615263034
-0.4291088644120986	-0.3482847280822322
-0.4927355700205318	-0.5000508882209569
-0.31072995341295595	-0.3241224902137921
-0.5278555440367292	-0.514159235008505
-0.24024277921683002	-0.22204922235044883
-0.38550679328192317	-0.35318913076864744
-0.20706140214659285	-0.23830507828450467
-0.2406023932043091	-0.2455709274811163
-0.3593571065983969	-0.3419719813762092
-0.2641652846235054	-0.23883926868684538
-0.49652473424636945	-0.5169109782622793
-0.27210189787383854	-0.2706353914667989
-0.1277563577293357	-0.13959467785473148
-0.1520328374048674	-0.1594694540366996
-0.3998298808186771	-0.40988101643943786
-0.07507881821106288	-0.11579643119382475
-0.2502893894659888	-0.29878625243153845
-0.2946375748983314	-0.289697279900445
-0.2730079999580912	-0.27550419471029924
-0.17826306261440727	-0.16040202733876
-0.5695432441752644	-0.5697006260827256
-0.3456941661424793	-0.3329971383821986
-0.5448705456466136	-0.548667087561878
-0.5350228756534499	-0.5197934013132423
-0.2185518182024886	-0.23359380637713947
-0.3491305357018586	-0.3496208028121432
-0.37191401971000815	-0.33463797656185507
-0.46704222744055635	-0.46388753354282064
-0.558943081179212	-0.5581220722156317
-0.25319796006766815	-0.25537882420205454
-0.1050807532832323	-0.1039845307562812
-0.5061198953427493	-0.5352006959070313
-0.05819217617979788	-0.12914560601624156
-0.5656786605674355	-0.5666082573146805
-0.08368320996245515	-0.06757410326891661
-0.1887443100086834	-0.1899263022550162
-0.07793623501770597	-0.10739341412864882
-0.34935015656057367	-0.37469054513570665
-0.3888473568085189	-0.39035475402884745
-0.3695230974062902	-0.37195867310137964
-0.2886268158015213	-0.2891362116220911
-0.06367584202123311	-0.1749236871655409
-0.34126723905166756	-0.33117682757829736
-0.3271254853222274	-0.3521780169882725
-0.35790214310819124	-0.4264014644962776
-0.33206553668413363	-0.32794800925466483
-0.2999208726482685	-0.30862091992644636
-0.47004026585095815	-0.47982425707071336
-0.2329671367951498	-0.23277587307874337
-0.21057758698296425	-0.24448183339420057
-0.4174824917384825	-0.337038815808618
-0.4570327525100133	-0.4529499375864976
-0.4229532576340951	-0.38221055830067313
-0.35150400323657394	-0.36045428765854787
-0.302752559847951	-0.2942954610773218
-0.2134637845321592	-0.26046192456543327
-0.5591242521859456	-0.5109618871079102
-0.43807890587530096	-0.4227395643037991
-0.31483353301256045	-0.2824580930501547
-0.2209286210219794	-0.2048206593019463
-0.5226755441791759	-0.5320131450834651
-0.28826037973187013	-0.27151228355815665
-0.487641971582347	-0.47894776920076854
-0.5331088570826736	-0.5271053573428763
-0.35247643329576306	-0.35177620905332474
-0.37097046988348126	-0.32502858623924846
-0.41627959633504297	-0.4067968794055469
-0.25763977488730916	-0.26140687459491696
-0.3471228093237375	-0.3571831954255776
-0.246029493869095	-0.24353132772189182
-0.44688106289125784	-0.4476385786773113
-0.43509256352975356	-0.4404131913207799
-0.29054286816842634	-0.2825694546877742
-0.28928968483668527	-0.290299658273735
-0.24741816915973125	-0.2485370559894739
-0.5502894137901126	-0.5518180966480192
-0.38411346904723054	-0.3871259569299508
-0.21806232371521972	-0.2201968403848493
-0.32927737675116475	-0.31527693944857377
-0.2654064452263931	-0.28196809883819696
-0.40905710085722546	-0.39308923420459846
-0.3421051327908824	-0.10540541714545774
-0.345458726718336	-0.38422294004684127
-0.5686201381372342	-0.5726998812780153
-0.5291786732448482	-0.5242604879284324
-0.3491812022385581	-0.3352287462015692
-0.4525710510648917	-0.45272378653524065
-0.34260137321952655	-0.3481022927931295
-0.34567332464805745	-0.3308939645342332
-0.3051264146531878	-0.30189927603349265
-0.2523515556989029	-0.23570385868430363
-0.07993492942020275	-0.08742750821324487
-0.32411173767787815	-0.3697523163877371
-0.5491104303657259	-0.5393390399081351
-0.408313766996768	-0.4108158557019367
-0.30905401763789797	-0.3123351836654332
-0.29632611602596803	-0.26615732727911273
-0.3451690000876262	-0.3171787084386993
-0.27917991827137634	-0.26704972453481857
-0.12317073693082037	-0.10705555020801459
-0.495509538209177	-0.5004433849883894
-0.2595226416987373	-0.2421831440088299
-0.3482950127596318	-0.3594363319865792
-0.31924154881049915	-0.3219681789686046
-0.33447483735841743	-0.3546918866222741
-0.337553402558342	-0.33800542024640545
-0.5441846239805255	-0.543987626532878
-0.32785167851415054	-0.3499591406019114
-0.3833053565812765	-0.3351390970562729
-0.3304969113200329	-0.33115634922026493
-0.3294843165115946	-0.298547668021198
-0.29460841771014046	-0.299734778526118
-0.5389621135512606	-0.5294697451571605
-0.28183032719876344	-0.2656185770850145
-0.39167450389282443	-0.3705832249064578
-0.5397314360742804	-0.529863709618173
-0.38993942734086495	-0.39131562863875397
-0.24917009784356736	-0.3810969938998155
-0.4112625715629825	-0.42021580871467856
-0.19107806738522015	-0.18337222637599385
-0.2269157324758666	-0.21324209430698693
-0.21300019049047592	-0.29246959113789167
-0.06351157266804464	-0.08304751525764248
-0.5548404037850467	-0.5598102883287058
-0.385072191043486	-0.17470859628931504
-0.28003187951493125	-0.2530353849657544
-0.26686005677198743	-0.26234144800366954
-0.06903656343171427	-0.14946828250696106
-0.36582520045805644	-0.3662943414638211
-0.3400186814950956	-0.3227829118069783
-0.24536307600132368	-0.24582947083527887
-0.08044204911419328	-0.07663331728033537
-0.2548529045141166	-0.23131162571978706
-0.2750737108933201	-0.24312641893999504
-0.25081985281876484	-0.24008049728696026
-0.23868705618110653	-0.21698132373950008
-0.2798275179370897	-0.2592485591803755
-0.23711809449994803	-0.24292580389535792
-0.4105838122596275	-0.41938908536271896
-0.11971224959528115	-0.16754573726484429
-0.22936927516262884	-0.22461615585510097
-0.28252000014392564	-0.23712785439222128
-0.10981936674417092	-0.11091619726070165
-0.39325276298997736	-0.389756369566798
-0.29478983168674944	-0.2654125300549896
-0.34078837320532784	-0.30355315150093654
-0.37071651895191593	-0.34426387416361076
-0.531740319878482	-0.5181438628378352
-0.28425030822976183	-0.2661008431146809
-0.4161217085417892	-0.41382389067821196
-0.32604328510355707	-0.3122636201830366
-0.4065037732779917	-0.33656539718401784
-0.2786572866574577	-0.233758001498015
-0.3457968961813602	-0.3429203393934341
-0.3378506489364774	-0.3294451075411574
-0.4179154550567574	-0.4366420390559652
-0.35625239997110114	-0.377005938852511
-0.21444698082675195	-0.26047868546033837
-0.4222842161387472	-0.4299311385242408
-0.3390205820696046	-0.32260437600260333
-0.08282422171699189	-0.13777099309280827
-0.2778832688653754	-0.26752068321595285
-0.5566811459978389	-0.5494393984340963
-0.27806982969422656	-0.27567405314756827
-0.2752664924109176	-0.2885074540846226
-0.4091205558394204	-0.40723379576252366
-0.18641245371587623	-0.16295547645091002
-0.3223891797260414	-0.2646452942446626
-0.07752001625613403	-0.056985181591604595
-0.27889501853127285	-0.3124689587517947
-0.24364724725298004	-0.23974625434736452
-0.2559763469012246	-0.2559527174625637
-0.11535559002281559	-0.10279444710647914
-0.25599349470088484	-0.25958592092335936
-0.32470185865283874	-0.36300511270603997
-0.20026759463540422	-0.20874832526858206
-0.43927003730096637	-0.4305119858115348
-0.1531174458819038	-0.1543418005771108
-0.24940765382043573	-0.2783082634797292
-0.3678357594106245	-0.36560969462818044
-0.27749619755911326	-0.2765073079187969
-0.2906565717145	-0.24653605826686342
-0.2569011041846512	-0.26926381898763596
-0.2902791355094081	-0.2694521255324264
-0.34626700956317613	-0.3574438670373248
-0.3879028519559071	-0.40713903492649267
-0.047989362664658586	-0.044646701862480744
-0.2493042813119022	-0.2297058625231462
-0.3260723443299973	-0.33886736932865097
-0.25040328669424206	-0.2494907152058793
-0.4305168132609474	-0.4288714156963072
-0.274370039480079	-0.28820717516008965
-0.3066302057684922	-0.2993050537125674
-0.24634415933889997	-0.2450396826024935
-0.2412322426585387	-0.2564304888288259
-0.31707247999727173	-0.32148922884488884
-0.539551985400486	-0.5452706329027146
-0.4918724209214318	-0.49185588898947785
-0.1771228798346698	-0.18216686246964914
-0.31267091480154185	-0.32545365363691425
-0.4580014939157522	-0.4464624100812422
-0.272756848084434	-0.26936376960824365
-0.23413333610458942	-0.24125414246515206
-0.39159368697141517	-0.40490441635380875
-0.15397529684627642	-0.15938166498692694
-0.5445344895988917	-0.5375329766046639
-0.288418532402936	-0.16691839280139723
-0.30406991097446046	-0.3026631039161088
-0.5487713759294852	-0.5360326243792425
-0.33276270537059816	-0.3635237597068189
-0.4816698016865679	-0.4876768694109628
-0.23323630355986502	-0.2439294217881277
-0.44171136017611445	-0.34901290255794276
-0.40685301020026365	-0.41889400648993586
-0.23680226730131082	-0.23776717292319435
-0.21491531834367983	-0.20682913115201484
-0.3759150512463272	-0.3571303226117091
-0.45322291280692184	-0.4520975712253518
-0.1237930046806639	-0.12874330040289747
-0.26384053207995706	-0.2621764759692885
-0.20313367290215645	-0.23217202069517262
-0.4244943015826834	-0.42163380603885436
-0.5557858379611833	-0.5589275030066745
-0.29101085215667766	-0.3282268980375061
-0.12791247763517255	-0.141444032824783
-0.033815005495053896	-0.25719065164504046
-0.25193264500769885	-0.25514519592553275
-0.5212795175968985	-0.5177713654941842
-0.5275223305752554	-0.5343997002044372
-0.5261631635980528	-0.5215044369069302
-0.2979926763880343	-0.2938606296483221
-0.36591534859094565	-0.35542397555520905
-0.5522078005180333	-0.5519963742812666
-0.4107401087534903	-0.3944756887842312
-0.38902606256943884	-0.3880967529607386
-0.33553508046763625	-0.33074787815690876
-0.3941865692894595	-0.377273548770345
-0.4958290044379279	-0.5013529593824116
-0.2967854336328202	-0.27982115085119164
-0.1327737432849041	-0.14191086354198038
-0.2954087765273634	-0.3135896668774864
-0.4123315290246694	-0.3467031758993073
-0.14121382517891945	-0.14574391721276306
-0.28679422014696954	-0.27533730110836735
-0.4350486016863542	-0.43279049989775825
-0.26161273519520734	-0.2613633488369296
-0.4140242468425086	-0.40362429675403705
-0.3910434596189081	-0.38612864742134945
-0.3907307461233991	-0.3802189861390581
-0.27779665522152186	-0.27987270480019805
-0.0357661069585653	-0.10876467477050945
-0.5067078805865073	-0.5059452805616943
-0.2344140091161293	-0.2414569293040039
-0.3268748864550517	-0.32728979610415365
-0.5515889160667271	-0.5510392837279329
-0.4085593641788119	-0.3987484456963688
-0.257220480011636	-0.25781404991366347
-0.5221181754872948	-0.5325790073711426
-0.3080736848644712	-0.2598578542520212
-0.4515751756632511	-0.45252734575410497
-0.2874847456203149	-0.2944363230612129
-0.2761334462672558	-0.20850375458881779
-0.3055722967457193	-0.22168102078486676
-0.3786130221533064	-0.3614761262334042
-0.13279813900732762	-0.13943866340271738
-0.3126479026427571	-0.32068000450350065
-0.5389541146939898	-0.5407971973859681
-0.2865062290489	-0.27903269495317257
-0.29440155587123584	-0.353565418032993
-0.06556611821193314	-0.10139347936586539
-0.24390602790675153	-0.24554724933621527
-0.18498576868639205	-0.2865351175507533
-0.24674704533121172	-0.2546105814727137
-0.24201413934230054	-0.23984716651220941
-0.28033750020042447	-0.2848172003027449
-0.17842828853357418	-0.17063657935232726
-0.27140711274940443	-0.2851149096432029
-0.2744873418198104	-0.3154929762754644
-0.27637703834385974	-0.29250662988188875
-0.4979690774685537	-0.4810436988082407
-0.4027675378425144	-0.4144558792333435
-0.35477282425932444	-0.35726087023623726
-0.22260247448747705	-0.23692161613496204
-0.25977231388779565	-0.2641703225204527
-0.5398371332681098	-0.557877565446089
-0.031415802601813425	-0.035174483920843026
-0.2518352009341065	-0.2563597915061482
-0.37780766487921014	-0.38322743437140444
-0.1712750529255196	-0.23778804105445348
-0.21961964224702513	-0.21483108577462104
-0.4117068217246356	-0.4161016221067644
-0.2875462094409649	-0.2915536135883293
-0.5386294514694949	-0.5352722617135148
-0.41848821690616234	-0.4224099623953592
-0.2560851261268837	-0.25400153325498964
-0.3241876379233517	-0.29583462489330076
-0.24280447380651005	-0.2539514576618491
-0.3655026749126442	-0.3583879116219166
-0.5319827554463252	-0.5282149942163741
-0.4734975949188467	-0.4812735959090677
-0.09177488532780131	-0.15425931125098136
-0.2823745524094239	-0.24882672415787943
-0.36479670861080393	-0.3541035724671541
-0.2529346389719862	-0.2573180611697408
-0.3903263661638974	-0.3408622361469363
-0.2404254441074336	-0.23687207941202487
-0.14434369893265675	-0.30885547252807866
-0.4030188413984046	-0.40292542506854057
-0.5121196690342487	-0.5144602692563893
-0.4524667994745002	-0.4413728566980281
-0.3486697998650303	-0.3550828603229466
-0.1896990528887308	-0.19925468815203548
-0.26288291596098645	-0.26156696565532356
-0.378509390451395	-0.3559778100160443
-0.33710632945549435	-0.25086952027064047
-0.3855273248334008	-0.3874901559907864
-0.09112690770610854	-0.08619446108627456
-0.38902240856324255	-0.4055732770821139
-0.27346986174718424	-0.27724121474089547
-0.4548631723718195	-0.4190783404523553
-0.5269686131987541	-0.5228442508440522
-0.3306340341897176	-0.33651222794167907
-0.2617974566529284	-0.2988356960555168
-0.2443538425343199	-0.13562824689356576
-0.2780475742083883	-0.2815946825009097
-0.05260331177507993	-0.052899287296008485
-0.3490372363026495	-0.32777271897317345
-0.14003810467349354	-0.24697139358355158
-0.1366432704489675	-0.12974169228019614
-0.3961997215107864	-0.3938075819759676
-0.34653650859115004	-0.3569979123542148
-0.24199796292769093	-0.2463583261613428
-0.40968243440307894	-0.4107736438542104
-0.5340779169646872	-0.5307580903465053
-0.42342823521280515	-0.4090928413601342
-0.08294351866699046	-0.08189446290184084
-0.3803548261273946	-0.38546567000737636
-0.42605944806776463	-0.43868884463962216
-0.06308920815495433	-0.09210927015461234
-0.4953547125945761	-0.506172472320122
-0.22731823499513482	-0.331884065215376
-0.08271178921081201	-0.12198696565160941
-0.42855080539195	-0.4138559453446125
-0.23452036132549736	-0.23119194039897012
-0.3412909830716977	-0.3532233008278044
-0.5449660878661273	-0.47294799934704834
-0.19031670890529284	-0.201858740794782
-0.40842480317059326	-0.40556367554372197
-0.4144604219080108	-0.42009516470463654
-0.4275556446779234	-0.43824394215731954
-0.24914620232406826	-0.2277737018297302
-0.16891065437013353	-0.16919322026387393
-0.34863839148945885	-0.3405566462009102
-0.315421029821394	-0.25095987501037215
-0.35748274400356905	-0.37266474828664814
-0.2415828075663935	-0.2453219843739695
-0.23907022640431563	-0.1946355729409732
-0.13530783742661612	-0.12886600584914243
-0.5323302627561315	-0.52943890236548
-0.25846877751184394	-0.24090116404905515
-0.40960749751256564	-0.4253060332729852
-0.5466646374108244	-0.5522826558982393
-0.1885505396993139	-0.1752401663169258
-0.2063215272592327	-0.21070631585475344
-0.43307347266190277	-0.4449183844505673
-0.3364408424309957	-0.33616159292281067
-0.2766048507589396	-0.3012389116131995
-0.0935993176483727	-0.10765834436333548
-0.06494833082225426	-0.07083760028393388
-0.36997684430267697	-0.3399581794933873
-0.37884849465530124	-0.34966287764195597
-0.3617829823505936	-0.363750673899417
-0.27880640911603294	-0.28846873734194206
-0.513561714666988	-0.5135735155644661
-0.34852974125754344	-0.34343086375764176
-0.2758889887592275	-0.28236055348604155
-0.39673493285870265	-0.39215884086867425
-0.34454224244177567	-0.32916238705401624
-0.41316969468576126	-0.41003916487263203
-0.2701619574876979	-0.24241864178274602
-0.3595000115652578	-0.3670732627706985
-0.2888364940422292	-0.4078862275764966
-0.2532374079245514	-0.25427007533288043
-0.43231315205850507	-0.3115606960764543
-0.3393299219686412	-0.3379679561753322
-0.36124772275455186	-0.3807728403728706
-0.4882287702390613	-0.4899488344885468
-0.27388531781435077	-0.27616467539966055
-0.2346941958634492	-0.24941739261057408
-0.44041412674774705	-0.440253259453621
-0.26210842988011507	-0.26585608441408654
-0.2235033000299751	-0.22403557752707212
-0.3992699570650178	-0.3601000170245872
-0.4773457571358968	-0.4788227337111556
-0.18374810973025646	-0.20461312982838473
-0.2883136581806234	-0.2962017656192573
-0.3472820334127604	-0.32713786828390357
-0.12466622390061488	-0.1274761252322341
-0.2711233727310862	-0.27890547933015714
-0.3678658912020083	-0.34988540425981973
-0.4172026470794883	-0.41145767815733747
-0.15742040148611736	-0.14972109607828862
-0.09139704289006723	-0.09384842610202314
-0.1274347392239612	-0.21150229674251422
-0.2572950382535133	-0.25469350506306176
-0.24063660463019332	-0.22893202828103
-0.36035901109506163	-0.33943809307358547
-0.351210083492127	-0.3214576659560264
-0.17190953564615263	-0.16937466658574285
-0.41335257074145026	-0.4398395500517454
-0.3025522963524381	-0.3059279845595849
-0.41087691749665467	-0.40112540327370644
-0.31816316889010743	-0.3016205975508767
-0.2328204776932985	-0.24945880427284353
-0.234556621448764	-0.2802741988403356
-0.35202900800820736	-0.3722917699929716
-0.22228944727680044	-0.22311445945794417
-0.16515050768138195	-0.18530636958899405
-0.4493162007840006	-0.37504867141672726
-0.2606029690907512	-0.24708988991713174
-0.20679415504603682	-0.2468893707725837
-0.3093171543053401	-0.2985492969679634
-0.1504383794447648	-0.1708451389197059
-0.3279508677828602	-0.35979054534074234
-0.4725486142808215	-0.4666126221631185
-0.2387805906788003	-0.24718988473569736
-0.3789172254974851	-0.3958240248544759
-0.22246919273579024	-0.21405373668649408
-0.2567928502536798	-0.25820241952815576
-0.09686795085111832	-0.14650061539702708
-0.35873503122185646	-0.36861938703754615
-0.2551173178545447	-0.25091488951773666
-0.3808629369569392	-0.37980513408910854
-0.20224964355910124	-0.1809335308377638
-0.240668141252403	-0.250672363996821
-0.41179518475303567	-0.3724969556827229
-0.39531401629756857	-0.39545248198124655
-0.4828829035578952	-0.47825236635477336
-0.3987619667595297	-0.3965415377066572
-0.28725987600004466	-0.2796774624825854
-0.5443416049374328	-0.540546374668147
-0.30123483207740875	-0.28572638782535215
-0.11489180453158099	-0.34676075112750093
-0.3127133020249424	-0.29435274486589474
-0.228168360431507	-0.2443757829399285
-0.3238460883656771	-0.3351449031293383
-0.24900795029037148	-0.2847822996230611
-0.24591570888550862	-0.2414448999807784
-0.5554158461341849	-0.5464652788657895
-0.32428911468122834	-0.3522819932173219
-0.5357600500388422	-0.5441174147358868
-0.076312919937509	-0.08214101201526482
-0.3205843473334937	-0.2763856100938258
-0.2210343928036309	-0.24557358885887023
-0.45944504872101355	-0.4684360665367771
-0.39959355369653693	-0.4109620503473771
-0.25064101560838026	-0.25569786661307387
-0.13985170095876676	-0.16058474488670077
-0.17417408666732115	-0.2615722277213948
-0.19692360315301372	-0.19585733400401267
-0.1013527673101855	-0.20073463635071193
-0.2758964096026908	-0.2712739968509699
-0.24205297639712242	-0.2375552762422024
-0.37547857410707053	-0.3856017078950937
-0.5303869169617599	-0.5271190463358425
-0.5326951408722085	-0.5419037716765462
-0.07667088400024014	-0.07692304265748855
-0.4544232890333575	-0.4490928411651954
-0.3687873764861678	-0.3803852085089388
-0.3781930451498532	-0.27782956213417503
-0.39764646094699607	-0.4240752014636767
-0.12337905227816393	-0.10332174014498388
-0.23361888939955655	-0.24210214335283983
-0.25817710708035335	-0.23669223360225508
-0.3950538191545956	-0.3763726789878236
-0.26413425773611365	-0.2625775789275296
-0.26516640329153773	-0.18545687399574928
-0.3642112411434759	-0.37153298453791084
-0.34926913653573166	-0.35831039082010535
-0.48756879820707866	-0.5108516131796231
-0.39787958222576947	-0.35804507444275563
-0.3494974318340738	-0.3790303198760623
-0.2604803614512363	-0.2713807745741587
-0.5024147647035591	-0.5102589771067123
-0.10931120564618269	-0.15235972344644405
-0.2246908801278522	-0.27488769418231795
-0.3343928009016892	-0.3627759677048707
-0.3172140960432337	-0.3090120860818845
-0.3200713131702102	-0.32669603624461824
-0.41351439759663755	-0.41761599250528586
-0.5333764200850553	-0.5376983546653911
-0.36754287990037326	-0.3931704428886736
-0.25843405891609805	-0.19739048207558746
-0.15813110163264987	-0.1512871389690614
-0.19078009661414796	-0.19042462314005965
-0.37041482990105123	-0.37261110437591777
-0.34029013705288946	-0.3145871274491387
-0.2931782388686557	-0.29573511775707856
-0.23489254378883295	-0.23687800338014997
-0.3422857469289937	-0.32120910030770644
-0.4129903922544038	-0.40796540573033685
-0.33173698475957636	-0.3278255036013517
-0.21097895389804222	-0.23849833198371012
-0.34500890855317223	-0.40237720752445705
-0.1256139708393338	-0.16578956260907246
-0.24561000731755023	-0.2484505604748644
-0.3515194067052896	-0.3131248939295757
-0.11793320672694918	-0.19436638321158348
-0.31654552563442095	-0.22244221465493394
-0.2676207936594128	-0.2772197047584536
-0.13287865448143776	-0.12224268065876098
-0.37288404814726306	-0.330761004304697
-0.4406055887409899	-0.451019285995258
-0.2689774299245613	-0.24179529692352936
-0.42148939040045796	-0.4148060793884347
-0.5403356342574472	-0.5294818773774874
-0.31719313249211467	-0.30288622381384644
-0.29926457161233344	-0.2835496539626356
-0.3838021446157178	-0.370886982901302
-0.5396143345475828	-0.5418148519431122
-0.15002068400917246	-0.18249855516925012
-0.33016581477270535	-0.33846101069447065
-0.26973023704870513	-0.2551484141441817
-0.28296742406696396	-0.26621821724712547
-0.5243541737847277	-0.5312709435091862
-0.11206831284197172	-0.09498190103420764
-0.33477333132415055	-0.3594994663727059
-0.26230457453512557	-0.30138559962634853
-0.36439680519427853	-0.379287093452652
-0.4459792264831641	-0.3860779441986084
-0.35189508103438527	-0.3763544076933779
-0.35418981104032454	-0.3649831510663229
-0.3714852782115834	-0.3684754901103945
-0.13925999507515208	-0.1586840193572721
-0.12388939101961505	-0.11227167362642404
-0.15594980858992535	-0.1408140192849155
-0.5309770047953997	-0.5260224617558251
-0.3371821617106967	-0.3575817287536603
-0.3029227109498933	-0.3290877888044163
-0.11953757133445464	-0.1495255808358748
-0.5571751041336235	-0.5619134569147644
-0.3614326674807131	-0.36775664019244814
-0.34941502599783725	-0.31115444329793235
-0.36816375333662243	-0.3662652058497674
-0.16369909041938158	-0.1647355108855456
-0.382429885584461	-0.3568753267296069
-0.27713982629017053	-0.28033008051818004
-0.3234854335076225	-0.26271190990539683
-0.13746546238770918	-0.1521720453917067
-0.33537941892286405	-0.34750904768421204
-0.33218185145653933	-0.39527383447337094
-0.333448430386067	-0.36076111016818047
-0.35681931463330585	-0.416208609265798
-0.353124825241828	-0.35565395903791736
-0.3616768545593949	-0.39514321009758574
-0.2834766119234544	-0.2698737108333697
-0.5069053135680637	-0.5011095866156094
-0.24776745732876648	-0.2541906520334851
-0.1510346309566586	-0.3538910503893698
-0.3878453054765103	-0.3922568992592479
-0.5124175240245972	-0.48329744267399416
-0.28896684937168793	-0.28997632745125146
-0.13036893690667384	-0.16999427264616648
0.05273237184279367	0.04570777809258236
-0.2855000299741093	-0.2843869432785569
-0.23193180248108547	-0.23013652592132183
-0.14281889565557826	-0.1333470140131092
-0.425964797146289	-0.42195867048131963
-0.3116046471817775	-0.2908654718711505
-0.3617166821772315	-0.34641216869836744
-0.3438460688843783	-0.3180665721039973
-0.3848541069168405	-0.36966111760609954
-0.40537774906619894	-0.3808285739184986
-0.22511128914929657	-0.22660147048876425
-0.39358544192720757	-0.39691134147470486
-0.1642921233527872	-0.18342513799942128
-0.16372730851963624	-0.16432023484973107
-0.42263104864985834	-0.42994391626983425
-0.18862736779765044	-0.1934162718685705
-0.44701411624887655	-0.442624315110358
-0.262201481462391	-0.27069395321872125
-0.5002492663717071	-0.5077017628975901
-0.3441548108524337	-0.3320744361226993
-0.389573084937787	-0.37900311600213765
-0.510611134465794	-0.5185382235756907
-0.29375650726329106	-0.27891098440295553
-0.5529756032983766	-0.5497400150252989
-0.3001108383206912	-0.21703273837506118
-0.2898379156889348	-0.2804874964639318
-0.11253298542171386	-0.08634347391594006
-0.5333610092842918	-0.5461672207972862
-0.39380503529174504	-0.3980447732396872
-0.32467648159659035	-0.3165718641495328
-0.5519525715947715	-0.5495525918606358
-0.38988789729635087	-0.38632819544062785
-0.35920481043435437	-0.3428115995246709
-0.5116092557101108	-0.5185050651329901
-0.5184164210501372	-0.520750584227296
-0.21314781975002361	-0.22130191185518544
-0.1672903912407726	-0.17815658286396727
-0.24276353435591247	-0.2272219995142253
-0.27999002101231163	-0.2552451531147023
-0.28851651978564874	-0.25915788804458606
-0.3946149254967146	-0.3811464861568684
-0.3248918529137761	-0.29643740473670577
-0.2823001334782802	-0.27141328911371093
-0.2018147871010143	-0.20425860022993195
-0.3207599701705952	-0.3160433541107936
-0.35616616532109724	-0.3373630132911715
-0.2645049044013845	-0.2628224834090181
-0.25072720866827325	-0.2435203702026569
-0.44977785141258764	-0.44086094321041147
-0.31782918928080583	-0.3041038227116103
-0.27135801856698194	-0.267454588618727
-0.4939321612643184	-0.4809503887614726
-0.12189416873814451	-0.11824099028300908
-0.260922992568549	-0.22154887367194218
-0.3444828796630439	-0.3110552522243538
-0.35794483674164823	-0.3549813237303064
-0.5529200092307391	-0.5551834430231057
-0.3045675429905188	-0.34149695898132065
-0.22478920101873712	-0.228671475777674
-0.3693882298474307	-0.3555753411063557
-0.30540395512693763	-0.2943115391937826
-0.5495511473194998	-0.5454552807884158
-0.39997502040470856	-0.412015882241633
-0.11130308733511285	-0.06595026407070101
-0.06312940682740553	-0.06452452694905132
-0.37907358132794045	-0.3677682223727017
-0.4157745436347682	-0.4247198454483253
-0.3296192647053626	-0.32508331534609736
-0.1700353142465154	-0.1766815000353894
-0.3964134947721316	-0.40703196570954003
-0.5657589334256237	-0.5657842720408767
-0.44407301663942533	-0.43126504728507875
-0.2989142065403456	-0.31897579987854296
-0.260371220826638	-0.25045088263409593
-0.36716322239805876	-0.34014504432798165
-0.5230381809245301	-0.5226894355230778
-0.3299614684355827	-0.35338610843581564
-0.4657196466105802	-0.4626644304448427
-0.35061360220290716	-0.31510773952334686
-0.40626067094029494	-0.4037949362028845
-0.2641464930678161	-0.2559556901118552
-0.3799874456996406	-0.3742994098308008
-0.2933151624727337	-0.3508795610355183
-0.36362528364750446	-0.34985578196901773
-0.23491057780208635	-0.23048326620971807
-0.41173204679478737	-0.42306580424904106
-0.3776611758198367	-0.3478020182534533
-0.34396443115873865	-0.23939690605082828
-0.2705104410289305	-0.2595588161434334
-0.5153905659928171	-0.5168583231713082
-0.5514533038522558	-0.5444154562341633
-0.2539168895534658	-0.22764441087888515
-0.17878294783298365	-0.21615011413875973
-0.5133945639083599	-0.5119919165029895
-0.3083615073279411	-0.28261647969215276
-0.25065324303352554	-0.2554427676138833
-0.555009880425203	-0.5445319993729767
-0.40412321697808196	-0.4140648436222461
-0.23690207632749782	-0.2457765836739839
-0.23354867155252634	-0.23238617765771602
-0.30958105165895233	-0.3064320232640978
-0.2560882421407129	-0.25910227874843655
-0.5595118623428554	-0.5472012956079293
-0.2664993201735868	-0.2574314115776321
-0.2624785597807815	-0.26920155576431565
-0.5565844414342696	-0.5635712538103735
-0.09732956867165221	-0.08904150318510085
-0.24652067776736608	-0.2557777367860577
-0.3837505953769451	-0.38048705867047755
-0.35722620573371877	-0.3500958558111578
-0.2514575307406055	-0.2648390486504596
-0.2611842656931582	-0.2566610586837687
-0.4789938722903315	-0.49294936409011947
-0.23663053385866917	-0.2028156347799343
-0.1296863309106051	-0.1519760862056244
-0.2712040262955604	-0.27291708731941977
-0.5430692241286881	-0.5328803861332805
-0.43365140708849736	-0.39860755597762476
-0.5162496946122523	-0.5077565398176059
-0.32481959182054254	-0.2882939101837695
-0.2828442652665899	-0.23935450928663432
-0.12502907319466416	-0.15313605079690143
-0.3368022500449612	-0.35949047914471755
-0.37635924526887976	-0.3762569164914079
-0.3036262368087499	-0.32988348883443347
-0.2815339949943585	-0.2685383496853322
-0.17190163165059325	-0.19435095510470385
-0.22664789689249432	-0.3004040201717043
-0.19216673116408245	-0.17152697951128404
-0.32476054784766006	-0.3112020111156431
-0.3330284777698367	-0.3320170137560897
-0.2586561696025864	-0.3113338412640113
-0.22717814363612376	-0.2674185184955051
-0.2325230740142743	-0.24209594899989278
-0.35848096408543206	-0.3816068581852378
-0.390576963860255	-0.37795574979817614
-0.13237924042245375	-0.23809428034259839
-0.46520814421723955	-0.4568839588969854
-0.2342435411558128	-0.23525921904314206
-0.39556187227196205	-0.40639335126449744
-0.5005573154629701	-0.5071685359083811
-0.2951938636560918	-0.26684468070057804
-0.3947368518353862	-0.3705252996760357
-0.3428732011584188	-0.3359342251800336
-0.3781646284181228	-0.34723822324183856
-0.43592046593389355	-0.42943588956849926
-0.3567700229519204	-0.2904028625591278
-0.32137364799104695	-0.328427630486055
-0.09243090031343115	-0.08596508469576729
-0.38984114496284406	-0.3859823650431213
-0.33296754635404113	-0.35303195896182865
-0.31666072659048083	-0.43138604440767314
-0.2659877837933742	-0.2964863070687284
-0.3531592522502116	-0.3593989432268092
-0.09345655399554076	-0.15508316214949627
-0.4618701578733635	-0.46372320141754075
-0.40122607473272964	-0.40002683244128134
-0.23314647670619948	-0.24262166654854608
-0.24622411433309388	-0.2558921403522959
-0.3687655306137856	-0.3774011514073151
-0.31399681621172526	-0.33342755296742405
-0.3914035863953256	-0.3791967987834758
-0.27610342219147554	-0.2902778618075419
-0.09785628896353415	-0.09788908022692737
-0.09832257250644716	-0.09411873524736374
-0.3293659989429205	-0.3644619718674342
-0.24405092465602252	-0.2620341055726935
-0.4448366578801277	-0.4390776679557232
-0.3513315399307686	-0.37654739195538756
-0.3291690925457953	-0.33347592499278844
-0.13089417522885682	-0.15499624237889914
-0.3823871133666348	-0.37971357963221075
-0.5285573495763902	-0.5064588994312562
-0.2626674404880518	-0.2653852701700388
-0.11445776251031958	-0.2151912042890633
-0.3612095590173219	-0.24420697843995715
-0.5192206254089768	-0.5205193133765369
-0.5431716846539025	-0.5454655510156715
-0.24036535937402448	-0.25208142115515203
-0.22182179461628238	-0.23409225943628884
-0.4975500443513532	-0.49139715077366153
-0.2585843909664707	-0.23556866363488393
-0.33308352825681276	-0.3280791496389352
-0.5324575937885179	-0.5412449820760059
-0.2532589276780115	-0.2468126111309051
-0.5628221175119243	-0.5598632573663461
-0.08256823187205065	-0.0959491780003676
-0.3261481837991145	-0.3445887891608673
-0.511416859933604	-0.5143550709336571
-0.2363832831163979	-0.28826819476593246
-0.30096321567618567	-0.3108566265498072
-0.3850147528791581	-0.38840842247777285
-0.5535296167000645	-0.48956210948212087
-0.43858315652097346	-0.3465837964783393
-0.43683249198810614	-0.4217736653914981
-0.35420743571511615	-0.36903028224896345
-0.2576648293157433	-0.2605526591966644
-0.26733840488365956	-0.2606272519780637
-0.38628426452784836	-0.3913277404257888
-0.34456051895090667	-0.35054907858490364
-0.2618730763402013	-0.2779165834633404
-0.16254910601237782	-0.11922023194821098
-0.2398686126759877	-0.2527692292138494
-0.34491771066113586	-0.3311444180082377
-0.30342258962343926	-0.2992839861689882
-0.15998140414609807	-0.16981131448854817
-0.16895204667730823	-0.1672037991535922
-0.29453132766886725	-0.2913940798820563
-0.42178146099728764	-0.36703136541052883
-0.5457783313314426	-0.5421566655271063
-0.27791898717253716	-0.2431533698662719
-0.36600948338885786	-0.33157172406321683
-0.23235196837694616	-0.2259733825795034
-0.313173957811987	-0.3111251068181191
-0.2931253453188418	-0.2797014497544992
-0.08369101377718913	-0.1292321851847805
-0.3584531803335729	-0.30748214932555185
-0.29609815829923036	-0.23615307638673091
-0.294706322973429	-0.3098340566655492
-0.22667234474524278	-0.23288860516060308
-0.24053909623762593	-0.2721544305471234
-0.35593243342258063	-0.36924673504147637
-0.18949275495156748	-0.20608345799096747
-0.22400794268811097	-0.2248162781804182
-0.5554010293326819	-0.554819910176094
-0.4480003510961197	-0.46029043824603344
-0.2455827872659544	-0.2454497703439829
-0.3395164133809292	-0.3247576803671615
-0.04017523271703993	-0.06821963331586559
-0.21505755145099137	-0.2234827923787344
-0.4184860564262287	-0.41929206090435
-0.3330605500723145	-0.3250990252353624
-0.34940669027657556	-0.3442750851807906
-0.4395703308609278	-0.4256150380232889
-0.2176402111680531	-0.26157217472933303
-0.22757666310630142	-0.24216074953546488
-0.5484382652902813	-0.5548991719217339
-0.3415536682421809	-0.28423319906275124
-0.2775896793147634	-0.25553808601264927
-0.4134369782813323	-0.41101546935405586
-0.5393937140902985	-0.5370541480968638
-0.22342304513854572	-0.24352812101320728
-0.287631583633992	-0.33969025192325375
-0.062403101231653935	-0.11773926685663305
-0.25555567671387003	-0.2669547159780082
-0.5148042437578226	-0.5185652759990242
-0.2516999645271145	-0.21786790145677426
-0.36473018421491865	-0.3036784751220431
-0.44123645639742115	-0.4433496598238348
-0.2737329554844212	-0.26630724096829456
-0.327699247581247	-0.3202441771200116
-0.3854088145668406	-0.39106239601359266
-0.5485812846169651	-0.5508308100707899
-0.3124541112083552	-0.33880379898837576
-0.48095628449134864	-0.4873749893727032
-0.4394819138949764	-0.38570239408058654
-0.2420286319065461	-0.24702126160186733
-0.2593317802189148	-0.2636323892771974
-0.5348919099332932	-0.533103897763981
-0.2739882443008419	-0.30519292244086244
-0.32796073265073034	-0.3199984182836251
-0.21459286123116605	-0.22790891425298448
-0.5241496706423057	-0.5244546169722918
-0.3824896691290576	-0.3832400994411008
-0.40574229032920783	-0.3991185127874633
-0.306644847153585	-0.35609360719924826
-0.2098172222713366	-0.2954220489560325
-0.27092512073225095	-0.2849971719254934
-0.4103866965646876	-0.42291995986533876
-0.05507723478129378	-0.053029448083545636
-0.2650344455022662	-0.19882109452037156
-0.4279164795009791	-0.4103490960726371
-0.4230789499112113	-0.41034862931576693
-0.385340560626771	-0.3842506100285503
-0.3190320837768539	-0.3065347661630159
-0.412160695865321	-0.4462443485880604
-0.4273562574248331	-0.4262418071723077
-0.4985568936738538	-0.4839826173936856
-0.3207640504858986	-0.31716227509019246
-0.5540225698251682	-0.5534493733129153
-0.21628427442450437	-0.1953288692148514
-0.2426130158139479	-0.21353264998889382
-0.4537231680513365	-0.4764166589112483
-0.27636070488084385	-0.27104595882508054
-0.4331853379301265	-0.397095869851632
-0.12078956613926906	-0.13361059587343554
-0.31892163453118627	-0.3203007323292834
-0.2836619619521059	-0.17973676082355342
-0.30856434769598806	-0.31625380715047485
