-0.4935105439605465	-0.47150280434557423
-0.1377784372589419	-0.13173529381237614
-0.052446700926854106	-0.0647946069194964
-0.29571896508917916	-0.31122620798363254
-0.42288576147677137	-0.42033200729488324
-0.22223717689868927	-0.2420837205540212
-0.6241905902952478	-0.6206939873733017
-0.0824886891406118	-0.0843891060130448
-0.48055202390371043	-0.49114765524919596
-0.1052200823558076	-0.1262407038081295
-0.34386684905514997	-0.34660801176371864
0.0841647087020636	0.09769316133163645
-0.20856405664492428	-0.18878540179542794
-0.6040538987783339	-0.614688499711052
-0.21639500707134918	-0.19385702643398794
-0.2700750110548018	-0.27371488942373134
-0.141410373951671	-0.16649451851361108
-0.3851682788447581	-0.41053869804415
-0.17148519167047027	-0.18038780433719162
-0.19939507601206685	-0.21712809912387218
-0.14718513559797053	-0.15672272786705915
-0.3333000612597008	-0.3103639016406055
-0.28240282706307873	-0.27988377017371235
-0.31339985300019	-0.31830922854433075
-0.23624891651885083	-0.3639223953925344
-0.09933889630740822	-0.10997794536486742
-0.1666795567147492	-0.2030169706517316
-0.4195428212647343	-0.42452182991774945
-0.3317581862294787	-0.3119524341306088
-0.5087530763254318	-0.5178134621329077
-0.30299676190481506	-0.33429871310794124
-0.29642954214855877	-0.3111653211135166
-0.4997446621326871	-0.5095307227080969
-0.012218585694864004	-0.003553057409876638
-0.11857815616299128	-0.10276968823630796
-0.11848326541219478	-0.12321024381181639
-0.36980854348500714	-0.3327199336771402
-0.4125825981008413	-0.37066258928661316
-0.35469480714629054	-0.2963799696216804
-0.04348755704757856	-0.03869890475609825
-0.30509671827053353	-0.3074524193773627
-0.09603940438434222	-0.09894951166953098
-0.46995572678500963	-0.4579339813975728
-0.08389006396835441	-0.04151250604658903
-0.2496160304359556	-0.20824958275095085
-0.19733615333737475	-0.1726108809783011
0.0755643692887551	0.08608449140348146
-0.08577117121899391	-0.0894657273572809
-0.2793306996021556	-0.2735220508934657
-0.26258212580331985	-0.2748470514330956
-0.3389999439203688	-0.3367214344076313
-0.256506370286683	-0.2408025027868557
-0.630910568700715	-0.6235565385988985
-0.6126148997178227	-0.6045999634204078
-0.46149723041646595	-0.4110921231403712
-0.3276374758307199	-0.3710094829585186
-0.299858157607531	-0.29563367565063164
-0.16491205567323952	-0.17168730581902258
-0.20299984331676413	-0.20734334531757692
-0.07076980901010721	-0.1388826240782897
-0.07642405306911026	-0.07648200195750014
-0.14995453760284327	-0.17561774385302786
-0.21253447902776124	-0.177240166673998
-0.608216382823568	-0.6095494025686871
-0.05819560749238839	-0.04253436346977182
-0.24721258160650716	-0.2123504731930615
-0.5233110632180207	-0.5570115426534378
-0.09266923694558038	-0.10800277937265038
-0.3630213454557829	-0.31288068213524717
-0.13813659140385504	-0.12761314011376604
-0.01876877965971957	-0.06892481628355972
-0.2665947048002959	-0.2702427638103843
-0.12373640611839054	-0.12293695880265831
-0.3299277456741905	-0.3156672569094389
0.04710674985177121	0.026704771788099615
-0.1621764452200516	-0.15758374867722771
-0.3292101526224638	-0.32140836417256313
-0.4525552939136652	-0.4386876542210001
-0.0682157570445705	-0.06622927260252846
-0.3419244838759763	-0.3259524287096519
-0.48426703258210146	-0.44487033440054635
-0.1358036645669971	-0.12745626819749392
-0.23975610242988843	-0.26115358694061463
0.004917638480842257	0.016569209449040757
-0.3287500793022389	-0.2935847676875385
-0.05136339548630087	-0.05772163651281976
-0.13641951597920787	-0.1193559258152123
-0.22620551947428247	-0.15426825604579517
-0.2515189093925443	-0.25978128191236277
-0.47936348268981543	-0.48673425601099074
-0.3323877360593306	-0.31509495520807257
-0.12865501991639938	-0.1542173077197751
-0.17297266323313032	-0.18115957287828327
-0.4525392732917872	-0.464283867455582
-0.15599449057195525	-0.140212168017648
-0.2930566571607969	-0.27392490713878054
-0.28999482081784755	-0.26552701309799653
-0.15322237881898726	-0.17593392432574545
-0.221474402815236	-0.21570012817016387
-0.09969337192154448	-0.08374445209146575
-0.5511576695773712	-0.4718837435952464
-0.34306715498248685	-0.3430903812194181
-0.28894618292292584	-0.31953633184614594
-0.1498648206725468	-0.19261287263944177
-0.4928607863664318	-0.4713172314324282
0.0848132144544298	0.09430542241348233
-0.3434122416134233	-0.2959657312047469
0.07384980194698088	0.05747986278374262
-0.254547253425768	-0.30831054180367673
0.027607986420961517	0.035838540874422536
-0.1855795586227691	-0.17742663662612101
-0.39257315485327915	-0.41379561163372486
-0.2447705983980928	-0.23882982354484597
-0.30997367397466924	-0.32164436736101454
-0.413626218791733	-0.4127973802696556
-0.1788933668592545	-0.17642187493649286
-0.3436521503939085	-0.38539137347944935
-0.2408264561488771	-0.23190724701087237
-0.4617275017789737	-0.4669592045655738
-0.42540081533700036	-0.3613660407565686
-0.1782651305319778	-0.1767451694010459
-0.4776983345339989	-0.36084579885154433
-0.27616388141722936	-0.2683069815695208
-0.26654426915266605	-0.27292348788357995
-0.375291355519046	-0.35845121021980114
-0.0718774026051765	-0.06816554282531936
-0.08652269565042392	-0.06360113657211716
-0.08535244543672693	-0.09891773171080183
0.03322530334136964	0.04624041917820975
-0.3755502649163649	-0.35188747745397636
-0.16605569962173394	-0.17334828022780538
-0.12278239517953793	-0.12621833939726704
0.00546096234474458	0.02219018830246903
-0.07948064230140339	-0.1438537011603008
-0.31118043681139973	-0.29503148220546316
-0.14021695610040208	-0.1132003235925018
-0.3373787810271356	-0.3327980594917776
-0.32894736386809065	-0.35662953954258403
-0.23896700535480697	-0.23150573173184005
-0.30494534613657187	-0.2667555958605664
-0.3548063386952762	-0.36701067180506014
-0.22692070438660217	-0.2011245355239226
-0.43618819179215684	-0.44284051830882826
-0.32399571316220843	-0.3063595377474942
-0.5990749308362187	-0.5275714538922858
-0.08866705527144703	-0.11394000241304086
-0.1410356575304359	-0.12595318485783558
-0.3194691871451436	-0.3662040237177939
-0.05326061485743239	-0.07239517472886069
-0.2726572797902236	-0.2580332946747816
-0.2257345738174994	-0.20550694620986382
-0.36015385312835235	-0.3932898677316078
-0.11830989575828799	-0.12132884553024036
-0.3755213502915442	-0.3597164934847806
-0.3443638758303642	-0.3469605244671867
-0.46799104339724984	-0.44967649752569006
-0.34652541559817873	-0.3204436707385529
-0.4735184131453618	-0.45302324816321454
-0.16960935949799882	-0.1714314175484411
-0.5514977807417676	-0.5365655080294559
-0.41447748537495777	-0.4306068796199599
-0.08118938776753026	-0.0817393997470647
-0.0743180350380177	-0.09038844257480318
-0.17810961959913563	-0.21808237445209178
-0.36105033172528955	-0.4380397841481599
-0.021933661492793632	-0.01607314387794494
-0.19576263151363005	-0.21236328058852913
-0.06690046735614086	-0.09607851659398317
-0.09860637739673717	-0.15071007180405074
-0.3124335672888927	-0.3012618784275842
-0.046257548905166423	-0.04321377012511748
-0.017333813025940614	-0.06720781427815331
-0.08852040069493139	-0.12488341962087753
-0.4909345271146375	-0.4859383894822554
-0.4679989078092177	-0.48740120911730694
-0.33940770855758906	-0.33454214106643304
-0.0074559471311896885	-0.03943584511027004
-0.3090303565345991	-0.29871457263561174
-0.13223401226262332	-0.13822652877486952
-0.5654338666078633	-0.49695017832281657
-0.1547458190693547	-0.15596585694614523
-0.17077348668922632	-0.14241092218059195
-0.6309407704585537	-0.6220840368593485
-0.3731594618421603	-0.36785983214642876
-0.10140087105723872	-0.05151899349998601
-0.2232726994113614	-0.2290580450356395
-0.5582402450887702	-0.6064617343092746
-0.27159677582667374	-0.23871238288192312
-0.1980632188434548	-0.21646208768804928
-0.2865303343278782	-0.3041865324750148
-0.12542413882421855	-0.16724875099489792
-0.2745832852898493	-0.277902925804335
-0.18961207438427152	-0.17763603933090027
-0.3261323825567244	-0.3312342413515343
-0.14916253643449728	-0.12200529959484123
-0.03564142040303153	-0.06431480163743321
0.002600473124260816	-0.009345398568787725
-0.22921366913114127	-0.2622254127580976
-0.22322576007388584	-0.20177658173448518
-0.2784620916049949	-0.2732647178053818
0.04844165291927727	0.05597378804555524
-0.28156807116007876	-0.30208807856910413
-0.339765604496006	-0.31911877038712766
-0.15854345612486487	-0.20265548743187758
-0.07019894991274178	-0.05120974463593079
-0.39026960193804694	-0.372293581280063
-0.0723906470438056	-0.08068670605056771
-0.1772315090006753	-0.18003480175282782
-0.13323112029750384	-0.11526907951394957
-0.327707460136029	-0.3373749996410325
-0.13496479780573445	-0.14109312368437946
-0.2528043636739117	-0.2251563384869924
-0.5347260944543937	-0.5406765705601949
-0.36193135839265	-0.2999490907409856
-0.3104292557020436	-0.3733988990228506
-0.4453489719408097	-0.37684411186959366
-0.3679891393041341	-0.3682654090821246
-0.15912964309124433	-0.17749004920659087
-0.12744282872617063	-0.12326218701997005
-0.3470717434392432	-0.3402813185129927
-0.1928443479050026	-0.18182406820724975
-0.3735876898353583	-0.34001870354093505
-0.017872972288576428	-0.009271100788587582
0.04083763271828822	0.02732599114826576
0.0353750681677365	0.04224648256742477
-0.17835723106610502	-0.15457986864275236
-0.3160909872040678	-0.2951126124845553
-0.1070199930266984	-0.10944845511565239
-0.04618802914670894	-0.02746133055511726
-0.26934461635090834	-0.22843227610273162
-0.33552083276396516	-0.2747199587625563
-0.1931895705729083	-0.21431776151620902
0.00022504533831746443	0.0018904641722329273
-0.19055094162706787	-0.19574031550293608
-0.05996143748151539	-0.05776240753428672
-0.15218511661174894	-0.16085179062445315
-0.3667906302940338	-0.39934040728222653
-0.34396498913011	-0.3173450191362986
-0.05368565128290914	-0.05391631577459953
-0.3649232051655771	-0.36426060310283465
-0.14689802206467206	-0.14425086611668983
-0.42706120814716364	-0.46790588637755737
-0.11416712907386373	-0.11428849557060422
-0.046469095018437656	-0.061055902119167144
-0.20582899918291986	-0.20204058720311355
-0.18462613341534695	-0.17555919780536675
-0.4962984831459476	-0.46277383190656207
-0.2994068678782149	-0.3067973255571795
-0.20701929748554537	-0.2065962079371691
-0.21683705342236514	-0.20289294568303565
-0.5004808426741203	-0.4999242173261473
-0.48123261186785093	-0.49889108841665847
-0.27308129696401195	-0.20291520837877827
-0.34270637571782103	-0.33203776208072544
-0.1265205352547376	-0.12904247813458383
-0.3916146737201265	-0.35196062426491886
-0.49393531068687047	-0.49092610422295285
-0.29948754655070253	-0.27685433746710547
-0.13638256429232598	-0.13246414226452102
-0.31015239213479084	-0.2830720716514417
-0.17018084274784506	-0.14627962382136853
-0.20707781272694703	-0.3176323390051938
-0.38290687064023743	-0.4171778619958429
-0.24422004003126396	-0.22462487003033826
-0.08899737600667912	-0.09312972381685261
-0.23047507917929622	-0.18937993845973036
-0.12187274797516068	-0.12108959616457313
-0.3120516484742808	-0.3541062707887115
-0.5234731981366689	-0.5119129758422485
-0.33245685242351275	-0.3824784734949038
-0.11436801913732353	-0.10870620393044904
-0.21540532493749076	-0.16359017541527054
-0.050391077483363134	-0.05641538295198765
-0.5634877316092313	-0.5412927301401067
-0.43992205940768603	-0.41068386752230573
-0.3675876526294033	-0.41702846778272296
-0.07531482280018409	-0.08511186045498592
-0.32194392640474945	-0.30779543234019113
-0.05883852253098709	-0.05340990109902499
-0.2773193854750504	-0.3027094841805633
-0.0831633895262236	-0.07660275850914337
-0.08847554354207965	-0.09119103896134712
-0.2467740500049942	-0.2519753033344179
-0.1528357641803577	-0.0352054618616558
-0.005736124896044359	-0.002281041481557639
-0.47969367905954563	-0.451123473266242
-0.3294967711795902	-0.33564833522100945
-0.04719783249884202	-0.08043222819935733
-0.12716336357397395	-0.1257826231640576
-0.18783778182601374	-0.1725563674921652
-0.16293120376620251	-0.14213627624926065
-0.013826297469938353	0.01929977016080957
-0.2312369164255852	-0.2031862274979196
-0.26976740542758115	-0.26220444793077613
0.07429451032251322	0.07093557084974397
-0.23769030637063082	-0.21082141079403352
-0.23535680720129193	-0.20781932117113647
-0.05851314474535663	-0.07913573488689694
-0.1783142055016178	-0.2044361541325523
-0.2566004757586011	-0.2570622405404761
-0.4500588697248382	-0.4571011017416038
-0.09290954250939087	-0.07516506688017399
-0.18490373905773794	-0.19395118586087018
-0.04170942843474634	-0.05564964959583886
-0.5154801271260183	-0.47502086204636795
-0.18993509970996847	-0.21727352586436063
-0.3941537524644039	-0.3786118900119761
-0.2686379653790105	-0.3359886152790659
-0.3318474509603355	-0.3676979632920952
-0.26160171131816057	-0.24839333595863605
-0.49502346925557283	-0.5236283553253632
-0.22142627016876926	-0.19412831065725183
-0.4061450341931847	-0.30613899884065965
0.007835611674757104	0.011150976086368938
-0.3434881209623821	-0.3040257635582866
-0.5117570962310314	-0.46090571762250954
-0.30755375538193963	-0.31512016624882827
-0.48233017897269903	-0.46158572643903395
-0.2253277563523035	-0.2394503045967482
-0.042480521334102406	-0.04785447764827203
-0.23301967303850546	-0.27036570544645694
-0.2675539008895873	-0.3426481758854321
-0.3750606914677075	-0.35674385871738307
-0.09038337093660864	-0.1812087468646205
-0.28468628822676934	-0.266943023368251
-0.5450230364910134	-0.5525089794557881
-0.33167277068585577	-0.3197473628738412
-0.2729961910517007	-0.27898556524947016
-0.19375320177357036	-0.16500868861877382
-0.3165271112044321	-0.31547112396224747
-0.12025850757799272	-0.11512916942815236
-0.43296576681882293	-0.41251602616939353
-0.21808324308168814	-0.2828932799561897
-0.16098897861264305	-0.1696278233244338
-0.32276490423228044	-0.24215435807046662
-0.30629364243250023	-0.41228990809179594
-0.2718224228775128	-0.2716297438821317
0.005666525050783022	-0.009398361646795137
-0.4411963071594238	-0.4438305011201306
-0.11983107927926806	-0.13811030473152164
-0.19212533162746492	-0.22081946447235526
-0.149152223900348	-0.15903598944036312
-0.4808037327721948	-0.4436070655082589
-0.2569460111477415	-0.27223362539555856
-0.31252266565849496	-0.2541435512375185
-0.03684735501929204	-0.03867840130121817
-0.11827075410031274	-0.1285653961068933
-0.19151544814382948	-0.15548176623360785
-0.34179486703776085	-0.3249374212311815
-0.17943708590737995	-0.189856075872138
-0.3040936757662651	-0.3099731983096591
-0.13478383510519798	-0.1387673980348915
-0.3128032861267904	-0.29307054433987634
-0.3016205645727945	-0.28052857211153454
-0.0025995431871965735	0.011978550904126712
-0.5190499234654711	-0.5248500404215553
-0.347430198580545	-0.37896602271415
-0.17614326513517575	-0.1996571586598093
-0.14567742762893054	-0.14105731838991162
-0.19547405003091622	-0.21617478705003712
-0.30979324878166103	-0.3097959102129971
-0.170373151310919	-0.2878733703726565
-0.04334891658332296	-0.05280468037324844
-0.11130998832330086	-0.14993507414950344
-0.10451536235778658	-0.10081312741795616
-0.2345192233722928	-0.28640447851501055
-0.3157411516841737	-0.3475634855954938
-0.07277952084094785	-0.06075885816958638
-0.22423318060539899	-0.2283716779455341
-0.2697977340417088	-0.2685539364394826
-0.03117642393978315	-0.05132218251505552
-0.40739403263134033	-0.43683103436012966
-0.2624039298667036	-0.31315828674672425
-0.15598385982782137	-0.20676508949421613
-0.288888146355756	-0.2865940820212901
-0.47943264461962887	-0.4999113001781889
-0.45491656333674335	-0.4636728366822678
-0.10996079693271454	-0.11943387722859498
-0.4139785176568287	-0.3514914594606224
-0.017719941358950386	-0.009758854002695062
-0.4265709158081652	-0.41981538147791925
-0.44578693116606516	-0.4547444576111906
-0.29788484450040187	-0.34999102067963267
-0.5608735460809591	-0.5263354387015087
-0.0026377357024109926	-0.015176345704515981
-0.12800504781552657	-0.12136630944197106
-0.07620908400417292	-0.07824579226538317
-0.4554621040873936	-0.35911278200224866
-0.3274806317819472	-0.3278825114812266
-0.49072906177597275	-0.49411541975541456
-0.4584646092677289	-0.4474860117363237
-0.16255035429061415	-0.15631894854829345
0.009053070629000182	0.03462506666569808
-0.13231368249023667	-0.14859767517688657
-0.32492819853930044	-0.2946695002408062
-0.05424403979792913	-0.06373057501386586
-0.34071618948632754	-0.33195786396257876
-0.06185447043594294	-0.08451065722430358
-0.12706120644047036	-0.11901188895560151
-0.17301399283438545	-0.1768931052204474
-0.5245742885765257	-0.5238777520925978
0.005495146693183628	0.004958487694277376
-0.12741010832474675	-0.07411492532903534
-0.3346955840799932	-0.3233895728889966
-0.09605334788101239	-0.05289570864243477
-0.3266918110031778	-0.342647267635971
-0.19419456738821772	-0.2522592845942298
-0.02128642880459708	-0.021020380675507603
-0.15480934884398678	-0.20185748515820567
-0.26645856915681954	-0.2649934609349762
-0.16316358513700457	-0.14489548360966217
-0.1246710421367796	-0.11850152333595966
-0.5350739625643985	-0.5323260404032714
-0.31864220065079607	-0.3413025856595855
-0.33354779520806677	-0.2991253917696928
-0.07381706818416589	-0.10680456215819856
-0.4077329231585498	-0.41776316937160557
-0.11488329726529045	-0.15607012404752055
-0.3108454177836766	-0.3250407820095132
-0.1879942599819442	-0.2027526632779391
-0.2566794720001422	-0.3391063938384055
-0.0925049783611156	-0.11029261668193066
-0.3174444619314123	-0.31570526651365444
-0.10926659058707067	-0.08637458339794463
-0.38288385467387265	-0.33745436750002733
-0.14353544469859525	-0.13868548333472377
-0.3933241012331168	-0.44264438678276374
-0.5562170558738115	-0.5173972824495204
-0.18720877067588582	-0.17431164619390993
-0.310188234584059	-0.3285174698445523
-0.1803704425861543	-0.18786659835076489
-0.3081922018255714	-0.2933371435912406
-0.1739407204917498	-0.15779643313931913
-0.17765573841316407	-0.17357555790362808
-0.14368166664845816	-0.13371341295113573
-0.09626411138564261	-0.13129663890738744
-0.466817492215295	-0.4442808130788294
-0.2915757356725255	-0.31304798956925717
-0.1759404412140544	-0.1815096384706037
-0.054168162811630616	-0.04380225436780557
-0.42998919613588704	-0.39474555874567907
-0.17532266611606495	-0.18387645215946166
-0.15062519528351181	-0.16369394744706628
-0.21302578213829104	-0.16797378723204104
-0.09437291717297924	-0.12285158222501404
-0.10966542847629235	-0.09662272633861506
-0.08841213149270732	-0.07331463299740752
-0.45580395111619776	-0.46172945017467654
-0.19293308733738357	-0.1793155703112171
-0.03743002793274375	-0.05058793098888
-0.1605582250300026	-0.16309198205576092
-0.300360925414223	-0.2852869109412188
-0.04238015693342767	-0.02934399347909044
-0.4483069923044152	-0.4499401679942666
-0.20925742142396242	-0.24146611760027623
-0.14311444575275	-0.1544327483047792
-0.11952853326450885	-0.12126016665589319
0.22788299685528912	0.2059080908112038
-0.4796176386077615	-0.4189165760212739
-0.34346001440861684	-0.33873401050943774
-0.14041684176187985	-0.13432655927018936
-0.3134577587819871	-0.34697625218380695
-0.1661880881374831	-0.1652444766346524
-0.6119288270847889	-0.5914710298953324
-0.03896318749903216	-0.0449543530729219
-0.11404739310447631	-0.1038117974775138
-0.4953121956882862	-0.37239554978866257
-0.48393155604128957	-0.4846797903505269
-0.5581701336849925	-0.5069594104785387
-0.10233442771089774	-0.10070300496349463
-0.3491250905348675	-0.32348502815817454
-0.3149409534610488	-0.27658921915843787
-0.052318362566166066	-0.05121796780229847
-0.47302572012037913	-0.46831448800021164
-0.05356071664532358	-0.04813102011719515
-0.27634102774394975	-0.3040162746423015
-0.3549530359715982	-0.338622853266459
-0.09596153976510724	-0.13161848210744242
-0.3154525916041342	-0.30736857917044147
-0.3776671929713089	-0.373462421849252
-0.27760523650837143	-0.28820856215306195
-0.17753478808314682	-0.16379326147265383
-0.09451952133096775	-0.14210438817297666
-0.2977306805551754	-0.32835089342272616
-0.31315903304746406	-0.31259201107257534
-0.1790625169812703	-0.17505036574586763
-0.2205497773074203	-0.18240645187430338
-0.5411725610950171	-0.5217155014698911
-0.34020336203944623	-0.316689785074477
-0.2828343512428493	-0.2781351239907741
-0.18921728365503654	-0.19212208472257467
-0.1707268602264378	-0.19139940852719114
-0.09281879371601676	-0.1362816007190056
-0.22812687590474745	-0.19863106921192997
-0.1740480880182238	-0.18147963183050098
-0.12931128465414954	-0.13841865284161675
-0.2677672827570854	-0.2797048500373674
-0.24804296372477452	-0.25591232508375206
-0.1788094425895146	-0.19883339816410683
-0.18183473877706646	-0.17714529227727555
-0.5060877238984949	-0.46504616872582083
0.017646989225097442	0.006203100187559595
-0.0916353239164085	-0.09035724735473788
-0.26972046245949066	-0.2896223370947999
-0.11147744399541892	-0.16264502108140705
-0.3398704448701988	-0.3217673240375975
-0.06271711398468316	-0.07073578601227308
-0.2120549757363328	-0.19391054775746036
0.21439894906553292	0.2233002514298019
-0.17828783707139628	-0.22691133843359634
-0.12481229366081692	-0.10193581479391127
-0.33316737092915716	-0.3624289543684511
-0.17306706146472273	-0.18046264465404666
-0.49405626308343287	-0.48677453812038207
-0.0948911423923926	-0.07641515930807927
-0.31637051878228384	-0.3105523044147264
-0.18390273655426093	-0.1949111764187939
-0.33462387497977986	-0.32228498018711443
-0.18402879401157612	-0.1721478074528066
-0.1689023464620769	-0.17444618541642343
-0.07976394539389275	-0.08301985444406738
-0.2897215578257839	-0.28908286957366225
-0.2591235671936367	-0.2223295521949902
-0.6117679380305159	-0.6165387649917378
-0.5916156424831698	-0.6495539023830387
-0.19364874691213885	-0.1754409165657871
-0.31020054258544505	-0.31973994521305105
-0.26729625168805526	-0.32300853727403833
-0.48841974055010695	-0.5001228789439692
-0.3331043842877275	-0.3502242737042558
-0.22509073576144978	-0.1968318535118537
-0.3381033199684431	-0.3189847906146921
-0.3094390147493744	-0.30790048791577146
-0.1622709540349625	-0.182014145169219
-0.17595757871980844	-0.16750886379992005
-0.08997654944959788	-0.12399138864929932
0.07722045878163097	0.10357884930341048
-0.10803189606142194	-0.09546226297596332
-0.19841699786757694	-0.17888110642421973
-0.18918176462461744	-0.18423618030476713
-0.18356227722915808	-0.1898497947921587
-0.5137323319389999	-0.45963560711968177
-0.29900430568493874	-0.3185291673585892
-0.21878724203068955	-0.2238915010782291
-0.17440098950378058	-0.16845548622411288
-0.1483821739795399	-0.16056037131118292
-0.21654686501122455	-0.2738834336981033
-0.1434848031808782	-0.1757472861702536
-0.247342821394696	-0.23228886777939858
-0.05507125374025712	-0.044229466523314546
-0.3606697882334178	-0.2833666688064109
-0.27303741855635355	-0.29190425525508773
-0.34026959445039395	-0.31241955397117077
-0.3029251593593534	-0.29479145730191
-0.345076955399108	-0.3296177591342176
-0.4361680401272281	-0.4452197672128468
-0.6172467391532566	-0.6124486443929049
-0.22283883467526167	-0.19659333321859346
-0.17684729803923904	-0.2004573839007047
-0.3087699594513751	-0.29727871864146127
-0.19272207986859868	-0.18334178511812635
-0.4569436806725484	-0.45675924739923873
-0.06741580895471877	-0.09957080642466755
-0.3195491552000753	-0.30259874415017735
-0.29378880724431333	-0.31488688233325873
-0.27428318389113393	-0.31509330831445825
-0.06464840270692651	-0.06254962180628994
-8.666376473698278e-05	-0.019339484347962354
-0.2730015953125058	-0.24298997678874754
-0.33519833422173395	-0.2503452733586007
0.0006765839577624888	-0.021144521166884117
-0.5155736040924559	-0.49579044489465507
-0.22232139684431296	-0.2566436951530692
-0.26902570785300917	-0.2683103156497692
-0.16211413294641197	-0.16902621842490326
-0.6258874130500391	-0.6116273155911104
-0.12992735485983786	-0.0935883515396662
-0.3896695939813135	-0.4357048373195477
-0.24294297124890107	-0.34146313650603505
-0.3396048391852631	-0.32272728973492415
-0.5483270118566068	-0.5178999877728281
-0.49017032028061003	-0.4688145017931528
-0.2189615345743956	-0.2609072145126134
-0.26960946612797265	-0.26738768908309896
-0.3871848328016556	-0.41963331353776434
-0.4449108110617246	-0.4676397314378492
-0.10765320304129133	-0.10423913252597795
-0.025249776351683906	0.0028473027691958887
-0.13069347398459286	-0.10915490889926034
-0.2814903073563313	-0.2766537424255335
-0.1892821154718778	-0.1778584670486575
-0.34018494488979556	-0.3021542158096156
-0.6239483675845054	-0.6169479291839577
-0.16136811286688335	-0.1296360083990406
-0.21196953433115873	-0.23003963508767256
-0.3731016907213984	-0.4734246097246762
-0.4333840316660549	-0.4333421760448248
-0.008232811865807932	-0.014950456215514243
-0.47557728393489285	-0.4574147115860907
0.041496087991088615	0.03800627930184447
-0.21374839964905057	-0.208720672454669
-0.4750971911910753	-0.47075512760485133
-0.26536353944170443	-0.27157241794838394
-0.2721283040871265	-0.2896466598670425
-0.13952175751547813	-0.1540815555362337
-0.35574983002946414	-0.33587059753338266
-0.19256642340501884	-0.15195105353975094
-0.486861196964381	-0.4932460438168579
-0.13593168857689975	-0.17236399214687168
-0.32817195448273573	-0.3417565935961886
-0.04262274653358755	-0.04918172172138371
-0.3021008529817655	-0.3323830491601814
-0.30723671283739673	-0.3177733363913427
-0.5054129331796151	-0.4875002588941604
-0.252210874134815	-0.3358988698521628
-0.13183596968701394	-0.21526804395086838
-0.30645699754135514	-0.2854231299476967
-0.32307039913956803	-0.32686821630470775
-0.382304652009374	-0.3758004187679823
-0.1952230504076775	-0.23486969601189367
-0.2638736681710725	-0.3014771898769221
-0.48810195539723367	-0.4631728925127901
-0.19187920263259173	-0.17954555938858946
-0.4645687793706301	-0.4872513980120147
-0.35239154608717094	-0.3328064524178181
-0.08321308360459945	-0.16896976445119904
-0.24085699115496872	-0.2510575782123012
-0.1290462272656132	-0.09974236065809124
-0.2524557935367735	-0.28868317748796235
-0.3146866093821288	-0.28345084377105945
-0.3970639611068183	-0.31823110911914765
-0.004663166951347719	-0.004926326095625943
-0.24111515074687695	-0.19947500842187726
-0.5176045486906746	-0.49786223865102697
-0.13710920266562177	-0.12840191643563023
-0.037259421199714815	-0.060583357962253635
0.06402405317260751	0.05209322553759886
-0.5400771065895977	-0.519695698327815
-0.13426801134727206	-0.15520731428923382
-0.10840224180095959	-0.09408653130558349
-0.5302068125622084	-0.49592828708787995
-0.18291434386764927	-0.18027468544404204
-0.16577093827928113	-0.1673899500030955
-0.09362707191718656	-0.0909944743616277
-0.15809145540808256	-0.13493568177880594
-0.5364870453757646	-0.5005619500137898
-0.0742440160214839	-0.0765756007774463
-0.2963597634914832	-0.26516668455011
-0.2771350807582511	-0.3034297612231074
-0.10522980809391136	-0.08010383987900947
-0.29306560522663716	-0.3093115215188493
-0.2713939046553637	-0.30100490627732085
-0.168203691321966	-0.18230569511882422
-0.15452150579904078	-0.1478773123053981
-0.24515620758968737	-0.2416320059708233
-0.026626958840498816	-0.05464597952678004
-0.2712066261126349	-0.31506612901179304
-0.41151391548433125	-0.3879156833698902
-0.09870207586152446	-0.07914667345640011
-0.24455142113217043	-0.3244942479699479
-0.07367852700617927	-0.13801978057177966
-0.07116763298709472	-0.0958664065925604
-0.06010627434623039	-0.10469034605576226
-0.3513177958106084	-0.30689702155251614
-0.5450946574077795	-0.522262340939091
0.04821667388339712	0.007346252182815403
-0.0942964859872717	-0.10022915786040303
-0.35098765364206574	-0.3025389571232302
-0.1763906267196962	-0.18177430706379055
0.040948561412958995	0.03918130428503201
-0.38453733520869626	-0.31656787049229296
-0.048360986092417235	-0.06766943657170567
-0.09889160245980833	-0.09159407935570228
-0.4911694299551579	-0.48104301950398026
-0.47011040380630664	-0.46188457630658664
-0.16690525679750046	-0.1737796392124867
-0.22287562033544184	-0.23213233514399864
-0.17677861635959768	-0.18858373013128515
-0.3188822592829421	-0.36334410211474
-0.2985284272622808	-0.31572269061849445
-0.36720690243451326	-0.4175679187204333
-0.07221926174304816	-0.04642095120938379
-0.09127789627447669	-0.11704935309256477
-0.18239296687414353	-0.184442912353872
-0.29595046175872497	-0.3041035566913051
-0.2639255872040751	-0.2679148296169771
-0.19357512277814148	-0.19927543888020444
-0.6035195866141194	-0.5932369803588474
0.051148227414683944	0.049903929932073675
-0.22403511940766663	-0.23997448303057295
-0.5289990701275835	-0.49268134619409093
-0.2628825752257047	-0.3663446074455616
-0.3357533494151319	-0.3248506064317016
-0.3092063533299054	-0.3377685907021375
-0.3482189178981372	-0.34425770854011634
-0.14745356238809926	-0.16073182276621958
-0.14035217923077248	-0.19513515886594493
-0.32004898937265835	-0.322142791480619
-0.13697706706375623	-0.14191510413864322
-0.08759744039578177	-0.07534432287968171
-0.26883072522737805	-0.2756261569920274
-0.28583518357932647	-0.26599540442792274
-0.3033021919465799	-0.2928424491179825
-0.32424366908013447	-0.3159374760345364
-0.49458294879847653	-0.5053414881072045
-0.25719951832236987	-0.24451474235722861
0.0336012717226124	0.03184053684447916
-0.14598918837990382	-0.17954808961506055
-0.4573206883411842	-0.35642801280069014
0.034577354358702905	0.020697704856263155
-0.052345222894381926	-0.06002856165930874
-0.5055118882884502	-0.4984524906519065
0.012792992655155544	0.0038408632433163444
-0.06328816717536423	-0.09646045326758845
-0.23881019507264156	-0.26906630315728863
-0.08451286955560011	-0.06611420290901282
0.008816431648311251	0.009989188040058165
-0.4716420711861087	-0.4111116698114994
-0.01121312410592612	-0.02008800303624643
-0.47800592337674086	-0.4816304343222719
-0.6344656763295511	-0.6213305866754804
-0.4763981641541353	-0.42561649060561696
-0.2643340236387708	-0.26725866285912186
-0.0956279879755666	-0.097279794694615
-0.1710766400627275	-0.15164588088391232
-0.41404321685237555	-0.41659617362954027
-0.6070011182698636	-0.6123214970099634
-0.44079161551209367	-0.4781468672558488
-0.17815854829391853	-0.19213036268307368
-0.3997766660992763	-0.44063730120208744
-0.43743049607501483	-0.44610810186143113
-0.6340185991322516	-0.6532557343138216
-0.5255673206270082	-0.5403846010143809
-0.2605340871910382	-0.2690381280657982
-0.568539135374051	-0.5650569049003701
-0.596292177816105	-0.6769040938200673
-0.13545574592049547	-0.13851426197573413
-0.29896982100646063	-0.32748161889204047
-0.14883675964429433	-0.1232943161918048
-0.1350386470863203	-0.14237386509391098
0.0795585809064443	0.05798027109076319
-0.36682853824328276	-0.3926621201051325
-0.3713087868205722	-0.37060827734567003
-0.14310843580067178	-0.12503391493228289
-0.370680700069542	-0.34623772692795285
0.0684863417305861	0.07445083847811333
-0.3441890686925575	-0.34216422916223965
-0.36779319026301316	-0.3199756055629156
-0.19488365920616246	-0.2324917330179564
-0.2533955839523774	-0.2826465879081445
-0.49972810968494574	-0.46398578023806114
-0.27725370579682185	-0.2924058155551827
-0.20014958664406102	-0.24629737660820789
-0.40828012049302664	-0.3340196274158687
-0.16650521693056852	-0.17021603760135504
-0.05446828057495612	-0.07869930463441858
-0.4042136023324705	-0.42276157718407176
-0.13455707641198522	-0.12123286645193972
-0.40674163436153066	-0.5145121294428686
-0.11558452414133935	-0.12383437482285868
-0.10410710416931757	-0.09994740597155681
-0.2315478312689523	-0.24688085501885076
-0.16890135280893315	-0.19241490394044938
-0.317951118893669	-0.3397917220590494
-0.2961497295206721	-0.3163829311762062
-0.11567112908638322	-0.092477861941531
-0.4134038105587585	-0.3822318147022481
-0.41926401053039264	-0.4046630873382616
-0.5036348910411927	-0.4761526390637246
-0.06750199253141709	-0.0700497729947937
-0.37016233460748893	-0.31747694292387846
-0.4208782150999184	-0.43204105262144565
-0.41496244478045696	-0.43427688879812354
-0.5975421528522116	-0.5945410968363656
-0.19088239513432015	-0.1782462188913164
-0.4841781088066295	-0.4719023077683282
-0.13191866374883343	-0.1203963618993788
-0.25532915184488836	-0.2645753222838403
-0.12536981391155688	-0.15917405426897127
-0.3484805393564576	-0.33743167615631925
-0.19066966203336122	-0.13427097505459237
-0.2871442008915972	-0.2789667968835813
-0.2102398639019354	-0.21050324207400548
-0.1304306269197184	-0.16387083025626026
-0.01794530501505598	-0.0016787888864751176
-0.17313667004698452	-0.18223934550311827
-0.5095213507753824	-0.47156740544625825
0.0627733825338943	0.054911887132149374
-0.2451504175933792	-0.2522812036409966
-0.2290680522794215	-0.1560959333198699
-0.21570850959906895	-0.2164508879451221
-0.3940024941414224	-0.37865651976738196
-0.17573593567196966	-0.1796082461669834
-0.6101720974406426	-0.616861962127089
-0.1990337072355297	-0.269460341374017
-0.010688601632099726	0.004069717935615248
-0.1943137555866894	-0.18742026632905134
-0.13374546388195796	-0.13797871775310572
0.13681362323591983	0.0995475130123082
-0.2192220126600848	-0.23090736411125595
-0.45706827859173416	-0.4735703378903275
-0.10364513775640027	-0.12150852433178588
0.010543160787424455	-0.00014832078593032688
-0.1257614411484962	-0.13451987399453322
-0.1708632101432439	-0.18366054022718534
-0.05096347518913369	-0.05469844963912674
-0.4667576199034018	-0.4021754988353008
-0.1754216641840447	-0.1808190098829065
-0.06440137332636198	-0.05715280535789349
0.03574939080264716	0.0037844855468337317
-0.15010868067061	-0.1471116324442046
-0.41887033811959995	-0.42459240933485654
-0.2064983614443996	-0.20671724239567277
-0.31912264878956975	-0.33714405583400847
-0.3545692130526277	-0.3155550391492001
-0.06343448702784471	-0.06673854320864978
-0.08882923595256642	-0.08759950466497565
-0.211993051932712	-0.2569797351318887
-0.08653968081937435	-0.11640590369378126
-0.37827658310327195	-0.35381848132141136
-0.21330793298700446	-0.21825946788144912
-0.31388853401990335	-0.3164354990118583
-0.1804770624623373	-0.20117683889016394
-0.2870874833513888	-0.2733891802185989
-0.5371516469731255	-0.5369867941492883
-0.4028370194869506	-0.3853883203230754
-0.3856429706420208	-0.3381752165456714
-0.046265796707912976	-0.0419349131093966
-0.08831531242676505	-0.0786811460225052
-0.15659788165229216	-0.1680557890402974
-0.0642519740999008	-0.07628305775584009
-0.20684143375819541	-0.2017636021820793
-0.1362657348684948	-0.13732319784600744
-0.308337658893322	-0.2986281408591787
-0.20972502705475726	-0.1920975351458003
-0.14225603089447958	-0.1450980365334689
-0.1837508239637824	-0.1966638465367724
-0.11318006114042234	-0.13743295368345934
-0.3492813086565292	-0.363600562119452
-0.6132238032015849	-0.6107082615017906
-0.06375352296231895	-0.04191153367318631
-0.6090219980751943	-0.6009371241456346
-0.18132240101571995	-0.18128809122073375
-0.5695284367025266	-0.5956086907296861
-0.20763764941618668	-0.21951169751259056
-0.26564334268278067	-0.2728889098758265
-0.5049195304413203	-0.5091937524550446
-0.3421196756993936	-0.31029348387888117
-0.12888485792983317	-0.14851839764583752
-0.4880748053290134	-0.4781202740892846
-0.42885132900081135	-0.41495056258480284
-0.30621694682406364	-0.32225301817484125
-0.1558738120575116	-0.15739370052083934
-0.3410639109305018	-0.3221705618904542
-0.5184830035833947	-0.5113868060695317
-0.5482649982507155	-0.5747474293336491
-0.3801532730539847	-0.363081823079132
-0.16998882814394456	-0.17224911752736444
-0.17185278557959638	-0.22240940300887577
-0.007528615023773	0.020121210081484247
-0.29807287543219196	-0.28598078945160166
-0.22404172072571793	-0.2207447197247667
-0.31411326473846035	-0.2787327683900604
-0.03323059580704246	-0.01124854775056495
-0.3776258757611206	-0.3395481287065232
-0.2777668703263032	-0.2774469220570381
-0.438425024281468	-0.41005068868137606
-0.5854585525427307	-0.5897758047203685
-0.5355751924617405	-0.5222197671155755
-0.34758144994063933	-0.38004882256022116
-0.24902603591165828	-0.26524056098155036
-0.3718454942331064	-0.371887126328542
-0.11491196906598233	-0.13500379538292478
-0.37040632502148974	-0.3760092314583994
-0.08660681068795917	-0.06793923192009821
-0.563213667007405	-0.48473301869632757
-0.18922400042059184	-0.20282994397399762
-0.4658454168466317	-0.48217925008006846
-0.15748043364021136	-0.1648655553651547
-0.2654870415125199	-0.26941058665938067
-0.04503325534951763	-0.04350372992826816
-0.4637034269055835	-0.4792490835193687
-0.12069012499420317	-0.10629489708648286
-0.14692675057396976	-0.1283231627814964
-0.2724596538432973	-0.23311229666350938
-0.6127157270157539	-0.6114339452188738
-0.26261292057279917	-0.24892682361103485
-0.08610685904076298	-0.11966406115283773
-0.27254755559859234	-0.2748005206572186
-0.22790161332937764	-0.2577403503504015
-0.4128748091941299	-0.3762701775691478
-0.1798206452149813	-0.16303135546088202
-0.23693751494734983	-0.28664102752293485
-0.47545165351314367	-0.46116827126250337
-0.35396617952156717	-0.30145704499200254
-0.34850059105489173	-0.35105030806495996
-0.6104855930092397	-0.5930514378561544
-0.4490999282259063	-0.44282040814791046
-0.07762817571496328	-0.071055219491478
-0.1547995019578563	-0.22162239475110393
-0.2880751055744213	-0.3439462111473981
-0.22941508718311443	-0.22615600908756606
-0.537021496751418	-0.5422078519889546
-0.24586611869626562	-0.3034177781943443
-0.42490800044881816	-0.4531397206106486
-0.42440983357526996	-0.4168508506758551
-0.4804202046561201	-0.5188768475998221
-0.0989286923700794	-0.09072032443370062
-0.19379285447202843	-0.18790705702859423
-0.5163118862123834	-0.5022025268251129
-0.15798657581614428	-0.16108378740372334
-0.45660984376285185	-0.4311193633046836
-0.4827103746698578	-0.38906240210445064
-0.5010869062745966	-0.5150239485227216
-0.5165408481839986	-0.4900799761759225
-0.17651042083454271	-0.16994554904827844
-0.23185708704886387	-0.2078253279275228
-0.43849330913023365	-0.4342815456941059
-0.18716402965765688	-0.19307543782856604
-0.18586106368750777	-0.15179107972878278
-0.3217904377142826	-0.36878104464360995
-0.315224076383541	-0.3160670610957842
-0.3284847745429831	-0.2539703876510053
-0.3378208515442367	-0.2776286508511385
-0.2599927223770031	-0.29147664855887384
-0.61799486297447	-0.6110453777984749
-0.2150626355257872	-0.26960946671082325
-0.08281861652625544	-0.08233865324070301
-0.4617210044707267	-0.47503093954779074
-0.23625109627062812	-0.24294473205535613
-0.42539962838486467	-0.4420899419875391
-0.07335302065355975	-0.07801679099076657
0.03688049266877247	0.015486236420123133
-0.16601300394649776	-0.15438554832321486
-0.22115946748989312	-0.2079403935331439
-0.10945705578562137	-0.08370675917705984
-0.12485339617725444	-0.12438268940454256
-0.3004078950509186	-0.25947058335201817
-0.626047862346109	-0.6196412766062913
-0.36769183804852634	-0.40050792841966476
-0.043463019013369575	-0.06088085199686569
-0.22112229571474895	-0.25256089227168516
-0.2981492356938027	-0.31565032783715335
-0.4362275513343814	-0.5046896738107172
-0.45440983413717717	-0.4504328041156615
-0.016489666837146366	-0.009649669167518828
-0.08801190022095362	-0.08560187930842235
-0.27994522676802536	-0.30212283350780367
-0.3484741470390711	-0.3367843684321775
-0.2704812777932357	-0.2538132745314865
-0.330935344600074	-0.3038677340683741
-0.047533010029289	-0.06140196207196999
-0.4787870336250366	-0.43766340072380977
0.052509480367725736	0.04146779073930996
-0.14807727112771296	-0.1425259266685567
-0.06515455854256391	-0.06835388483129014
-0.4017853661173536	-0.4326534428735297
-0.1923470543216501	-0.18761218151710024
-0.6050796051088341	-0.6147236366494632
0.016169187095140813	-0.0036627635998631725
-0.588559310843829	-0.5672075883502625
-0.1432448497713752	-0.17309602129038756
-0.18749288558436383	-0.18371958059798962
-0.33107802116922525	-0.3586955823070552
-0.42522569163925183	-0.39320127426749074
-0.3424944780329726	-0.31222543922036816
-0.29100506952683425	-0.2946627567853942
-0.17753340947348484	-0.17857193005851238
-0.442734073701617	-0.40062839535400957
-0.4940024525850948	-0.4967384850723797
-0.004162602781960345	0.00021329216728830413
-0.29468178397528	-0.30421654063790904
-0.49452800396492247	-0.5077414675642321
-0.33146314946936606	-0.36548399333745485
-0.020625841429503744	-0.04557664563918339
-0.3338634877285944	-0.30096773121176207
-0.1633262460001017	-0.15964475714643503
-0.5167858792810787	-0.5096801158935801
-0.4925540424708359	-0.5034961131020361
-0.025496241996575186	-0.02794700217496903
-0.23239365400184475	-0.22205267846923696
0.03666106133403346	0.006238768274794925
-0.2492069570743265	-0.23868046278618785
-0.3056614468813059	-0.31160439997720424
-0.06799875637280817	-0.07047122452162738
-0.32840043240574524	-0.3484406093363623
0.0555182739041955	0.054552124920271006
-0.48897016235993274	-0.5036534514112263
-0.3128578018982857	-0.2904066479100762
-0.07487885270286743	-0.060766894343197465
-0.1269518268640395	-0.12235594509279728
-0.5310550256064523	-0.5725207080234445
-0.18814733690705587	-0.24419202559381123
-0.3601688757841792	-0.3409167894749244
-0.08190327560864041	-0.09181272548268742
-0.46884605825372994	-0.4597913632236022
-0.044944313180135254	-0.023819370105255384
-0.3489201544475442	-0.3562064037815181
-0.321945807773683	-0.3281854246977997
-0.3078449631054827	-0.31687624149641497
-0.3774510149203101	-0.3821912352914636
-0.20172469298068485	-0.25885745583724473
-0.048322346163885754	-0.0750021341506091
-0.266441604667933	-0.32711737584386036
-0.17776533848226173	-0.19910390164155983
-0.19512809182234747	-0.18568098907431074
-0.2351155674732608	-0.22589663084106898
-0.09910468475377421	-0.17996762325286245
-0.009497900255592384	-0.02496481518151746
-0.36743334195426236	-0.3368731239997849
-0.19202292701405543	-0.2082378123442373
-0.1973287329974367	-0.20303980668111715
-0.4512522892145485	-0.480383574596383
-0.12546028498647388	-0.11486625655681221
-0.17233829921305954	-0.16590770656398218
-0.352465743745773	-0.3727599832266358
-0.03921401258950752	-0.036477122631701574
-0.25608839319522847	-0.23425181419879493
-0.0180138378232364	0.002686913464731988
-0.30100367727063126	-0.30355984577450557
-0.05920716046950414	-0.054854632898095966
-0.1369500704033051	-0.1286102341978427
-0.2845735313297135	-0.2732653740606556
-0.36412320433742984	-0.38256091255253094
-0.11694770670040366	-0.07620664457979388
0.022940459842677896	0.029994540343665693
-0.5109585308990399	-0.4894081644128995
-0.1171533109934213	-0.11802849501856509
-0.19669940372319417	-0.2249055881467769
-0.26797947791379073	-0.27997443627762786
-0.13497813858937313	-0.1413763284982973
-0.25276726293899987	-0.23892570914319558
-0.0977899118150587	-0.10885215791652446
-0.24347264221111864	-0.1928317815000452
-0.47739705573245406	-0.4934895782789044
-0.5206022740659879	-0.5271378387157252
-0.17377924444596182	-0.1706097106848476
-0.44364673460502857	-0.460754892844517
-0.30568230145795106	-0.29191822275044615
-0.16374695698766573	-0.12545125452319308
-0.2971159368134071	-0.2828988219957281
-0.1569350260851845	-0.12654062525486476
-0.5002914278546609	-0.5004840367345272
-0.38340579158474863	-0.3619909482561525
-0.20106986398350823	-0.21449133376074866
-0.022961809064995897	-0.022528210858101833
-0.3080954802982703	-0.36585444922510424
-0.07776580816631196	-0.009637640541575846
-0.31292604877468655	-0.2713626590991983
-0.5346069325826033	-0.5235663399735563
-0.6267998580838672	-0.5457191620402875
-0.3278680004493726	-0.27536251629962244
-0.19228834650861337	-0.2036726913013422
-0.16295408330791972	-0.17485750671425937
-0.20258174260629858	-0.20935875241066937
-0.1973612559328597	-0.19690782114944622
-0.17480567313304363	-0.17261830261011663
-0.45287281655170375	-0.43689999477610886
-0.13142170131189435	-0.11994535051696792
-0.2991979487666949	-0.2769771152877968
-0.22729288240104495	-0.254961556562533
-0.2927458435149344	-0.3217779714032601
-0.13222842759637388	-0.11650896503652879
-0.27828647078063806	-0.27930829992123485
-0.14139115509952838	-0.11293369734877
-0.04687938554999871	-0.053564514420662034
-0.1896473471354554	-0.18981297922619356
-0.4136029576355824	-0.4445897033297259
-0.355433999950888	-0.33256438292781304
-0.16047020919345556	-0.1541193519222365
-0.501316920038855	-0.4997580103063232
-0.14707706220729566	-0.1700514945307148
-0.4346365127676073	-0.4498108129642577
-0.1728864360354132	-0.17952256174205056
-0.14032256190853598	-0.13148005922527461
-0.4386716541054909	-0.4722320453628079
-0.06070174300308562	-0.06199703272810713
-0.3240887753950963	-0.30182507258530183
-0.465296311510464	-0.4636566399967122
-0.1031145967497249	-0.2223913106022678
-0.5501105005088478	-0.5601734579976911
-0.19210411823573104	-0.16899386844509748
-0.3281131487652935	-0.33760426367750895
-0.14060377064845397	-0.0921689632279139
-0.43703337779921103	-0.4376425492042729
-0.25437587463726175	-0.27139475844864774
-0.35020424316076415	-0.36341351940099664
-0.29897352520991305	-0.3033681542630481
-0.5134596302662242	-0.5252805773991707
-0.1262517070765341	-0.1172604679814201
-0.23103929876029738	-0.2620731968442094
-0.5944955979813589	-0.5641663177926327
-0.14904542235635088	-0.13537270656961378
-0.3121737320056397	-0.3268925239110408
-0.46900203245620276	-0.4675442331354338
-0.09157334941332529	-0.0973709591104012
-0.1915949639536958	-0.16049148298070762
-0.08850873282667493	-0.19908179788739525
-0.17555303873119854	-0.17243500112861487
-0.314356624181106	-0.3469164229138007
-0.3905432458663842	-0.45181189099634184
-0.17992425301659676	-0.1737193691718306
-0.5692769449759592	-0.5216874818001739
-0.253420010753004	-0.2536139280702263
-0.4540549478964806	-0.44407994040038173
-0.4891061760767279	-0.45478442621351034
-0.08048233076245026	-0.078766377829573
-0.2547417830611698	-0.27159732258620956
-0.299688686908798	-0.29112695289835305
-0.33840092302981617	-0.32432993683080547
-0.3396422941647428	-0.33392267811891674
-0.02778346431679246	-0.0034479140414987366
-0.4605613795815069	-0.45958311945566827
-0.2901816482263735	-0.3064708533522982
-0.18435591001740548	-0.22377072824282487
-0.20786997285364084	-0.20664176011277915
-0.057616960236384074	-0.06211072045034584
-0.28821985937802985	-0.2845122948495439
-0.2729893605011835	-0.2703810531847226
-0.2896335017562599	-0.31639342414259847
-0.1284754129278074	-0.1509324554547868
-0.5140077144121982	-0.4652995288195699
-0.16528805076967235	-0.1414462564231182
0.08722741362355357	0.08547806235803876
-0.47669718048364906	-0.42108460103266465
-0.13148596918702804	-0.1300847787229264
-0.2516031198734101	-0.3149743971989287
-0.16752326768943604	-0.20123571466526977
-0.4799988912968951	-0.4288368589313122
-0.17411503519519567	-0.17542715260906264
-0.300589160833443	-0.2622701164979054
-0.2379274820032613	-0.22206211605230572
-0.07007562187404304	-0.12207594417313511
-0.3123830526202642	-0.3395399060764936
-0.49067503682675717	-0.46940685256713766
-0.3063950149466743	-0.30150366827753705
-0.07769868447884498	-0.07913366240316086
-0.48247973151550383	-0.4903551384125558
-0.29459406940056354	-0.2944182853158108
-0.46723225670384405	-0.4529940733401289
-0.2891177457372791	-0.275784792698751
-0.3216707252452444	-0.33685251509440456
-0.04075799352640708	-0.06987165575459277
-0.3778972456753351	-0.39228840628625034
-0.1058691700166765	-0.1089625810091731
-0.10836263898938903	-0.09963267864331043
-0.24809551927974205	-0.2617842651016658
-0.3085724783820041	-0.30316217832766984
-0.17323067868052178	-0.23803862963871894
-0.3751467354732245	-0.4068483175124572
-0.10547774356702799	-0.09599331769860343
-0.43691636630720154	-0.3632209265637122
-0.225741420113442	-0.22790735722342503
-0.05869228947282057	-0.06109285101006215
-0.45923353650981547	-0.49290611911970894
-0.47338287147731783	-0.5084391641525002
0.2512967149770615	0.21637143220245014
-0.3952449163622447	-0.3492299983209361
-0.4001169046482893	-0.430444151852575
-0.13186197266490396	-0.06092902286845911
-0.5407742780664329	-0.49943026060503903
-0.17621720396741658	-0.1746247674934389
0.030018237334656916	0.028619019218001
-0.3414887371981017	-0.28911341954784525
-0.1831278525875284	-0.1715866686992087
-0.4528779289933613	-0.4212357518229994
-0.3666185385481908	-0.35405972967511123
-0.28244233399698526	-0.29390437186532387
-0.6076734773735915	-0.5911716333290307
-0.4097707738291785	-0.4194950780254819
-0.1095435920433081	-0.09110666721608517
-0.3247566002223703	-0.29928209132854366
-0.4670602971535125	-0.39092582365084344
-0.18245008677730645	-0.17722972058681952
-0.4576047380397057	-0.48044869078004826
-0.20513614293485105	-0.16050322607063788
-0.22213678709085194	-0.23197777425802368
-0.5872782371029066	-0.5963980867988314
-0.06949125781624232	-0.05633491986416298
-0.27646272967787944	-0.2733296708135763
-0.18846778969917555	-0.15307776719406166
-0.2294735425656631	-0.31578581959686985
-0.18469280677120103	-0.23950559291401413
-0.49308051186297597	-0.4890035536647748
-0.33705840593538916	-0.29486461304357586
-0.34120846412138484	-0.3431598819357646
-0.13191740382212647	-0.09792471601483478
-0.2140779684793621	-0.22459328685839916
0.03525863732449164	-0.05145071168256162
-0.21821428955458888	-0.23454203899542367
-0.09593727105787941	-0.12466158050221035
-0.5999906856537791	-0.5439230953869313
-0.045916871713586715	-0.0807817726299964
-0.04490962701161649	-0.06676857877628695
-0.2462671338759863	-0.19319387928969137
-0.399961864781158	-0.4067963959160309
-0.33690467194671214	-0.23229499492338765
-0.16388029095392742	-0.1645128185539272
-0.30394366083987734	-0.3174719271078591
-0.18163627244524605	-0.1885015170520243
-0.02673200225896455	-0.019093003602854586
-0.03636900790939368	-0.024905487258234698
-0.04911969753169565	-0.05968694296764985
-0.4678453418910511	-0.4514387593775889
-0.4404955526574774	-0.42354475690859206
-0.2229084038060769	-0.21402760194504347
-0.5231872546941609	-0.5201435868176898
-0.3455511582140307	-0.31970038754638397
-0.3386594342194993	-0.3235016067064011
-0.4598873750187593	-0.40581387793888396
-0.2976816286795074	-0.29467583670609704
-0.1731521628345698	-0.17872845236542595
-0.2548494613161374	-0.26642168446986786
-0.3552357067753764	-0.34022581452192374
-0.6131461562264828	-0.5443747551531095
-0.19925727959698758	-0.22439729217517076
-0.3232427940992153	-0.32643543294067623
-0.1827360991329261	-0.17970622356315535
-0.1238314784102501	-0.11303366765732721
-0.3074253229227457	-0.2991799174836646
-0.19628240347113923	-0.1858069539165056
-0.24640814513113796	-0.24892418276785244
-0.32859498738741877	-0.33474639814360097
-0.58701842513985	-0.5944337427778104
-0.3591701010758275	-0.36364752368693226
-0.17992811246666562	-0.1698371144770526
-0.21276588255389228	-0.20769982671292708
-0.28064079877134596	-0.19054696298745324
-0.293449940138494	-0.2955743879351076
-0.14848681607357506	-0.1645162653887799
-0.40158774174791567	-0.47971966353502893
-0.04109577829550748	-0.10569177386694224
-0.248747441861342	-0.24033934530418508
-0.21092492067480428	-0.19275511271742843
-0.4443873323911589	-0.4212644120116124
-0.3728716891156978	-0.35853973375034487
-0.4408744486399012	-0.4752442327246862
-0.09279943331122098	-0.24997299828798003
-0.27783391311663763	-0.38096713697730883
-0.10176790352309162	-0.1549774588241837
-0.3453284485973498	-0.3378668129951465
-0.06220977485893364	-0.0820590842308178
-0.2971781951325969	-0.28789574913784016
-0.3939830708754304	-0.3464292057544644
-0.4188600716931017	-0.35747456568023456
-0.25813587981000374	-0.25136538516045875
-0.25175611998679415	-0.23903413019073
-0.4630166744514135	-0.4716146271457699
0.059168891768852205	0.063083885443801
-0.40562849271914203	-0.4138861350549087
-0.5521647600036896	-0.521840703730452
-0.3049003312751015	-0.2995013014735198
-0.16656791517014735	-0.17507221436905976
-0.18004654815001686	-0.18420449157001997
-0.23303699301617442	-0.20913316195257958
0.03591230703162118	0.012546975025070286
-0.30560466549566456	-0.32554311775076905
-0.29598212359722886	-0.3039313226026856
-0.44670828878387603	-0.47118366434009007
-0.354036007177994	-0.35855318060887964
-0.12571875582617587	-0.11558235976894406
-0.44387183361360716	-0.4447379970644382
-0.507569567788325	-0.5108212586074339
-0.4740929697283516	-0.43505675038625546
0.046548520976459784	0.048008884815257453
-0.2384268943776071	-0.22896877020441664
-0.10010986242939524	-0.11447712215619628
-0.004639600312275505	-0.03661792063393638
-0.40362224284429704	-0.42686957920461965
-0.14159892503738014	-0.13217009677191272
-0.2748553193561172	-0.2764395560953182
-0.49218489179607694	-0.4787471432741204
-0.45596030249384967	-0.4505462281453702
-0.09198452326618511	-0.09255956502362232
-0.108099726973645	-0.04401187139310281
-0.5176100521105029	-0.5233575906592338
-0.3592749558791315	-0.31561218609474745
-0.19276454454578662	-0.1732498352371027
-0.13877786061370934	-0.14058297566841843
-0.09453451777098998	-0.10201184449814714
-0.05928166533905532	-0.06102793539663174
-0.4742734184715145	-0.496302639851065
-0.13088873414129942	-0.12028493309163313
-0.6216505411376696	-0.5710408990216935
-0.5440126910949861	-0.5348864882234504
-0.17266337248970842	-0.16852438792885494
-0.24821165928346467	-0.359755647098523
0.0669559744352286	-0.062439297537820175
-0.01819893096911329	-0.019474174036112766
-0.1806289667597918	-0.20191888147126735
-0.1728629738325882	-0.17900472010774976
-0.23401572657653702	-0.2368950231284151
-0.09303252116779959	-0.10639661670008685
-0.3419300969233241	-0.31345191541284584
-0.022725182833839952	-0.027635743479577507
-0.42137695642252027	-0.3435756102430097
-0.3107078184876553	-0.3160550588408627
-0.10837036364619568	-0.10363863629520768
-0.25956530252325294	-0.2692095821386758
-0.4601192587451033	-0.3380992900274571
-0.32781960107618247	-0.3289397532381778
-0.19566595294888423	-0.18467733163740777
-0.3806158827665964	-0.4032968379094393
-0.44894741312883646	-0.42683350048875174
0.0024018463510051546	0.008025918262389463
-0.1339290795395165	-0.13480245598663398
-0.28867819801646455	-0.27754177088389176
-0.06438090694626197	-0.030302034427361756
-0.22575780550624192	-0.21853050581075947
-0.4403931961077623	-0.4333743057964291
-0.1731849521891391	-0.1794681289119159
-0.41673464267813465	-0.42073008170402154
-0.23753964578734355	-0.20231373698633595
-0.46323462908665825	-0.45721830007978603
-0.0674153114285101	-0.03960739075822073
-0.5025614452159441	-0.46240306448753493
-0.15867551902323118	-0.16813082932445744
-0.05318097201528538	-0.044692476432014336
-0.010578481824846442	-0.005459159539826047
-0.47161778510783314	-0.404760731910807
-0.3116583682919378	-0.32606632319943823
