2.971732019036060768e-01 1.956905534277768657e-02 1.000000000000000000e+00 1.000000000000000000e+06
2.971650484237046141e-01 1.956893409716620527e-02 1.000000000000000000e+00 3.162277660168379080e+05
2.971393314180878487e-01 1.956856477675818565e-02 1.000000000000000000e+00 1.000000000000000000e+05
2.970582522630519362e-01 1.956744423658492854e-02 1.000000000000000000e+00 3.162277660168379589e+04
2.968021833973948365e-01 1.956390147173705379e-02 1.000000000000000000e+00 1.000000000000000000e+04
2.966414283289282028e-01 1.944539285609614768e-02 3.162277660168379394e-03 1.000000000000000000e+06
2.959956677234445444e-01 1.955270532424752822e-02 1.000000000000000000e+00 3.162277660168379043e+03
2.941019006384474888e-01 1.940557975185046996e-02 3.162277660168379394e-03 3.162277660168379080e+05
2.934772511509112225e-01 1.951737411560658733e-02 1.000000000000000000e+00 1.000000000000000000e+03
2.864140183763893566e-01 1.928885960467466645e-02 3.162277660168379394e-03 1.000000000000000000e+05
2.858200430590588370e-01 1.940648851057191066e-02 1.000000000000000000e+00 3.162277660168379043e+02
2.648650586691961295e-01 1.897524225763887532e-02 3.162277660168379394e-03 3.162277660168379589e+04
2.644680401733687791e-01 1.913211403377857237e-02 1.000000000000000000e+00 1.000000000000000000e+02
2.172146342113314699e-01 1.756077093052768601e-02 1.000000000000000000e+00 3.162277660168379612e+01
2.170697389130707700e-01 1.744061108559610135e-02 3.162277660168379394e-03 1.000000000000000000e+04
1.543522376442220956e-01 1.828668048545269154e-02 1.000000000000000000e+00 1.000000000000000021e-02
1.474426384476452134e-01 1.448939891669576326e-02 1.000000000000000000e+00 1.000000000000000000e+01
1.463177447458685609e-01 1.423925511405992571e-02 3.162277660168379394e-03 3.162277660168379043e+03
1.463142153054570183e-01 1.423846556620881644e-02 9.999999999999999124e-06 1.000000000000000000e+06
9.499360835056699925e-02 1.401746637073520395e-02 3.162277660168379394e-03 1.000000000000000021e-02
9.474280312638153068e-02 1.399016527025196202e-02 9.999999999999999124e-06 1.000000000000000021e-02
9.474201718312288967e-02 1.399010573638350720e-02 3.162277660168379191e-08 1.000000000000000021e-02
9.474201469768461781e-02 1.399010554820949957e-02 9.999999999999999072e-11 1.000000000000000021e-02
8.912076534905363778e-02 9.954708498369888373e-03 1.000000000000000000e+00 3.162277660168379079e+00
8.690073243754169174e-02 9.661364832683205783e-03 3.162277660168379394e-03 1.000000000000000000e+03
8.689396683300569524e-02 9.660290195404049041e-03 9.999999999999999124e-06 3.162277660168379080e+05
6.657250842342310460e-02 1.200421853417801485e-02 1.000000000000000000e+00 3.162277660168379134e-02
6.480817439983040107e-02 8.063514218257862229e-03 1.000000000000000000e+00 1.000000000000000000e+00
6.172593384510526027e-02 7.678466206757237310e-03 3.162277660168379394e-03 3.162277660168379043e+02
6.171840022714815410e-02 7.678181366426491648e-03 9.999999999999999124e-06 1.000000000000000000e+05
5.328101750473549642e-02 8.301029219662893477e-03 1.000000000000000000e+00 3.162277660168379412e-01
4.978066470899113888e-02 8.195038889552051786e-03 1.000000000000000000e+00 1.000000000000000056e-01
4.952698945453004598e-02 7.580852785337472907e-03 9.999999999999999124e-06 3.162277660168379589e+04
4.951994591656093403e-02 7.583735464398323918e-03 3.162277660168379394e-03 1.000000000000000000e+02
4.018478307300463181e-02 6.732557705114913631e-03 9.999999999999999124e-06 1.000000000000000000e+04
4.013398934951804831e-02 6.726274165699720406e-03 3.162277660168379394e-03 3.162277660168379612e+01
3.813414447737283053e-02 6.936799878786935152e-03 3.162277660168379394e-03 3.162277660168379134e-02
3.810076083913443989e-02 6.977179024594202562e-03 9.999999999999999124e-06 3.162277660168379134e-02
3.810070112018010963e-02 6.977463131020369622e-03 3.162277660168379191e-08 3.162277660168379134e-02
3.810070093114072132e-02 6.977464030576742589e-03 9.999999999999999072e-11 3.162277660168379134e-02
3.533537151952804989e-02 5.084128756003610666e-03 3.162277660168379191e-08 1.000000000000000000e+06
3.533485445126228336e-02 5.083806149328104311e-03 9.999999999999999124e-06 3.162277660168379043e+03
3.518155044384022045e-02 4.986650149187621915e-03 3.162277660168379394e-03 1.000000000000000000e+01
3.258091160814428899e-02 4.253736973863406733e-03 3.162277660168379191e-08 3.162277660168379080e+05
3.257895735971066964e-02 4.252370258890335493e-03 9.999999999999999124e-06 1.000000000000000000e+03
3.209059829046054246e-02 3.897052182786936436e-03 3.162277660168379394e-03 3.162277660168379079e+00
3.144876159981453700e-02 4.306458814824670397e-03 9.999999999999999072e-11 3.162277660168379043e+03
3.144797947128746829e-02 4.305749385822362982e-03 9.999999999999999072e-11 1.000000000000000000e+03
3.144630655252283330e-02 4.306139180579955129e-03 9.999999999999999072e-11 1.000000000000000000e+04
3.144281428980587323e-02 4.302966043279413122e-03 9.999999999999999072e-11 3.162277660168379043e+02
3.143700108100723478e-02 4.304348017773912925e-03 9.999999999999999072e-11 3.162277660168379589e+04
3.142649033095222533e-02 4.293822604569026875e-03 9.999999999999999072e-11 1.000000000000000000e+02
3.141204362983182619e-02 4.291249174861540630e-03 3.162277660168379191e-08 1.000000000000000000e+02
3.140727404960970415e-02 4.298735369364459734e-03 9.999999999999999072e-11 1.000000000000000000e+05
3.139931388582938715e-02 4.294563449516837321e-03 3.162277660168379191e-08 3.162277660168379043e+02
3.137587023424582428e-02 4.265529452593124111e-03 9.999999999999999072e-11 3.162277660168379612e+01
3.137130613899453274e-02 4.264689822846222909e-03 3.162277660168379191e-08 3.162277660168379612e+01
3.133896935684506169e-02 4.063632188206377747e-03 3.162277660168379191e-08 1.000000000000000000e+05
3.133268846386555451e-02 4.059593690263398752e-03 9.999999999999999124e-06 3.162277660168379043e+02
3.131585556276404725e-02 4.283194667310095786e-03 9.999999999999999072e-11 3.162277660168379080e+05
3.131312469163634316e-02 4.282011515477898711e-03 3.162277660168379191e-08 1.000000000000000000e+03
3.122533629377288039e-02 4.182781568041918190e-03 9.999999999999999072e-11 1.000000000000000000e+01
3.122390829926485756e-02 4.182510879962785325e-03 3.162277660168379191e-08 1.000000000000000000e+01
3.109371503341476495e-02 4.242210102573729623e-03 9.999999999999999072e-11 1.000000000000000000e+06
3.109283368814937457e-02 4.241794784722936924e-03 3.162277660168379191e-08 3.162277660168379043e+03
3.102451214455183640e-02 4.075547441227910656e-03 3.162277660168379191e-08 3.162277660168379589e+04
3.099964293269203558e-02 4.063823852360393465e-03 9.999999999999999124e-06 1.000000000000000000e+02
3.087546072311831910e-02 4.141652204356292312e-03 3.162277660168379191e-08 1.000000000000000000e+04
3.084243350028952405e-02 4.125153862705355397e-03 9.999999999999999124e-06 1.000000000000000000e+01
3.082302725005548610e-02 3.972553748598171494e-03 9.999999999999999072e-11 3.162277660168379079e+00
3.082259845155150418e-02 3.972453717106279661e-03 3.162277660168379191e-08 3.162277660168379079e+00
3.079984889438115367e-02 4.100503782132117886e-03 9.999999999999999124e-06 3.162277660168379612e+01
3.069275225092499282e-02 3.945031713281019203e-03 9.999999999999999124e-06 3.162277660168379079e+00
3.014033935461016278e-02 3.274283750535830761e-03 3.162277660168379394e-03 1.000000000000000000e+00
2.997065090873795440e-02 3.525823249958057702e-03 9.999999999999999072e-11 1.000000000000000000e+00
2.997053367660306236e-02 3.525788816198286661e-03 3.162277660168379191e-08 1.000000000000000000e+00
2.993366712917552158e-02 3.515486499022041095e-03 9.999999999999999124e-06 1.000000000000000000e+00
2.923067391718896929e-02 3.601292842180796316e-03 3.162277660168379394e-03 1.000000000000000056e-01
2.917501195789234947e-02 3.859382634789875789e-03 9.999999999999999072e-11 1.000000000000000056e-01
2.917500636737109868e-02 3.859377979558284086e-03 3.162277660168379191e-08 1.000000000000000056e-01
2.917323944933353230e-02 3.857911894264145266e-03 9.999999999999999124e-06 1.000000000000000056e-01
2.859846572619246380e-02 2.536526201377262407e-03 3.162277660168379394e-03 3.162277660168379412e-01
2.855122449916310326e-02 2.848370374082909856e-03 9.999999999999999072e-11 3.162277660168379412e-01
2.855119496296197254e-02 2.848351483311914630e-03 3.162277660168379191e-08 3.162277660168379412e-01
2.854187283923154128e-02 2.842454315173790179e-03 9.999999999999999124e-06 3.162277660168379412e-01
