2.886715598536212513e-01 1.406318634598542616e-02 1.000000000000000000e+00 1.000000000000000000e+06
2.872311250856608988e-01 1.404535776188934638e-02 1.000000000000000000e+00 3.162277660168379080e+05
2.827780499168569550e-01 1.399104249273821869e-02 1.000000000000000000e+00 1.000000000000000000e+05
2.695953843031609898e-01 1.382866105378425213e-02 1.000000000000000000e+00 3.162277660168379589e+04
2.354587341977830428e-01 1.328751051275111304e-02 1.000000000000000000e+00 1.000000000000000000e+04
1.913439277180740139e-01 3.143077123763133446e-02 1.000000000000000000e+00 1.000000000000000000e+00
1.704681559203807539e-01 1.210488813923508121e-02 1.000000000000000000e+00 3.162277660168379043e+03
1.703011330642975607e-01 1.223703543865925676e-02 3.162277660168379394e-03 1.000000000000000000e+06
1.172176734789285718e-01 2.436821248766468662e-02 3.162277660168379394e-03 1.000000000000000000e+00
1.169184137024445180e-01 2.431662046071765906e-02 9.999999999999999124e-06 1.000000000000000000e+00
1.169174655140863689e-01 2.431645677584469770e-02 3.162277660168379191e-08 1.000000000000000000e+00
1.169174625156329805e-01 2.431645625822225626e-02 9.999999999999999072e-11 1.000000000000000000e+00
9.746817293456752629e-02 1.022732985412961974e-02 1.000000000000000000e+00 1.000000000000000000e+03
9.620392056933191327e-02 1.051531963745109752e-02 3.162277660168379394e-03 3.162277660168379080e+05
6.736735832374184108e-02 1.244835381092902066e-02 1.000000000000000000e+00 3.162277660168379079e+00
5.288207479401828282e-02 8.303308873820835698e-03 1.000000000000000000e+00 3.162277660168379043e+02
5.084712677216157717e-02 8.481745507563535208e-03 3.162277660168379394e-03 1.000000000000000000e+05
4.345334211315715622e-02 5.959843479416820737e-03 3.162277660168379394e-03 3.162277660168379079e+00
4.340738369944489861e-02 5.947103770945186621e-03 9.999999999999999124e-06 3.162277660168379079e+00
4.340723868949665498e-02 5.947063563956081315e-03 3.162277660168379191e-08 3.162277660168379079e+00
4.340723823093770029e-02 5.947063436810957893e-03 9.999999999999999072e-11 3.162277660168379079e+00
4.010371281507021241e-02 3.341014776205431316e-03 1.000000000000000000e+00 1.000000000000000000e+01
3.742808077190427907e-02 5.863360766833289328e-03 1.000000000000000000e+00 1.000000000000000000e+02
3.529418969053084443e-02 6.294086987530399420e-03 3.162277660168379394e-03 3.162277660168379589e+04
3.522877201380801571e-02 4.212574865655064303e-03 1.000000000000000000e+00 3.162277660168379612e+01
3.360530402620100221e-02 4.250781728065956833e-03 9.999999999999999072e-11 1.000000000000000000e+02
3.360526185514201708e-02 4.250790593209552611e-03 3.162277660168379191e-08 1.000000000000000000e+02
3.359195309561761184e-02 4.253586550041725013e-03 9.999999999999999124e-06 1.000000000000000000e+02
3.350970362608111236e-02 3.210370923864567898e-03 9.999999999999999072e-11 1.000000000000000000e+01
3.350970113044541426e-02 3.210371130892866916e-03 3.162277660168379191e-08 1.000000000000000000e+01
3.350891206247365306e-02 3.210436643376435566e-03 9.999999999999999124e-06 1.000000000000000000e+01
3.348844397580467980e-02 4.634524719326646100e-03 9.999999999999999072e-11 3.162277660168379043e+02
3.348829577255590939e-02 4.634536656465767894e-03 3.162277660168379191e-08 3.162277660168379043e+02
3.348449315916941782e-02 3.666789388505061181e-03 9.999999999999999072e-11 3.162277660168379612e+01
3.348448251430163197e-02 3.666792527882951642e-03 3.162277660168379191e-08 3.162277660168379612e+01
3.348111815747594616e-02 3.667784665548699807e-03 9.999999999999999124e-06 3.162277660168379612e+01
3.344175960598107233e-02 4.638293176347682047e-03 9.999999999999999124e-06 3.162277660168379043e+02
3.341406319576283729e-02 4.868491487447917064e-03 9.999999999999999072e-11 3.162277660168379043e+03
3.341273965599737827e-02 4.884480443042691147e-03 9.999999999999999072e-11 1.000000000000000000e+04
3.341269882405063785e-02 4.868482990483658998e-03 3.162277660168379191e-08 3.162277660168379043e+03
3.341193996594844784e-02 4.889717321530812413e-03 9.999999999999999072e-11 3.162277660168379589e+04
3.341156386503860848e-02 4.891391076444974624e-03 9.999999999999999072e-11 1.000000000000000000e+05
3.341117362577320643e-02 4.891918013401265648e-03 9.999999999999999072e-11 3.162277660168379080e+05
3.341020467499487140e-02 4.892071283920369426e-03 9.999999999999999072e-11 1.000000000000000000e+06
3.340955247098109648e-02 4.822892126805057404e-03 9.999999999999999072e-11 1.000000000000000000e+03
3.340912528354093858e-02 4.822897340832127747e-03 3.162277660168379191e-08 1.000000000000000000e+03
3.340841649437157473e-02 4.884424944473002468e-03 3.162277660168379191e-08 1.000000000000000000e+04
3.339828115357174748e-02 4.889512512997387997e-03 3.162277660168379191e-08 3.162277660168379589e+04
3.336857698425944180e-02 4.890720846728502727e-03 3.162277660168379191e-08 1.000000000000000000e+05
3.327807246186680751e-02 3.233062904892760204e-03 3.162277660168379394e-03 1.000000000000000000e+01
3.327733317348778586e-02 4.889847478789911481e-03 3.162277660168379191e-08 3.162277660168379080e+05
3.327703427960130439e-02 4.824518049498032271e-03 9.999999999999999124e-06 1.000000000000000000e+03
3.301460242182512050e-02 4.861162524324448911e-03 9.999999999999999124e-06 3.162277660168379043e+03
3.301057933117756971e-02 4.881294701033656903e-03 3.162277660168379191e-08 1.000000000000000000e+06
3.262124776119296188e-02 3.878482893519506151e-03 3.162277660168379394e-03 3.162277660168379612e+01
3.237359315485964506e-02 4.827352815265679650e-03 9.999999999999999124e-06 1.000000000000000000e+04
3.215994287182869643e-02 5.045969231650596250e-03 3.162277660168379394e-03 1.000000000000000000e+04
3.172537759600831814e-02 4.213228315615473278e-03 3.162277660168379394e-03 1.000000000000000000e+02
3.153381791319694732e-02 4.573672203215774050e-03 9.999999999999999124e-06 3.162277660168379589e+04
3.130369971206024143e-02 4.886393351687162191e-03 3.162277660168379394e-03 3.162277660168379043e+03
3.129341512581565454e-02 4.892290055780962842e-03 9.999999999999999124e-06 1.000000000000000000e+06
3.086740922929006106e-02 4.424458403304953706e-03 3.162277660168379394e-03 3.162277660168379043e+02
3.081918795507644984e-02 4.504672271317079410e-03 9.999999999999999124e-06 1.000000000000000000e+05
3.078467230834336377e-02 4.746379401567449655e-03 3.162277660168379394e-03 1.000000000000000000e+03
3.074635447031469002e-02 4.756430403747983690e-03 9.999999999999999124e-06 3.162277660168379080e+05
