-0.2652930932786539	-0.28654653088585824
-0.31388853401990335	-0.315810622032535
-0.2900216937020659	-0.29998092371424323
-0.19733615333737475	-0.16659489441337735
-0.18291434386764927	-0.18259750619535292
-0.4713995621692959	-0.4763681855826815
-0.37168954563152923	-0.44499226254761426
-0.3470717434392432	-0.3352598795951396
-0.46809946239744704	-0.4165944979470483
-0.017333813025940614	-0.08991389969653002
-0.4287815575290512	-0.45247344202260664
-0.23602124704657435	-0.2530339743689649
-0.09933889630740822	-0.10930987961146563
-0.2292413821811845	-0.2445968443473174
-0.09691746269125012	-0.08890787983374598
-0.000930579881402771	-0.00585919671620516
-0.2624039298667036	-0.31913374031532254
-0.19905028413520842	-0.1867914492396472
-0.2640802139995033	-0.26070346267111943
-0.2990115898412382	-0.3739862089446362
-0.09515597397896514	-0.08490141707180013
-0.2832786789331374	-0.27426854531050204
-0.17835723106610502	-0.14303484693866325
-0.0010074055273951998	-0.04927369262151975
-0.3465445229008868	-0.29188520437934273
-0.516633294339095	-0.5179223170492959
-0.045145342795974486	-0.04121047250622032
-0.42227058159998077	-0.42883345156605646
-0.3299557250461769	-0.26625554122635947
-0.10010777693172379	-0.09886237141502333
-0.42539962838486467	-0.4499177983972692
-0.3124249810251243	-0.3364214213491783
-0.39115487530424087	-0.3484418676347107
-0.2120549757363328	-0.20023774078860054
-0.30125399926438234	-0.3099490378497629
-0.24443911235864846	-0.2732993203356614
-0.3720718147315569	-0.355044189924409
-0.4418570742400387	-0.44659490653409084
-0.22112229571474895	-0.2518694912723822
-0.27539099555651614	-0.27989630177684766
0.11406199795369787	0.11047870969671025
-0.6049040368753413	-0.6337774569475325
-0.2876708649919735	-0.22869607799745767
-0.40186931609544274	-0.38425268767448634
-0.03480130647223234	-0.0579682800101257
-0.3107078184876553	-0.3154615487382538
-0.4749088691820287	-0.45733224913403525
-0.33690467194671214	-0.24244675475345454
-0.08612235437017457	-0.08870652710342124
-0.2814903073563313	-0.27315240636620913
-0.27195247022064617	-0.2773003500155844
-0.31020054258544505	-0.3212769325937681
-0.14489345477704685	-0.12953584567834373
-0.09921803273235064	-0.08663694736794188
-0.3020310286740395	-0.35924562796073484
-0.19857619768173507	-0.20037749993952073
-0.4042136023324705	-0.4307293074095444
-0.2828300536404358	-0.3155223254108831
-0.08841213149270732	-0.07443999779128647
-0.2508778273883454	-0.2540737922521076
-0.06015158396033016	-0.0694395263615491
-0.4930098287777014	-0.5016293232186425
-0.6349689069822588	-0.6335667507023783
-0.4679989078092177	-0.5010860483868583
-0.09360415953680068	-0.10120898580354244
-0.330935344600074	-0.2879712038874505
-0.17751864660213812	-0.15977577291359296
-0.299688686908798	-0.27424410365591034
-0.6370571709213486	-0.6213164664939788
-0.4346365127676073	-0.45090875510843725
-0.3776258757611206	-0.31298065912500245
-0.20216386625908278	-0.21661518684280887
-0.29468178397528	-0.2924627718476831
-0.4678453418910511	-0.45153440621430585
-0.10445146094020519	-0.10099937570643555
-0.5414372843672375	-0.5379037717589934
-0.1831278525875284	-0.180008300182585
-0.35963051559202164	-0.3515401921932244
-0.03188997779381175	-0.0506323477005171
-0.42310098498589976	-0.40446008449537224
-0.3833678531979441	-0.39697297616197696
-0.5064450828395035	-0.48796198127264717
-0.5519446759727602	-0.5403957732164905
-0.4490999282259063	-0.4461724463852764
-0.29598212359722886	-0.2851258646387305
-0.14959092344698455	-0.13211060352951176
-0.15837099443365332	-0.15837468711422642
-0.629086734833928	-0.5999318857750413
-0.13402919016588122	-0.14884645626885312
-0.28155874543027437	-0.30844311184885737
-0.1410356575304359	-0.12774827145004966
-0.09969337192154448	-0.08704627666226221
-0.31297032561086713	-0.31360916212534595
0.19359283839289354	0.20252424966729474
-0.33737685636913994	-0.31808774963077086
-0.22692070438660217	-0.19322633314633897
-0.29100506952683425	-0.2909003810642024
-0.27538444843903953	-0.2767575100921262
-0.2747774918362449	-0.36986552741362816
-0.24136610073807852	-0.3031747719173283
-0.2902605734512722	-0.2761026035570308
-0.16797156066512997	-0.19484259161588482
-0.3909745994998808	-0.38747274091800843
-0.2942746472121778	-0.2472777613538656
-0.20299984331676413	-0.20218402858264925
-0.3036255085265731	-0.2843762609657907
-0.4847332031812046	-0.45854543046739243
0.02117757645214624	0.01029402986248789
-0.34316881388856757	-0.34439200743687304
-0.19338781144285377	-0.19690710793244834
-0.3972570901552004	-0.3824002861611031
-0.15010868067061	-0.14622878486454852
-0.2884673774824069	-0.28842472189184243
-0.10966542847629235	-0.10050988420473589
-0.10114214815038469	-0.09739069238275806
-0.0067218544793865576	-0.054552268411132726
-0.5002204672111326	-0.4781791740838052
-0.16295408330791972	-0.1719947457132637
-0.3775903088397943	-0.31662007962417876
-0.2379552591550418	-0.23731669286591628
-0.2118676478891821	-0.18862299241946665
-0.36105033172528955	-0.45569201753988736
-0.18440702710937185	-0.16602451669153942
-0.2914651330299609	-0.3036670881462425
-0.4235264380628223	-0.39239218151447836
-0.18359937917939284	-0.17875196606287166
0.06366937144578877	0.0645208594772695
-0.06440137332636198	-0.06091837636135471
-0.2784107536740468	-0.3073797023424237
-0.1136797399859013	-0.11899160608172134
-0.4573206883411842	-0.3686333351351613
-0.20771125651919675	-0.20300441575053196
-0.43964286224445104	-0.468902016305389
-0.44079161551209367	-0.4781007531665018
-0.2842843139238074	-0.28235235627694527
-0.5066830706624224	-0.46622023132045987
-0.0025805761274408923	-0.023130370122904493
-0.26995035337152906	-0.3091640498986454
-0.47943264461962887	-0.4850130634032244
-0.03435875245336284	-0.030695682627304467
-0.15124559400410043	-0.14870057554262095
-0.22901530619537525	-0.24444487498511758
-0.042480521334102406	-0.05064037127195239
-0.03684735501929204	-0.04086246677244809
-0.5040652537162913	-0.4968780896774981
-0.18534125643597044	-0.15795502569394856
-0.3701689369105239	-0.46627950848702954
-0.14314056797565833	-0.1424619073139226
-0.2929685336297876	-0.26807427201004647
-0.630910568700715	-0.6201211558398976
-0.1347757490818431	-0.13883063849781366
-0.30444211485874995	-0.3140228458449537
-0.5193526833244944	-0.5126443174510131
-0.36015385312835235	-0.4060030250895192
-0.2974700281191103	-0.29585132159381144
-0.37886324093618473	-0.4201589021599195
-0.5163118862123834	-0.49929641324764007
-0.1990643999032855	-0.1911667006478326
-0.3318474509603355	-0.34755819501762003
-0.3090303565345991	-0.28887739146744656
-0.48501828202307884	-0.4863268443454495
-0.06949125781624232	-0.07999226964344991
-0.40626478529579124	-0.42708541985474513
-0.07084879496943852	-0.18136750090634352
-0.03743002793274375	-0.041412082687536884
-0.33528460039065067	-0.33251765046449355
-0.2131606977664502	-0.24109977063847474
-0.4097707738291785	-0.4064571874103401
-0.4596785885348016	-0.464342902607356
-0.21448439887061088	-0.17684642552185995
-0.17097297675220346	-0.2810616993790694
-0.356744897632856	-0.3309661140017337
-0.0617339408009272	-0.0542553194046613
0.04949154322239302	0.05963764251214045
0.10080166597995088	0.07323862190024921
-0.10641553133886461	-0.07202167934388491
-0.19751684464981167	-0.22931259641137186
-0.30092566149154987	-0.3220849787872703
-0.17077348668922632	-0.14081237601388688
-0.43087756481635076	-0.4261496281630738
-0.5145767457977177	-0.4971969935468786
-0.14425332604168872	-0.14300588949028364
-0.4707595112555474	-0.47823745122945505
-0.538050427577411	-0.5242648335350035
-0.5066991319605201	-0.4997948383983877
-0.2312369164255852	-0.20854833539384324
-0.26459552486410054	-0.24617133540269423
-0.30762601759699937	-0.33219233045842594
-0.3780814530208456	-0.38889776667163095
-0.17249782407492198	-0.20376832560775923
-0.29459406940056354	-0.29665181921559225
-0.172530367616881	-0.1708771505676924
-0.36769183804852634	-0.38574273233000017
-0.18323033713022419	-0.18170407074126046
-0.33113369524159353	-0.32559978152332514
-0.169605881116194	-0.1608961292713711
-0.08561732245529896	-0.07951079502773797
-0.1434123601215802	-0.14276803778443878
-0.29220254381635247	-0.32695597819918226
-0.14035217923077248	-0.19052508596130924
-0.3518089842206926	-0.29922710668113084
-0.44567924146815585	-0.4518507912701092
-0.30563557041463874	-0.28803901537710525
-0.18087649572209408	-0.15767733671378367
-0.20388191839161962	-0.22329224570007308
-0.21691584317714163	-0.30179338079982104
-0.2868241331859682	-0.2675873469093501
-0.12916151762997963	-0.14868513583093956
-0.10934224552456051	-0.10759961636268307
-0.15257464635900408	-0.2501387667906664
-0.4722301222339311	-0.4705580154375413
-0.19987516555363172	-0.17008062929222809
-0.09722563117445304	-0.17167045052625968
-0.5219598416067655	-0.5190931897090671
-0.06956296398659578	-0.0857727924391556
-0.07561614015307505	-0.058371233732692325
-0.31811937039548965	-0.3146129839506159
-0.2516775969986833	-0.2483654688669938
-0.18681277210314917	-0.2046108530422305
-0.1295890313412471	-0.153580239288195
-0.4598873750187593	-0.4315957823562715
-0.47545165351314367	-0.45831492971659776
-0.13348825019511246	-0.15090527678391163
-0.39074536522802283	-0.37760740570926743
-0.13971183416162525	-0.14018079708563844
-0.3149409534610488	-0.3127920692424992
-0.21850284997243286	-0.26920234616610805
-0.30645699754135514	-0.2914583773671945
-0.11617930262451548	-0.12028131059892852
-0.4183017721760276	-0.3952674554542752
-0.43992205940768603	-0.4247899199444192
-0.17411503519519567	-0.17484976288396747
-0.3755213502915442	-0.38486210459779174
-0.3610033563233923	-0.3129898949002609
-0.18106169218448276	-0.16069679787055788
-0.37099120486932335	-0.3638890081146927
-0.15102255820845567	-0.1412610913852654
0.0671118670789248	0.058678870727571567
-0.1009988622208482	-0.0990323662088105
-0.14368166664845816	-0.13969031243304475
-0.4337951971625156	-0.44173035861528975
0.0016175123413955106	-0.02856792517093949
-0.44131463007654936	-0.45565650120671936
-0.3825638454928928	-0.3755186952752902
-0.35058488976392965	-0.32483246305801955
-0.329319661181362	-0.31033892206922403
-0.1694847267028825	-0.17302847746457728
-0.10282828662652488	-0.12071209836595759
-0.262306101710287	-0.2601847471938628
-0.05507125374025712	-0.04751859353537935
-0.09047055198835352	-0.09486036468135542
-0.19320488651106338	-0.18914152726524985
-0.5019211654536608	-0.48782265151015286
-0.17140468194508962	-0.17463027842635517
-0.09842228142417397	-0.1650314905129333
0.06121403081530019	0.05874806784346234
-0.16543156183293917	-0.23427761066285088
-0.30217267859000785	-0.28756124719021026
-0.21357989444272896	-0.21036193234362874
-0.2354576207546346	-0.2393251615910975
-0.27056885895736826	-0.2801677914889065
-0.4512522892145485	-0.4701922080622787
-0.26987156109736965	-0.27644527959711385
-0.4954155617064391	-0.4549327706013509
-0.17229564680166654	-0.18213009426875135
-0.2513667374880999	-0.25404373552575393
-0.15680789997171551	-0.09543131554972385
-0.22123329139549242	-0.16340148641620234
-0.13162304107962797	-0.12773315944072608
-0.6132238032015849	-0.6035216442961945
-0.39779645854806844	-0.31475603947272923
-0.24788971982145114	-0.23737188642979365
-0.23918757495034892	-0.2720006782804676
-0.4909906684165595	-0.4872602126158171
-0.13589451606740965	-0.12842104957164593
-0.28478456347998105	-0.30362713586924706
-0.23103929876029738	-0.27010591467828704
-0.050391077483363134	-0.060134979465418695
-0.5608735460809591	-0.5092398543312846
-0.051597382625233834	-0.036077765320132134
-0.1708632101432439	-0.18806929880485107
-0.3386594342194993	-0.34109091641330563
-0.03323059580704246	-0.013284888894922771
-0.3123830526202642	-0.32352499261242124
-0.1539131493332473	-0.1751372679296404
-0.2686379653790105	-0.336732893058404
-0.08473540427468151	-0.08229377724506248
-0.3519654536097132	-0.30866108239721696
-0.1343361429018497	-0.13598092808199558
-0.10945705578562137	-0.07873379664246401
-0.19289531471540933	-0.18148839162548427
0.02557567633963309	0.026727725202533283
-0.36151806234498274	-0.32327635557463524
-0.3940959394461032	-0.3973788249825233
-0.09613044618676625	-0.08395851216076938
-0.19570885430784024	-0.2186554241399119
-0.19470699610618514	-0.175056256140512
-0.15223178372504442	-0.15194338816528616
-0.08679174259746514	-0.10642394480097914
-0.16041256895532374	-0.18314145833766782
-0.0488106856378554	-0.027818558723354363
-0.5228585794004008	-0.47273809979031267
-0.07895043595200324	-0.08074089659613756
-0.22820356477173842	-0.2190164070937524
0.07384980194698088	0.0644031117015541
-0.19800395727981268	-0.1843868034369507
-0.28018489065934205	-0.2811462450840886
-0.12972697402210187	-0.12114807883342908
-0.289749676604961	-0.3409304022696088
-0.35574983002946414	-0.31909850405942236
-0.29437768265427877	-0.2745368066635061
-0.09303252116779959	-0.11931360036098243
0.00546096234474458	0.026950947588825908
-0.06603778605565047	-0.0432798822361707
0.04854652440249918	0.06238810722892986
-0.19651422873360858	-0.23207470459666538
-0.31951201835757725	-0.2833168288828363
-0.040791797974657484	-0.04682601763002203
-0.48704711681921875	-0.4615676653894238
-0.2245275434630063	-0.19598333831033635
-0.1368858642829478	-0.16314106690619123
-0.26340950581893274	-0.24771787346820676
-0.246414758975801	-0.2597283800757253
-0.6142297873092453	-0.6063858955598295
-0.3228132876231369	-0.33831868509115065
-0.22434793777590567	-0.1922386305362883
-0.2732723553262222	-0.2679635203211767
-0.2190463655404038	-0.20994089795258167
-0.4711687203417796	-0.3555243056003642
-0.2042397517736383	-0.24723872652181839
-0.4744637189922507	-0.4806734461580486
-0.26156019952328347	-0.3007879913509356
-0.17237994688308067	-0.14761537486531864
-0.2205497773074203	-0.18317865833981553
-0.6267998580838672	-0.5181149454340179
-0.46445175931864924	-0.47640284096531615
-0.2924408791191304	-0.28069561549835226
-0.10547844004515916	-0.10029096995749552
-0.07831683409528978	-0.07650827438735673
-0.3339086992717597	-0.338862063525041
-0.49640491349904536	-0.48348881842639596
-0.1746369649048365	-0.17560909477150496
-0.5137323319389999	-0.4837553301092732
-0.2681552126274944	-0.25311929127047456
-0.05318097201528538	-0.04610256892863624
-0.06175725612597294	-0.044928256337854695
0.0028463585392550783	-0.0011751482846144967
-0.37303782929042484	-0.4598890599935234
-0.2867332109716001	-0.3201267677054694
-0.24484179496482827	-0.20465081817219083
-0.07620908400417292	-0.07370193981649366
-0.23646239050135165	-0.20280674834541923
-0.433240664499011	-0.4301761772777099
-0.40120150420460643	-0.40067827935518857
-0.048651710922609226	-0.08142347230298823
-0.48804715033242374	-0.488631996452333
-0.27272168592774015	-0.28070061307496263
-0.19313821337832238	-0.13549290260455504
-0.22176065750825202	-0.32377926294502174
-0.45754457013243854	-0.44689619425285915
-0.2834681316770933	-0.29297366346208226
0.012792992655155544	0.0003803984919914704
-0.04443863355551869	-0.0524437921879858
-0.16752548496646202	-0.1095910294188941
-0.4847835903918698	-0.5064212319009346
-0.11707427974183027	-0.11128746773125
-0.1085844858520364	-0.09109761766182296
-0.12571875582617587	-0.11893290988189477
-0.419336728392139	-0.411653799371149
-0.169445581305542	-0.17858144116844066
-0.11368420931318468	-0.1853173868483712
-0.3213412515302805	-0.37689680857624047
-0.09534057693003462	-0.09602589451284213
-0.38290687064023743	-0.43514477400849283
-0.4431871767644102	-0.461757672835081
-0.4754876908308052	-0.47638331818671864
-0.4999417409792155	-0.4605287602213856
-0.08857288855101508	-0.10273250949724692
-0.6143589841926822	-0.6094606802515001
-0.266441604667933	-0.3051060593141524
-0.049473639996428176	-0.059435969761675124
-0.30638532258962314	-0.31434447531197285
-0.3746889946137504	-0.36551701762962696
-0.31046480364314455	-0.29019772513340353
-0.024662245902440816	-0.0236374890772099
-0.04109577829550748	-0.0945054274923474
-0.21156591944010295	-0.20702012649740112
-0.4750971911910753	-0.4469866812781066
-0.25542920921835766	-0.28923875207167593
-0.20834112691898987	-0.20950451835077472
-0.3569090304988993	-0.26611812097664994
-0.5730960441071513	-0.558848003539022
-0.2822201919255214	-0.29165797233228974
-0.03671807625968526	-0.03646253730842325
-0.19097974664439654	-0.16464324411857453
-0.4136029576355824	-0.4428748826541358
-0.4954129076755516	-0.49732746311424425
-0.356196195497847	-0.2848662604955293
-0.6147181425827357	-0.589652515890934
-0.26995060084358613	-0.27123284916113766
-0.35592303238764966	-0.3522377542698984
-0.2818273462100187	-0.2551184701774285
-0.13021415042940898	-0.14044295502030135
-0.28254620522060847	-0.31759233908533996
-0.2926971321645855	-0.3196750698016896
-0.4962165807167782	-0.5774340979973798
-0.40293832699213983	-0.4292620528768272
-0.012490591439507703	-0.02379826958753962
-0.2329899422224475	-0.25989521203732985
0.0795585809064443	0.06532418954728508
-0.16650521693056852	-0.17018324299523263
0.0006765839577624888	-0.017115977929137743
0.04844165291927727	0.04495302202937952
-0.21303867145176092	-0.21752030621841018
-0.050305393694012324	-0.10111487926105861
-0.27101117753519155	-0.27035084378987767
-0.2643669094314296	-0.23900791567393173
-0.47108388038059257	-0.5026654445476937
-0.5168817645756434	-0.48414633673291757
-0.03818573146294302	-0.03790923794418432
-0.25043469496269655	-0.26349147377857507
-0.1622709540349625	-0.18829859195960066
-0.4670602971535125	-0.3949127597971636
-0.29124930113944103	-0.34930932718319335
-0.32857078812791585	-0.31850257992494607
-0.2977306805551754	-0.3322089809779354
0.07722045878163097	0.0948632226674037
-0.5473328277656595	-0.530830055242682
-0.149152223900348	-0.16995823342655972
-0.4591694953433336	-0.4393027599316146
-0.22179230156662832	-0.18191066759654867
-0.06741580895471877	-0.07986206683994788
-0.3479471193026402	-0.3605906081878157
-0.3592749558791315	-0.303834836696815
-0.09038337093660864	-0.196487148607145
-0.06226019473012734	-0.08294255138620579
-0.31855595703758155	-0.314773533326749
-0.1095435920433081	-0.10185751655543547
-0.34191581860629316	-0.3480274705721132
-0.07974272406405092	-0.08154588063259006
-0.0743180350380177	-0.0786329922784262
-0.5062794833107613	-0.5353638221103658
-0.31345004095411966	-0.3038367715240757
-0.4421970163601152	-0.4310091800938218
-0.32503295883741856	-0.32518551485008984
-0.11966545212976065	-0.14573453707133838
-0.1306835102671915	-0.10903248848386404
-0.15599449057195525	-0.12388905182921102
-0.45351360752993664	-0.447879652770456
-0.1250097960439227	-0.11256702870718407
-0.09211156714729629	-0.09872012282958273
-0.1305523768193062	-0.15776637908392016
-0.25493217342454066	-0.18892036942362292
-0.04980958353348086	-0.07366552645107023
-0.2685109466838824	-0.2171618954719505
-0.36193135839265	-0.2885243632545727
-0.09872678997862927	-0.09642532537307966
-0.5514977807417676	-0.5413688560524175
-0.5775387331155937	-0.548548789271785
-0.17271523058369453	-0.14105098408388633
-0.16087844674159335	-0.16677825363699447
-0.04667015000354713	-0.05586432640081718
-0.32190730467857964	-0.3127044503672388
-0.25813587981000374	-0.2539492489192611
-0.4393838623824635	-0.4489001169208856
-0.09048495057305672	-0.09329164493590135
-0.179315262047135	-0.3074023780481217
-0.5002914278546609	-0.5017868632680642
-0.507569567788325	-0.5063101226364273
-0.06256559352821611	-0.03925654528459756
-0.5062617887116385	-0.5033093462914495
-0.3463530191700954	-0.3901538133113322
-0.0925049783611156	-0.08561113903899731
-0.13460318093179868	-0.10360475607802634
-0.09830109844845403	-0.10188151566648497
-0.5134499148817522	-0.5049243474175371
-0.17890129494555396	-0.17216751875981126
-0.12300124994976525	-0.105762631442541
-0.6186313110310913	-0.5975735595308572
-0.4483069923044152	-0.4457160950765814
-0.2936137716061804	-0.28338404567827785
-0.4700103096885426	-0.49673272915081357
-0.48195469401060276	-0.4965218623288024
0.018237826114367195	-0.023023100812129105
-0.06158228237458907	-0.055326549572117474
-0.37040632502148974	-0.3759403901613964
-0.4357668901411813	-0.40490769433433854
-0.3174444619314123	-0.31765450663672706
0.017646989225097442	-0.0024091764427685352
-0.3152396269709179	-0.26994711445796643
-0.3397182840958761	-0.3725655639059583
-0.5042255580950936	-0.4956016490965726
-0.17753340947348484	-0.18352909273167367
-0.07974298961147763	-0.07657224603015245
-0.5854585525427307	-0.60725689630422
-0.32847987428505476	-0.3358158924980832
-0.25596014980433424	-0.26325012096670586
-0.2714499916531903	-0.32039246234565516
-0.23680322402701037	-0.2590727538491225
-0.3160711311395481	-0.317525392251666
0.0023907906951290414	0.00492396222293634
-0.18665928857792657	-0.19465116171757518
-0.2548519917192671	-0.2400388947109071
-0.20972502705475726	-0.19062820458400578
-0.043626325561213264	-0.04625956584276554
-0.24111515074687695	-0.20699899708599173
-0.5142390598278803	-0.5285325926444756
-0.24736738868602615	-0.2521807827935498
-0.44153385469547146	-0.4398561504185337
-0.3552357067753764	-0.3534674442358558
0.027160479172287033	0.03673707310341708
-0.5234731981366689	-0.5105963823158465
-0.40316395275049466	-0.4015040607299056
-0.17348390108856648	-0.2384954003206918
-0.27071473211015906	-0.3420097645359865
-0.14488255294446084	-0.11727148066412169
-0.33281723122942886	-0.3254066972708166
-0.20513614293485105	-0.15423115617031227
-0.32272961769758	-0.3112815413667501
-0.074046265085431	-0.09866806589730176
-0.42628270829403636	-0.4482886815840879
-0.18637836074663738	-0.18807477026866748
-0.1238314784102501	-0.10487463774773832
-0.2318769935213627	-0.28726272206749176
-0.2104431922070944	-0.1431406928527517
-0.4828675859370417	-0.4806096983052422
-0.3396048391852631	-0.33009607726003626
-0.46089797939830834	-0.47828714835098846
-0.3122938650249649	-0.3068814948281527
-0.5093420715715169	-0.4944864788393081
-0.24302252309124572	-0.20385738369664755
-0.48117330738396547	-0.49170946719119113
-0.36867828229481425	-0.3038929331908596
-0.2453154255950647	-0.3489396112183931
-0.27863944505218363	-0.2552571278987065
-0.08064035470598263	-0.07370089681865541
-0.11147744399541892	-0.1663208101156162
-0.021508195296609856	-0.03568635097350784
-0.563213667007405	-0.47295055008502457
-0.4702847891736237	-0.5270258656054959
-0.43413836609364154	-0.4172984472175254
-0.007329768761264788	-0.0029710640038795614
-0.4342557353059151	-0.42441260379326573
-0.13654168267707334	-0.13073012678386414
-0.0642519740999008	-0.07690251029622354
-0.5155703081898251	-0.4942223138885694
-0.2958772499569733	-0.297532180487062
-0.2000248262254818	-0.20937618682573708
-0.19028848075112847	-0.17601697732052604
-0.19187920263259173	-0.18323696300229086
-0.17939543319307383	-0.2743539854124873
-0.20027029159852194	-0.19950927734137697
-0.44177937516975696	-0.43715878918598705
-0.453070515364395	-0.48646288079266475
-0.43949552535762315	-0.44823021606516344
-0.1990337072355297	-0.2624900364732141
-0.24248088827620684	-0.2681326831779229
0.011022038953502289	-0.01030349689367943
-0.19354949236154795	-0.18752308378193064
-0.4422341712944533	-0.448472648791786
-0.11831621778922496	-0.1268649669607564
-0.0527439010837929	-0.047673709902257354
-0.09953503564188004	-0.13855773212526282
-0.30100316094895696	-0.31453402128857594
-0.3391950093717888	-0.31973245702947695
-0.17819907220151165	-0.1783229222839469
0.03148824112628823	0.07236777240239196
-0.2793306996021556	-0.28449838065042693
-0.527504748268905	-0.5233459964620998
-0.14761478745176504	-0.12311566973611207
-0.15890365572382414	-0.127996567726351
0.028806119366057814	0.02183215206453621
-0.18469280677120103	-0.20486330765015554
-0.06315302299357484	-0.06448396254722276
-0.35277912942782397	-0.3780002191544325
-0.07099667339531379	-0.07137287176206902
-0.12127035782298456	-0.13044513632000895
-0.14120266387651448	-0.13581372277693426
-0.12875647755782182	-0.11379739805020782
-0.42487829869138505	-0.4693213767828257
-0.2836849620501809	-0.2985236773076843
-0.27377634916789795	-0.29497323230697925
-0.3074253229227457	-0.30262162724704705
-0.2670286136328137	-0.2679754716117596
-0.05146731482216538	-0.09875603141100654
-0.27194593408431356	-0.2533600633845776
-0.43026815577132105	-0.4638917816425618
-0.28699746284153616	-0.31061650753710657
-0.12741010832474675	-0.0616312298030453
-0.14346388674021693	-0.16093708855800823
-0.45026925247851857	-0.4479065438739809
-0.3591701010758275	-0.3727356006243181
-0.5068477157759972	-0.5235402753689792
-0.4991759131421265	-0.45081137305471713
-0.5060908787805651	-0.48248673066975595
-0.18043393048662892	-0.20879813487427512
-0.1786705293181523	-0.19253822479890256
-0.16667675201673582	-0.14205253115087835
-0.24995907675110374	-0.279907919824819
-0.20338164312263718	-0.1910031836086611
-0.07976394539389275	-0.08102927476710875
-0.09279943331122098	-0.25095274999515077
-0.42706120814716364	-0.4810108017802101
-0.16918322132100272	-0.18428950884701203
-0.49502346925557283	-0.516851666964546
-0.4382170629140276	-0.41272036005683954
-0.30755375538193963	-0.31853042216498595
-0.04362385782761535	-0.04675261650137257
-0.21578950241369288	-0.23791256509618242
-0.4188600716931017	-0.36422658042115125
-0.3097964646370084	-0.31990059831165535
0.02134452317273361	0.020909348332539147
-0.05424403979792913	-0.06051818049784403
-0.5190499234654711	-0.5275393874291631
-0.25900437226282147	-0.2551860015473511
-0.10079134419932245	-0.10514615637618425
-0.17836015971172792	-0.19435603041830138
0.022940459842677896	0.028589086455877714
-0.3396422941647428	-0.34394754065976535
-0.285158772428991	-0.3119763994455079
-0.2626063900469644	-0.2667633603627835
-0.3685838493989362	-0.3582872254906828
-0.158176630291047	-0.1656391506457028
-0.1115597783827571	-0.10336903147998362
-0.12655629839949434	-0.1360933468854957
-0.2529921636974173	-0.2760719503109451
-0.2667193041926552	-0.28314178803827994
-0.2916205692308065	-0.3003078174883314
-0.18662773268477295	-0.16680806527101258
-0.20503570010566285	-0.2548400160443638
-0.505852286081586	-0.4745060987605697
-0.038891685796083486	-0.04266872522732471
-0.11066481934629557	-0.0924088640039895
0.018687174816708563	0.0013107150007855427
-0.5492022988027454	-0.5411779403639102
-0.3484741470390711	-0.33697552776844586
-0.21688544172957425	-0.2362134334057905
-0.14226197793804918	-0.11496808997486122
-0.18760130536674335	-0.1897057606502597
-0.11912046350056649	-0.1130957167478813
-0.1569350260851845	-0.12003955710463213
-0.08204151992767628	-0.061060233889229855
-0.016955221599026515	-0.03219652398440388
-0.09852556849997463	-0.14300502270136234
-0.30910766992116123	-0.3013464367155023
-0.3381033199684431	-0.3196792900296008
-0.10478372958700177	-0.1309455708239492
-0.11088151524588064	-0.12011185524342095
-0.5125853236603675	-0.4994652731571602
-0.323559500645656	-0.35060189223445326
-0.18630992377587585	-0.20595166341030838
-0.17651042083454271	-0.1739553134918302
-0.27243883815233794	-0.29065246326989264
-0.43181466751035735	-0.46620902364228556
-0.08070035856182045	-0.10518756733224911
-0.4404955526574774	-0.415324072372915
-0.4061450341931847	-0.29793217792748783
-0.0836361927216771	-0.08580025450573751
-0.16422651183533699	-0.18843439306774024
-0.2453057053705976	-0.2273631865010068
-0.20403460232972037	-0.20390742825216437
-0.29821044557108856	-0.3144217114401473
-0.4241107157404098	-0.45086509621555965
-0.5164851522562515	-0.40481437706420026
-0.11684009021837571	-0.05053647909918204
-0.4884162470480131	-0.5224231325719362
-0.02128642880459708	-0.025436171535413294
-0.3434122416134233	-0.3381165850316471
-0.34178877705174227	-0.3366764675117041
0.011509682075903527	0.0127324892822492
-0.4308181485225031	-0.4549333281887161
-0.16751533261994478	-0.17753040436833134
-0.23313703181810563	-0.20635392454510923
-0.1444568182062742	-0.17993714177873082
-0.13088873414129942	-0.12262327428994117
-0.05416061313542109	-0.048160828348915274
-0.26258190771773293	-0.26815174741293085
-0.2770411258030796	-0.2630595546578917
-0.08783138270197455	-0.10125528019049539
-0.4127085231395702	-0.3895228288975568
-0.4920970899757702	-0.46264707722056947
-0.24392991866055524	-0.3104094729424766
-0.5125598805384932	-0.49556717923744176
-0.05998026322761163	-0.05217886052140009
-0.13974436292411418	-0.12073887853858865
-0.168203691321966	-0.17393688277447755
-0.10596362127002834	-0.11153392583252689
-0.32787724099271465	-0.33139372348722834
-0.12264796729186145	-0.12235311291906818
-0.07221926174304816	-0.056227685329718405
-0.3759963003048359	-0.3430415243491208
-0.28514715786772804	-0.2812822951426125
-0.17593817128555767	-0.19329149926236064
-0.04911969753169565	-0.061419769093813296
-0.5038109399838602	-0.528255655587227
-0.1064034561396241	-0.12163589676455594
-0.268979821070344	-0.18068206105444948
-0.10746401943864115	-0.11295601396561852
-0.17282005857960936	-0.1550575472342883
-0.11142385121352305	-0.12863933749347686
-0.13966998894337834	-0.32716272819039405
-0.34955995920977756	-0.3384034324157998
-0.1726725343991813	-0.17286232065074517
-0.6225133518451038	-0.6291427451993762
-0.1239022189880501	-0.13157419066771575
-0.10761407556929026	-0.10236231945855104
-0.5518619875588557	-0.45388761228197505
-0.37268780302775006	-0.4243801301640204
-0.19001569289128994	-0.18942079065504025
0.015408072045449472	0.017936284342660033
-0.17732333589223082	-0.17314159205052834
-0.22941508718311443	-0.23529741669577867
-0.19925727959698758	-0.2366720200217553
-0.5496718298357015	-0.5352011980302392
-0.06122117818272432	-0.08465169487036511
-0.3417728174890833	-0.3270745966921843
-0.19653708499439837	-0.21831112864830468
-0.20774198128615673	-0.22799724338380087
-0.14619234259976022	-0.2019912679877395
-0.49903060067238414	-0.495916104870768
-0.29499196872633426	-0.31042710832519377
-0.13855765345146764	-0.18103027235829483
-0.27555188563382416	-0.26876760103393627
-0.29743101978850284	-0.3134534203971961
0.03672602831065497	0.03996595310730248
-0.06978387254678875	-0.08915487084927376
-0.47936348268981543	-0.4854514831885488
-0.12946946774977608	-0.13194981418559984
-0.08109699375453516	-0.0713542477834084
-0.108099726973645	-0.052899124986254396
-0.4369085317841659	-0.4250362068481066
-0.2839735936835659	-0.2844477242040043
-0.4657235704756566	-0.48219405407065474
-0.2479221705949275	-0.25730455445867506
-0.08787988710703853	-0.07100220277962624
-0.4740929697283516	-0.42697171407152085
-0.05305567734862393	-0.05616003346297794
-0.3851682788447581	-0.4192616582906827
-0.42623198649414107	-0.4183999119047321
-0.2647308098984542	-0.2750630120379688
-0.2931213743751737	-0.2572299025215635
-0.17669523324540037	-0.17766735277635506
-0.23185708704886387	-0.17476382621795628
-0.044336071647371966	-0.051988551719898086
-0.31606022596801253	-0.24429835070205544
-0.174560585547737	-0.1487566386512644
-0.34904195781094316	-0.33238860317301766
-0.3146866093821288	-0.29837435483532254
-0.432606777882647	-0.3926107614253667
-0.2706239774561432	-0.28281818557914856
-0.24119682321312386	-0.322236165140159
-0.09604488646103881	-0.14171439644355416
-0.16754657271712503	-0.18250936741155058
-0.2961497295206721	-0.3111886393548982
-0.13638256429232598	-0.11838772352588199
-0.2927458435149344	-0.3126791633719587
-0.17954952020981185	-0.13316973029686965
-0.24898627612875757	-0.24730078621453658
-0.028609118551823798	-0.04086947352381753
-0.21386591273784816	-0.2600094041190948
-0.08269077549053172	-0.04739627855209146
-0.26564334268278067	-0.2727829146585936
-0.5111609662470329	-0.5050893091272012
-0.4001169046482893	-0.4313384052182794
-0.03357236375271633	-0.055853371028388214
-0.03928903515366766	-0.044759026884030516
-0.4637034269055835	-0.4784022255486437
-0.12718688006498624	-0.13852348178252794
-0.16629017959712833	-0.16405264607356426
-0.3320153521743787	-0.30261336061356586
-0.31943851170835913	-0.3323722442953189
-0.25307468517320775	-0.2824600459961713
0.037750762589995546	-0.0050298997934902084
-0.4234032768001903	-0.3986613583117349
-0.49355209056503924	-0.4661555183912777
-0.2845573491911946	-0.2682428430384644
-0.347717697800479	-0.3609440500107802
0.020327126654130723	0.00989993626524148
-0.46019164090378695	-0.4478731924500906
-0.30621694682406364	-0.3154725380778767
-0.4163599203116011	-0.45037017941651053
-0.11010242616145138	-0.1253378586559054
-0.30026949738047115	-0.31009316673192466
-0.29506865254215864	-0.25074812037213395
-0.3545845240603409	-0.40818998646448634
-0.4658454168466317	-0.48932251267237603
-0.3365342296497449	-0.35850666609443355
-0.3037657232201614	-0.31794874462708517
-0.11063320509302699	-0.1367784923188783
-0.2731963496875611	-0.29104082329055836
-0.2702363904278329	-0.2627314964223899
0.045270363131228564	0.07398135087415397
-0.10980846097842623	-0.09902214272424158
-0.6293457143876644	-0.6119661713400723
0.0064785931524848905	-0.01688447894049463
-0.10777034521289774	-0.2300173457525636
-0.4290596734142458	-0.431266727355532
-0.29004646189560646	-0.29999858640918353
-0.3216707252452444	-0.32869205589424383
-0.23274697363310537	-0.24440934381778787
-0.01121312410592612	-0.01875191282607452
-0.23567647309127615	-0.16514390830934977
-0.25543099874349995	-0.2904084746041743
0.011201885688517876	0.026794864362126868
-0.45191937328155163	-0.5062323855444552
-0.47105270090836626	-0.4082060345931323
-0.49219960664295126	-0.4996102078767844
-0.3208546023345722	-0.3097506960919188
-0.2823529104225795	-0.2766287068282079
-0.248747441861342	-0.24312982300046965
-0.32639854218610154	-0.32537453603996647
-0.25656174030660495	-0.2591224387756956
-0.21537198210829267	-0.23709893735401105
-0.626047862346109	-0.6239293446954118
-0.3666185385481908	-0.35022265742769093
-0.31690694314166823	-0.30467740782561004
-0.519977251061924	-0.5058141340177708
-0.06464840270692651	-0.06116955592970011
0.17313231531430695	0.09799495020069916
-0.608216382823568	-0.6091539848782599
-0.08771036463757564	-0.17910201429615585
-0.13769909526386392	-0.14629203179179714
-0.09157334941332529	-0.10792869328020172
-0.2995162473471469	-0.29260685831315913
-0.20110359838371572	-0.24647353173639186
-0.19357512277814148	-0.19707948863961097
-0.11567112908638322	-0.10760946404610858
-0.537021496751418	-0.5522751381310331
-0.2450955344629504	-0.2605115744763393
-0.2229084038060769	-0.22110540396645179
-0.04334891658332296	-0.05901041513586994
-0.13078534576286316	-0.1356510333986795
-0.12075032762086657	-0.11486998023861142
-0.30203239543321025	-0.24323493417747422
0.0124635353181759	0.03335980343239775
-0.561439435614151	-0.4829048962530516
-0.33238079855544456	-0.29154059880413513
-0.3750606914677075	-0.38422520279889594
-0.24327976542116492	-0.23110694754957098
-0.19669621502732149	-0.2216389820156579
-0.534151078738268	-0.4962943410865007
-0.4007707855824876	-0.3795268401990714
-0.44745505698000265	-0.4970595567421903
-0.19118326714785994	-0.19208469045068496
-0.05083225840161809	-0.08022161202799764
-0.4755846285818528	-0.45969165134959455
-0.5346069325826033	-0.523027392253392
-0.36598371044693057	-0.26355529280899487
-0.45580395111619776	-0.4542949375756306
-0.09626411138564261	-0.11583961814704828
-0.30406273437829956	-0.25944524419233334
-0.2969957002457253	-0.2634833489910104
-0.10191576863954843	-0.11896762390280467
-0.33705840593538916	-0.29038030058508063
-0.21328683894407874	-0.19377176794655368
-0.5716812060595986	-0.5085268204195185
-0.4941833856956972	-0.4986913359196897
-0.17621720396741658	-0.1684298933712442
-0.3005995426693584	-0.2881109451664067
-0.4500588697248382	-0.45457503515453895
-0.42052735546981523	-0.4639778189374973
-0.2189615345743956	-0.2692647838514222
-0.1697537465244352	-0.15839474500395873
-0.3718480706984142	-0.3506046742569083
-0.24421787885546298	-0.2611018871598018
-0.2536384505105538	-0.22506591588094005
-0.2820308575294703	-0.3340295432879207
-0.2561507055235692	-0.29053557165265387
-0.43902748311634454	-0.34866120703901754
-0.175728985606602	-0.17200391911964358
-0.3420894729278938	-0.36725773984589605
-0.2704812777932357	-0.25730018570786356
-0.1843480637197139	-0.1967623184964622
-0.18690004524529424	-0.24585978729078398
-0.05552486535204437	-0.07137843651046114
-0.20019208334139993	-0.23390952381922026
0.07784598923730535	0.06287695220593055
-0.09886595640906748	-0.09701718639205402
-0.25175611998679415	-0.24639406945113893
-0.12029427186953257	-0.07650341016088841
-0.29177103721767494	-0.27433872621503597
-0.3303890586477696	-0.3038629921695123
-0.28128172314923816	-0.2707887911327937
-0.24216583034085115	-0.2800534076294479
-0.1560386110108425	-0.2439604961915317
-0.16302605539696202	-0.15313832922427298
-0.15800471271146055	-0.15361306034067235
-0.12187274797516068	-0.11859579930085948
-0.3755502649163649	-0.33562034855145445
-0.523140060985976	-0.4697896167698475
0.03708063501464931	0.025704075189268726
-0.12451322680966914	-0.13642420269233885
-0.4148040820018135	-0.4208208225261488
0.009043978695173038	-0.0026829654946948366
-0.17278723728979983	-0.1560561650242037
0.11338654309470719	0.1301270364182944
-0.2221595143530557	-0.22666951232618654
-0.2781588803805217	-0.2721575922111508
-0.12561438191825935	-0.11845829444690227
-0.45828034438525656	-0.43128225173757584
-0.06968396648633401	-0.07326132105245674
-0.1280508427126641	-0.11029761023955839
-0.04776705640550638	-0.028189606107807703
-0.29613073415806923	-0.2696028754401028
-0.13066811136439593	-0.07868693899501188
-0.33102067842240857	-0.2897036584264145
-0.35838520982149547	-0.36360211484974514
-0.13343471723404576	-0.03666800019680235
-0.3223208357275773	-0.3323104886334428
-0.1923470543216501	-0.19021307448820426
-0.12279719783681209	-0.15816113192857642
-0.30997367397466924	-0.2942441824043029
-0.12287048400540002	-0.07159903250133827
-0.4242078401241889	-0.4099138636164706
-0.2683606849493003	-0.2664119600117145
-0.20230023041112233	-0.18027969010581324
-0.2815730065473421	-0.2565248071446507
-0.2741573176590766	-0.2639359913935542
-0.2828677303785838	-0.24269629427084638
-0.3090102791704066	-0.3174863842235792
-0.3875400996306313	-0.40091397381537847
-0.20833603417569968	-0.190294319793321
-0.18283535090206726	-0.17977478300038383
-0.5190805684868671	-0.47954375088745477
-0.3731016907213984	-0.46835667839771294
-0.1952230504076775	-0.21868350708979226
-0.26117563780577147	-0.24609465358943183
-0.2977142209168857	-0.3100238388092169
-0.17573593567196966	-0.17728952605178888
-0.36422770520180947	-0.3076621986436829
-0.3112935014085778	-0.3085575235509204
-0.2801763383317173	-0.1790198564742238
-0.317951118893669	-0.32383896832930575
-0.17955907141409	-0.1427798828074422
-0.16221777461524134	-0.14129626907771076
-0.4804438349384341	-0.4103845639357699
-0.4090045488712697	-0.372133124749029
-0.18744738434499553	-0.29341994886376904
-0.2568511423801265	-0.24758697617142889
-0.2284305294375102	-0.24957578821761978
-0.22223222240937623	-0.2760908668015443
-0.3188288915385611	-0.3159106141172818
-0.1973612559328597	-0.22138403704272147
-0.2578098795522621	-0.28679715379757614
-0.07980577584214288	-0.09929375818887014
-0.5165408481839986	-0.4904987721454348
-0.15129244702636058	-0.1484468245445426
-0.5019080210123565	-0.4899847543404662
-0.3194466282854531	-0.30034957518589217
-0.10409016017193196	-0.12218181960555297
-0.4311240531544227	-0.44991806854318056
-0.07019894991274178	-0.049305766484677445
-0.1351583436557462	-0.12525536319616987
-0.48065462901035616	-0.43200459215597004
-0.5058832367362935	-0.4815714587591335
-0.278527122375424	-0.28910445527104206
-0.06819123282757822	-0.056226112833032305
-0.2256046876601685	-0.22062755247237686
-0.3246216868873919	-0.2897360996518053
-0.0017973343219832572	0.019345875547803076
-0.2730015953125058	-0.24094199846761838
-0.0651359062579191	-0.04349419177793788
-0.4134038105587585	-0.4060151637849068
-0.11379565712274609	-0.09800789040529921
-0.04075799352640708	-0.06537597107505778
0.05041789846081102	0.06080999878853649
-0.4654662783979653	-0.44028023641085484
-0.31472552719628943	-0.3021188520439658
-0.26062236065929323	-0.2828617233458079
-0.45329993730080886	-0.4492428696915211
-0.24759695721347175	-0.2276545917083641
-0.039502744298102854	-0.058926861305588316
-0.22519593634678614	-0.19366809260825837
-0.08401915095830148	-0.08475327426199591
-0.45688272578286515	-0.4424971379292323
-0.3154611780312724	-0.3297321924023118
-0.05083013451925478	-0.03424008537432412
-0.06438090694626197	-0.04849611923458212
-0.11974618812421589	-0.13985781659044255
-0.2824183487745948	-0.28090655821825755
-0.022298659486212458	-0.056471716583212345
-0.08817450783541858	-0.07848086857261162
-0.5484462909561252	-0.5864113627170693
-0.30882071284841395	-0.31962362186587845
-0.5493253857615521	-0.5254288406557638
-0.3324551365590702	-0.3036856397095778
-0.3128032861267904	-0.29731365317137154
-0.5265966864975482	-0.494717471642714
-0.20614746398859207	-0.19945598465905903
-0.28689326283246785	-0.268488286054095
-0.3355141103137145	-0.3280211311897753
-0.27725370579682185	-0.2788263094242473
-0.2857759466612828	-0.26740051175597357
-0.17684729803923904	-0.1994676841923892
0.03661476070598013	0.022276925740738935
-0.4176476024289837	-0.3971317673091955
-0.2870170310602713	-0.2993831369320529
-0.6275213373756507	-0.6206890537239761
-0.5087530763254318	-0.5100759517851171
-0.05823837961650824	-0.07266386830606204
-0.22970646539789108	-0.21897812023345128
-0.3056062198749885	-0.28703797397991604
-0.042053860187986736	-0.056081670076839056
-0.05136339548630087	-0.0628751069741595
-0.42469423188607536	-0.42581536074035203
-0.11506612206958433	-0.18704564722553885
-0.2712391568322108	-0.30566843352598383
-0.19980838879701768	-0.21023047213091428
-0.07644149552347024	-0.08276250954795539
-0.32252182288525333	-0.307759549995472
-0.13139554104283757	-0.1295540896196903
-0.2695933841623255	-0.3118148807410431
-0.17289884902285024	-0.17795651723664307
-0.5493206399177613	-0.49665173325246287
-0.17569525790534968	-0.10510641668446606
-0.4266891457479307	-0.41622996021539055
-0.19382187225605918	-0.20160128001675007
-0.3158783634218425	-0.3309757536751831
-0.3043113656980214	-0.30401355926482043
-0.41887033811959995	-0.41278130108172373
-0.19029512523132475	-0.21741670907481347
0.06411877975980662	0.002565493871052719
-0.10547774356702799	-0.09116949153915492
-0.4424544177319527	-0.42513294121656253
-0.4983888008319015	-0.4997517314325144
-0.3338634877285944	-0.2972394113070533
-0.3188525633243895	-0.30604317548508414
-0.13692611586503567	-0.11554286234456476
-0.3109435944501424	-0.33268819254263454
-0.4028370194869506	-0.38443587251741507
-0.1350386470863203	-0.13475212916196486
0.04231335379406165	0.018952882694450664
-0.2745832852898493	-0.2749474045407636
-0.12223320717488484	-0.14641751192039507
-0.09872035109273902	-0.10200676406843848
-0.20397047395243995	-0.18210993285608812
-0.23889477094080647	-0.24526714794571775
-0.16662539425165868	-0.16670040590373847
-0.34124255984372454	-0.29239405577816696
-0.3765669821773212	-0.3384562388262753
-0.32952803488095306	-0.3235374384310262
-0.20763764941618668	-0.19912724627280548
-0.6130591285702129	-0.611732840664257
-0.3250800765023829	-0.3311724505566326
-0.4619868478131721	-0.4776912289139547
-0.3060079607709554	-0.3160634340765811
-0.27898875277407775	-0.28044770068615993
-0.1760113789123645	-0.15654146739137387
-0.1763906267196962	-0.1803198571999923
-0.30629364243250023	-0.4002374526154997
-0.1003593768101334	-0.09709253323039026
-0.04931500150359014	-0.04745531122537327
-0.13737233382931713	-0.11111221537611678
-0.5596305523432328	-0.4738380988284759
-0.05557563892361195	-0.06143691101813756
-0.18922400042059184	-0.20032617156708024
-0.26474607821165463	-0.2688689491088509
-0.04014023708779213	-0.0591853520022981
-0.45208123848054704	-0.4885378640548298
-0.3056614468813059	-0.31539369101600895
-0.08108507307466173	-0.09872800854538973
-0.1716043680659194	-0.16838314939955612
-0.1731521628345698	-0.16749772691881137
-0.5400771065895977	-0.5199321620467021
-0.46795337922272573	-0.48582547559150857
-0.3489201544475442	-0.37248538150972743
-0.11211715752764562	-0.08226035978119334
-0.2974990420305579	-0.31379309755821455
-0.1997663354371486	-0.19874715877296242
-0.191930692065438	-0.20203704542338066
-0.29059364159516754	-0.29051971663205706
-0.1181718501477409	-0.12450601403473552
-0.06440233108009874	-0.034641888111998136
0.03525863732449164	-0.06039336389952788
-0.16930972486093232	-0.24479764287293412
-0.24677796385228312	-0.25082431380965664
-0.13222842759637388	-0.1171200819982002
-0.49225878334111783	-0.4442170573046183
-0.42489998972134124	-0.3478367233257842
-0.3351740462839654	-0.2082721581561205
-0.46839084813769816	-0.5022175875061863
0.04617121699498572	0.018511627171155724
-0.06579674032348048	-0.07068140608549905
-0.0180138378232364	-0.008658379429778243
-0.2581069101424056	-0.2608146657131985
-0.18191741625347468	-0.2271676886789945
-0.22973804611690163	-0.17332046972069953
-0.07943674576734061	-0.09066090191748974
-0.08794108974500503	-0.07281544018499954
-0.16760109496845388	-0.169847523050862
-0.4861375074751413	-0.5118685265832874
0.054643102735848714	0.04014195305356031
-0.40617695611443505	-0.35459889409711454
-0.31436397969089214	-0.2990799036160578
-0.32029677174248317	-0.24832996344595765
-0.32569536981481306	-0.36621844170201273
-0.3398704448701988	-0.3279687599871892
-0.03448914725793806	-0.05353240934313178
-0.32781960107618247	-0.3395092182029816
-0.17250756950731372	-0.22921613075072222
-0.21057794250569373	-0.20568241758262573
-0.3680811398319772	-0.333740968265045
-0.46638731931737976	-0.4519363413784957
-0.10837036364619568	-0.10317410655964991
-0.5199976251409124	-0.4461245559333131
-0.47139900961811065	-0.4298217027801228
-0.050568236189628024	-0.06380339503772924
-0.14574396747213747	-0.11794992799923716
-0.5157552749899299	-0.503155723216477
-0.47024302709093213	-0.4923178018890554
-0.17498502662894388	-0.16029171706302386
-0.22507098541790338	-0.19789920524075919
-0.43588413619347044	-0.45065652753923446
-0.5198654612094753	-0.5082953242497877
-0.155990830420917	-0.16525497259864025
-0.1036327272774038	-0.09143911945371952
-0.29702701338996995	-0.3201021911843915
-0.4386911253066632	-0.41333529749481274
-0.4684357319476913	-0.4537439967229194
-0.18273720581618225	-0.1788101401482551
-0.28069419896724845	-0.29423278068818287
-0.5679674243223172	-0.5311373673455562
-0.4031972065349425	-0.40426426112038594
-0.1743182967439001	-0.1975269696992808
-0.0930478111214601	-0.12420517709437287
-0.4635800454917378	-0.46469447363041966
-0.15245367132907361	-0.13199127044386225
-0.0672855552279259	-0.0724941489312409
-0.3978640456702607	-0.4198088748363912
-0.10310160220842146	-0.10061124967858774
-0.11961699044597829	-0.11172194985883636
-0.29845804067729986	-0.2571683672825876
-0.18470132249207438	-0.17471731688163714
0.21833651601118298	0.2085241206435506
-0.3549530359715982	-0.3373688976797677
-0.30304088304834753	-0.3383445568889888
-0.3053580043990056	-0.4373029179602583
-0.4362275513343814	-0.4955583667885395
-0.413626218791733	-0.38874507772172473
-0.3869797276461284	-0.37444666932701115
-0.28823259844056004	-0.2707207158027742
0.035218569025109225	-0.0046593928923141905
-0.04628280784499594	-0.06259553223496599
-0.25602370639329664	-0.26722090102502977
-0.3818373055716089	-0.3708411665555706
-0.26427735626461235	-0.32053507527867775
-0.45101531688823293	-0.4792843663343305
-0.1840310157053473	-0.17917304006974916
-0.12180985840525071	-0.11770489523870785
-0.1269124020912944	-0.15604315949896577
0.01032383965466721	-0.028941189576901998
-0.32812487253080036	-0.3445663006505235
-0.15188767701899053	-0.1721097103844957
-0.6257911020157128	-0.6125059236885085
-0.29503841859841184	-0.319740076873926
-0.0820979382882161	-0.052031992582262265
-0.033469185025850834	-0.05061289947963708
-0.347430198580545	-0.37353483389300124
-0.45533932706033653	-0.41883761576608936
-0.2093646093173369	-0.17854085619251875
-0.3776671929713089	-0.3911210042560946
-0.32451729040599453	-0.34866152383288485
-0.10101874424032253	-0.09760227554957178
-0.26489974537379357	-0.3016447084983807
-0.62122845410377	-0.5987841045394573
-0.004674451746959463	-0.05043616454400853
-0.06393524526871097	-0.08712082024213823
-0.08394637994642107	-0.08620684750530867
-0.382304652009374	-0.4092921925695189
-0.5569569700652233	-0.5355551505311125
-0.28491245019354494	-0.3028297106913819
-0.3195496427231239	-0.2989040216125464
-0.45670360694080436	-0.46020199880547985
-0.2686308277655236	-0.2781076432417941
-0.49072906177597275	-0.5180838663209392
-0.5139475837989291	-0.5063077526966239
-0.09605869460520111	-0.09947490375868315
-0.10803189606142194	-0.09690302334793417
-0.29642954214855877	-0.2937840749843327
-0.20684143375819541	-0.2069259513746966
-0.31505987925935397	-0.34424433364770796
-0.0657271541060016	-0.06279323149955711
-0.1879942599819442	-0.18228046155362856
-0.1730959565093393	-0.16846470458198606
-0.3337474816770918	-0.296528672156224
-0.4123434187251407	-0.3974632982369567
-0.34190197849700876	-0.42209847617222757
-0.017755493277298307	-0.007537433446313963
-0.5350739625643985	-0.5344570926914183
-0.12640952447567066	-0.16934266708070225
-0.08321308360459945	-0.18119992324212778
-0.4135165386062116	-0.38388947734730383
-0.16365104569013056	-0.14766383773709982
-0.23286467309102754	-0.22680479307101675
-0.1198587478516151	-0.10711947303051855
-0.259389417617248	-0.25610959809995476
-0.31983495860874633	-0.32597970313714686
-0.32276490423228044	-0.24857629314127036
-0.2802146226532063	-0.2838447805434374
-0.3600109911143621	-0.37363875534352065
-0.23005267207591373	-0.24746063206967303
-0.14984904725518788	-0.16435536962785602
-0.3523790988663098	-0.2882053936751494
-0.2642854595650155	-0.28724820569698245
-0.04507220345629381	-0.0534693629991948
-0.2015678160915808	-0.19718991650620932
-0.12596233129335666	-0.13573114813512763
-0.4942374414052928	-0.5022277539320108
0.034695807033344295	0.04255262455081201
-0.10192581413458779	-0.09069768763445345
-0.24054471735526306	-0.19966182465179452
-0.3590283481825125	-0.4385581235148173
0.02443019992286999	0.014898279149539945
-0.4333840316660549	-0.43771975218920867
-0.26719760709555906	-0.3110178515816992
-0.32303337182303604	-0.327182277697737
-0.15687665346938928	-0.16082517724773818
-0.024242391418539455	-0.015659845321933243
-0.1720344702772545	-0.1634793990239353
-0.3947206700015249	-0.40931110051831526
-0.13666418372663092	-0.14157221379108947
-0.3012339582667023	-0.31639827197626746
-0.34477169152200915	-0.2934659595551445
-0.4918287352750905	-0.5087285490766376
-0.07392125383442316	-0.20406245565528383
-0.3657858630789814	-0.37867669287494127
-0.13869151407262237	-0.14137490585128906
-0.17900345578673438	-0.19532942665129532
-0.5245742885765257	-0.5230680141033247
-0.09507350701765205	-0.08337640079057797
-0.36275159539344237	-0.34465496441171445
-0.1372774051966985	-0.16230901264861675
-0.26942843596569066	-0.2751377108376871
-0.617960165073967	-0.6197776007968611
-0.05677370662645487	-0.08243201032409869
-0.33223970417213344	-0.3648357849878964
-0.1828593216348544	-0.16857484051431582
-0.17615063056147662	-0.1587006011531201
-0.28534843090604234	-0.28727558449365304
-0.31682560798900194	-0.299865315656421
-0.1779171713667651	-0.1778404893932192
-0.46857026821634484	-0.42432573349203645
-0.3154288770562026	-0.3142480004327296
-0.5781508945787159	-0.536362493823064
-0.24593594575287892	-0.23302882505004346
0.23544696274342503	0.21659912452469934
-0.052345222894381926	-0.06044115312084427
-0.23753964578734355	-0.20996769201098245
-0.4103730691987266	-0.4137553775495358
-0.2896357667655227	-0.28172577031314505
-0.38813206114035026	-0.34993674808503133
-0.15448313783502066	-0.16875361758543897
-0.2856655467830844	-0.26204534803973034
-0.27298809683243697	-0.2639175945637423
-0.07116763298709472	-0.0905348229326492
-0.4157364732275015	-0.3956009680381274
0.005200695480344741	0.004651531994207157
0.04083763271828822	0.031227251946786654
-0.08925452855888949	-0.0777091458866539
-0.30854716852858743	-0.28142155841786776
-0.2000926739129536	-0.1910603709067278
-0.4812398062341874	-0.4876875181010265
-0.0984287967531623	-0.21382254701381873
-0.34757155845985643	-0.3104744550808636
-0.525414422444479	-0.525456720320927
-0.13846712800353878	-0.13513709532443446
-0.19576031921140036	-0.18629174196836296
-0.1528357641803577	-0.03239477033686057
-0.5450230364910134	-0.551635274472396
-0.21714875239931608	-0.20700818731107995
0.01891743459029449	0.006698197534039678
-0.10807919779835196	-0.11462106612795915
-0.41078235582878797	-0.3645235062174846
-0.4938983896411582	-0.4535162648596543
-0.29061039904971864	-0.31464785444910987
-0.46381692115210527	-0.4908852846247217
-0.5512174243762349	-0.5574099685559206
-0.18376535974359065	-0.17963736882266002
-0.13416148401963746	-0.12560743472628827
-0.29354531172775467	-0.3364202395410841
-0.6035195866141194	-0.5984364154909005
-0.5647974535945668	-0.5102529499527749
-0.26399297688458123	-0.2707515900077209
-0.3993694513161241	-0.4056340272811023
-0.45272610305259775	-0.471454499196457
0.031066987599650986	0.01338668676374194
-0.41576942726518595	-0.4086672858507218
-0.41151391548433125	-0.36092073783084916
-0.4408744486399012	-0.4627012239097963
-0.2749523178548543	-0.2717562830891012
-0.06715657143785414	-0.3015910086900775
-0.13573158627671056	-0.1583340249568786
-0.21203423628698737	-0.22684986598059778
-0.43691636630720154	-0.3732494003675816
-0.1896473471354554	-0.17504554788391988
-0.4609832595621919	-0.4904379842687847
-0.5054388456879195	-0.49451626008473976
-0.10920522703987956	-0.13050581870924494
-0.06126791935271925	-0.04060139903993523
-0.11723573050893421	-0.18212857803005378
-0.545199829440322	-0.5039104594231344
-0.26258212580331985	-0.2798167980059804
-0.34162566940171857	-0.3358113140429833
-0.40291685782911646	-0.359133889775073
-0.2416148166759502	-0.2733188252916727
-0.24588978231500924	-0.2518445228355019
-0.05568645847322884	-0.07944935100159287
-0.2733301944227211	-0.2520522304101442
-0.20294714118584878	-0.20502151874636473
0.008743428420618926	0.012914117911483855
-0.3250543115551441	-0.2793312433497966
-0.3573432169798192	-0.40288125142553327
-0.4792308256421638	-0.41936661639935213
-0.5277738341863456	-0.4918188139065429
-0.37987908038436125	-0.3969897633241736
-0.2779771420664181	-0.2613696456042837
-0.4508178127400351	-0.44807954676069495
-0.27608542878235554	-0.3024482960953376
0.038573373651276555	0.012613790654354388
-0.4990166207091713	-0.5613916180963219
-0.13008761301996508	-0.12086252494296128
