1.319072382365895080e-01 2.300236485664566930e-03 1.000000000000000000e+00 1.000000000000000000e+06
1.318756985882632848e-01 2.299780794751172391e-03 1.000000000000000000e+00 3.162277660168379080e+05
1.317761055610320309e-01 2.298339694041087993e-03 1.000000000000000000e+00 1.000000000000000000e+05
1.314628724603382204e-01 2.293406107689768998e-03 1.000000000000000000e+00 3.162277660168379589e+04
1.304883751850143825e-01 2.277149450198346064e-03 1.000000000000000000e+00 1.000000000000000000e+04
1.275590051197351416e-01 2.231102803278885247e-03 3.162277660168379394e-03 1.000000000000000000e+06
1.275576541507855433e-01 2.229849766323331942e-03 1.000000000000000000e+00 3.162277660168379043e+03
1.195954055043698394e-01 2.117567523967322975e-03 3.162277660168379394e-03 3.162277660168379080e+05
1.195934565574949815e-01 2.115844888274120896e-03 1.000000000000000000e+00 1.000000000000000000e+03
1.027687478362974832e-01 1.825109562111055508e-03 3.162277660168379394e-03 1.000000000000000000e+05
1.027680935352231623e-01 1.823571858875998710e-03 1.000000000000000000e+00 3.162277660168379043e+02
8.025866052818018959e-02 1.225620361824981616e-03 1.000000000000000000e+00 1.000000000000000000e+02
8.025338444489246714e-02 1.227227344868685914e-03 3.162277660168379394e-03 3.162277660168379589e+04
6.266235355752849956e-02 6.434597011849767061e-04 1.000000000000000000e+00 3.162277660168379612e+01
6.265100924015179484e-02 6.451131194142948602e-04 3.162277660168379394e-03 1.000000000000000000e+04
5.133254542047779173e-02 6.181124095859452184e-04 1.000000000000000000e+00 1.000000000000000000e+01
5.130872969815974960e-02 6.204184331141995292e-04 3.162277660168379394e-03 3.162277660168379043e+03
5.130865886271677306e-02 6.204281716390550906e-04 9.999999999999999124e-06 1.000000000000000000e+06
4.241935067599260367e-02 7.358208847396024207e-04 1.000000000000000000e+00 3.162277660168379079e+00
4.237124870752081301e-02 7.381144122600890234e-04 3.162277660168379394e-03 1.000000000000000000e+03
4.237113342199176624e-02 7.381266478282120548e-04 9.999999999999999124e-06 3.162277660168379080e+05
3.468422592839578988e-02 8.144688906211075118e-04 9.999999999999999124e-06 1.000000000000000000e+05
3.468348365431810076e-02 8.144146003542198546e-04 3.162277660168379394e-03 3.162277660168379043e+02
3.456976308896327760e-02 8.044648840475495354e-04 1.000000000000000000e+00 1.000000000000000000e+00
2.873542258544645178e-02 8.057525589634028729e-04 9.999999999999999124e-06 3.162277660168379589e+04
2.872874184008114562e-02 8.055878822288322760e-04 3.162277660168379394e-03 1.000000000000000000e+02
2.799850977024596205e-02 7.186016343450891790e-04 1.000000000000000000e+00 3.162277660168379412e-01
2.401223336469783878e-02 6.868684083216251932e-04 9.999999999999999124e-06 1.000000000000000000e+04
2.397782005477285330e-02 6.877095671655024953e-04 3.162277660168379394e-03 3.162277660168379612e+01
2.296383266801948347e-02 6.317737369998617167e-04 1.000000000000000000e+00 1.000000000000000056e-01
2.257342161946985712e-02 1.091186051358172772e-03 1.000000000000000000e+00 1.000000000000000021e-02
2.017972658474402950e-02 7.006057926615778461e-04 1.000000000000000000e+00 3.162277660168379134e-02
2.015123005707371642e-02 6.004489078118434471e-04 3.162277660168379191e-08 1.000000000000000000e+06
2.015075814793857237e-02 6.004732833259985355e-04 9.999999999999999124e-06 3.162277660168379043e+03
2.002236756749686125e-02 5.968588609102747338e-04 3.162277660168379394e-03 1.000000000000000000e+01
1.736532799542285857e-02 6.063811974575199736e-04 3.162277660168379191e-08 3.162277660168379080e+05
1.736342173995147550e-02 6.064505741816147120e-04 9.999999999999999124e-06 1.000000000000000000e+03
1.699376145296961627e-02 5.964230046804730283e-04 3.162277660168379394e-03 3.162277660168379079e+00
1.597254412843173918e-02 7.331454935708572960e-04 3.162277660168379394e-03 1.000000000000000021e-02
1.596086585757947041e-02 7.312550852100524381e-04 9.999999999999999072e-11 1.000000000000000021e-02
1.596086583175371221e-02 7.312551125914749798e-04 3.162277660168379191e-08 1.000000000000000021e-02
1.596085808560542690e-02 7.312636223675598405e-04 9.999999999999999124e-06 1.000000000000000021e-02
1.574461215645202306e-02 6.236906282526774072e-04 3.162277660168379191e-08 1.000000000000000000e+05
1.573568355726591775e-02 6.239319976216260288e-04 9.999999999999999124e-06 3.162277660168379043e+02
1.560100650592537164e-02 5.592276338506948358e-04 9.999999999999999072e-11 3.162277660168379043e+03
1.559866251500196047e-02 5.593643605290586672e-04 9.999999999999999072e-11 1.000000000000000000e+03
1.559773414304247222e-02 5.597607535406319860e-04 9.999999999999999072e-11 1.000000000000000000e+04
1.558746055076996873e-02 5.606074596853650440e-04 9.999999999999999072e-11 3.162277660168379043e+02
1.558519981916985618e-02 5.612805825029993333e-04 9.999999999999999072e-11 3.162277660168379589e+04
1.555378021096869533e-02 5.647829831158921897e-04 9.999999999999999072e-11 1.000000000000000000e+02
1.555052287335814167e-02 5.639819116904079208e-04 9.999999999999999072e-11 1.000000000000000000e+05
1.553443789571740119e-02 5.673598879996756637e-04 3.162277660168379191e-08 1.000000000000000000e+02
1.553342231119941505e-02 5.659267985042633776e-04 3.162277660168379191e-08 3.162277660168379043e+02
1.546785537060208805e-02 5.739514096740677349e-04 9.999999999999999072e-11 3.162277660168379612e+01
1.546563090356629921e-02 5.695848493622740222e-04 9.999999999999999072e-11 3.162277660168379080e+05
1.546134205147269361e-02 5.750428787855720904e-04 3.162277660168379191e-08 3.162277660168379612e+01
1.546004624254654347e-02 5.702318833602518450e-04 3.162277660168379191e-08 1.000000000000000000e+03
1.530285217908894900e-02 5.840968184225492268e-04 9.999999999999999072e-11 1.000000000000000000e+06
1.530278193227543881e-02 5.996495963466023666e-04 9.999999999999999072e-11 1.000000000000000000e+01
1.530112766248431164e-02 5.843684233605589981e-04 3.162277660168379191e-08 3.162277660168379043e+03
1.530054598090962482e-02 6.000544518843390143e-04 3.162277660168379191e-08 1.000000000000000000e+01
1.511959079502765355e-02 6.149274130709666761e-04 3.162277660168379191e-08 3.162277660168379589e+04
1.510208035871938616e-02 5.960260936441152914e-04 3.162277660168379191e-08 1.000000000000000000e+04
1.508189644513121055e-02 6.180552934697376103e-04 9.999999999999999124e-06 1.000000000000000000e+02
1.501806477843967147e-02 6.269039112418110099e-04 9.999999999999999072e-11 3.162277660168379079e+00
1.501737182667120009e-02 6.270472020407037630e-04 3.162277660168379191e-08 3.162277660168379079e+00
1.501736660752906946e-02 6.249547887750377378e-04 3.162277660168379394e-03 1.000000000000000000e+00
1.501639989757044477e-02 6.197863921504500164e-04 9.999999999999999124e-06 1.000000000000000000e+01
1.498700985058276126e-02 6.103844636944308908e-04 9.999999999999999124e-06 3.162277660168379612e+01
1.489445662344258958e-02 6.345097552076802523e-04 9.999999999999999124e-06 3.162277660168379079e+00
1.457569980461731994e-02 6.321436727840526936e-04 9.999999999999999072e-11 1.000000000000000000e+00
1.457551141633080596e-02 6.321920453514201640e-04 3.162277660168379191e-08 1.000000000000000000e+00
1.453337434499187356e-02 6.380590084224853223e-04 9.999999999999999124e-06 1.000000000000000000e+00
1.400032111153906057e-02 5.933852974258455471e-04 9.999999999999999072e-11 3.162277660168379412e-01
1.400027860932870696e-02 5.933968964749276528e-04 3.162277660168379191e-08 3.162277660168379412e-01
1.398912535450493044e-02 5.959097580415129592e-04 9.999999999999999124e-06 3.162277660168379412e-01
1.395958817307511347e-02 5.806245117136692299e-04 3.162277660168379394e-03 3.162277660168379412e-01
1.355517981940103714e-02 4.916500640078290364e-04 9.999999999999999072e-11 1.000000000000000056e-01
1.355517062978699692e-02 4.916530701133758159e-04 3.162277660168379191e-08 1.000000000000000056e-01
1.355248627746369859e-02 4.924064455484757465e-04 9.999999999999999124e-06 1.000000000000000056e-01
1.353715399204603355e-02 4.114718806525298543e-04 9.999999999999999072e-11 3.162277660168379134e-02
1.353715219655123037e-02 4.114727499849003215e-04 3.162277660168379191e-08 3.162277660168379134e-02
1.353659723660445222e-02 4.117369992153825848e-04 9.999999999999999124e-06 3.162277660168379134e-02
1.350632794909227205e-02 4.226117526617100668e-04 3.162277660168379394e-03 3.162277660168379134e-02
1.349463249964686327e-02 5.037449326560855881e-04 3.162277660168379394e-03 1.000000000000000056e-01
