-0.08935677721060387	-0.0871842717299425
-0.2653511606698711	-0.2613038973474993
-0.3501699014006743	-0.3196660549552486
-0.3428823475436502	-0.3873843183877079
-0.2534204046568469	-0.2608139815208512
-0.2788328404736973	-0.2837021100880372
-0.2163418289852217	-0.2520430727006374
-0.40848568208402725	-0.397437935493635
-0.1448369001133596	-0.17758507989454683
-0.28030320418677945	-0.27296145846538566
-0.5126776837886879	-0.5079049989734165
-0.0854792252761154	-0.08534780168640113
-0.258524194082316	-0.2549109700156364
-0.12013744224521261	-0.1289327647237034
-0.3684224359268029	-0.37506760333366107
-0.23525255835786751	-0.2575077048328192
-0.24002808968052491	-0.25596342604397904
-0.31980981259251173	-0.3059472776126495
-0.45738692819654325	-0.45147142986834593
-0.24759696725692848	-0.19417600817604372
-0.29004826638082193	-0.29990076045814956
-0.2595397919812008	-0.2999882797424863
-0.23354752714636007	-0.2965185917110928
-0.3685938851068613	-0.37569686108038997
-0.058363657563011984	-0.05805127206559044
-0.34187124851979256	-0.29652947872545177
-0.22224904693258551	-0.2255331107442115
-0.17018695578106957	-0.1713124390175697
-0.2694914771880246	-0.31446699054814736
-0.24033832255353715	-0.2747594388255608
-0.0991883370237403	-0.13484267956712145
-0.3384076376416445	-0.3473500465583763
-0.33890286385597257	-0.3523043102965405
-0.14632846235011776	-0.28699260059838083
-0.3889296091477199	-0.4111823463995617
-0.34822092474667343	-0.3313754183810517
-0.47623891513449834	-0.5149552257444592
-0.28497891804692443	-0.2536519346441142
-0.3264718735159242	-0.31772287313308073
-0.3493734200933485	-0.35556072030643604
-0.3934265138879294	-0.31533249450311496
-0.17922434915629282	-0.19987573576873494
-0.33827248056183734	-0.30308717903855914
-0.3776327478890593	-0.35556993864448505
-0.3380018143927792	-0.47511678702879995
-0.534312809909812	-0.5194474313142499
-0.043720550863145746	-0.10380186375494761
-0.3096312867421105	-0.2904311141656495
-0.4266081160380679	-0.4128385439395425
-0.5280222818853488	-0.5176375409828452
-0.45711779016804144	-0.42292238677285493
-0.3321642463142247	-0.3094299521150134
-0.5279402865807032	-0.5026373441522682
-0.20008201726228414	-0.2567997985884309
-0.3304844768564479	-0.3477151510504033
-0.3645508190449007	-0.31565996402471896
-0.3118225387336082	-0.2390657375335471
-0.23643136369019047	-0.23411021893172376
-0.43346375067801013	-0.3971291818000598
-0.384395980933796	-0.3602127129769558
-0.2305628176481722	-0.2470984710571174
-0.34856758228224294	-0.35769676659156774
-0.3841595192066034	-0.38539803724021876
-0.3057691119281092	-0.3163710525738106
-0.28354281610246446	-0.320334009327252
-0.43198326196754877	-0.4363233332771015
-0.2582891326519636	-0.1882931977866296
-0.4017265687644809	-0.3838401349052241
-0.5245009257218634	-0.5337493782758589
-0.2968545033942718	-0.31497407441168634
-0.1573172745961493	-0.1517564398741328
-0.12384867853782211	-0.224691008005706
-0.554572350977347	-0.5551641403864729
-0.3375841881376367	-0.3124516511514458
-0.33440005390026784	-0.29348731940917433
-0.13578691497047224	-0.12306784499940451
-0.09331116307811094	-0.08496465038911269
-0.37669174144036077	-0.3781982373807144
-0.2748471147409912	-0.26772766976182727
-0.2579235610651409	-0.23491964056930756
-0.346583685142015	-0.28822980878442356
-0.29809856513346844	-0.28623748424364087
-0.2551093172126606	-0.2707037711204826
-0.3755209892606537	-0.35837374028743135
-0.28264868317955205	-0.27702248596623213
-0.42074222689111807	-0.4228105942370207
-0.22266209375370138	-0.22399419718798233
-0.3115770648856184	-0.3705034299223928
-0.32778499626891744	-0.3174422574780684
-0.47985640712791167	-0.4490913266862295
-0.5551837304457496	-0.562194632253899
-0.31247014858539046	-0.3247829163619397
-0.5224317373199732	-0.5170397528673106
-0.028163601270529526	-0.21654382372956862
-0.26674696747844173	-0.31012163965870204
-0.10762986970061661	-0.1276331882202127
-0.4980278917247425	-0.5189230949270517
-0.2724222204351001	-0.2655288044949979
-0.39874722724441014	-0.41666836434118776
-0.3741934897150223	-0.3825548243727333
-0.2601163885085924	-0.2958343592794055
-0.40518313843075937	-0.3678824460506802
-0.45885081212914614	-0.4415412442999311
-0.2701624086964607	-0.2668006319399662
-0.32952712035387677	-0.3319623448415138
-0.47106446866341756	-0.4490587118646848
-0.18881088790058165	-0.1758537590642172
-0.09911879075935204	-0.12360676460426757
-0.3922566154405338	-0.3900096358897487
-0.35134521712207345	-0.3301411884256672
-0.12262059783763846	-0.1514714638781938
-0.3537551677008324	-0.3560591619799219
-0.3409432803002552	-0.32869922793124146
-0.3359634989051443	-0.3338538502389382
-0.23287150500836518	-0.2664955411580372
-0.289465527010595	-0.2746879113379075
-0.3048321274219923	-0.2831287301095215
-0.4008295679067295	-0.38452837744005
-0.4231025803164812	-0.4676573583007938
-0.2743043608157709	-0.3551077575875486
-0.26658184338776536	-0.20748789415113206
-0.2732183015822116	-0.3107675255645362
-0.16158729346513567	-0.18362857158001689
-0.4132681715780926	-0.4053013396454721
-0.4505391825321574	-0.44649372668618453
-0.2449968120250503	-0.25225628244329057
-0.23571601897357297	-0.23195392205657697
-0.14454182392569415	-0.14834702955516876
-0.1021467202440487	-0.15835153056555987
-0.43490898896937935	-0.4470590220191585
-0.24764459930847238	-0.25559842309283426
-0.4392006750715378	-0.4255049729961639
-0.24810882591157934	-0.25863446486534547
-0.299200820768867	-0.2638653667432076
-0.29041054118683896	-0.285390400249804
-0.43971487011786614	-0.36092751355046493
-0.4270595095768783	-0.41336705650151967
-0.3008616898253713	-0.2903215042815629
-0.12591446202723233	-0.08941573796631236
-0.31814839181518906	-0.3482208752412453
-0.1478037182988423	-0.18203233736936655
-0.5592892698965493	-0.5507909187743665
-0.5198533796634823	-0.5149408434792954
-0.5332020397702664	-0.5350681031339701
-0.3673907393527358	-0.25511875810333545
-0.2915574773785927	-0.23733084530407242
-0.43347308897641135	-0.42775920871719214
-0.47413640009805036	-0.3949505924099316
-0.477368678963515	-0.490518024492936
-0.2684393548471782	-0.25664077134173596
-0.2684657290698329	-0.271168697560631
-0.3801723015666294	-0.298381704488983
-0.39824470934195233	-0.4050103016902986
-0.3677273347911285	-0.37551423071843404
-0.362779430839943	-0.33248209083356434
-0.30989158117026605	-0.30362969665363587
-0.39512696695678784	-0.38996069499439956
-0.11224822656854272	-0.12150415844151477
-0.14486321739404673	-0.1834375580674306
-0.4427611439825405	-0.4442191415443434
-0.36562606165050937	-0.2860475641891985
-0.3446586698186245	-0.3454245599275341
-0.4149900770093726	-0.3899709305610401
-0.4621929400303202	-0.47636824951987233
-0.19281566903966407	-0.14319457255119244
-0.2683446649082182	-0.24256583210897142
-0.3701371762236114	-0.3901960364130643
-0.27366929927494965	-0.1772357145433922
-0.18923402320695004	-0.2313845361203042
-0.4203936978937186	-0.4320777524128799
-0.24660933071584346	-0.238883032049185
-0.293190093738243	-0.2928344615378349
-0.31976345383759863	-0.30039062136119676
-0.4148904511973406	-0.4071158114184065
-0.25500247186159797	-0.2427587749019479
-0.21440750967386535	-0.35899390797572317
-0.4641020499698243	-0.3939862957459991
-0.20482229877089608	-0.19451395955290937
-0.3201502080973313	-0.27067509769697784
-0.20508177136669303	-0.28568146899011065
-0.3797424107155791	-0.36414155709371776
-0.29171727483720744	-0.30407524354634574
-0.5324809466106988	-0.542789328715741
-0.30376637341256796	-0.3349590612609605
-0.10564398805887976	-0.1479393470673032
-0.5135434815451916	-0.5277035917670692
-0.24714435046828065	-0.24219954132159252
-0.3944919879698343	-0.4086274735377989
-0.37249308493204936	-0.34980052480094503
-0.3040360263434039	-0.2864194236846272
-0.3880804263830182	-0.3694802107740266
-0.41493412493240456	-0.40383450516456004
-0.2468832105731984	-0.25685243434778265
-0.1140050868953999	-0.10404927872455931
-0.24143901581966887	-0.24918105659005182
-0.26018340900122894	-0.26401529811363444
-0.25009670445468757	-0.29676959177482354
-0.24538175581576382	-0.2492634843251714
-0.38849587139838704	-0.3178596611671119
-0.23874504028460208	-0.23843499647291758
-0.3486907183071537	-0.38143474879649175
-0.37575256725420836	-0.39063706079751076
-0.3175930598815153	-0.31051264668654044
-0.2596169803122024	-0.2765029837579059
-0.2717831093589176	-0.2616571051464846
-0.5109637191572993	-0.5179636905212088
-0.2932932766510312	-0.21378640326304046
-0.2713476026740391	-0.27017943318862625
-0.25794723500042593	-0.2545115927720475
-0.3756742476485666	-0.3109312597033047
-0.37177332605079627	-0.3734009703471466
-0.22879816333644598	-0.23834228516168518
-0.2680885888771769	-0.2691238994130294
-0.49819286494370374	-0.49254977912032577
-0.4139125137284907	-0.39896602524172736
-0.13618756626781447	-0.13945058682913106
-0.26508097696912003	-0.25471121441383193
-0.3987616275755119	-0.42204687965294774
-0.22594044184608109	-0.2392193651261391
-0.4017465404960756	-0.40116509483314544
-0.15138260950104687	-0.15805272405645143
-0.36229840647526856	-0.39502588896536533
-0.35546324950450625	-0.2165548531084855
-0.40996094290612106	-0.36092276615545515
-0.36344755082540736	-0.35188837598045064
-0.17425481123281195	-0.12365976446045035
-0.3495970100943957	-0.16612570817343864
-0.2908668498159912	-0.28507836359651795
-0.24230448513442226	-0.24152126643476218
-0.24811370497591057	-0.2108430041041795
-0.24642850526944926	-0.2513192249930633
-0.5166537187675537	-0.5536302626979857
-0.29815283437536877	-0.30795323774227595
-0.4037213951016181	-0.39836414128242936
-0.4388864797562988	-0.4272996266148822
-0.3688556836589907	-0.36651386716150375
-0.3034709811844589	-0.3281179409089149
-0.2163369565792017	-0.23098964475282216
-0.4114553138690553	-0.4291050418568642
-0.2851771944616601	-0.28795195742848895
-0.018707854333722906	-0.06221579622205471
-0.3188971272096275	-0.2852734937218156
-0.23810370998651997	-0.26786810870369404
-0.48178145091430835	-0.5063157530195888
-0.2689547012042919	-0.3017450388476766
-0.5329204596051476	-0.5380252399460778
-0.29824547100259124	-0.29390447007646664
-0.4393509909416604	-0.4041728362267494
-0.41889935456113037	-0.4061176427810328
-0.42413695638575	-0.4215254021682049
-0.3356746856516537	-0.28983649587672805
-0.3176849009326226	-0.326383727329377
-0.3275358453836219	-0.16298801589770856
-0.41077710132284295	-0.44045483514598976
-0.25314676523206003	-0.24676697847722745
-0.297777623913273	-0.29617367716267734
-0.2367858187549814	-0.2496685469426663
-0.3989898816835904	-0.3592326801702924
-0.46968870929076445	-0.4541657713346815
-0.3340810172177857	-0.34170510427929407
-0.19310145982396065	-0.2083610050801897
-0.2573531514773606	-0.2555575926570269
-0.23453397218962024	-0.24675091187675444
-0.4197493844613014	-0.2240587241152764
-0.11635582083637885	-0.11996608121506651
-0.4040016511204563	-0.39610183412720656
-0.23180698890425155	-0.25048411591142894
-0.24720673833314244	-0.2342577377385793
-0.2745386686779909	-0.2595835381247827
-0.41505441266638954	-0.41098543937109766
-0.2614312105984702	-0.2670529824370061
-0.5240665390311108	-0.5372060466732641
-0.28780681830634514	-0.266994743359574
-0.23446562841153984	-0.22863915234663706
-0.32421508619275663	-0.3687050329673016
-0.37916213244952957	-0.3961089908674633
-0.08542990800541972	-0.125669380897161
-0.27614974856219376	-0.24822369294730248
-0.5419371858308342	-0.5367854407761602
-0.0915687953042017	-0.0849079761724673
-0.37963258617883255	-0.3673106402520379
-0.531463633830553	-0.5248536305464108
-0.3898193223128583	-0.326532926135187
-0.2717264659246119	-0.26934883149847955
-0.4122973993587493	-0.41090465960983746
-0.2791024463789231	-0.27188512255853375
-0.5352015727410411	-0.5375073137246645
-0.37995006199278336	-0.38214400010284194
-0.37606413302951225	-0.3567965301145772
-0.4038468757264866	-0.3924665800129939
-0.5238486588479496	-0.4749987279700011
-0.2846980637066814	-0.26809704173746246
-0.2431494555300162	-0.2613554377698648
-0.3497881700164065	-0.30359521641742193
-0.5079328448652944	-0.504213772291147
-0.33312033142321873	-0.33652721143853936
-0.3456754379699696	-0.33742504460859957
-0.26863502456940935	-0.2936012315150384
-0.3830758363293505	-0.38205400193516925
-0.21402165633333858	-0.22808514565689822
-0.4029230591668522	-0.40949575274066435
-0.2545433554074883	-0.2566163732123717
-0.5294868200700176	-0.5357040885044376
-0.27356164926169235	-0.2922047320839818
-0.3765117837559675	-0.38565248992420187
-0.5289579063873067	-0.5295176025120514
-0.5227655049263333	-0.5211637212962958
-0.42315653183969815	-0.43272854027249374
-0.2761463994836717	-0.27966510009564927
-0.26766352874633625	-0.2590348283115474
-0.2422777817216364	-0.2593159725709625
-0.40807917206334565	-0.43443810304541625
-0.3865522875549079	-0.3632652859173434
-0.3022587428706309	-0.26277606252564895
-0.5240661486696077	-0.522937679975529
-0.396131797121118	-0.38842673338681355
-0.07771587747438424	-0.1059054684930598
-0.26998007319289385	-0.2876303378486762
-0.23797516450632727	-0.20056491526664233
-0.5266672440547122	-0.4722280484194472
-0.26636868264105473	-0.3505903145196949
-0.2964494083328013	-0.29820637368968433
-0.21008289700348293	-0.24802529360499795
-0.258555693735115	-0.29423694731732186
-0.28247494951637186	-0.2816800745959504
-0.37779930485347357	-0.4018831019228065
-0.3731330644667459	-0.3771355037885707
-0.1686948764124807	-0.11174395183736087
-0.29192587762730327	-0.3033658632537161
-0.43168405822497924	-0.42943631180415043
-0.5314102549353272	-0.5295097119071922
-0.2268433234574765	-0.23181187141253587
-0.4738427634981335	-0.4946084259771417
-0.5587906400854621	-0.5537126027451437
-0.40396681414762625	-0.41779249057050033
-0.3061197850536814	-0.25895540463911776
-0.37606073397057216	-0.3655022480188306
-0.1854381330952748	-0.2578963354168126
-0.4291088644120986	-0.373836199552629
-0.4927355700205318	-0.503688257321489
-0.31072995341295595	-0.30329767372464517
-0.5278555440367292	-0.5330275463360222
-0.24024277921683002	-0.24094226549514555
-0.38550679328192317	-0.2804677293401783
-0.20706140214659285	-0.25343436341382836
-0.2406023932043091	-0.24246126201953874
-0.3593571065983969	-0.3367741068067598
-0.2641652846235054	-0.2585595747384784
-0.49652473424636945	-0.42472627313855543
-0.27210189787383854	-0.26492115809639
-0.1277563577293357	-0.14874679209582917
-0.1520328374048674	-0.189059624767509
-0.3998298808186771	-0.4066870929737618
-0.07507881821106288	-0.15015476437050726
-0.2502893894659888	-0.26270999783064836
-0.2946375748983314	-0.3089659431082218
-0.2730079999580912	-0.23104187684426802
-0.17826306261440727	-0.18443874152511947
-0.5695432441752644	-0.5575079748249614
-0.3456941661424793	-0.34793607374424207
-0.5448705456466136	-0.5628323205762057
-0.5350228756534499	-0.5114177030633555
-0.2185518182024886	-0.22198297934487285
-0.3491305357018586	-0.34225812822398005
-0.37191401971000815	-0.38105700188119734
-0.46704222744055635	-0.48284463203134376
-0.558943081179212	-0.5499593522098243
-0.25319796006766815	-0.28442447618426664
-0.1050807532832323	-0.1333129769283232
-0.5061198953427493	-0.5263515256579423
-0.05819217617979788	-0.1636354895303138
-0.5656786605674355	-0.5500011311036715
-0.08368320996245515	-0.09782868752595326
-0.1887443100086834	-0.2514752848387357
-0.07793623501770597	-0.1773203303374693
-0.34935015656057367	-0.349913433196891
-0.3888473568085189	-0.40067317630264276
-0.3695230974062902	-0.34099379315002326
-0.2886268158015213	-0.2789730570200394
-0.06367584202123311	-0.18821347214731338
-0.34126723905166756	-0.3088334263775042
-0.3271254853222274	-0.3197457131656635
-0.35790214310819124	-0.3557399471458293
-0.33206553668413363	-0.3301968377980662
-0.2999208726482685	-0.23806918998589555
-0.47004026585095815	-0.46501880052017786
-0.2329671367951498	-0.23177330911661104
-0.21057758698296425	-0.24987644133951686
-0.4174824917384825	-0.4023396670657656
-0.4570327525100133	-0.4414470409475247
-0.4229532576340951	-0.4145470194082962
-0.35150400323657394	-0.3493679244922687
-0.302752559847951	-0.28637268445439573
-0.2134637845321592	-0.21410490651346806
-0.5591242521859456	-0.5552855012568536
-0.43807890587530096	-0.4231655858644075
-0.31483353301256045	-0.31541912605822287
-0.2209286210219794	-0.2110574604474444
-0.5226755441791759	-0.523525342905974
-0.28826037973187013	-0.26535732469433737
-0.487641971582347	-0.46734949276467525
-0.5331088570826736	-0.5264638228579266
-0.35247643329576306	-0.3641721008763649
-0.37097046988348126	-0.3076863948587178
-0.41627959633504297	-0.3929125791834192
-0.25763977488730916	-0.24298461264990126
-0.3471228093237375	-0.3573902369506851
-0.246029493869095	-0.24809370483824994
-0.44688106289125784	-0.42258099217386447
-0.43509256352975356	-0.4137130610667795
-0.29054286816842634	-0.28214697487471524
-0.28928968483668527	-0.2886847873601261
-0.24741816915973125	-0.24066028038368933
-0.5502894137901126	-0.5343810313792566
-0.38411346904723054	-0.37897138007532355
-0.21806232371521972	-0.21691387900361642
-0.32927737675116475	-0.2949299406470036
-0.2654064452263931	-0.2835109544052469
-0.40905710085722546	-0.4098548723773607
-0.3421051327908824	-0.07439789527475096
-0.345458726718336	-0.34063104196170635
-0.5686201381372342	-0.551789944693854
-0.5291786732448482	-0.5313821290838899
-0.3491812022385581	-0.27081375089353993
-0.4525710510648917	-0.5133993034254147
-0.34260137321952655	-0.3515612852210601
-0.34567332464805745	-0.3094061330652385
-0.3051264146531878	-0.29871021750169074
-0.2523515556989029	-0.19753188924451215
-0.07993492942020275	-0.08341148237618798
-0.32411173767787815	-0.32001548298273286
-0.5491104303657259	-0.5518860591905008
-0.408313766996768	-0.389742832918456
-0.30905401763789797	-0.3100325624873988
-0.29632611602596803	-0.2972667925140379
-0.3451690000876262	-0.33224756552861495
-0.27917991827137634	-0.2601094007516293
-0.12317073693082037	-0.10618188031622615
-0.495509538209177	-0.5083107818633721
-0.2595226416987373	-0.23624679510331925
-0.3482950127596318	-0.35107853185796306
-0.31924154881049915	-0.3052637834098066
-0.33447483735841743	-0.3576975334710032
-0.337553402558342	-0.35878123134783074
-0.5441846239805255	-0.5390451479925923
-0.32785167851415054	-0.3712456878199782
-0.3833053565812765	-0.3822207186596211
-0.3304969113200329	-0.3367857633866609
-0.3294843165115946	-0.33037216921724344
-0.29460841771014046	-0.2994725387458882
-0.5389621135512606	-0.527345642221838
-0.28183032719876344	-0.30219576439511026
-0.39167450389282443	-0.3825699174221436
-0.5397314360742804	-0.5227137833442498
-0.38993942734086495	-0.38037033302323936
-0.24917009784356736	-0.36263560034305453
-0.4112625715629825	-0.4333748872115758
-0.19107806738522015	-0.1754198910084402
-0.2269157324758666	-0.21325218291158599
-0.21300019049047592	-0.30492031796474184
-0.06351157266804464	-0.10704450296605296
-0.5548404037850467	-0.5474047252071503
-0.385072191043486	-0.11342963133273057
-0.28003187951493125	-0.23552932356288242
-0.26686005677198743	-0.28052889350086907
-0.06903656343171427	-0.19291632060911745
-0.36582520045805644	-0.3587439839409925
-0.3400186814950956	-0.3167002801068588
-0.24536307600132368	-0.2386706882538193
-0.08044204911419328	-0.07648739250993626
-0.2548529045141166	-0.256333961230551
-0.2750737108933201	-0.32490407009218286
-0.25081985281876484	-0.24513053020153183
-0.23868705618110653	-0.2504391971892838
-0.2798275179370897	-0.2671148914153713
-0.23711809449994803	-0.2781658045697937
-0.4105838122596275	-0.4288982617484892
-0.11971224959528115	-0.12774255900787773
-0.22936927516262884	-0.24012090951265003
-0.28252000014392564	-0.21434734998655142
-0.10981936674417092	-0.11631828327009272
-0.39325276298997736	-0.3853566460311931
-0.29478983168674944	-0.28826198554265925
-0.34078837320532784	-0.28292246867053733
-0.37071651895191593	-0.3927643182289651
-0.531740319878482	-0.5343797452902519
-0.28425030822976183	-0.26271637804410153
-0.4161217085417892	-0.4277478041357121
-0.32604328510355707	-0.29527045332559726
-0.4065037732779917	-0.3544115233739145
-0.2786572866574577	-0.26667468027399105
-0.3457968961813602	-0.3015169661420372
-0.3378506489364774	-0.33175439970424314
-0.4179154550567574	-0.438554488137534
-0.35625239997110114	-0.3412305567907995
-0.21444698082675195	-0.2754442784144473
-0.4222842161387472	-0.4300679642434949
-0.3390205820696046	-0.3335832006083383
-0.08282422171699189	-0.13095170952668747
-0.2778832688653754	-0.2616001944745479
-0.5566811459978389	-0.5426870490176369
-0.27806982969422656	-0.24849155058534483
-0.2752664924109176	-0.21321859665584716
-0.4091205558394204	-0.3813609857270426
-0.18641245371587623	-0.15334527025837377
-0.3223891797260414	-0.2615086285291588
-0.07752001625613403	-0.062040694990937326
-0.27889501853127285	-0.29579220323643063
-0.24364724725298004	-0.24566092006455598
-0.2559763469012246	-0.2663108762959212
-0.11535559002281559	-0.1440427945339613
-0.25599349470088484	-0.2533134440443468
-0.32470185865283874	-0.3692574866020483
-0.20026759463540422	-0.1892161486121439
-0.43927003730096637	-0.42323920800854997
-0.1531174458819038	-0.13547987229835912
-0.24940765382043573	-0.2649359254163466
-0.3678357594106245	-0.374513741949951
-0.27749619755911326	-0.26086384453488165
-0.2906565717145	-0.2601437057420345
-0.2569011041846512	-0.24538730447803056
-0.2902791355094081	-0.29472778474592876
-0.34626700956317613	-0.36916875970201
-0.3879028519559071	-0.3993186066946691
-0.047989362664658586	-0.06858708771820518
-0.2493042813119022	-0.221508449532156
-0.3260723443299973	-0.35079975050142753
-0.25040328669424206	-0.24570952020475742
-0.4305168132609474	-0.3705561754456474
-0.274370039480079	-0.2937379028526596
-0.3066302057684922	-0.3003767816834995
-0.24634415933889997	-0.25727271246330746
-0.2412322426585387	-0.26731525078361446
-0.31707247999727173	-0.2812473203876121
-0.539551985400486	-0.5306899232393637
-0.4918724209214318	-0.4711482001065554
-0.1771228798346698	-0.15204141285889944
-0.31267091480154185	-0.3101594870254855
-0.4580014939157522	-0.4683565769782291
-0.272756848084434	-0.24314442675138542
-0.23413333610458942	-0.2380423467637394
-0.39159368697141517	-0.36844818177114425
-0.15397529684627642	-0.1063625524543574
-0.5445344895988917	-0.5442966262186467
-0.288418532402936	-0.15053656661800593
-0.30406991097446046	-0.3084687729186428
-0.5487713759294852	-0.518183434502557
-0.33276270537059816	-0.35879567975313964
-0.4816698016865679	-0.4762381675031539
-0.23323630355986502	-0.2552614385993262
-0.44171136017611445	-0.39729543968727055
-0.40685301020026365	-0.42164081066118103
-0.23680226730131082	-0.23822286886331207
-0.21491531834367983	-0.2869670924565855
-0.3759150512463272	-0.3499217387992618
-0.45322291280692184	-0.44866607351371285
-0.1237930046806639	-0.14721064942965775
-0.26384053207995706	-0.2622518119857098
-0.20313367290215645	-0.2187208688268655
-0.4244943015826834	-0.4178031024888474
-0.5557858379611833	-0.5417815374458057
-0.29101085215667766	-0.29974272287048515
-0.12791247763517255	-0.10609542408226418
-0.033815005495053896	-0.14698258841464085
-0.25193264500769885	-0.2525366193583766
-0.5212795175968985	-0.5120538443251365
-0.5275223305752554	-0.5260848793899141
-0.5261631635980528	-0.5283053464934705
-0.2979926763880343	-0.29581625738294826
-0.36591534859094565	-0.3517227984118929
-0.5522078005180333	-0.538440727788587
-0.4107401087534903	-0.3882003990593094
-0.38902606256943884	-0.38960859131273257
-0.33553508046763625	-0.2967058195220336
-0.3941865692894595	-0.4286527125528389
-0.4958290044379279	-0.4585002737796803
-0.2967854336328202	-0.273409319048579
-0.1327737432849041	-0.2593473025237457
-0.2954087765273634	-0.3082727561953553
-0.4123315290246694	-0.40969124723995365
-0.14121382517891945	-0.18085569184712863
-0.28679422014696954	-0.26358750013716514
-0.4350486016863542	-0.41780917095469466
-0.26161273519520734	-0.2731679650104804
-0.4140242468425086	-0.39947899683392774
-0.3910434596189081	-0.3900499710125075
-0.3907307461233991	-0.3732918793947228
-0.27779665522152186	-0.24959835643312583
-0.0357661069585653	-0.11509095377406074
-0.5067078805865073	-0.5388695579861459
-0.2344140091161293	-0.24625732100826678
-0.3268748864550517	-0.3348805170729851
-0.5515889160667271	-0.5504025780495437
-0.4085593641788119	-0.4688249490045287
-0.257220480011636	-0.2854511299334632
-0.5221181754872948	-0.5296844413822642
-0.3080736848644712	-0.28610458566163144
-0.4515751756632511	-0.43089211429555124
-0.2874847456203149	-0.25707795093225133
-0.2761334462672558	-0.2782073347246964
-0.3055722967457193	-0.26194875194537853
-0.3786130221533064	-0.35746227446122414
-0.13279813900732762	-0.1638767637701833
-0.3126479026427571	-0.32127536752134395
-0.5389541146939898	-0.5438723871456979
-0.2865062290489	-0.2483690205531945
-0.29440155587123584	-0.34030064013247396
-0.06556611821193314	-0.14447590088100312
-0.24390602790675153	-0.24857519780686962
-0.18498576868639205	-0.2806421659092868
-0.24674704533121172	-0.2453574649118336
-0.24201413934230054	-0.2412316696693969
-0.28033750020042447	-0.28355628803717126
-0.17842828853357418	-0.15899306383796252
-0.27140711274940443	-0.27537883832990057
-0.2744873418198104	-0.37694799982320687
-0.27637703834385974	-0.2625715310732551
-0.4979690774685537	-0.4649164328000758
-0.4027675378425144	-0.40571935128671377
-0.35477282425932444	-0.3217263217317505
-0.22260247448747705	-0.22690366105204618
-0.25977231388779565	-0.32597134786482607
-0.5398371332681098	-0.5484802646137845
-0.031415802601813425	0.032206907357295624
-0.2518352009341065	-0.2662903385489789
-0.37780766487921014	-0.34906458382969496
-0.1712750529255196	-0.1754713535693365
-0.21961964224702513	-0.20061652058773108
-0.4117068217246356	-0.4182155893273692
-0.2875462094409649	-0.2846724145165997
-0.5386294514694949	-0.5229882603304877
-0.41848821690616234	-0.3726008596851561
-0.2560851261268837	-0.27766197753097754
-0.3241876379233517	-0.3413915964228338
-0.24280447380651005	-0.25287445766297934
-0.3655026749126442	-0.34635824868732473
-0.5319827554463252	-0.5262024941530951
-0.4734975949188467	-0.4610036513943129
-0.09177488532780131	-0.14527945470700157
-0.2823745524094239	-0.30932918358034767
-0.36479670861080393	-0.34339264701572614
-0.2529346389719862	-0.22599746266295243
-0.3903263661638974	-0.34712726646384817
-0.2404254441074336	-0.23467610472536776
-0.14434369893265675	-0.32338892328564034
-0.4030188413984046	-0.3984268747262118
-0.5121196690342487	-0.5071839777227232
-0.4524667994745002	-0.4415312778104896
-0.3486697998650303	-0.3703858517111873
-0.1896990528887308	-0.1827482842007719
-0.26288291596098645	-0.2462105048561043
-0.378509390451395	-0.32278550265087425
-0.33710632945549435	-0.3026356985625264
-0.3855273248334008	-0.33295120969595804
-0.09112690770610854	-0.11799557994940574
-0.38902240856324255	-0.4176902604500744
-0.27346986174718424	-0.2854531193181993
-0.4548631723718195	-0.3945842590560207
-0.5269686131987541	-0.503444371720969
-0.3306340341897176	-0.3547640602210842
-0.2617974566529284	-0.3207563040647079
-0.2443538425343199	-0.2710570486482278
-0.2780475742083883	-0.27451492250787024
-0.05260331177507993	-0.07711912434125423
-0.3490372363026495	-0.33141233705741685
-0.14003810467349354	-0.19803865101576712
-0.1366432704489675	-0.1289528446519348
-0.3961997215107864	-0.3999317566104399
-0.34653650859115004	-0.3709022503369812
-0.24199796292769093	-0.24519416930488427
-0.40968243440307894	-0.401848607222362
-0.5340779169646872	-0.5253622440619244
-0.42342823521280515	-0.43020537495553746
-0.08294351866699046	-0.09029768686066333
-0.3803548261273946	-0.2968722771136668
-0.42605944806776463	-0.4496687417998251
-0.06308920815495433	-0.10854483427559518
-0.4953547125945761	-0.529126524125673
-0.22731823499513482	-0.2692199125271613
-0.08271178921081201	-0.11601709922633613
-0.42855080539195	-0.44066268678515996
-0.23452036132549736	-0.23470699263473743
-0.3412909830716977	-0.3224098049339257
-0.5449660878661273	-0.5433460616385162
-0.19031670890529284	-0.1970696835686751
-0.40842480317059326	-0.40564986641640166
-0.4144604219080108	-0.3795900010658713
-0.4275556446779234	-0.4332223553758278
-0.24914620232406826	-0.2434302539949531
-0.16891065437013353	-0.2149576511829858
-0.34863839148945885	-0.29693572565685483
-0.315421029821394	-0.3040377022673596
-0.35748274400356905	-0.3585926418542588
-0.2415828075663935	-0.23543969276294746
-0.23907022640431563	-0.20593004726272268
-0.13530783742661612	-0.1082761952730516
-0.5323302627561315	-0.5249259606669431
-0.25846877751184394	-0.2541882140226687
-0.40960749751256564	-0.3729485172499427
-0.5466646374108244	-0.547790099346978
-0.1885505396993139	-0.18348387603629618
-0.2063215272592327	-0.21166470704866275
-0.43307347266190277	-0.44035089727104254
-0.3364408424309957	-0.28343839253162495
-0.2766048507589396	-0.2753995892889905
-0.0935993176483727	-0.1051037002128987
-0.06494833082225426	-0.08201150519862116
-0.36997684430267697	-0.3695746651108889
-0.37884849465530124	-0.35468670394797597
-0.3617829823505936	-0.38455576082611564
-0.27880640911603294	-0.2744413108065748
-0.513561714666988	-0.4994500578951025
-0.34852974125754344	-0.375336985660591
-0.2758889887592275	-0.2916190306496948
-0.39673493285870265	-0.41170734955833693
-0.34454224244177567	-0.29142631648537687
-0.41316969468576126	-0.4090389608850574
-0.2701619574876979	-0.2491389451314595
-0.3595000115652578	-0.36208550962120306
-0.2888364940422292	-0.40732946718728924
-0.2532374079245514	-0.2690137856310371
-0.43231315205850507	-0.3381461225131064
-0.3393299219686412	-0.3251425366627129
-0.36124772275455186	-0.31777784654071756
-0.4882287702390613	-0.47506006317899624
-0.27388531781435077	-0.24928099087215178
-0.2346941958634492	-0.26777995173168184
-0.44041412674774705	-0.4389046765694146
-0.26210842988011507	-0.2581073785222629
-0.2235033000299751	-0.245889953786411
-0.3992699570650178	-0.39310984764815
-0.4773457571358968	-0.4812165429365469
-0.18374810973025646	-0.14337843950820545
-0.2883136581806234	-0.28746672396597756
-0.3472820334127604	-0.335344328912136
-0.12466622390061488	-0.14056704983223192
-0.2711233727310862	-0.25701803587008226
-0.3678658912020083	-0.33152035556957904
-0.4172026470794883	-0.43268129196944144
-0.15742040148611736	-0.160049731402428
-0.09139704289006723	-0.10234333409801076
-0.1274347392239612	-0.2245502509410007
-0.2572950382535133	-0.27054744696480115
-0.24063660463019332	-0.2279527798660482
-0.36035901109506163	-0.3394464663516413
-0.351210083492127	-0.36556510727700425
-0.17190953564615263	-0.15244226310990483
-0.41335257074145026	-0.38441068758849267
-0.3025522963524381	-0.31309158392051933
-0.41087691749665467	-0.40763020077118234
-0.31816316889010743	-0.29567156391071037
-0.2328204776932985	-0.2397707398596949
-0.234556621448764	-0.2705813804964926
-0.35202900800820736	-0.3525292305033719
-0.22228944727680044	-0.25005535955472524
-0.16515050768138195	-0.22539411067603868
-0.4493162007840006	-0.41167814954322346
-0.2606029690907512	-0.2543902407117855
-0.20679415504603682	-0.19455582187233267
-0.3093171543053401	-0.3068850307559555
-0.1504383794447648	-0.1184713475480343
-0.3279508677828602	-0.3642820956875773
-0.4725486142808215	-0.45727121659731224
-0.2387805906788003	-0.24412640905907093
-0.3789172254974851	-0.4561509437332847
-0.22246919273579024	-0.20759849045422782
-0.2567928502536798	-0.2540073983388393
-0.09686795085111832	-0.08597301556775061
-0.35873503122185646	-0.3940151701801422
-0.2551173178545447	-0.2878951893340199
-0.3808629369569392	-0.3673078357809412
-0.20224964355910124	-0.18481025521648536
-0.240668141252403	-0.2935815354060768
-0.41179518475303567	-0.37934958078781705
-0.39531401629756857	-0.39605322958522526
-0.4828829035578952	-0.4574307503846908
-0.3987619667595297	-0.38948081433176246
-0.28725987600004466	-0.2999270630642734
-0.5443416049374328	-0.5220405506418414
-0.30123483207740875	-0.26492464420095235
-0.11489180453158099	-0.3164695145457332
-0.3127133020249424	-0.3230219939406257
-0.228168360431507	-0.29436894996068885
-0.3238460883656771	-0.3339523873526029
-0.24900795029037148	-0.2636236489141972
-0.24591570888550862	-0.23811386654866376
-0.5554158461341849	-0.5336986645031631
-0.32428911468122834	-0.3261832998362352
-0.5357600500388422	-0.5359900644643779
-0.076312919937509	-0.08212453279019177
-0.3205843473334937	-0.2727334461808055
-0.2210343928036309	-0.16456988635745676
-0.45944504872101355	-0.4550589803942277
-0.39959355369653693	-0.408895249983228
-0.25064101560838026	-0.24013343032586945
-0.13985170095876676	-0.10451323849849366
-0.17417408666732115	-0.2031554305803163
-0.19692360315301372	-0.24053259440148939
-0.1013527673101855	-0.1814669180261511
-0.2758964096026908	-0.2609369089525188
-0.24205297639712242	-0.24859740464313304
-0.37547857410707053	-0.3378936891124364
-0.5303869169617599	-0.5333336841706785
-0.5326951408722085	-0.5340434202219574
-0.07667088400024014	-0.07824287743022115
-0.4544232890333575	-0.425982346440725
-0.3687873764861678	-0.3677311433298099
-0.3781930451498532	-0.23173495615010853
-0.39764646094699607	-0.44499364381800754
-0.12337905227816393	-0.10474309407276972
-0.23361888939955655	-0.2228939309794501
-0.25817710708035335	-0.27659842326072354
-0.3950538191545956	-0.3979481392169388
-0.26413425773611365	-0.2223630601718847
-0.26516640329153773	-0.23494123853028692
-0.3642112411434759	-0.31811453462307404
-0.34926913653573166	-0.3606361710555116
-0.48756879820707866	-0.43393968473904015
-0.39787958222576947	-0.2930700325473862
-0.3494974318340738	-0.3437132885372058
-0.2604803614512363	-0.31635008585572283
-0.5024147647035591	-0.4776141716111059
-0.10931120564618269	-0.13838507563503735
-0.2246908801278522	-0.30598916618759886
-0.3343928009016892	-0.2772495298466923
-0.3172140960432337	-0.31074080320359027
-0.3200713131702102	-0.32857399659779707
-0.41351439759663755	-0.4479723041494003
-0.5333764200850553	-0.5332640201497625
-0.36754287990037326	-0.38113416703546193
-0.25843405891609805	-0.17343601236044687
-0.15813110163264987	-0.17632705842986895
-0.19078009661414796	-0.17537720304369878
-0.37041482990105123	-0.3673646692466404
-0.34029013705288946	-0.32245194287015283
-0.2931782388686557	-0.3252310608393325
-0.23489254378883295	-0.23301413723600917
-0.3422857469289937	-0.3334260513495794
-0.4129903922544038	-0.4415400882964804
-0.33173698475957636	-0.30464055014123304
-0.21097895389804222	-0.2835598476797621
-0.34500890855317223	-0.370212209294485
-0.1256139708393338	-0.15880424968363108
-0.24561000731755023	-0.2412998638871724
-0.3515194067052896	-0.2968730340146353
-0.11793320672694918	-0.1592197565971769
-0.31654552563442095	-0.34128255916018935
-0.2676207936594128	-0.27608878358216404
-0.13287865448143776	-0.16531245323636484
-0.37288404814726306	-0.34648453705690635
-0.4406055887409899	-0.43583750803845533
-0.2689774299245613	-0.2663143869052858
-0.42148939040045796	-0.42504281246549624
-0.5403356342574472	-0.5170980163267028
-0.31719313249211467	-0.352756168965514
-0.29926457161233344	-0.25635822639227296
-0.3838021446157178	-0.37011742610854215
-0.5396143345475828	-0.5608624390309498
-0.15002068400917246	-0.14281048604437727
-0.33016581477270535	-0.3383393589789976
-0.26973023704870513	-0.25395935506511996
-0.28296742406696396	-0.2543155817034468
-0.5243541737847277	-0.4933662035611374
-0.11206831284197172	-0.12687461706079797
-0.33477333132415055	-0.36800009702772774
-0.26230457453512557	-0.2911124393917304
-0.36439680519427853	-0.34262474282586675
-0.4459792264831641	-0.3731467792989018
-0.35189508103438527	-0.4109583076717881
-0.35418981104032454	-0.43049881630784037
-0.3714852782115834	-0.35024317869501687
-0.13925999507515208	-0.11765739605799934
-0.12388939101961505	-0.11484469656105653
-0.15594980858992535	-0.14439427615732187
-0.5309770047953997	-0.5370143370340634
-0.3371821617106967	-0.3457319801539491
-0.3029227109498933	-0.28884353056024276
-0.11953757133445464	-0.09881056870319697
-0.5571751041336235	-0.5464897286739384
-0.3614326674807131	-0.3564959607167692
-0.34941502599783725	-0.3085568411721318
-0.36816375333662243	-0.3192308793405475
-0.16369909041938158	-0.1486481237097904
-0.382429885584461	-0.3986747414119456
-0.27713982629017053	-0.26058676399673847
-0.3234854335076225	-0.28293562243669923
-0.13746546238770918	-0.13852202242458683
-0.33537941892286405	-0.3830381653957104
-0.33218185145653933	-0.304426849089195
-0.333448430386067	-0.3409207359319482
-0.35681931463330585	-0.3470176631627198
-0.353124825241828	-0.3535368732377783
-0.3616768545593949	-0.3707910412348242
-0.2834766119234544	-0.2699227697531853
-0.5069053135680637	-0.4752032069560442
-0.24776745732876648	-0.2484449710833981
-0.1510346309566586	-0.2999246061895881
-0.3878453054765103	-0.3881196209726803
-0.5124175240245972	-0.5295854209857959
-0.28896684937168793	-0.25767898207340667
-0.13036893690667384	-0.2461927967111025
0.05273237184279367	0.040722328343335945
-0.2855000299741093	-0.3029059738931493
-0.23193180248108547	-0.24787222019340333
-0.14281889565557826	-0.14404448395693184
-0.425964797146289	-0.4301778214702131
-0.3116046471817775	-0.3212616110162966
-0.3617166821772315	-0.34019984533913805
-0.3438460688843783	-0.35101782729156544
-0.3848541069168405	-0.34445842926626613
-0.40537774906619894	-0.41488362996185696
-0.22511128914929657	-0.19980313891366372
-0.39358544192720757	-0.37751212089866376
-0.1642921233527872	-0.22005610480443372
-0.16372730851963624	-0.11213229708110775
-0.42263104864985834	-0.4102327386584748
-0.18862736779765044	-0.17212822346887252
-0.44701411624887655	-0.43880274090857985
-0.262201481462391	-0.2612198451118876
-0.5002492663717071	-0.5050674586566987
-0.3441548108524337	-0.32920997464134616
-0.389573084937787	-0.3907162295283962
-0.510611134465794	-0.5148846422130041
-0.29375650726329106	-0.3470523660525089
-0.5529756032983766	-0.5558417437211937
-0.3001108383206912	-0.28162216373361915
-0.2898379156889348	-0.2742118459496562
-0.11253298542171386	-0.12293952026448994
-0.5333610092842918	-0.5316179360289627
-0.39380503529174504	-0.42946672541630143
-0.32467648159659035	-0.29760955418363727
-0.5519525715947715	-0.5381993629974505
-0.38988789729635087	-0.40372815571076803
-0.35920481043435437	-0.3619488059985054
-0.5116092557101108	-0.5537972091142868
-0.5184164210501372	-0.4968070322216353
-0.21314781975002361	-0.22607095483989542
-0.1672903912407726	-0.21867693367261923
-0.24276353435591247	-0.2556505441940601
-0.27999002101231163	-0.24201463860201747
-0.28851651978564874	-0.23916473020617443
-0.3946149254967146	-0.4257655674254388
-0.3248918529137761	-0.2596158780167614
-0.2823001334782802	-0.2363126100045766
-0.2018147871010143	-0.21150343524492948
-0.3207599701705952	-0.349877679523612
-0.35616616532109724	-0.33765624085964285
-0.2645049044013845	-0.25751999202530107
-0.25072720866827325	-0.26441515652702313
-0.44977785141258764	-0.48103308986669846
-0.31782918928080583	-0.2602320782452522
-0.27135801856698194	-0.2693845650594982
-0.4939321612643184	-0.45368579324485403
-0.12189416873814451	-0.09478532594718901
-0.260922992568549	-0.19882468228703984
-0.3444828796630439	-0.3266949204393572
-0.35794483674164823	-0.35142267948826983
-0.5529200092307391	-0.5455495000780012
-0.3045675429905188	-0.3603260008162391
-0.22478920101873712	-0.2462268077188871
-0.3693882298474307	-0.3546460212086553
-0.30540395512693763	-0.2909791163639944
-0.5495511473194998	-0.5349575659784803
-0.39997502040470856	-0.3835273723289529
-0.11130308733511285	-0.05657711905488422
-0.06312940682740553	-0.07771859901723152
-0.37907358132794045	-0.36520503129358395
-0.4157745436347682	-0.4135149533452332
-0.3296192647053626	-0.32883893793393104
-0.1700353142465154	-0.18734037285013055
-0.3964134947721316	-0.36658777412591986
-0.5657589334256237	-0.5551234803181871
-0.44407301663942533	-0.44805627539392395
-0.2989142065403456	-0.30089285823569123
-0.260371220826638	-0.2525327768490976
-0.36716322239805876	-0.3641115887916726
-0.5230381809245301	-0.5096935527604726
-0.3299614684355827	-0.2784854858945358
-0.4657196466105802	-0.43980527418717064
-0.35061360220290716	-0.3099367528502009
-0.40626067094029494	-0.40676149471583967
-0.2641464930678161	-0.2806232078752542
-0.3799874456996406	-0.3767647683601095
-0.2933151624727337	-0.3515484942013956
-0.36362528364750446	-0.39551949101070216
-0.23491057780208635	-0.21969098045896485
-0.41173204679478737	-0.42372078372818583
-0.3776611758198367	-0.36098723654086506
-0.34396443115873865	-0.3092002951170542
-0.2705104410289305	-0.2865102026540227
-0.5153905659928171	-0.5034326372570401
-0.5514533038522558	-0.5454229595304154
-0.2539168895534658	-0.3038402874609343
-0.17878294783298365	-0.24729329968330538
-0.5133945639083599	-0.5261209688076413
-0.3083615073279411	-0.2949690119872682
-0.25065324303352554	-0.26627510725401543
-0.555009880425203	-0.5348507904047699
-0.40412321697808196	-0.3780885435281959
-0.23690207632749782	-0.24816400409880615
-0.23354867155252634	-0.208793502854229
-0.30958105165895233	-0.2978468603594006
-0.2560882421407129	-0.2594954080611236
-0.5595118623428554	-0.5379147541492838
-0.2664993201735868	-0.2671759337284865
-0.2624785597807815	-0.30323839070965025
-0.5565844414342696	-0.5442172123336403
-0.09732956867165221	-0.11112467973049904
-0.24652067776736608	-0.28140575898962183
-0.3837505953769451	-0.3877658538395295
-0.35722620573371877	-0.31857571025527104
-0.2514575307406055	-0.25898148111073493
-0.2611842656931582	-0.25585735599464177
-0.4789938722903315	-0.42767428500296245
-0.23663053385866917	-0.19704495774079042
-0.1296863309106051	-0.07271510665974344
-0.2712040262955604	-0.2745918290145418
-0.5430692241286881	-0.5366261179892056
-0.43365140708849736	-0.41344637105087884
-0.5162496946122523	-0.5333226583829574
-0.32481959182054254	-0.295371181061832
-0.2828442652665899	-0.24409207641299274
-0.12502907319466416	-0.1647182924659662
-0.3368022500449612	-0.3378196406620644
-0.37635924526887976	-0.37815754215904634
-0.3036262368087499	-0.32211770933259964
-0.2815339949943585	-0.26754953335785575
-0.17190163165059325	-0.23405094132985588
-0.22664789689249432	-0.36323614203802407
-0.19216673116408245	-0.1459152777417698
-0.32476054784766006	-0.3210125459370881
-0.3330284777698367	-0.32640738496542177
-0.2586561696025864	-0.2973098027932076
-0.22717814363612376	-0.30713890970096996
-0.2325230740142743	-0.28983230740441984
-0.35848096408543206	-0.3695699033498567
-0.390576963860255	-0.3597990699176819
-0.13237924042245375	-0.26405514957858134
-0.46520814421723955	-0.4473854671107632
-0.2342435411558128	-0.2630161347174566
-0.39556187227196205	-0.3689130653818951
-0.5005573154629701	-0.5065815770012971
-0.2951938636560918	-0.2969762895582541
-0.3947368518353862	-0.3728684398089213
-0.3428732011584188	-0.33805036045101683
-0.3781646284181228	-0.37740011023573705
-0.43592046593389355	-0.42089761584457763
-0.3567700229519204	-0.3139123014186254
-0.32137364799104695	-0.3275930164160401
-0.09243090031343115	-0.08520469368040373
-0.38984114496284406	-0.37426413400146114
-0.33296754635404113	-0.25700319286838796
-0.31666072659048083	-0.36329679077827975
-0.2659877837933742	-0.2822008498729008
-0.3531592522502116	-0.34335748007379574
-0.09345655399554076	-0.1024204193520996
-0.4618701578733635	-0.44537666370283036
-0.40122607473272964	-0.40991675264007743
-0.23314647670619948	-0.23849106092797762
-0.24622411433309388	-0.2559911079212493
-0.3687655306137856	-0.3742977071230727
-0.31399681621172526	-0.32572185971254486
-0.3914035863953256	-0.42342334612644345
-0.27610342219147554	-0.25617590646869803
-0.09785628896353415	-0.08534734220848265
-0.09832257250644716	-0.1535676714222651
-0.3293659989429205	-0.31950698483724693
-0.24405092465602252	-0.2637819516886105
-0.4448366578801277	-0.41799866881985975
-0.3513315399307686	-0.36758863970897676
-0.3291690925457953	-0.3343802994758374
-0.13089417522885682	-0.07663279844365213
-0.3823871133666348	-0.4002318738391116
-0.5285573495763902	-0.5365797254704314
-0.2626674404880518	-0.25477426748216525
-0.11445776251031958	-0.22926606522464224
-0.3612095590173219	-0.12874385812671524
-0.5192206254089768	-0.49764314412799165
-0.5431716846539025	-0.550335864055963
-0.24036535937402448	-0.2484843031899939
-0.22182179461628238	-0.24120005355105179
-0.4975500443513532	-0.4908783743939035
-0.2585843909664707	-0.2547802902724642
-0.33308352825681276	-0.34471094423289617
-0.5324575937885179	-0.4967542956234191
-0.2532589276780115	-0.26898213515932395
-0.5628221175119243	-0.5487345679441386
-0.08256823187205065	-0.1262685428150002
-0.3261481837991145	-0.3279501719008338
-0.511416859933604	-0.5323038734692648
-0.2363832831163979	-0.3044685747749899
-0.30096321567618567	-0.2968392643174737
-0.3850147528791581	-0.4209864005617653
-0.5535296167000645	-0.5146208003957249
-0.43858315652097346	-0.38607652920002894
-0.43683249198810614	-0.4583115626707957
-0.35420743571511615	-0.36744337042545505
-0.2576648293157433	-0.2825832942115151
-0.26733840488365956	-0.23344493103527392
-0.38628426452784836	-0.3962756925224662
-0.34456051895090667	-0.3510010337992627
-0.2618730763402013	-0.26556168251996476
-0.16254910601237782	-0.1932412315221455
-0.2398686126759877	-0.2593817385151202
-0.34491771066113586	-0.34375373708152623
-0.30342258962343926	-0.3023603055131102
-0.15998140414609807	-0.19508537436091133
-0.16895204667730823	-0.26321431442694715
-0.29453132766886725	-0.2822045313032535
-0.42178146099728764	-0.382519483068502
-0.5457783313314426	-0.5431225222166883
-0.27791898717253716	-0.24889441007761223
-0.36600948338885786	-0.3269369040901004
-0.23235196837694616	-0.2072851951358475
-0.313173957811987	-0.3117772900557034
-0.2931253453188418	-0.3238732897453977
-0.08369101377718913	-0.15309111322775068
-0.3584531803335729	-0.3408451391144635
-0.29609815829923036	-0.2696904325839734
-0.294706322973429	-0.32163531688374897
-0.22667234474524278	-0.225129342972742
-0.24053909623762593	-0.2488346551131738
-0.35593243342258063	-0.40281962302929136
-0.18949275495156748	-0.17035610222243575
-0.22400794268811097	-0.25423745090878497
-0.5554010293326819	-0.5427688052943244
-0.4480003510961197	-0.4460123359163402
-0.2455827872659544	-0.22807091070325833
-0.3395164133809292	-0.15574569979056627
-0.04017523271703993	-0.039747705290974024
-0.21505755145099137	-0.2428475025247343
-0.4184860564262287	-0.40943621583859513
-0.3330605500723145	-0.33628786603688976
-0.34940669027657556	-0.27479479550857133
-0.4395703308609278	-0.402863093350325
-0.2176402111680531	-0.2917922562833387
-0.22757666310630142	-0.28404295138430957
-0.5484382652902813	-0.53159092305672
-0.3415536682421809	-0.30782890318197104
-0.2775896793147634	-0.2637273783141782
-0.4134369782813323	-0.4124731446352653
-0.5393937140902985	-0.5453496284057817
-0.22342304513854572	-0.27069873954341894
-0.287631583633992	-0.3445138046542927
-0.062403101231653935	-0.3059976664763897
-0.25555567671387003	-0.25224307195473594
-0.5148042437578226	-0.5153556816164869
-0.2516999645271145	-0.2698225838738079
-0.36473018421491865	-0.2868435122258235
-0.44123645639742115	-0.41038138127440793
-0.2737329554844212	-0.27379476094166944
-0.327699247581247	-0.3117760516570687
-0.3854088145668406	-0.404895009950501
-0.5485812846169651	-0.5323123535779105
-0.3124541112083552	-0.27468318236400563
-0.48095628449134864	-0.4986672756667697
-0.4394819138949764	-0.40209592906701597
-0.2420286319065461	-0.271914399719294
-0.2593317802189148	-0.28134397378166814
-0.5348919099332932	-0.5315932783960816
-0.2739882443008419	-0.26512823790106566
-0.32796073265073034	-0.2774906188562797
-0.21459286123116605	-0.21913712182904763
-0.5241496706423057	-0.5236508099517447
-0.3824896691290576	-0.3687258856002909
-0.40574229032920783	-0.39996940791034097
-0.306644847153585	-0.3375370878979083
-0.2098172222713366	-0.29103216862288483
-0.27092512073225095	-0.2631117122569205
-0.4103866965646876	-0.4013680158616971
-0.05507723478129378	-0.05866346254819796
-0.2650344455022662	-0.2285687584493733
-0.4279164795009791	-0.40799498462268935
-0.4230789499112113	-0.4166076886198986
-0.385340560626771	-0.3624483193179319
-0.3190320837768539	-0.27385137442699814
-0.412160695865321	-0.4015934805195739
-0.4273562574248331	-0.4345541598867169
-0.4985568936738538	-0.38048152239364963
-0.3207640504858986	-0.3203460343592938
-0.5540225698251682	-0.536983019385256
-0.21628427442450437	-0.20401605882704002
-0.2426130158139479	-0.23790118051130393
-0.4537231680513365	-0.5071640440209704
-0.27636070488084385	-0.29941307042045184
-0.4331853379301265	-0.40558359256613624
-0.12078956613926906	-0.14713036511638838
-0.31892163453118627	-0.31783362589277697
-0.2836619619521059	-0.14996644278606464
-0.30856434769598806	-0.31179554011607313
