[(29, 0.0655979702060748, 0.0), (59, 0.05600669407577037, 0.0), (118, 0.04510061996736237, 0.0), (177, 0.039933108605007525, 0.0), (236, 0.03461030567253308, 0.0)]
(array([8.24521509e-01, 1.79898927e-01, 8.82173415e-01, 4.18221437e-01,
       4.35278879e-01, 1.77561357e-01, 1.73822466e-01, 9.66396635e-01,
       3.75363285e-01, 4.41788735e-01, 8.80308527e-01, 9.49826333e-01,
       2.01840983e-01, 2.57648111e-01, 4.84998671e-01, 4.30013991e-01,
       2.08458832e-01, 1.13482936e-01, 8.76737279e-01, 1.61244390e-01,
       6.79239902e-01, 8.24950215e-01, 4.55249671e-01, 2.46064769e-01,
       5.39197081e-01, 3.45946673e-01, 4.61736585e-01, 1.23044585e-01,
       8.21541528e-01, 2.78992985e-01, 2.25668525e-01, 2.26804716e-01,
       1.53927495e-01, 2.47415259e-01, 8.15794215e-01, 9.93770891e-01,
       1.58172225e-01, 9.91581900e-01, 4.47280216e-01, 1.40478580e-01,
       2.22146230e-01, 2.28402871e-01, 1.66124715e-01, 1.09025417e-04,
       4.39644843e-01, 1.81097892e-01, 1.38964784e-01, 3.19933914e-01,
       3.89989957e-01, 2.32133826e-01, 1.06269374e+00, 2.31073910e-01,
       9.83295469e-01, 4.64923900e-01, 3.67492514e-01, 4.88662050e-01,
       1.13852842e-01, 2.81401614e-01, 4.32496768e-01, 3.97860913e-01]), array([0.81500385, 0.21524583, 0.90465139, 0.36149444, 0.40873267,
       0.22856719, 0.16880755, 0.88400571, 0.34433019, 0.40771943,
       0.91100425, 0.91301211, 0.22785031, 0.23795044, 0.4689112 ,
       0.4736502 , 0.23357794, 0.14402209, 0.87737554, 0.1601086 ,
       0.54725749, 0.8809007 , 0.41735771, 0.19134048, 0.45839174,
       0.43509169, 0.46802403, 0.1405096 , 0.81193056, 0.19105632,
       0.24315574, 0.2309223 , 0.14588314, 0.20622041, 0.77821521,
       1.00100112, 0.14331722, 0.98616734, 0.40082218, 0.14742334,
       0.20148712, 0.23852996, 0.20458544, 0.1880278 , 0.40486404,
       0.21120823, 0.19012968, 0.31224248, 0.396137  , 0.22497846,
       1.04146358, 0.23603629, 1.00454127, 0.41289926, 0.41584837,
       0.44504135, 0.1299128 , 0.31382787, 0.45742568, 0.46978107]))
