9.253243048591633380e-02 1.315708285575214586e-03 1.000000000000000000e+00 1.000000000000000000e+06
9.154375674096174031e-02 1.297668972913414631e-03 1.000000000000000000e+00 3.162277660168379080e+05
8.868988775785266454e-02 1.273120934620069903e-03 1.000000000000000000e+00 1.000000000000000000e+05
8.171341879524639251e-02 1.249938876819616396e-03 1.000000000000000000e+00 3.162277660168379589e+04
7.005662804248832809e-02 1.140784546754284798e-03 1.000000000000000000e+00 1.000000000000000000e+04
5.885170773144672574e-02 6.625120500864133989e-04 1.000000000000000000e+00 3.162277660168379043e+03
5.884607231058345406e-02 6.576772200364640504e-04 3.162277660168379394e-03 1.000000000000000000e+06
5.090285543760273562e-02 3.968607083483049439e-04 3.162277660168379394e-03 3.162277660168379080e+05
5.088901453921042956e-02 4.011115534229344891e-04 1.000000000000000000e+00 1.000000000000000000e+03
4.459839487091853127e-02 6.835310488612565379e-04 3.162277660168379394e-03 1.000000000000000000e+05
4.451878204550295537e-02 6.843403924562248232e-04 1.000000000000000000e+00 3.162277660168379043e+02
4.036788605659036994e-02 9.626807192235274603e-04 3.162277660168379394e-03 3.162277660168379589e+04
4.004952813248633531e-02 9.255977092044784639e-04 1.000000000000000000e+00 1.000000000000000000e+02
3.802778750881852243e-02 1.042568665507289912e-03 3.162277660168379394e-03 1.000000000000000000e+04
3.721929038573636161e-02 9.572924017010634671e-04 1.000000000000000000e+00 3.162277660168379612e+01
3.595062356655608082e-02 9.540521669756459218e-04 9.999999999999999124e-06 1.000000000000000000e+06
3.590114848382126855e-02 9.486097023127101555e-04 3.162277660168379394e-03 3.162277660168379043e+03
3.490110357869273539e-02 8.797850378514761923e-04 1.000000000000000000e+00 1.000000000000000000e+01
3.357760723412960002e-02 8.212551863463963316e-04 9.999999999999999124e-06 3.162277660168379080e+05
3.341795628778577304e-02 8.068869840336248067e-04 3.162277660168379394e-03 1.000000000000000000e+03
3.274664524895977424e-02 7.806160141266332755e-04 1.000000000000000000e+00 3.162277660168379079e+00
3.187726827546722569e-02 7.752646683868721173e-04 1.000000000000000000e+00 1.000000000000000000e+00
3.134185975896452980e-02 5.589911730981619994e-04 9.999999999999999124e-06 1.000000000000000000e+05
3.105557518876872480e-02 5.815471924190799852e-04 3.162277660168379394e-03 3.162277660168379043e+02
3.046428764220485141e-02 4.211949068799515118e-04 9.999999999999999072e-11 3.162277660168379080e+05
3.046359553120311925e-02 4.225549217939088427e-04 9.999999999999999072e-11 1.000000000000000000e+05
3.045695756831662271e-02 4.199177237527472527e-04 9.999999999999999072e-11 1.000000000000000000e+06
3.045432809864316234e-02 4.256161299250030739e-04 9.999999999999999072e-11 3.162277660168379589e+04
3.042707024339314642e-02 4.344008163468640648e-04 9.999999999999999072e-11 1.000000000000000000e+04
3.038885600605071430e-02 4.305806550007762880e-04 3.162277660168379191e-08 1.000000000000000000e+04
3.036696455342920500e-02 4.554330901352362853e-04 9.999999999999999072e-11 3.162277660168379043e+03
3.035452149946552686e-02 4.533433371509394769e-04 3.162277660168379191e-08 3.162277660168379043e+03
3.033750030632089562e-02 4.170295743535378961e-04 3.162277660168379191e-08 3.162277660168379589e+04
3.024563821265879859e-02 4.896699588851051920e-04 9.999999999999999072e-11 1.000000000000000000e+03
3.024117976879453495e-02 4.880714801490939020e-04 3.162277660168379191e-08 1.000000000000000000e+03
3.013022950480070961e-02 4.031097683783628005e-04 3.162277660168379191e-08 1.000000000000000000e+05
2.999748641597672558e-02 5.416056968251496814e-04 9.999999999999999072e-11 3.162277660168379043e+02
2.999578065361890866e-02 5.403738189937051274e-04 3.162277660168379191e-08 3.162277660168379043e+02
2.969619740021038276e-02 5.174164699028204655e-04 9.999999999999999124e-06 3.162277660168379043e+02
2.967463035028441304e-02 4.498532722766673624e-04 9.999999999999999124e-06 3.162277660168379589e+04
2.966078094189918482e-02 3.866270693123042787e-04 3.162277660168379191e-08 3.162277660168379080e+05
2.955369584790650331e-02 6.028468214014475997e-04 9.999999999999999072e-11 1.000000000000000000e+02
2.955315041702498771e-02 6.016341524203679732e-04 3.162277660168379191e-08 1.000000000000000000e+02
2.947365349951413388e-02 4.354779016357277540e-04 9.999999999999999124e-06 1.000000000000000000e+03
2.945551318651046246e-02 5.950695884524825332e-04 9.999999999999999124e-06 1.000000000000000000e+02
2.913947883320699289e-02 5.685048289061916818e-04 3.162277660168379394e-03 1.000000000000000000e+02
2.903154785445617031e-02 3.940039705296005082e-04 3.162277660168379191e-08 1.000000000000000000e+06
2.896878035781557531e-02 4.146186971176252429e-04 9.999999999999999124e-06 3.162277660168379043e+03
2.889929454085118921e-02 4.053841378919338266e-04 9.999999999999999124e-06 1.000000000000000000e+04
2.879098018428484854e-02 6.744062873486136606e-04 9.999999999999999072e-11 3.162277660168379612e+01
2.879077771604852259e-02 6.736881021805949093e-04 3.162277660168379191e-08 3.162277660168379612e+01
2.876561800180456666e-02 6.698559039741985724e-04 9.999999999999999124e-06 3.162277660168379612e+01
2.790988928583249679e-02 5.896866780094033597e-04 3.162277660168379394e-03 3.162277660168379612e+01
2.777504728885331689e-02 7.984479196697962444e-04 3.162277660168379191e-08 1.000000000000000000e+01
2.777503509421987843e-02 7.985623923108059680e-04 9.999999999999999072e-11 1.000000000000000000e+01
2.776970314336486487e-02 7.964861979010915685e-04 9.999999999999999124e-06 1.000000000000000000e+01
2.771778718423655377e-02 7.951078413115399406e-04 9.999999999999999072e-11 1.000000000000000000e+00
2.771778427978960346e-02 7.951145294758331632e-04 3.162277660168379191e-08 1.000000000000000000e+00
2.771747037952568965e-02 7.953419457405456377e-04 9.999999999999999124e-06 1.000000000000000000e+00
2.768366230262673394e-02 7.894586909081356511e-04 3.162277660168379394e-03 1.000000000000000000e+00
2.718803746074052730e-02 6.878770375385116201e-04 3.162277660168379394e-03 1.000000000000000000e+01
2.713864634742379003e-02 8.414898189858479498e-04 9.999999999999999072e-11 3.162277660168379079e+00
2.713861165671777043e-02 8.414717130462661234e-04 3.162277660168379191e-08 3.162277660168379079e+00
2.713709914082089794e-02 8.410778949856123924e-04 9.999999999999999124e-06 3.162277660168379079e+00
2.694313572057053380e-02 8.111555086424274748e-04 3.162277660168379394e-03 3.162277660168379079e+00
