1.642235448139512943e-01 1.361229360360231497e-03 1.000000000000000000e+00 1.000000000000000000e+06
1.566353829077939408e-01 1.326993976340740296e-03 1.000000000000000000e+00 3.162277660168379080e+05
1.373885424098519881e-01 1.223215423040581234e-03 1.000000000000000000e+00 1.000000000000000000e+05
1.033493139423314472e-01 9.638113628403119056e-04 1.000000000000000000e+00 3.162277660168379225e+04
7.065911656596492174e-02 5.673713621722411985e-04 1.000000000000000000e+00 1.000000000000000000e+04
5.386434313529207818e-02 4.467171225068705459e-04 1.000000000000000000e+00 3.162277660168379498e+03
5.385297885360292025e-02 4.464886744101710853e-04 3.162277660168379394e-03 1.000000000000000000e+06
4.494945539815033142e-02 3.128721405557447865e-04 1.000000000000000000e+00 1.000000000000000000e+03
4.493721888052133739e-02 3.128135499327184513e-04 3.162277660168379394e-03 3.162277660168379080e+05
3.904157927964537617e-02 3.014525129481436094e-04 3.162277660168379394e-03 1.000000000000000000e+05
3.903653902917007812e-02 3.007104295008125594e-04 1.000000000000000000e+00 3.162277660168379043e+02
3.423717785075373887e-02 2.580825045823927685e-04 3.162277660168379394e-03 3.162277660168379225e+04
3.410792098591657051e-02 2.546868071738213335e-04 1.000000000000000000e+00 1.000000000000000000e+02
2.959970464058574516e-02 2.118491104791194346e-04 3.162277660168379394e-03 1.000000000000000000e+04
2.912090179324304876e-02 2.061945328146498342e-04 1.000000000000000000e+00 3.162277660168379256e+01
2.556780488152070666e-02 2.067385856175489860e-04 9.999999999999999124e-06 1.000000000000000000e+06
2.555397112139062149e-02 2.062099247380548247e-04 3.162277660168379394e-03 3.162277660168379498e+03
2.468959621143652222e-02 1.797226572059523362e-04 1.000000000000000000e+00 1.000000000000000000e+01
2.236107645693628798e-02 1.843814144841506779e-04 9.999999999999999124e-06 3.162277660168379080e+05
2.228836499908011179e-02 1.810696813640238340e-04 3.162277660168379394e-03 1.000000000000000000e+03
2.126284472096746231e-02 1.582771769062898449e-04 1.000000000000000000e+00 3.162277660168379523e+00
1.972720914157210376e-02 1.194686353757658102e-04 9.999999999999999124e-06 1.000000000000000000e+05
1.950063540228389944e-02 1.181731366925841401e-04 3.162277660168379394e-03 3.162277660168379043e+02
1.911196326420203789e-02 1.133541700131278563e-04 1.000000000000000000e+00 1.000000000000000000e+00
1.761578953849636184e-02 8.568243648783129560e-05 9.999999999999999124e-06 3.162277660168379225e+04
1.718128240863648487e-02 9.286537253299301925e-05 3.162277660168379394e-03 1.000000000000000000e+02
1.672779382057100125e-02 2.117074711959538889e-04 1.000000000000000036e-10 1.000000000000000000e+05
1.672474528026332910e-02 2.126240485192177937e-04 1.000000000000000036e-10 3.162277660168379080e+05
1.671450523037136537e-02 2.101702383156479523e-04 1.000000000000000036e-10 3.162277660168379225e+04
1.669946289885500604e-02 2.133995144438673283e-04 1.000000000000000036e-10 1.000000000000000000e+06
1.667413575693107997e-02 2.071189413348362835e-04 1.000000000000000036e-10 1.000000000000000000e+04
1.658541620715554138e-02 2.005368962457303194e-04 1.000000000000000036e-10 3.162277660168379498e+03
1.655673218900503840e-02 2.093477585372134013e-04 3.162277660168379191e-08 1.000000000000000000e+04
1.654785807376163431e-02 2.015485140175803059e-04 3.162277660168379191e-08 3.162277660168379498e+03
1.641613866272899000e-02 1.910602275779838054e-04 1.000000000000000036e-10 1.000000000000000000e+03
1.640481421946322904e-02 1.917302301526957117e-04 3.162277660168379191e-08 1.000000000000000000e+03
1.639165718587072204e-02 2.142175065964139059e-04 3.162277660168379191e-08 3.162277660168379225e+04
1.620942836644959431e-02 1.116291528095648451e-04 9.999999999999999124e-06 1.000000000000000000e+04
1.610892092368881867e-02 1.764845151299849189e-04 1.000000000000000036e-10 3.162277660168379043e+02
1.610561651729587249e-02 1.767535145386143591e-04 3.162277660168379191e-08 3.162277660168379043e+02
1.602143664914758986e-02 2.060546427849233812e-04 3.162277660168379191e-08 1.000000000000000000e+05
1.562878815774843347e-02 1.814134392087459846e-04 3.162277660168379191e-08 3.162277660168379080e+05
1.559914528523839716e-02 1.569707027718909300e-04 1.000000000000000036e-10 1.000000000000000000e+02
1.559807977388743584e-02 1.570668548608788388e-04 3.162277660168379191e-08 1.000000000000000000e+02
1.559187781166818457e-02 1.535670722353701533e-04 3.162277660168379191e-08 1.000000000000000000e+06
1.551237078938846360e-02 1.547911180773430581e-04 9.999999999999999124e-06 3.162277660168379498e+03
1.550690628203140776e-02 1.750885171678743092e-04 9.999999999999999124e-06 3.162277660168379043e+02
1.540177869931182511e-02 1.723095608304820098e-04 9.999999999999999124e-06 1.000000000000000000e+03
1.536994796404063737e-02 1.600988678742684744e-04 9.999999999999999124e-06 1.000000000000000000e+02
1.534698750199636405e-02 1.159584871657252307e-04 3.162277660168379394e-03 3.162277660168379256e+01
1.486272128479241249e-02 1.405621928162413537e-04 1.000000000000000036e-10 3.162277660168379256e+01
1.486237326332981966e-02 1.406001579984429988e-04 3.162277660168379191e-08 3.162277660168379256e+01
1.480148230988786659e-02 1.411340970865846019e-04 9.999999999999999124e-06 3.162277660168379256e+01
1.402113770013598860e-02 1.177514877979395243e-04 3.162277660168379394e-03 1.000000000000000000e+01
1.402001260219950043e-02 1.261338084046316000e-04 1.000000000000000036e-10 1.000000000000000000e+01
1.401993289228774774e-02 1.261456948049734629e-04 3.162277660168379191e-08 1.000000000000000000e+01
1.400805576107951901e-02 1.270044735847220896e-04 9.999999999999999124e-06 1.000000000000000000e+01
1.362778325068786031e-02 1.287296257364063819e-04 1.000000000000000036e-10 1.000000000000000000e+00
1.362777451384125649e-02 1.287213418985654111e-04 3.162277660168379191e-08 1.000000000000000000e+00
1.362692682967722203e-02 1.282089215147740643e-04 9.999999999999999124e-06 1.000000000000000000e+00
1.361865495912960647e-02 1.222393843160574458e-04 3.162277660168379394e-03 1.000000000000000000e+00
1.343937898268738121e-02 9.593007382897937281e-05 1.000000000000000036e-10 3.162277660168379523e+00
1.343934899323695822e-02 9.591940198384557126e-05 3.162277660168379191e-08 3.162277660168379523e+00
1.343696987506912480e-02 9.601169376021664599e-05 9.999999999999999124e-06 3.162277660168379523e+00
1.336243940502569727e-02 1.026433542713395860e-04 3.162277660168379394e-03 3.162277660168379523e+00
