-0.4217889462948463	-0.4475104157911555
-0.4657196466105802	-0.4479305641000472
-0.29796968066055385	-0.29260933165790043
-0.41132292171558404	-0.4262298639682772
-0.4695418844081729	-0.3894501178233629
-0.4615485394726804	-0.4405541551424132
-0.5009076661301641	-0.5005572002818701
-0.4694561255177625	-0.4888034137010935
-0.3659128068965565	-0.3987365979019729
-0.5515889160667271	-0.5486799832013525
-0.2349793242740894	-0.23440025633607298
-0.5065305412244925	-0.5078186250668799
-0.5111623333843536	-0.5210219433117141
-0.5503255807764624	-0.5465830769339234
-0.4402632290988322	-0.43264750684042874
-0.31732931428199507	-0.29855459964353415
-0.10045091455906885	-0.10687391947354423
-0.41783181285307336	-0.4003392776969519
-0.4773457571358968	-0.48312723338589914
-0.309505218144583	-0.2955095799104994
-0.3617829823505936	-0.3744636895506401
-0.23571601897357297	-0.23107602541974043
-0.5257785756770907	-0.5275327946611592
-0.41899853985075275	-0.4296467479274776
-0.2918696313925633	-0.2864791405733071
-0.30537327820852234	-0.2938409906394853
-0.14611877011503438	-0.12183664038551571
-0.43365140708849736	-0.346630275976987
-0.38895858469782496	-0.37952077691865055
-0.5361568727325192	-0.5386782298317697
-0.3286058281651272	-0.3262319304244669
-0.38529483273557474	-0.3846223904497628
-0.5005573154629701	-0.4898603553313164
-0.2577790397021964	-0.24803844767796154
-0.3703097721938242	-0.3449125694325746
-0.17282454567432026	-0.1686321534730857
-0.35942550540949014	-0.3849390342700301
-0.2868506276445828	-0.36457432721786476
-0.24969731362185854	-0.24328026977554904
-0.3865522875549079	-0.3865619084459815
-0.37485327093757626	-0.3698097337642201
-0.38267107507026665	-0.3608644049226008
-0.5361976514732412	-0.5361548955241913
-0.2975802942522474	-0.2831254377457754
-0.35274681267511276	-0.3371958978224432
-0.31352795113919285	-0.24044834939372237
-0.3633290480840792	-0.36203954196924876
-0.4310838234951717	-0.43221449866589967
-0.26177082425300924	-0.2698857648074696
-0.32911270754466315	-0.18292987819757897
-0.3217728247940066	-0.2497962164610921
-0.3862786612201319	-0.38732862100203563
-0.3838197193757935	-0.3796519734238827
-0.33274258952057956	-0.33365524537346114
-0.25682026862525653	-0.2586500871763139
-0.3961031837165869	-0.3978572706905012
-0.2779813887826439	-0.2564636248071593
-0.25065324303352554	-0.24090382665672427
-0.3284146922367377	-0.30426969895509165
-0.3675148751069983	-0.3810123227230658
-0.27105765712396135	-0.2622254668602928
-0.29338404680500574	-0.2744680770918359
-0.3803841585188934	-0.3903348544377089
-0.3880589889846462	-0.38975626981135886
-0.25721755437045246	-0.25516193049561325
-0.364636780938584	-0.38695121596713095
-0.3666202806998289	-0.3414158001093356
-0.260929645337054	-0.2675492961562588
-0.4002688175271416	-0.4056948441692752
-0.45711779016804144	-0.4711419517219459
-0.26998007319289385	-0.28432014785578336
-0.26447621511307773	-0.24747466984927316
-0.5356584060444938	-0.5350984567331307
-0.20837384410959459	-0.23559992839456598
-0.12639905740474688	-0.18055007909682153
-0.33218185145653933	-0.36849671204600654
-0.25130820835328294	-0.27556007939237276
-0.2641041955697503	-0.2855156514823612
-0.2498610235324321	-0.2497221252607346
-0.3491812022385581	-0.312290112371604
-0.39824470934195233	-0.40703777285377996
-0.2854757874577345	-0.29192826373571323
-0.3190637500576692	-0.3344067790049468
-0.5502811166261203	-0.5512653110902818
-0.3599757180991521	-0.32909081691540853
-0.26160755010810277	-0.2627733206680102
-0.4882287702390613	-0.4934177418578938
-0.28182667508294656	-0.28270590668501866
-0.15550438059305627	-0.1648251787964259
-0.246029493869095	-0.25098469809856994
-0.32878446739235123	-0.2590604723592294
-0.2788328404736973	-0.2844267423183617
-0.5226885151345773	-0.5196181843504498
-0.28030320418677945	-0.2706146674872026
-0.26621781001428246	-0.2546692570585421
-0.4462901248299094	-0.43836655032969807
-0.26331073457960485	-0.27083994206476886
-0.3619846026811402	-0.32522959637944054
-0.5491104303657259	-0.537864634482396
-0.2551173178545447	-0.2529002925572453
-0.3794143425212262	-0.3923592011383654
-0.4713515002875788	-0.4686738478539121
-0.10961340786117901	-0.11963525522488569
-0.2714040122270802	-0.24635450680272394
-0.4170082079789754	-0.4300515861800663
-0.3983721737241357	-0.391313978077037
-0.27360832952691894	-0.26784649498968943
-0.3989898816835904	-0.3968959050836246
-0.45913712188693623	-0.2610807629158442
-0.2149441706389119	-0.22235075721531838
-0.09482916377859496	-0.11248023808910755
-0.30941477534371664	-0.2841394056368904
-0.4388864797562988	-0.4401734500653954
-0.31707247999727173	-0.30838400020695
-0.4170171484824827	-0.39920164954254916
-0.43592046593389355	-0.4356831654989262
-0.2930204218033978	-0.26361695842041666
-0.3164882406384901	-0.3092122522587907
-0.4027675378425144	-0.42345284858591575
-0.141317203216067	-0.13763371422783138
-0.25953261455935106	-0.25916941588135933
-0.4564432733977988	-0.46753394171889195
-0.21169494385497956	-0.24366996249845238
-0.24567740471066912	-0.2392647988130785
-0.2402007323494093	-0.23571331143136195
-0.2801187898870907	-0.28832476303541027
-0.31379527465805523	-0.3326619719216552
-0.36490207288896137	-0.3247193005518445
-0.36266656604018976	-0.40046158915620533
-0.3975792352478926	-0.31472189036664405
-0.24274847496450747	-0.24260215495829077
-0.4196869548381805	-0.4049659323556752
-0.19041609533889847	-0.1893203602426298
-0.2745386686779909	-0.2762450058859296
-0.4894747637527672	-0.4974315409282936
-0.2433588183101989	-0.23914616856993645
-0.19211390250334404	-0.24276435141431446
-0.2856864030679418	-0.3395301208256702
-0.23611872427822078	-0.25004569096356416
-0.34613320494080746	-0.33188881204438897
-0.22887150897674857	-0.2587077988997979
-0.2686017618426497	-0.26188143008964904
-0.40630152769139016	-0.41372166737214666
-0.22044198989308228	-0.18665022670348275
-0.23330089685945943	-0.2525621522993008
-0.2462039333383501	-0.2242252122919214
-0.34995480713169336	-0.3445709510542233
-0.4697916120895069	-0.4648626238208385
-0.315421029821394	-0.21934976518019697
-0.26628937858756174	-0.2855236049487066
-0.24734914971296362	-0.24534762801615473
-0.3074654516133464	-0.323320243095414
-0.4100361550711771	-0.4001454404041041
-0.25214593519185513	-0.22976233518030126
-0.2728572247728671	-0.3109845637275917
-0.2796328621508959	-0.30696204422089
-0.21097895389804222	-0.23272253890155795
-0.2804337813950042	-0.2695642763158587
-0.3211380793790326	-0.29863952985658576
-0.0907459849975254	-0.09955775082513105
-0.24405092465602252	-0.2470027899795657
-0.5365069938023446	-0.5361558035729355
-0.15636542032815726	-0.14004036845174753
-0.414077719932461	-0.37921974385034546
-0.3855273248334008	-0.40104186528617175
-0.4037590980817196	-0.40181224429466994
-0.3694712031267642	-0.36672806802406427
-0.345458726718336	-0.29018847891702587
-0.14259244414451544	-0.13321515301867523
-0.2931310060406922	-0.2871275619164411
-0.360427265301686	-0.3605899134495631
-0.39001290514380926	-0.38275553963363196
-0.5457109503743389	-0.5396730681562357
-0.21378668936283596	-0.3129638637171001
-0.25812639810837723	-0.24640508899855512
-0.08442466347891298	-0.10259711605059674
-0.35336054759200586	-0.35157979364321074
-0.07928997843374219	-0.0764242847654283
-0.39874722724441014	-0.39885560301226636
-0.5566811459978389	-0.5412843694939559
-0.3936180489455694	-0.4199223659846137
-0.47211119509452715	-0.48097504180207534
-0.19597408939562122	-0.2620762144014774
-0.18678596871227526	-0.21289808182990425
-0.33418635991377243	-0.3530048049727601
-0.28358808942249425	-0.29422820511436953
-0.4427611439825405	-0.4523279441291573
-0.39369058382175837	-0.37616560084895084
-0.4222842161387472	-0.43281805131025475
-0.2915574773785927	-0.29778129992181734
-0.4448366578801277	-0.4517168100398331
-0.4940674067092168	-0.49952549268251506
-0.33485898780320866	-0.26458081579087017
-0.42413695638575	-0.4184404540491808
-0.41116997670999744	-0.39177828175570245
-0.33444909585114857	-0.3594329527059856
-0.38094956611065456	-0.38840373202217215
-0.10531831498871647	-0.08677306945732087
-0.17994671030217724	-0.23830658606579735
-0.28175527266034095	-0.25135093115875495
-0.5486503806212326	-0.552514873951991
-0.4000544425340422	-0.4049877481086218
-0.37288404814726306	-0.3616099475887312
-0.3264718735159242	-0.2896937645091462
-0.3269553416369142	-0.3410534349791177
-0.44661782628583424	-0.41750373248311495
-0.5306965105192702	-0.5254036551002168
-0.4177591824322455	-0.39648432597996297
-0.22086867113034891	-0.21600636204469986
-0.1885505396993139	-0.145978352559597
-0.28976413812719315	-0.2722673327224751
-0.349452383120088	-0.3141335353499213
-0.3837507791359904	-0.38159013526575736
-0.5162496946122523	-0.5065472872510022
-0.2798275179370897	-0.24790492655926138
-0.5254529265719814	-0.5238840156904246
-0.27742489175365215	-0.2742505502375937
-0.17542318931599254	-0.1770782456854775
-0.5529200092307391	-0.5546535091459966
-0.20224964355910124	-0.19148723658448294
-0.26892784739202824	-0.26573505288870314
-0.21899014502835712	-0.2114656005663781
-0.46067339021614373	-0.46501072433515256
-0.17614761750331454	-0.1699347838008898
-0.4000041524486875	-0.3991548082040205
-0.37577999210346746	-0.34948083914374145
-0.28387904472586456	-0.2810803568393926
-0.54711773899189	-0.5481876457102721
-0.400868569479794	-0.401622950161264
-0.18791437740120642	-0.18739590944780288
-0.5086826228178118	-0.5195459024004463
-0.28186799419967024	-0.33442571610509303
-0.28955364894077107	-0.2581035607631568
-0.29234764234337973	-0.2813285582802971
-0.23070323103404178	-0.22639726813946953
-0.16030437828083421	-0.15283584112887352
-0.07493889117451147	-0.08439812451578403
-0.423017479491989	-0.5197671507824373
-0.26205245502379526	-0.263185694974982
-0.3756742476485666	-0.390811685932461
-0.5062775049369144	-0.4987098890041529
-0.24851777493576854	-0.24844172557506095
-0.25965256679198845	-0.25912444917458505
-0.4326507242656419	-0.42898975549493035
-0.38411346904723054	-0.38110674665663635
-0.3380362334588227	-0.3512466235482537
-0.34852974125754344	-0.34382344816059784
-0.37087148121466207	-0.35466462058297166
-0.38045536702473015	-0.3727324140180491
-0.2527275340175308	-0.24137008826587578
-0.3653062376888272	-0.3596667843024791
-0.3248918529137761	-0.28289544260482813
-0.2848284199417179	-0.26668854301120115
-0.5381923722826691	-0.528266068550359
-0.225323282426519	-0.223430532528855
-0.2699184325283568	-0.252171203429673
-0.20161626803677635	-0.1900232094298777
-0.5146445089685763	-0.5143923744929615
-0.26962401995617746	-0.2637949390299805
-0.26733840488365956	-0.24137465137936615
-0.5069247655410365	-0.5126270297541748
-0.40518327221956874	-0.4141033962002925
-0.5447029778886971	-0.5529750884675505
-0.18374810973025646	-0.2495760099579476
-0.27225423971994545	-0.30665761332800495
-0.37969194953349295	-0.39500808036340707
-0.23966944229650622	-0.20679244767848434
-0.4175158439594284	-0.3376350899911247
-0.27669348487026113	-0.26307993180011713
-0.22717814363612376	-0.2324277308476286
-0.5275712914289805	-0.5220043240493678
-0.49323443456274774	-0.4949288728782396
-0.1143827755467477	-0.16813512398017272
-0.4240367642062015	-0.4216306291773912
-0.5326336104167027	-0.5294965526654583
-0.2511027932831027	-0.23642590258335203
-0.076312919937509	-0.09393911688680785
-0.23507675318078824	-0.22155532257407964
-0.4386637328191334	-0.42355215272583124
-0.2323127892864072	-0.23290472478799487
-0.33308352825681276	-0.34359718762686936
-0.5342925465894783	-0.5314456324372839
-0.24900795029037148	-0.2604907306732834
-0.35681931463330585	-0.39978084599997493
-0.47122624723443707	-0.4616282713148637
-0.06964047763477055	-0.0652021752867206
-0.5611496535567255	-0.5547893545164947
-0.26680371187220686	-0.2469429746630101
-0.47596294069772327	-0.343253927132563
-0.37109285900417	-0.31244463933949257
-0.2743043608157709	-0.33675567343064894
-0.20679415504603682	-0.26110690048419
-0.4278094785356288	-0.40739599376885927
-0.34669802052884435	-0.29856006593237633
-0.38122582287945406	-0.3894466845607513
-0.41760521958549646	-0.395685543375085
-0.0892360301731685	-0.15728037621624336
-0.25176413096413164	-0.26563325156262163
-0.11126965858287896	-0.12291523838167807
-0.4525986746113375	-0.4478925217864942
-0.16515050768138195	-0.21557880427861917
-0.07962912440990877	-0.08298702211633921
-0.051223020080044535	-0.27184119250825484
-0.29149854610796133	-0.29815262355651545
-0.4435609029615257	-0.3697717662443665
-0.3583008691291134	-0.35059208542285614
-0.25877645561195983	-0.20702957029185104
-0.3724131612344017	-0.37822734308423
-0.4263507142139744	-0.40091342400639174
-0.3008823520106674	-0.24656685085605912
-0.350325455452948	-0.29899081384279713
-0.3758496057181908	-0.33939495489093385
-0.26723502890531314	-0.27014832326519667
-0.4453552676843522	-0.4125173023583479
-0.37605438115333456	-0.34431618649749246
-0.11238449011239027	-0.09520217225309996
-0.2934483147082325	-0.2826496642752679
-0.34653650859115004	-0.3562160437120321
-0.16057403373158508	-0.20778001377652758
-0.11880410358629412	-0.17586301107302635
-0.3894872058470149	-0.3790616566141043
-0.2654064452263931	-0.28926479035224567
-0.3866319806675822	-0.391731362948943
-0.548011533945326	-0.5414747503350873
-0.14038289077955568	-0.13193566935684106
-0.5514533038522558	-0.5474349149926001
-0.3780767436172372	-0.39119856923135615
-0.32436717800474035	-0.2488253284221035
-0.36238567532679156	-0.36382988813851674
-0.3934365257903245	-0.39495142808993217
-0.3616789482996374	-0.35831159042174693
-0.5644007701846547	-0.5572469935312504
-0.39167450389282443	-0.4186388383692706
-0.2823745524094239	-0.26054393904165474
-0.47534980909778923	-0.4744092355412609
-0.16181967750845772	-0.11732239053924756
-0.27092512073225095	-0.2739582762204825
-0.25753064037517603	-0.255864330469138
-0.425964797146289	-0.4182838482215626
-0.40412321697808196	-0.39640032043097767
-0.22654835950601537	-0.1771191798386525
0.05020889514195659	0.03315255738543951
-0.4069127938059083	-0.40377051324122615
-0.3958610616710878	-0.40464351006114385
-0.3858970786510376	-0.43546508770231734
-0.4533584769921628	-0.452950221207956
-0.3880662149399363	-0.3772830294178773
-0.37662964973037916	-0.37602066448829624
-0.27670333527818514	-0.2853908493519119
-0.24112862927716705	-0.24990934345596028
-0.5140056725784241	-0.5057296830849625
-0.36513483279838255	-0.3433030815242373
-0.2850222168602734	-0.24160158654116093
-0.3066371489011068	-0.29243129179234434
-0.2535757309003497	-0.2546754385673497
-0.28213429449025007	-0.2800608683614603
-0.26576009909996756	-0.2578872350558391
-0.28088473874689157	-0.26101051458779545
-0.2206717221956609	-0.2127840276986043
-0.37673020377612865	-0.37357093262387486
-0.25526133015803154	-0.24555548508049874
-0.48853344856781256	-0.48892678161370917
-0.2796570091832429	-0.28061311173983383
-0.3892655870323125	-0.38371229544690105
-0.33234945944797545	-0.33694757043430174
-0.32337796986290357	-0.31067844212732054
-0.1678314611364904	-0.16964912201867569
-0.1048349235586663	-0.08546951642869492
-0.4359095393814698	-0.432351665122044
-0.31605436648235496	-0.3614381238257457
-0.24711980952411494	-0.2684122631571016
-0.23798382733036405	-0.23643902648722814
-0.2999060016612791	-0.25044117468780314
-0.2210343928036309	-0.2586430451310954
-0.49194657412489384	-0.4821265440340445
-0.34225538610076534	-0.33598722941097914
-0.34278547115424907	-0.3117312633394799
-0.29125305656062395	-0.3010806008216534
-0.2141108285509219	-0.09960540904843498
-0.5199030688336883	-0.5204516784647177
-0.3423129095856563	-0.2911097108791322
-0.35200323340608897	-0.3501178128934335
-0.39666257442229025	-0.3853317620462492
-0.39787958222576947	-0.34252820795916145
-0.35848096408543206	-0.3425506320453242
-0.42648843672191816	-0.3916497656428727
-0.27600355347032846	-0.2956520803322186
-0.23388773525837436	-0.23074277984677116
-0.38867508438890397	-0.3784365750483959
-0.28900198713436964	-0.3309071835076141
-0.35867316806950456	-0.3680662021541572
-0.09846044157352196	-0.07325544167755306
-0.2698919432329987	-0.2177900458391456
-0.3773704532257174	-0.41740538046849324
-0.26235413298422827	-0.25869815872775703
-0.3797424107155791	-0.41295154913657856
-0.2723641996226718	-0.24576196441623316
-0.23606641020416674	-0.24220720134261325
-0.2825031422699791	-0.2777373790540504
-0.4282273382348478	-0.22812428964809736
-0.12317073693082037	-0.12589610615289665
-0.25984183823119267	-0.17233941828365587
-0.13246419926461783	-0.12464511163768997
-0.2532995233273745	-0.2590045385198741
-0.29870744057921783	-0.3322657489546438
-0.3857850630888944	-0.38382772237183743
-0.5507453595573715	-0.5542055952215059
-0.4233684681336669	-0.4203122413320469
-0.2587952909643789	-0.28544469619017315
-0.2460104009589692	-0.25120361303331545
-0.1573213824293056	-0.17188183598954557
-0.24346916230961568	-0.2798399011214194
-0.29041054118683896	-0.28551009024447427
-0.27611159398704643	-0.26097946720517784
-0.3122942242505058	-0.19848412148753997
-0.4560115304266432	-0.4543045536960513
-0.2903418829062794	-0.18456343945098236
-0.24036535937402448	-0.2522792850471174
-0.24434373550048782	-0.2531448110125503
-0.34689978105856767	-0.37407286761995595
-0.40595363318649547	-0.3956164478992284
-0.24383878753274502	-0.25273033280793766
-0.38823593804695555	-0.3816542349900633
-0.4394819138949764	-0.3274668437685119
-0.5389621135512606	-0.5297485043672325
-0.2766867494295582	-0.2949686161997909
-0.40626067094029494	-0.4056098877182174
-0.5285573495763902	-0.5107751295340304
-0.45384598333907533	-0.4480352529211863
-0.25724757993924996	-0.23923560759130413
-0.4264077471294101	-0.42310283781944275
-0.28928968483668527	-0.2816633589719477
-0.35618806639511646	-0.3703234462829571
-0.40370012953457746	-0.40564967656873474
-0.4236675689151106	-0.3731575032384267
-0.21057758698296425	-0.2500572526123094
-0.5403356342574472	-0.5582552956709863
-0.4291088644120986	-0.3864579728136335
-0.16685505964443692	-0.23119154415596582
-0.4548620338017759	-0.36404785109294807
-0.18853491908400777	-0.3142426538068139
-0.39640731834561116	-0.3430614016563991
-0.32813971289913724	-0.343344791970987
-0.3048321274219923	-0.31385118040146054
-0.3051232201907368	-0.2688894115251404
-0.17190953564615263	-0.1739185535165129
-0.3932078529489065	-0.39086880369503785
-0.41088557768613754	-0.41009198305415445
-0.4984847556000851	-0.47841658761872274
-0.2642796069243616	-0.2476798440419883
-0.5116791319950202	-0.5165002487035589
-0.4812122967767394	-0.4708651334566347
-0.26678379102364147	-0.28850660914717835
-0.33036696463983084	-0.34406334993723
-0.2203997687283472	-0.2161368154467071
-0.2664369319533133	-0.27388919872567435
-0.5323302627561315	-0.5379559144505254
-0.144529968433055	-0.17688344108435192
-0.043720550863145746	-0.3160764667286125
-0.2950081934433477	-0.20824915382953887
-0.3723097573880061	-0.3763153484351982
-0.32052816656333505	-0.32788912964754574
-0.3616768545593949	-0.36709649520075777
-0.4580014939157522	-0.4672746318553972
-0.26973023704870513	-0.26285780643937595
-0.2040903129415046	-0.20471586659812377
-0.27098349928136933	-0.26664674238429636
-0.45738692819654325	-0.3483359470608331
-0.27880640911603294	-0.2760547310891315
-0.24897840943460814	-0.2605033173669435
-0.2542060166439377	-0.2474395924905308
-0.42566501777216814	-0.43338769299348273
-0.264682176185957	-0.2620383634940806
-0.20504228696936977	-0.21903582189864462
-0.5153905659928171	-0.5216999134473718
-0.3435424117332815	-0.15441342867274604
-0.2688393230048227	-0.26997485373930136
-0.25250367162295007	-0.19511190798486827
-0.5554158461341849	-0.5529158111967248
-0.3741308850301941	-0.40530043559259477
-0.41532927311677525	-0.3338865354827963
-0.27915315035062704	-0.2801121166997762
-0.25630958114728486	-0.24887334450748702
-0.2613498373493499	-0.25033010721836924
-0.40547747902744113	-0.4034336536726975
-0.35779196780287137	-0.34495008782115233
-0.4017465404960756	-0.4031811914108607
-0.2493042813119022	-0.24042391594302046
-0.27564100960145055	-0.2802436919630795
-0.5078793860137232	-0.5090817079299836
-0.24814796288206864	-0.26360298775289287
-0.2594819557527792	-0.24079750423234403
-0.3967091115192627	-0.401905833506194
-0.5511162565223131	-0.5478957685066463
-0.49948854900751094	-0.49134033290445467
-0.24149079999588707	-0.2536546644972874
-0.40246670076538393	-0.36272355081892815
-0.4639684244191784	-0.4529178092797077
-0.5529474125332197	-0.5505933110418971
-0.21935357240623077	-0.22565007718137636
-0.2545433554074883	-0.25346132849599995
-0.47413640009805036	-0.35876188638113077
-0.3695804931101456	-0.38253810937099114
-0.40531223394559035	-0.3999759820084235
-0.32321996961248445	-0.2635477498535851
-0.24295053098036057	-0.2438321578911838
-0.24899558043960113	-0.24738141536894226
-0.2642488249549153	-0.29789374711408384
-0.40863284422602497	-0.4040637384911428
-0.2985125928685761	-0.3012663046989568
-0.2701619574876979	-0.2829590875001115
-0.22731823499513482	-0.24600594889173796
-0.5289248858345061	-0.5252936052701287
-0.2416665876051063	-0.23209625198052672
-0.2774562056666312	-0.26567506330095836
-0.3055577955687703	-0.30794630106996834
-0.3937001657037271	-0.39667442828928773
-0.24079718000482586	-0.25394197923127393
-0.2736149758324995	-0.27254348319418437
-0.2643465980948001	-0.2990528619478438
-0.4134369782813323	-0.3902487931135697
-0.5035599745562074	-0.49144469795648854
-0.44173511718320313	-0.4391648563092507
-0.5601173979254863	-0.5581066266315277
-0.5429013630399222	-0.5260273707406321
-0.2713476026740391	-0.26923986848495546
-0.37448597521071747	-0.36825152929060967
-0.3201502080973313	-0.3252325033265537
-0.2744728825631917	-0.2880430326305653
-0.5492622133268252	-0.5476765806185809
-0.2738533220932844	-0.26885879580571365
-0.3630493698750783	-0.3383451457069719
-0.3229854340882472	-0.41638070250806547
-0.11489180453158099	-0.31562730008775236
-0.319575485228512	-0.2761453110769725
-0.5114842861044266	-0.4983807678874612
-0.15392660283509052	-0.32795214258606126
-0.27384508539627817	-0.26502889875986996
-0.26273064924762934	-0.2651217313939063
-0.23209707433990623	-0.24421890645834168
-0.4459792264831641	-0.4194744556460229
-0.413666991806771	-0.36231324002224685
-0.16950314969400715	-0.1994969409994474
-0.2758964096026908	-0.27822936877348714
-0.34761562286985637	-0.34918095203643273
-0.3684224359268029	-0.3777943250108424
-0.10931120564618269	-0.09689784613159169
-0.4162243896693667	-0.4108395050239912
-0.35158730183730214	-0.36133378289453955
-0.22222011194713076	-0.22032393063260275
-0.1256139708393338	-0.23001435756986935
-0.2932932766510312	-0.2739069167243191
-0.3347567561510232	-0.3459825121631596
-0.34110524101264694	-0.17382453381797283
-0.49652473424636945	-0.5038880722018686
-0.3175930598815153	-0.31570918104833906
-0.2642253481208652	-0.2627363413935833
-0.10633931465759261	-0.11133527956769597
-0.20645830184859904	-0.20819449725721526
-0.38931325036987907	-0.38514747199226423
-0.269654116481572	-0.2385389806734246
-0.4403423143056262	-0.4396048417005692
-0.3640206748638217	-0.374753536776906
-0.1300869719046993	-0.13858474001776427
-0.10621034790112915	-0.1350500363758386
-0.4058806498664449	-0.379656459676354
-0.4189649299402234	-0.40959921728572785
-0.2980673973434911	-0.27842975918041374
-0.4126579099574865	-0.4134726318599124
-0.34405066165459	-0.32905816746134064
-0.35870362266713585	-0.3681124662163813
-0.42029548126567917	-0.4308249885267022
-0.5362242625098883	-0.5424257539672236
-0.06351157266804464	-0.09100536899657127
-0.4378394360655413	-0.42458000412904884
-0.2953225037737006	-0.2971091631439915
-0.07667088400024014	-0.07558954720417176
-0.37884849465530124	-0.3712598611794865
-0.27409403973281243	-0.22916719745127034
-0.3584219453653681	-0.3563375596339508
-0.46510585291241036	-0.4726312985716393
-0.2612500940141995	-0.268717711633593
-0.3983485269252274	-0.3641117273736961
-0.24917009784356736	-0.25841340610943253
-0.3936770430145682	-0.36104620939351967
-0.4951232752961854	-0.38078627570273027
-0.27356164926169235	-0.29072958718678743
-0.26954806521554886	-0.25539702535687214
-0.33448428461916	-0.3141537276517213
-0.09706744800112332	-0.12601159994884134
-0.39030465068976916	-0.37705627849793444
-0.2825115924412245	-0.24149027026410552
-0.3799219245906045	-0.35823067153800364
-0.3726991953096359	-0.363221370489629
-0.2721398974283993	-0.28710906170511247
-0.32309061124412963	-0.29846061209202207
-0.16891065437013353	-0.21111663122838975
-0.12337905227816393	-0.10993241072366208
-0.39246968854679665	-0.26174375431664243
-0.35346685115308674	-0.3298560914571639
-0.206836376715394	-0.20144256245909659
-0.27281021932345695	-0.3654240612321027
-0.3715907007152097	-0.3719138618864002
-0.3093171543053401	-0.2652710477055002
-0.5416200947944603	-0.5232048028100831
-0.25843405891609805	-0.1965844389696657
-0.23761651803343042	-0.24018554394719993
-0.08363470747900692	-0.12233197335683886
-0.3539535786560819	-0.36208096745194335
-0.5490620229136294	-0.5362092385514919
-0.3260723443299973	-0.3665835897751736
-0.2524859231600498	-0.22809398087521712
-0.2836619619521059	-0.23883315091046092
-0.3697949524985038	-0.3548687640768625
-0.2132271499805789	-0.21880411661892044
-0.3314720235909068	-0.3236501407504189
-0.40195553740072754	-0.40023875165477085
-0.3655026749126442	-0.38466234598413235
-0.37452885688654547	-0.38457335821264366
-0.31679397833986656	-0.3040475600961318
-0.23002554287586818	-0.235583991753603
-0.3944990016651957	-0.3929384335147262
-0.12176903224740343	-0.1314563965134866
-0.5322115331329051	-0.5186491835581537
-0.4638246839059441	-0.45196334968375096
-0.38988789729635087	-0.38480958655722497
-0.34185409915438747	-0.3734442926927382
-0.345783471885186	-0.347870527575357
-0.2933698661676729	-0.24711018615700295
-0.21266340519983373	-0.2504669083481985
-0.21374353992792194	-0.2856198925330773
-0.4273562574248331	-0.47499688130928897
-0.39343584393795084	-0.3929281671145083
-0.41800907538317666	-0.4104743693053318
-0.3136392406147088	-0.312417976769496
-0.27654358623752984	-0.273423553558817
-0.1672903912407726	-0.15362397730191277
-0.20912250787953113	-0.2833428300120859
-0.36322156727056765	-0.3497688753826288
-0.24133686512764285	-0.20091463627546854
-0.3806650497152546	-0.39088168884187174
-0.23266520733121965	-0.24351177330251986
-0.10054570584384237	-0.10810218280426136
-0.26523918825478887	-0.26076435710074786
-0.27989595846376325	-0.2906267363733128
-0.35684749033364227	-0.36280708138791606
-0.3456754379699696	-0.35897017355836797
-0.41693048640498276	-0.41915532376370324
-0.35420743571511615	-0.37985963751130547
-0.3521583954681269	-0.35071884384965185
-0.39467436133159417	-0.41963018322033524
-0.35609968694376803	-0.35381043794945993
-0.25679633602448604	-0.2367977814080543
-0.5211012698016457	-0.5037367484669721
-0.2982356611969976	-0.292527649452885
-0.20033103370448302	-0.15210576268395412
-0.3806422841632937	-0.37522402783373326
-0.3400256520868208	-0.3291808868164298
-0.5594909299444595	-0.5570447167277732
-0.27292199652180393	-0.27847633995200033
-0.23506717674709066	-0.24784885679368768
-0.4105838122596275	-0.4132684295143033
-0.5425479422334707	-0.5404783387171753
-0.5460679365991812	-0.5475395271547786
-0.10681945750566868	-0.1010091570690189
-0.4587044264374356	-0.4616609269894655
-0.37889197625460014	-0.3189193414645006
-0.3490410624721214	-0.3292965010455435
-0.40360763192420457	-0.38314449537135387
-0.2895948865411224	-0.2818640206756021
-0.29838397529843164	-0.31142065637865796
-0.34998104019455667	-0.34032055429811825
-0.2833307321114056	-0.28115762406263134
-0.4373565265009294	-0.4279851817001422
-0.1746240427808008	-0.2940093891995883
-0.4038468757264866	-0.40281649247216444
-0.36891906020291465	-0.2293898279023917
-0.3600673624386559	-0.31757490371245894
-0.26245591645534105	-0.27170308166604346
-0.4977207684127798	-0.5041677865617936
-0.24641284357490534	-0.27904513336915254
-0.480427171896185	-0.47569941412111094
-0.17559691656283505	-0.17285502181184473
-0.16624712658311047	-0.16600232809364981
-0.19107806738522015	-0.16566017831128704
-0.3604632767396865	-0.374357052590523
-0.5061116767231582	-0.5164435449594935
-0.09177488532780131	-0.09017719029860592
-0.539675954180268	-0.523371386231686
-0.31465678066101077	-0.31634877903672093
-0.5131274052943269	-0.4988128991869617
-0.3486697998650303	-0.3731093362960604
-0.33276270537059816	-0.35440897882910033
-0.4979690774685537	-0.5111070318255685
-0.25536005095346503	-0.2331878887241896
-0.46714776720755324	-0.28095855764463284
-0.384395980933796	-0.3889154624500903
-0.40840625765343574	-0.4249020219622341
-0.09535159654918957	-0.024330986276390354
-0.20030974903983179	-0.19691787302767155
-0.540694036287725	-0.540918486027432
-0.30329306848348736	-0.3038282791550916
-0.3506503582341054	-0.345796689257123
-0.5309770047953997	-0.5341097417963481
-0.31785597613871097	-0.3152727070660102
-0.1847598719626209	-0.16726785148025902
-0.2405630715966467	-0.25933218004953673
-0.345669371905748	-0.3419832758395376
-0.4032289619275371	-0.4020396393077983
-0.13697305597301757	-0.18481115091314942
-0.2611842656931582	-0.26322682622190047
-0.39006779579807116	-0.3900787384569836
-0.4158102225280018	-0.4173320350783723
-0.5340971624217552	-0.5334763054202298
-0.4041788113274869	-0.3650271413371952
-0.23047523500262912	-0.21568458801606608
-0.2518741513463816	-0.25819467656987527
-0.2543539828985928	-0.2659695921620012
-0.26794617799596665	-0.2893087179200849
-0.35469638587341024	-0.3520659448838122
-0.2684393548471782	-0.26308255554004273
-0.13131447581309708	-0.18531938437584858
-0.2754274348539809	-0.2589701674498665
-0.25467077163467877	-0.22821400026143537
-0.25018818170661916	-0.246738929884377
-0.3087789924666282	-0.32237538834357965
-0.2641464930678161	-0.2808938512580994
-0.12502907319466416	-0.15168313310609627
-0.35616360957677173	-0.334687378034589
-0.1429689863097927	-0.22649788107036692
-0.351938209240064	-0.2756425918234591
-0.20482337692717678	-0.2535746660357291
-0.4117615560036505	-0.4188972745035365
-0.49443260561375624	-0.4954272578830273
-0.4056658373402975	-0.28047119078335664
-0.22254556993606656	-0.2702906756953007
-0.18040548604791695	-0.19339791389999017
-0.22266209375370138	-0.22263745169933427
-0.26530312641639675	-0.19893314773720505
-0.2810066547943517	-0.33627674250551814
-0.43346375067801013	-0.4045584039352993
-0.06312940682740553	-0.061394200977167454
-0.06632972824252548	-0.062071619730881364
-0.22396597024073728	-0.2550420659260354
-0.48788948001021737	-0.5017860022982588
-0.14035167259827297	-0.24718474750312813
-0.41956736433967734	-0.41665833636721505
-0.41848821690616234	-0.4134047508550726
-0.19582843803575045	-0.22308331923090166
-0.09662003884210435	-0.1197555726039305
-0.3178538009208953	-0.36582989830934515
-0.33827248056183734	-0.21463476131775305
-0.36402985932775067	-0.3359888482029798
-0.1050807532832323	-0.15491729733004747
-0.40574229032920783	-0.39927751975324627
-0.3843504559655564	-0.4077651687138527
-0.41889935456113037	-0.40336097296825874
-0.3491155674310278	-0.33693997478595156
-0.37968440264692305	-0.36659432424126664
-0.12189416873814451	-0.11147143105800394
-0.3353180909313238	-0.3302546790819397
-0.2725997351255174	-0.2662640836910941
-0.3510020835356329	-0.36398328035609284
-0.22246919273579024	-0.22164045292488183
-0.24720673833314244	-0.24170189486925903
-0.16379204529581415	-0.2260544100742347
-0.2652326139509231	-0.25333236747616494
-0.25182654468476073	-0.25943048505262506
-0.39181632679397893	-0.3925680120487344
-0.26873765152117635	-0.30549921361932814
-0.28136273809576906	-0.267391686010672
-0.2712040262955604	-0.2712312174037302
-0.3492897772319594	-0.34770611069037977
-0.2683937172342148	-0.28480093717874083
-0.42962387683670755	-0.4433864601015908
-0.1980055090217192	-0.2121780049621698
-0.5121196690342487	-0.508497708887136
-0.42569042962731984	-0.4275944716520494
-0.23731230958914296	-0.28633014328353207
-0.2538917594340262	-0.2612552357896058
-0.4257025323110355	-0.4377352514660159
-0.33514826980926316	-0.35632548650326173
-0.28906340860331525	-0.2917422113574453
-0.30518294332791385	-0.3056025478856463
-0.5403215619157002	-0.540002218145682
-0.5552610815171217	-0.5507399725851695
-0.402614471263135	-0.37579522251841446
-0.39505152724287385	-0.40401346660958043
-0.35485468795130615	-0.35881155687912486
-0.28003187951493125	-0.21626873842527755
-0.3287852526390367	-0.3584141826809652
-0.20989169110356087	-0.18893129736373626
-0.25827785929475944	-0.25736466520782164
-0.3353282118753018	-0.3332604530359361
-0.24561000731755023	-0.2481047822663116
-0.42361201840719254	-0.43086937255239305
-0.4714042715521316	-0.4712114029958279
-0.3818818395855068	-0.25706241621172377
-0.46530806513978185	-0.464676208868733
-0.5436635128175702	-0.5526793549575519
-0.5418298601081197	-0.5433491124881684
-0.2646955226354173	-0.25819423478751696
-0.33267903764442686	-0.3511268772061025
-0.43591000458222595	-0.4429922501135956
-0.22954135795724184	-0.20771472997463136
-0.17290116745487794	-0.22113818737249272
-0.24714911620428737	-0.25608472912347063
-0.5207785716498101	-0.5004336539954942
-0.18949275495156748	-0.23097572025308027
-0.3922566154405338	-0.39137658836569916
-0.36562606165050937	-0.3302521993070688
-0.510611134465794	-0.5137831076234934
-0.1581651231426413	-0.16102115997689637
-0.2884007543619518	-0.2579489942250283
-0.43347308897641135	-0.43391811225131993
-0.2877792647923041	-0.28923877512111545
-0.2990709026526588	-0.30885565179607055
-0.5033173061709881	-0.505021021035985
-0.1896990528887308	-0.2185503552729574
-0.3689596659733496	-0.36116142615782165
-0.3736280882850096	-0.38355859389832025
-0.11264537361157778	-0.18552718610354266
-0.26863502456940935	-0.25935566326220444
-0.49402516441895905	-0.5096695193077075
-0.4014625584200413	-0.3944257698217979
-0.5072772049962886	-0.513836297807433
-0.2269157324758666	-0.25893450296953324
-0.2613985308770417	-0.29864954907269314
-0.5551447318204108	-0.5451534175303651
-0.24258080456984743	-0.2913113685023219
-0.4689613172231244	-0.4656602797345178
-0.12935262979354079	-0.0964327664468027
-0.31291966673791194	-0.2451112421511402
-0.22091974733872277	-0.22323229832612884
-0.2268433234574765	-0.24179068006102117
-0.5067284732753876	-0.5260560487828103
-0.24710732603659125	-0.2746054785778738
-0.28961540702032984	-0.27024344918081017
-0.3577865698039133	-0.35183184679971136
-0.2295325132714332	-0.23579410679333807
-0.4612887169826436	-0.3737204425269396
-0.30376980532555997	-0.30529868222535794
-0.3740235992468186	-0.39300880871305705
-0.2559272947563418	-0.24775224421571382
-0.3338524662234832	-0.2891784151612286
-0.29263512443077566	-0.2827822361827775
-0.34717329658487195	-0.34783929424562493
-0.3847575947344968	-0.3811821429160426
-0.27791898717253716	-0.2805254067440001
-0.5386977262985386	-0.5311389264139125
-0.2235033000299751	-0.21584469736778278
-0.2343832832427566	-0.26928129058766864
-0.3343928009016892	-0.3511367888664922
-0.5002868043112354	-0.5120538104151737
-0.1283175182180898	-0.15983527735411535
-0.4131175712758228	-0.4072257993255034
-0.4132681715780926	-0.4012054306181883
-0.11971224959528115	-0.13531896023633086
-0.4152728553170153	-0.4099741660596702
-0.16017977922047066	-0.1889723322787675
-0.40470577928669194	-0.39730951549291493
-0.539150331080938	-0.5460005491217149
-0.40685301020026365	-0.3857463345189205
-0.3512350193235072	-0.3370714093025988
-0.36188048315135823	-0.33304444384732806
-0.36976152168059073	-0.38306619831930905
-0.3067937724402423	-0.31649902417777304
-0.18862736779765044	-0.17923706031899211
-0.23809419801089504	-0.2446758480789233
-0.3398903005547371	-0.2805239150637572
-0.2654426287726821	-0.26676288130920406
-0.3124593541067391	-0.3096581653304657
-0.3833343006336172	-0.34781094403392165
-0.2587968564034817	-0.2386886003995469
-0.256631947709117	-0.23860493095393745
-0.3493968853475824	-0.26597122330096434
-0.4387457638176411	-0.3896480875445084
-0.16369909041938158	-0.17598230830073697
-0.3600968406403915	-0.3632199563676233
-0.33925665451880604	-0.3243393284329776
-0.062403101231653935	-0.12996666439837726
-0.1480297693178727	-0.14261891576893618
-0.5551837304457496	-0.5519507186113928
-0.3177416050615278	-0.3116966358855057
-0.35516548189525565	-0.11094884213277505
-0.29989552661170826	-0.29357178812519913
-0.5503257258078804	-0.542688858393887
-0.44116167708655496	-0.39339049146094257
-0.12149746832496788	-0.11682008962960105
-0.25027221484564777	-0.3285587001525618
-0.4210476915693775	-0.3256385676752808
-0.3576622354669965	-0.34740352109226635
-0.19574204000586093	-0.22148082497582794
0.00011746231051290579	-0.15309467476272598
-0.3884448988590652	-0.416102559100872
-0.3673246818513114	-0.395209823893981
-0.08044204911419328	-0.07729995248568512
-0.4327846640912636	-0.39468368762107536
-0.07137216134558066	-0.09237594692874039
-0.3888759091887888	-0.3894281894830743
-0.42676862276593575	-0.43146528005575985
-0.3576295705164121	-0.3716471755008816
-0.31236951969023785	-0.320229203266801
-0.38863997984372567	-0.37338315676292433
-0.09243090031343115	-0.08841908591478886
-0.353124825241828	-0.3489389733269909
-0.2420286319065461	-0.27047701371914884
-0.20382661520782897	-0.21790461073939493
-0.0887246593770783	-0.07313260971131423
-0.07692132822267439	-0.08546053873981327
-0.3378472368385239	-0.34951571687309435
-0.46520814421723955	-0.4620097700820881
-0.5111930788612415	-0.5181700379251865
-0.3946359901263854	-0.3789651909356539
-0.34498511042010804	-0.3446608406062413
-0.32375536583430886	-0.347681457403861
-0.2277972665472099	-0.23132702458766566
-0.45478656573397913	-0.4386559123239078
-0.33348795083516336	-0.34131811325158506
-0.3731464526006967	-0.3715744365402432
-0.35332276454370337	-0.32746206943672784
-0.10235462266305007	-0.10987658242070249
-0.3127133020249424	-0.3056062647711843
-0.2951938636560918	-0.3058093728714929
-0.34877249730756077	-0.33954223281764356
-0.35893341609426344	-0.3858633320462789
-0.437234037314429	-0.4423391360874811
-0.3330284777698367	-0.36229620804834406
-0.28286592158061197	-0.29712989887579805
-0.5352874600681865	-0.528181683804879
-0.22572662346943417	-0.252884753158338
-0.2828658614313504	-0.24803385319749188
-0.3590676901127523	-0.3386864772065588
-0.41180570004899053	-0.40885553737975233
-0.2541592750340662	-0.2501529042434711
-0.170167738755719	-0.14815582397614604
-0.3731247200269756	-0.3766174478748672
-0.3021115807145929	-0.3057713047340619
-0.2672971461059106	-0.27555936497801664
-0.3378506489364774	-0.3396777370737928
-0.3875221968354463	-0.38964057557860166
-0.2169060607520059	-0.24465174981082288
-0.39512696695678784	-0.2959102939984754
-0.365632285394188	-0.25318047766168245
-0.3515194067052896	-0.3285114811738051
-0.3299614684355827	-0.32599641296223425
-0.3349416235811873	-0.33985939126957665
-0.04856935530558282	-0.03155416298861394
-0.2562801536824857	-0.27455259302566
-0.5451831770378224	-0.546135203071682
-0.47054761551509827	-0.45888257615812966
-0.3681296612695544	-0.41083190366609806
-0.09832257250644716	-0.09273673420012346
-0.3653538981477116	-0.40845812691303474
-0.2740816083022537	-0.28063592022569495
-0.3442070382299871	-0.33869401433476004
-0.31356934523881463	-0.31847426354985503
-0.18283429385362737	-0.1854891470041548
-0.29606980389953463	-0.2968564795649078
-0.3346500000386392	-0.33990716171028895
-0.5241227731250895	-0.48964001904767507
-0.311092508985066	-0.303588648501793
-0.35671684200788434	-0.3345612108269867
-0.27806982969422656	-0.27736592042498187
-0.3992699570650178	-0.38510930474312915
-0.3959353307464468	-0.3893565113529092
-0.35308954204410625	-0.3284417533908934
-0.3079329930720167	-0.2863924009442778
-0.34009714660700574	-0.31327355166789106
-0.2596073773674199	-0.2602094707722668
-0.46512751325768775	-0.4674803760091086
-0.45322291280692184	-0.45393158640182896
-0.2964494083328013	-0.28411548731266084
-0.24005419340353384	-0.24130499206468956
-0.194273075894154	-0.16742331751836953
-0.10981936674417092	-0.09687274469840451
-0.4172676652923588	-0.39071329912191166
-0.5193290711518301	-0.5267016783996255
-0.2280090218791937	-0.25074841017954896
-0.24064711719129406	-0.24051585174798412
-0.2483332332528736	-0.257010664952533
-0.558437293163248	-0.5457199044309134
-0.5333219090947949	-0.5275667393930998
-0.2362891850769948	-0.25203113951691486
-0.36582315835825696	-0.33426552385136665
-0.336651849629483	-0.3610340712349685
-0.4259274130456614	-0.4236571822520866
-0.2868921038338783	-0.3033091263854101
-0.2780475742083883	-0.27628397062287036
-0.3569184500950193	-0.35409152684250333
-0.3583597363577802	-0.3800907043064814
-0.06184428407812703	-0.14901748934500408
-0.465980236623146	-0.3886597721749955
-0.41216615939950785	-0.4099859910998847
-0.2523515556989029	-0.20732108831876195
-0.3944781094132743	-0.3807091335673311
-0.2655759984595072	-0.26510115647863153
-0.36839682828254894	-0.3925088282007535
-0.3323784842540487	-0.32196940859508455
-0.3833053565812765	-0.21043980640460005
-0.25240314783921036	-0.25187569833505563
-0.5175252771322789	-0.5190888888499271
-0.2621367767013716	-0.2785814652193359
-0.462716183835191	-0.47776074221235626
-0.27060453731603573	-0.2629107954448936
-0.38615581518755704	-0.37121491271914925
-0.31281645853305307	-0.3258540935109763
-0.3347657779032893	-0.35976269875419836
-0.2788911623418304	-0.2810175738372686
-0.3595000115652578	-0.38535905106009277
-0.3326618807190922	-0.29700098819193305
-0.3173664204102522	-0.229249682591357
-0.07310068769075251	-0.15775184117549282
-0.32243820669944867	-0.3128467960013829
-0.4480003510961197	-0.45363467778702504
-0.5301034999137251	-0.5153942906260193
-0.33592015676877196	-0.361997855238529
-0.36583219534928624	-0.2885966664526824
-0.3910434596189081	-0.38918978000986265
-0.2737406098904813	-0.281240282827454
-0.2687863022954353	-0.2752009250524752
-0.5540225698251682	-0.5443801238900583
-0.4092348037736855	-0.4135786373609472
-0.3932810641185185	-0.4039191683763149
-0.2591233206007111	-0.26698089641681183
-0.312592336405924	-0.31144841547960006
-0.4004526702815241	-0.37567975421433913
-0.3006534915267913	-0.26103270982772175
-0.3248424760858981	-0.3091022255253286
-0.4544232890333575	-0.4487047661493166
-0.3738960483842533	-0.36834314263238466
-0.5011420044674928	-0.4849954500294875
-0.3713225822895865	-0.36812454795150495
-0.3927246004580809	-0.346978465024701
-0.38216066412334904	-0.3483331163141568
-0.2780246613806412	-0.21390238950035084
-0.30342258962343926	-0.2997399447188758
-0.3174490504463865	-0.3250856055008153
-0.35362866323273323	-0.3388520303422759
-0.3089682044583846	-0.31477845455524556
-0.2880796769034184	-0.2353737261421151
-0.258555693735115	-0.2614774730540277
-0.2714804456684483	-0.2533363268888401
-0.24652922251703657	-0.24856847507720461
-0.246897396733063	-0.24691383531069436
-0.5348919099332932	-0.5324657007371272
-0.27917409879461275	-0.25533197703441357
-0.315985223471154	-0.30949575976571614
-0.525106958018192	-0.5231587589629342
-0.1396827441499191	-0.14157366356977075
-0.4040526149683821	-0.4017814146806267
-0.36015470787988235	-0.36594430753004975
-0.49383238608585245	-0.5230389648540238
-0.08974693716690574	-0.1503484342662654
-0.2746460167566944	-0.30454619432332053
-0.3705610847997356	-0.36844948448130505
-0.15418809340586037	-0.170905364683902
-0.2295459250464873	-0.23644687102599268
-0.13287865448143776	-0.11087397064992761
-0.24824782579447913	-0.2553919398914139
-0.08326102149295522	-0.0838276632038928
-0.5382828787124403	-0.5388004158823418
-0.36515079902689607	-0.35409321800143373
-0.5312252311851395	-0.5300158808715288
-0.33380136030917384	-0.32834551724571154
-0.5225558155445569	-0.5225244284599672
-0.5511071251902173	-0.5554001427137292
-0.46210798162541344	-0.5367617252491759
-0.3294508736405426	-0.35730245666333177
-0.3101744604097192	-0.31180231303459804
-0.5609999621968509	-0.5565241523421468
-0.2486335577171186	-0.2558531165061453
-0.3969125425101332	-0.42386445384467786
-0.37655359106351227	-0.36895665720492915
-0.24932261391973043	-0.2550201476889435
-0.2136893608080861	-0.21482799803801964
-0.39395738809304603	-0.3972485312778419
-0.32837746833907744	-0.33464346736401
-0.33440005390026784	-0.3453527031872043
-0.36511350490914296	-0.3544120530569614
-0.3513315399307686	-0.35979473919304394
-0.22493887705297766	-0.22885041600105316
-0.3756943434381732	-0.3841418492140384
-0.24666742982322276	-0.24510393620385387
-0.11953757133445464	-0.17447639012643676
-0.39220465081803724	-0.38852371630965327
-0.3289848887069624	-0.37759009776247987
-0.3837310241107925	-0.3895216997959727
-0.33349962958845936	-0.3563842724004969
-0.07894919589617189	-0.07552171668869698
-0.27146500437488896	-0.26131127536648224
-0.5301734988263789	-0.4751191330995829
-0.29375650726329106	-0.26079119967402414
-0.3541102488843144	-0.35676614638211196
-0.26413425773611365	-0.26307751388046713
-0.28246461318918037	-0.2545815661092499
-0.4231025803164812	-0.42406148960963624
-0.1170757603496213	-0.10331565145745052
-0.33114001382986125	-0.3194593540861964
-0.27271319384106363	-0.26175088774058625
-0.293952685225765	-0.26815191164134294
-0.31445289009131905	-0.2660294584539099
-0.3725944527563243	-0.3520124647743443
-0.33676623621078505	-0.3087821426313342
-0.48517927578256703	-0.4948942830489145
-0.2426130158139479	-0.22931062489165163
-0.07925933840730437	-0.19845758601614194
-0.2325033460282846	-0.2367632366074088
-0.39064196204479984	-0.4191913885205515
-0.4505391825321574	-0.4483760458629807
-0.23892919528889855	-0.26580912369571863
-0.36473018421491865	-0.24885103167164405
-0.3714852782115834	-0.3735396472882148
-0.408313766996768	-0.40782276704050296
-0.3339344858100972	-0.32937926656930905
-0.38774001096983035	-0.3901932710562831
-0.32392853188845017	-0.3390400770441506
-0.22175439491675775	-0.12839855022999752
-0.5585813398410782	-0.528758906627233
-0.5139608055248477	-0.5068035760398143
-0.36898812368509404	-0.39009625791510477
-0.40401312112984655	-0.40229150900851895
-0.32585287437605537	-0.25950228632425315
-0.2300932411844041	-0.22074191242891436
-0.26230579805293885	-0.2529049430399925
-0.43199846278914933	-0.38274972977242244
-0.5543349223200273	-0.551193460637062
-0.2537865640433221	-0.28391029103147386
-0.3934265138879294	-0.40588636641688536
-0.2826902656132937	-0.3237525768221158
-0.4819614906050287	-0.4839623809938285
-0.46407059492502967	-0.4982572049431381
-0.3786587622141333	-0.3683285328064277
-0.39201315980310447	-0.3929907224165342
-0.34013321039813604	-0.33314227714754663
-0.4310879174750042	-0.4649543145286312
-0.3978058024200024	-0.20362086417451408
-0.35632885823152805	-0.3893903440996978
-0.3916604629103517	-0.40417415308148424
-0.22481935132695519	-0.26926468033822015
-0.39170908376456914	-0.4185679718307269
-0.2858775424394544	-0.2783680022156912
-0.21832487579906967	-0.20637166564563994
-0.41021423634200005	-0.41413419134965257
-0.14221976097009303	-0.14580471642670684
-0.24811370497591057	-0.22004242660231024
-0.25460242896531504	-0.2504365030832282
-0.36011246037825906	-0.33560171800452104
-0.22852841144560365	-0.21304442070224874
-0.41059958876334335	-0.4079691051417872
-0.31716210616424867	-0.3144269517721074
-0.45958358534895183	-0.46289666719266975
-0.52272948993072	-0.5218756774112053
-0.33447483735841743	-0.3252327382126508
-0.08455463209671521	-0.17058273388999343
-0.12388939101961505	-0.12918852760968888
-0.33928123240797703	-0.28258870773561245
-0.31654552563442095	-0.2838360210499833
-0.3416402907505329	-0.34843148556916015
-0.2897666864314292	-0.27796487749475657
-0.33173698475957636	-0.3353212661276289
-0.4264103159773214	-0.4073146387478093
-0.11333218799569877	-0.1453124895473421
-0.34086820388919215	-0.37756143666182435
-0.3859449684621392	-0.39183577343040216
-0.4030188413984046	-0.3585873739671551
-0.3567700229519204	-0.1790157357276202
-0.14808768542647854	-0.11686621138479392
-0.0816188805967002	-0.09294141961357978
-0.08554824075268286	-0.147175484427938
-0.27826243187073985	-0.2717372785547963
-0.4816698016865679	-0.486549969072062
-0.27921147888801556	-0.30604303026460533
-0.3673907393527358	-0.4286880679671835
-0.37791126919358575	-0.26380365330440514
-0.30333396723354866	-0.22649884554550437
-0.23629569329165356	-0.1949451060981852
-0.2761463994836717	-0.2629984507209171
-0.29648221782383644	-0.2849182401770999
-0.4414565897331926	-0.4439589842994809
-0.5393660278021599	-0.5387378250017175
-0.3964134947721316	-0.4267862690574419
-0.37490907834361664	-0.37219801728088037
-0.26744524075631304	-0.24369204667917901
-0.2676207936594128	-0.26210232087691715
-0.37097689320628113	-0.3634579800409369
-0.5542029380530415	-0.5534360026819888
-0.09785628896353415	-0.10912097820538763
-0.36703535750818617	-0.37590471111979956
-0.31376541259825075	-0.30972799877504276
