9.302511050455035402e-02 7.598797346929765748e-04 1.000000000000000000e+00 1.000000000000000000e+06
9.301371583940562515e-02 7.598676930872372412e-04 1.000000000000000000e+00 3.162277660168379080e+05
9.297773024604003012e-02 7.598345091652021098e-04 1.000000000000000000e+00 1.000000000000000000e+05
9.286437627879171042e-02 7.597309902294972685e-04 1.000000000000000000e+00 3.162277660168379589e+04
9.250966143588190693e-02 7.592380893771075731e-04 1.000000000000000000e+00 1.000000000000000000e+04
9.142865817711652576e-02 7.551471837984361727e-04 3.162277660168379394e-03 1.000000000000000000e+06
9.142799172958614162e-02 7.554752726478599365e-04 1.000000000000000000e+00 3.162277660168379043e+03
8.835767176755675301e-02 7.381622260530481313e-04 3.162277660168379394e-03 3.162277660168379080e+05
8.835766565610866929e-02 7.384161173108258610e-04 1.000000000000000000e+00 1.000000000000000000e+03
8.107746529516357548e-02 6.883242490240390520e-04 1.000000000000000000e+00 3.162277660168379043e+02
8.107719269685675911e-02 6.877188921855090968e-04 3.162277660168379394e-03 1.000000000000000000e+05
6.906279375875058746e-02 5.757090339291350955e-04 3.162277660168379394e-03 3.162277660168379589e+04
6.906016566866675366e-02 5.778888704761973426e-04 1.000000000000000000e+00 1.000000000000000000e+02
5.795740547145715460e-02 7.161782618040040804e-04 3.162277660168379394e-03 1.000000000000000000e+04
5.794967819812559678e-02 7.182620734602386536e-04 1.000000000000000000e+00 3.162277660168379612e+01
5.025529747610520820e-02 1.024881087385557180e-03 9.999999999999999124e-06 1.000000000000000000e+06
5.025520357609927075e-02 1.024879280100984315e-03 3.162277660168379394e-03 3.162277660168379043e+03
5.022583678764652726e-02 1.024299617242750834e-03 1.000000000000000000e+00 1.000000000000000000e+01
4.401413566014511503e-02 1.201604907622851005e-03 9.999999999999999124e-06 3.162277660168379080e+05
4.401388123253272694e-02 1.201624995801126548e-03 3.162277660168379394e-03 1.000000000000000000e+03
4.394070735205306971e-02 1.208290755696293404e-03 1.000000000000000000e+00 3.162277660168379079e+00
3.874089700493495853e-02 1.242409491106484564e-03 9.999999999999999124e-06 1.000000000000000000e+05
3.874063888870195316e-02 1.242426580028441110e-03 3.162277660168379394e-03 3.162277660168379043e+02
3.868366892290731746e-02 1.248026547591925316e-03 1.000000000000000000e+00 1.000000000000000000e+00
3.436664345475824028e-02 1.265795940045161185e-03 9.999999999999999124e-06 3.162277660168379589e+04
3.436586098611190548e-02 1.265697132226882094e-03 3.162277660168379394e-03 1.000000000000000000e+02
3.426023018214355981e-02 1.246278001278671149e-03 1.000000000000000000e+00 3.162277660168379412e-01
3.053079683816477610e-02 1.225404198780324916e-03 9.999999999999999124e-06 1.000000000000000000e+04
3.052490264155490254e-02 1.224415908596952632e-03 3.162277660168379394e-03 3.162277660168379612e+01
3.031802067040278992e-02 1.105036924890045623e-03 1.000000000000000000e+00 1.000000000000000056e-01
2.872985720991860087e-02 1.067793684383826344e-03 1.000000000000000000e+00 1.000000000000000021e-02
2.733926893616404202e-02 9.236926725515684109e-04 1.000000000000000000e+00 3.162277660168379134e-02
2.713419170183544241e-02 1.057128703671510227e-03 3.162277660168379191e-08 1.000000000000000000e+06
2.713410391138199734e-02 1.057108437580748074e-03 9.999999999999999124e-06 3.162277660168379043e+03
2.710777793341407824e-02 1.051161294325831394e-03 3.162277660168379394e-03 1.000000000000000000e+01
2.558968432125669629e-02 2.391950670424327653e-04 9.999999999999999072e-11 1.000000000000000000e+03
2.558873503268764213e-02 2.390373821853670620e-04 9.999999999999999072e-11 3.162277660168379043e+03
2.558661034388042335e-02 2.393276528198545240e-04 9.999999999999999072e-11 3.162277660168379043e+02
2.558233418602078729e-02 2.386087249319740857e-04 9.999999999999999072e-11 1.000000000000000000e+04
2.557502564733876715e-02 2.396740384231988634e-04 9.999999999999999072e-11 1.000000000000000000e+02
2.556107612518994723e-02 2.371917470747812284e-04 9.999999999999999072e-11 3.162277660168379589e+04
2.554379410798436265e-02 2.377390896595023382e-04 3.162277660168379191e-08 1.000000000000000000e+02
2.553952842462935482e-02 2.406763667754116076e-04 9.999999999999999072e-11 3.162277660168379612e+01
2.552966300953195614e-02 2.400998298832594628e-04 3.162277660168379191e-08 3.162277660168379612e+01
2.549503518809538918e-02 2.329777414609333029e-04 9.999999999999999072e-11 1.000000000000000000e+05
2.548950227042120348e-02 2.330777214898772465e-04 3.162277660168379191e-08 3.162277660168379043e+02
2.543701297145097712e-02 2.448846440487673429e-04 9.999999999999999072e-11 1.000000000000000000e+01
2.543394345045785210e-02 2.447078797103680687e-04 3.162277660168379191e-08 1.000000000000000000e+01
2.530325347352332249e-02 2.251814904278300717e-04 9.999999999999999072e-11 3.162277660168379080e+05
2.530157910058541959e-02 2.252198575471670114e-04 3.162277660168379191e-08 1.000000000000000000e+03
2.516685902889785956e-02 2.664393666594146778e-04 9.999999999999999072e-11 3.162277660168379079e+00
2.516592969574677624e-02 2.663809564408799267e-04 3.162277660168379191e-08 3.162277660168379079e+00
2.490071661605140416e-02 2.492829704283223654e-04 9.999999999999999124e-06 3.162277660168379079e+00
2.482348117209865618e-02 2.140517281767347448e-04 9.999999999999999072e-11 1.000000000000000000e+06
2.482305841533580942e-02 2.140232671022046463e-04 3.162277660168379191e-08 3.162277660168379043e+03
2.469282449268625848e-02 2.175045060383571695e-04 9.999999999999999124e-06 1.000000000000000000e+01
2.463085358871579950e-02 8.305270729380620151e-04 3.162277660168379191e-08 3.162277660168379080e+05
2.463049485330730259e-02 8.304584232237549341e-04 9.999999999999999124e-06 1.000000000000000000e+03
2.453113873824176380e-02 8.131461710274406332e-04 3.162277660168379394e-03 3.162277660168379079e+00
2.452231636546271451e-02 3.099307867428716242e-04 9.999999999999999072e-11 1.000000000000000000e+00
2.452205810623510687e-02 3.099089975516237851e-04 3.162277660168379191e-08 1.000000000000000000e+00
2.444400234365588440e-02 3.025250874183297309e-04 9.999999999999999124e-06 1.000000000000000000e+00
2.398944868084305210e-02 2.560048423739198558e-04 3.162277660168379191e-08 1.000000000000000000e+04
2.395488066420860263e-02 2.563354009757405714e-04 9.999999999999999124e-06 3.162277660168379612e+01
2.330941340622690386e-02 6.459728708150791997e-04 3.162277660168379191e-08 1.000000000000000000e+05
2.330777445114051716e-02 6.458062974901858768e-04 9.999999999999999124e-06 3.162277660168379043e+02
2.328153681808498021e-02 3.750787598549533614e-04 9.999999999999999072e-11 3.162277660168379412e-01
2.328147915522118389e-02 3.750710681978248703e-04 3.162277660168379191e-08 3.162277660168379412e-01
2.326357567989962433e-02 3.727841990540777732e-04 9.999999999999999124e-06 3.162277660168379412e-01
2.324174967030322517e-02 4.252938406459223753e-04 3.162277660168379191e-08 3.162277660168379589e+04
2.323395810416798574e-02 4.244300078633569387e-04 9.999999999999999124e-06 1.000000000000000000e+02
2.294403451579999503e-02 6.045949726726331571e-04 3.162277660168379394e-03 1.000000000000000000e+00
2.210470585608951058e-02 3.702055279460680177e-04 3.162277660168379394e-03 3.162277660168379412e-01
2.189727797666768047e-02 6.772674518000977193e-04 3.162277660168379394e-03 1.000000000000000021e-02
2.187547071637899188e-02 6.797817287034994133e-04 9.999999999999999124e-06 1.000000000000000021e-02
2.187540723880257096e-02 6.797971953916383042e-04 3.162277660168379191e-08 1.000000000000000021e-02
2.187540703801510444e-02 6.797972446675299395e-04 9.999999999999999072e-11 1.000000000000000021e-02
2.166380503948880237e-02 3.354653386565936138e-04 9.999999999999999072e-11 1.000000000000000056e-01
2.166379483889905450e-02 3.354634878663374808e-04 3.162277660168379191e-08 1.000000000000000056e-01
2.166061193181931938e-02 3.349012357206365567e-04 9.999999999999999124e-06 1.000000000000000056e-01
2.122469095486564927e-02 2.817243656749029708e-04 3.162277660168379394e-03 1.000000000000000056e-01
2.048403694893009483e-02 2.275719702570626075e-04 9.999999999999999072e-11 3.162277660168379134e-02
2.048403606637602334e-02 2.275717327913522904e-04 3.162277660168379191e-08 3.162277660168379134e-02
2.048375788901781944e-02 2.274981988492882142e-04 9.999999999999999124e-06 3.162277660168379134e-02
2.043756698136357103e-02 2.189762476482452118e-04 3.162277660168379394e-03 3.162277660168379134e-02
