-0.12972986798988728	-0.10205195055422091
-0.2815959378499766	-0.2670056459419668
-0.19674476502942362	-0.2540151971371505
-0.23873638055679436	-0.2588334804119899
-0.4343835516105585	-0.40723082840061375
-0.2226738636101011	-0.2543809203175159
-0.23690518664240656	-0.24446769223569334
-0.22246919273579024	-0.20461028629134403
-0.5340779169646872	-0.5271677939457848
-0.5193290711518301	-0.5290516939976878
-0.3791548357028205	-0.36422282849731186
-0.3693882298474307	-0.34809492977694884
-0.2103938756704622	-0.2587821488860437
-0.5502831326098239	-0.5626468396809002
-0.23907322695829336	-0.2651914458533228
-0.2494975663572525	-0.2665280768695246
-0.235808989258679	-0.23625579445830763
-0.1366432704489675	-0.12912337481232802
-0.3636574068740721	-0.36277537740768645
-0.5279825435633683	-0.4994739472232598
-0.2546184427884395	-0.25741914728807214
-0.16436794264194887	-0.18510347069947286
-0.2396650488845502	-0.2307449863307072
-0.22690586663115653	-0.25652349966473653
-0.37177332605079627	-0.36192765373648045
-0.4743724135347769	-0.45075212158305006
-0.2758889887592275	-0.2990748221580089
-0.3367897536066611	-0.3454459106690353
-0.4082305028272408	-0.42699282058867594
-0.37087148121466207	-0.35508517062190204
-0.5290276868527819	-0.5210305522345
-0.14196810560421902	-0.20915675069116604
-0.25192186509377557	-0.22284866729141012
-0.5187159197676792	-0.5098378442480511
-0.20653310842535078	-0.3154665794584216
-0.16895204667730823	-0.2589028887569751
-0.33275367921234356	-0.35466177379152114
-0.4259274130456614	-0.3772852617700481
-0.5257351771231633	-0.5421775103245648
-0.24327103598589161	-0.2566855821010355
-0.331158076517454	-0.31484280834389894
-0.07669854345889959	-0.07574786019862878
-0.388242635215013	-0.3765957188450734
-0.3901506037828675	-0.3709905090329029
-0.28015810712511424	-0.26868215899188824
-0.07771587747438424	-0.10219430626879937
-0.4243926838729415	-0.4098718941482332
-0.2780475742083883	-0.2844931204576177
-0.05683554339296748	-0.3385373881421703
-0.4004526702815241	-0.37289875498001185
-0.5549013599225141	-0.5505152383028306
-0.24383878753274502	-0.23954906587993471
-0.27327886033291904	-0.27633882612192684
-0.29670223394481	-0.29700298597832586
-0.319397491742869	-0.32524478434447995
-0.1900626009842732	-0.20490556793923623
-0.385072191043486	-0.2688636814359572
-0.42148939040045796	-0.4241871111886533
-0.29796968066055385	-0.34774279948032566
-0.1678314611364904	-0.1846505360275584
-0.4684844630497125	-0.4900827997604855
-0.09630466037863172	-0.09347703470186512
-0.30426398930108967	-0.2978585999503671
-0.2902791355094081	-0.2769952672231663
-0.2933151624727337	-0.3372625193797099
-0.27138189882530384	-0.2883690021299258
-0.5298816289248123	-0.547996993445171
-0.2915088945894535	-0.26773466623604636
-0.3122942242505058	-0.29161526434060975
-0.36754287990037326	-0.38732066404521565
-0.3415477842036516	-0.34597009084426816
-0.2835488474374799	-0.28059606566697093
-0.07959798514536942	-0.12694599893819905
-0.300609366763517	-0.28755240691272954
-0.4560115304266432	-0.43308741557048763
-0.5468167994450006	-0.5414297695040275
-0.4210476915693775	-0.38750635184574134
-0.260922992568549	-0.20547511276187266
-0.08256823187205065	-0.12265049817655081
-0.5376870105968106	-0.5210475434477687
-0.4584291616583318	-0.41383203593949647
-0.38438743488829097	-0.40905369209497255
-0.16350126079503724	-0.19605520719119263
-0.3196103133895143	-0.3463266606167701
-0.45809364715180934	-0.4338289659057265
-0.4641020499698243	-0.408207747367949
-0.38637754081612385	-0.4215765016736873
-0.46985763572964245	-0.451938527678369
-0.3062339157801617	-0.2785351649812107
-0.23058222887814317	-0.2452553285833972
-0.27104529887021656	-0.24288590621594797
-0.17624962690733526	-0.18432963249815862
-0.25193264500769885	-0.24367399522483632
-0.2527275340175308	-0.24713868585719756
-0.3823594822834018	-0.3847396126272832
-0.5352015727410411	-0.5321030694461795
-0.26873649703823155	-0.255342079777927
-0.03500546255088821	-0.05340460244866674
-0.41364384536510457	-0.4251631201682162
-0.26140901153564045	-0.24541152375861625
-0.27146500437488896	-0.26018207335627946
-0.5495511473194998	-0.5383607396557198
-0.33754168070442603	-0.3513125006908233
-0.2590028320077771	-0.25851560305444976
-0.3840238116461858	-0.37516750340048133
-0.2724474838835498	-0.2784195628618117
-0.3412909830716977	-0.33080137596083975
-0.2713476026740391	-0.2658237761215783
-0.2562801536824857	-0.2679725179973568
-0.23827595069166918	-0.2724042279545988
-0.3844735197569964	-0.396357876928678
-0.41180570004899053	-0.40831563886001027
-0.33440005390026784	-0.3120447870398073
-0.2650344455022662	-0.2680530280897009
-0.2844700462106573	-0.2969882766882864
-0.1589719084068939	-0.25897882899217384
-0.22884160342554338	-0.2600478936445955
-0.3937232557317678	-0.36447663680650655
-0.1396827441499191	-0.1477737555289856
-0.23070323103404178	-0.2755157940943851
-0.1237930046806639	-0.14292793906619705
-0.10958987208957005	-0.09627947030382188
-0.34299348301378885	-0.3453962104742445
-0.385340560626771	-0.3643533524409267
-0.2664369319533133	-0.21523591488358987
-0.3287322511143014	-0.1502793638398659
-0.26576009909996756	-0.26800437601271215
-0.2696367922333245	-0.2761603145592097
-0.5068280180127172	-0.5047515093036447
-0.25237333271575935	-0.24404765974323323
-0.3506503582341054	-0.33087506939501066
-0.39605708586952915	-0.27255202690570857
-0.30604313563497954	-0.29384824610233523
-0.1664468422690355	-0.3047913447805586
-0.46530806513978185	-0.4545247979798114
-0.2683253974389075	-0.27924735023769554
-0.4250302572308229	-0.41887099570867264
-0.21649179613240577	-0.3238780143935766
-0.48359975679382217	-0.5076011491452084
-0.17878294783298365	-0.2280299733180204
-0.2986615683447269	-0.29488331880709207
-0.3922566154405338	-0.39094542032920726
-0.2999098106321725	-0.2631624901210609
-0.5279699393355983	-0.5242032238773053
-0.40809521941858407	-0.35176094489013826
-0.24033972717693786	-0.1141483923277375
-0.24488234449978208	-0.2937819510056303
-0.19732699983181057	-0.2618439888072663
-0.3850147528791581	-0.39770188609977014
-0.4326507242656419	-0.4204794080983502
-0.5226657884810315	-0.5088364795827118
-0.22222011194713076	-0.21591512864562595
-0.12306935410108544	-0.13487970820725928
-0.23446562841153984	-0.24174988272380554
-0.3978058024200024	-0.05147980710413134
-0.2642796069243616	-0.34557516130595073
-0.2163418289852217	-0.23557131210765883
-0.20311766052840952	-0.13668053499409769
-0.17842828853357418	-0.15259404350377004
-0.2919359743994683	-0.3398505853098448
-0.24622411433309388	-0.2528544438393639
-0.3068357564205151	-0.26412660073588384
-0.2582891326519636	-0.22076521370065433
-0.22657262955442192	-0.23105838933433398
-0.40749346241594964	-0.3988636041521925
-0.5009076661301641	-0.5065210453923149
-0.5230381809245301	-0.5058478943700345
-0.3298905466598985	-0.21065008414523645
-0.43890840970848366	-0.4354125973908047
-0.403760628723532	-0.24377990240992936
-0.38057199690752697	-0.41520133219101185
-0.384395980933796	-0.3649224517768311
-0.3888172943062074	-0.3832030159317779
-0.3503321005333486	-0.45489441061316804
-0.3353180909313238	-0.2918581561878312
-0.24112862927716705	-0.24405384121456147
-0.4419740042894915	-0.42387580770867095
-0.3834705633106257	-0.3635345055184338
-0.299200820768867	-0.29344446756173487
-0.33046119552441056	-0.3335066492082646
-0.3831157295184209	-0.3894265974590686
-0.35942550540949014	-0.3807100758410897
-0.2663389681980952	-0.2620715119400165
-0.3241203311650267	-0.24777201047335812
-0.32412045046365456	-0.30344890887956755
-0.3490372363026495	-0.31531130309991434
-0.40794058962156576	-0.4126612339990771
-0.2754274348539809	-0.31646333030919616
-0.13746546238770918	-0.14023503472723833
-0.36958554514205844	-0.3576826420379009
-0.5441846239805255	-0.5445363976153947
-0.45971321621222216	-0.4449756725324574
-0.2717264659246119	-0.2760636756962617
-0.11157115852976318	-0.19192501438344894
-0.271459891268524	-0.3012187273310188
-0.5057209895101202	-0.5238273323667251
-0.5449057388518845	-0.5539903121286406
-0.2588173542555783	-0.26248794216039467
-0.43927003730096637	-0.4277145546677706
-0.28497891804692443	-0.23632958425624964
-0.2614791740530791	-0.28768260647629335
-0.2945088073837212	-0.32781602737250404
-0.07826095369132702	-0.07642189682988
-0.14454182392569415	-0.16124833863024265
-0.4275556446779234	-0.4424887039436595
-0.3362774637310437	-0.30994232651704434
-0.10981936674417092	-0.10774307906703295
-0.21263584059164842	-0.16569216426267167
-0.34009714660700574	-0.3495043191842546
-0.37091554797940773	-0.39130153863166534
-0.1731037982860748	-0.22110324542922422
-0.23130263465519008	-0.29629315586638033
-0.26064236978331934	-0.2783349206594528
-0.20379385921406445	-0.2389561048343603
-0.23680226730131082	-0.24102139033222464
-0.2308234028834022	-0.2599194289689027
-0.27826243187073985	-0.2674498876729292
-0.3101744604097192	-0.2035073776430881
-0.3794133128710975	-0.357624264642411
-0.533239041959396	-0.5322557595092391
-0.3501699014006743	-0.30152476156557834
-0.3805748590436302	-0.3591317477226236
-0.2235319840355725	-0.21320772307232175
-0.2132271499805789	-0.24309334430425833
-0.30538033935187414	-0.34271252716985434
-0.08271178921081201	-0.12602296349022693
-0.29888198769162955	-0.3034133442379266
-0.19692360315301372	-0.24783985552533436
-0.37750852128909784	-0.3691631084244526
-0.46068070384664495	-0.43851129461376076
-0.41550278175628463	-0.4136762033692949
-0.1765175672503254	-0.25578800725329753
-0.2698919432329987	-0.3412151383546619
-0.48517927578256703	-0.4895479363929139
-0.5656786605674355	-0.5506099216950815
-0.49738038222810665	-0.5191920764679315
-0.18853491908400777	-0.20946158852629457
-0.16379204529581415	-0.2508428382372102
-0.3382700821556597	-0.33094561824534097
-0.364636780938584	-0.35433937826181094
-0.2583409091188287	-0.27358822021419255
-0.2868258179655534	-0.26098759385834086
-0.21763272623103092	-0.13154917757265736
-0.5291786732448482	-0.5288497088768754
-0.266711217213615	-0.2692156583500531
-0.2989142065403456	-0.28946524297978066
-0.24642850526944926	-0.2607041870681628
-0.228168360431507	-0.2908115510173587
-0.22731823499513482	-0.31197420543111165
-0.48095628449134864	-0.5001736507166651
-0.5647173014653912	-0.5128315558883123
-0.40480337941807676	-0.39982609339178676
-0.2577164955719766	-0.22696001428734447
-0.41484778900094277	-0.42885916860595913
-0.3002401884960264	-0.27435592403136533
-0.34197834105165015	-0.33742001494603224
-0.11333218799569877	-0.13612330382767943
-0.2576648293157433	-0.2769138513454119
-0.4173722583706585	-0.2944282082985945
-0.37951761849775245	-0.409914150919777
-0.4041788113274869	-0.38430090448571186
-0.25965256679198845	-0.24695793811699562
-0.2328204776932985	-0.23917021872601849
-0.2103869933311593	-0.26661404290386564
-0.4939321612643184	-0.444890183799494
-0.43241684744332964	-0.4929005639049805
-0.3701371762236114	-0.39202841361656127
-0.41120548146185776	-0.39937481883304654
-0.29854343925464377	-0.30697445268969564
-0.24666742982322276	-0.25831794607135505
-0.26548764736420694	-0.29158904565311156
-0.39914117477448485	-0.4027774253367842
-0.23331706627674365	-0.2585660692556927
-0.19078009661414796	-0.17817596476098027
-0.3714852782115834	-0.3626745698517551
-0.5389148259828183	-0.5533774426332296
-0.26659813505864705	-0.25752077395157325
-0.2420476055284091	-0.1337743270392519
-0.3820462814823049	-0.39448271173119454
-0.2995776761555664	-0.2625100519491787
-0.501152330482368	-0.40328478219670494
-0.33598976126536506	-0.3298717654778692
-0.34240619031415065	-0.3855560059009998
-0.3269553416369142	-0.35675953801214294
-0.4056658373402975	-0.4111846862375597
-0.31236951969023785	-0.281150976503024
-0.23897992933087053	-0.2983786768878558
-0.28725987600004466	-0.30191213363866504
-0.22696314889709157	-0.2456046759900945
-0.49054527335628606	-0.48569860734604464
-0.5005573154629701	-0.5148872430139776
-0.2539111397314926	-0.26702414046568174
-0.18386240694842826	-0.27099181324718535
-0.435143033358635	-0.423993930470921
-0.31089418530526913	-0.3120845833505487
-0.4972872751201791	-0.4845308969877778
-0.40187661504710803	-0.3871933048343176
-0.20915217907753458	-0.23710350708307962
-0.558437293163248	-0.548738029377353
-0.23061676320348923	-0.2342244379410701
-0.5142405754720762	-0.52991009492133
-0.2810919221823127	-0.31215027126330136
-0.34187124851979256	-0.3033199528294503
-0.3345555275176224	-0.30033583577059847
-0.4600541561670184	-0.4552244067990131
-0.39666257442229025	-0.3940237504499387
-0.36566541124703633	-0.40406146566558776
-0.33925665451880604	-0.2691443205109657
-0.54509278863787	-0.5480714629334644
-0.2884437377926865	-0.255334776456841
-0.31785597613871097	-0.3345909413721967
-0.44977785141258764	-0.47178876167260375
-0.3114812923398116	-0.2909975147168222
-0.23475408489086647	-0.29660750279644216
-0.540710391700415	-0.5437073974130332
-0.41505441266638954	-0.41131019875186
-0.22699964942478523	-0.2402771561598619
-0.29041054118683896	-0.28652109681134547
-0.25081985281876484	-0.24382285327200354
-0.26898724745436375	-0.26118715778361645
-0.11606042507710157	-0.09624344268380436
-0.36558824317406113	-0.3298244886097505
-0.4376321834187955	-0.3751803134646757
-0.21738137470817165	-0.23542703729466857
-0.29137908657432554	-0.2962709424230102
-0.5312864914891762	-0.5413192107859777
-0.3459192810970819	-0.3532081462827868
-0.3524769635240119	-0.34189409854686553
-0.2804359617541117	-0.30585648503633106
-0.3967634077186055	-0.38016033589144443
-0.16606000891705008	-0.17130808312373297
-0.25464090008676266	-0.23936037456746923
-0.5543855554094854	-0.5452507407633193
-0.5011420044674928	-0.47911263506137136
-0.4184860564262287	-0.41151162329194013
-0.41677524028111534	-0.4171236078694682
-0.25875226844386034	-0.24104428276864384
-0.37097046988348126	-0.2894814471529872
-0.30717841951148017	-0.32745564250771786
-0.1412391051177	-0.19801402631727671
-0.4524667994745002	-0.4399038020962667
-0.4181054523647205	-0.4229132225101794
-0.2596169803122024	-0.27204730393168125
-0.2518169067391227	-0.23950076885438398
-0.3176849009326226	-0.3251223282220658
-0.350325455452948	-0.3828349884383528
-0.33928123240797703	-0.2942220967171976
-0.4158102225280018	-0.4035776927174136
-0.3619846026811402	-0.359301198483425
-0.5072772049962886	-0.49839963345764027
-0.10918968739542478	-0.15009488998186904
-0.4545331591294346	-0.45272386006894727
-0.3817416790615642	-0.39842557216082997
-0.225493833206718	-0.22135873205577491
-0.260371220826638	-0.2384669817680127
-0.10564398805887976	-0.15270103882235894
-0.35049023356460296	-0.3550476890918964
-0.5101395663894497	-0.5021323462350633
-0.4140242468425086	-0.38689905285144516
-0.3758804481673792	-0.3424131199566379
-0.2650876604305594	-0.23794353163224022
-0.36666145024745944	-0.34751185380070326
-0.28976413812719315	-0.2171805653737041
-0.20100370803030287	-0.2099153008558576
-0.34567332464805745	-0.3023326159194391
-0.10329009406517642	-0.12026243537627018
-0.3685938851068613	-0.38639857313750775
-0.2774562056666312	-0.26789634613900615
-0.3684224359268029	-0.3934676485230998
-0.4255608004682152	-0.41694295975556517
-0.44116167708655496	-0.46680686262328197
-0.36928552458670083	-0.32881725499052483
-0.3990372831857414	-0.40683611466684844
-0.1887443100086834	-0.24466916343981535
-0.14230757842951647	-0.07943233862383245
-0.16369909041938158	-0.13672926655076126
-0.24201413934230054	-0.2324307833985095
-0.32481959182054254	-0.3174324236887297
-0.37934680443057545	-0.3774347416661003
-0.16632396574638264	-0.16544526949230728
-0.3304969113200329	-0.3444478603089394
-0.45384598333907533	-0.4845568900458943
-0.45354151818599675	-0.444394366024106
-0.2875992812173358	-0.28867579433644114
-0.3959353307464468	-0.38210949484941653
-0.42263104864985834	-0.4141902996717744
-0.16017977922047066	-0.19615304251150145
-0.10826930849834504	-0.08192194359792239
-0.13462994735255762	-0.1400785029674932
-0.23862617443685608	-0.22753395107966165
-0.3758496057181908	-0.3727564663352348
-0.2617974566529284	-0.3182659682365333
-0.10606886973869578	-0.12817545812156592
-0.25949380751592166	-0.26788053848403864
-0.2157390111780586	-0.22774489094972966
-0.13037464551154088	-0.19957365985653477
-0.3512385424141229	-0.3500993182389742
-0.2931310060406922	-0.31030052908420375
-0.12366669740639225	-0.05575516351711353
-0.4133967593380614	-0.4300583208271402
-0.2902878889124345	-0.27980927586160176
-0.3992014582451091	-0.4262583903570398
-0.35794483674164823	-0.3559554790879705
-0.228558722382326	-0.24331647957894484
-0.2618526604740694	-0.29087269697838697
-0.3393299219686412	-0.3019795427467541
-0.38993942734086495	-0.37818307697592274
-0.39369058382175837	-0.39008915556016344
-0.29280984886523775	-0.2931565967513802
-0.23399677094885973	-0.27131178881346674
-0.10530706883433005	-0.2571513080419058
-0.3080736848644712	-0.28407595797222934
-0.352103933631275	-0.3428503155670021
-0.08554824075268286	-0.124514129605485
-0.2741914328586468	-0.2654330421012937
-0.38931325036987907	-0.40795052781943325
-0.24634415933889997	-0.25613553194747707
-0.294706322973429	-0.3322254106217916
-0.3761314920257597	-0.29730612773234394
-0.24230448513442226	-0.24094557385576515
-0.29264108287586055	-0.2852375992709823
-0.27181067938551706	-0.30864695272632175
-0.0836031700357136	-0.1347589767785841
-0.35838405453009514	-0.3166353771514701
-0.07677682223570415	-0.07982732367207288
-0.3914035863953256	-0.44686298995280416
-0.5164300545151157	-0.5094894139168439
-0.2930204218033978	-0.310552064657639
-0.4217889462948463	-0.40072338885924463
-0.353124825241828	-0.35136165500784167
-0.4729945464700087	-0.4552280869847944
-0.25140325960852294	-0.24621126550127595
-0.2195728336044347	-0.22976363107559516
-0.5219278073732738	-0.49057765593917757
-0.31641652345232885	-0.3197335030966926
-0.1578096198470469	-0.13877775283085622
-0.38388793858126924	-0.3846930459014904
-0.2100230943189505	-0.21540865915010066
-0.3149011535640973	-0.3219518860945688
-0.250291347881026	-0.3265959383032685
-0.2277972665472099	-0.22511001605299524
-0.34993987921548	-0.31493550139772714
-0.3238037986903599	-0.2884688070617208
-0.3532234254772746	-0.35619978919887463
-0.23640028909634125	-0.2543414807290524
-0.14935950237865114	-0.08050860339203882
-0.2630244874505614	-0.29173176124903183
-0.5529474125332197	-0.5446556255431039
-0.3983521362345961	-0.4077377769387898
-0.2744873418198104	-0.38717965272228344
-0.26628937858756174	-0.25914091981237886
-0.34225538610076534	-0.35919951181286386
-0.2694705710347556	-0.2340311824337649
-0.35748274400356905	-0.3442402121932735
-0.28139908929132673	-0.2499963507732051
-0.5111623333843536	-0.520337216032716
-0.17559691656283505	-0.1673057715350825
-0.3879884964649811	-0.4154238029584035
-0.21970217194322927	-0.21791384653762627
-0.4022491327441884	-0.40906689488317394
-0.3275358453836219	-0.287914492328428
-0.32975951525278546	-0.16351811527036608
-0.08414945206577684	-0.08952530274634887
-0.3067937724402423	-0.33736616487570187
-0.2576468414121198	-0.2835551466643396
-0.24932261391973043	-0.26847017759012687
-0.24024277921683002	-0.2436096277670385
-0.37334916058004275	-0.3609534145656073
-0.3340810172177857	-0.35424197279388125
-0.33924547290012974	-0.29314629929358677
-0.4907120430489975	-0.5033075608425001
-0.3154006237408602	-0.32335764545506696
-0.12078956613926906	-0.14108997838271606
-0.5289248858345061	-0.5204544422272184
-0.2742671442151181	-0.35208179441487586
-0.2428791982324423	-0.2571963696464973
-0.39343584393795084	-0.39988578469710623
-0.18144310900714444	-0.19319415305708748
-0.09112690770610854	-0.10543878827685495
-0.14221976097009303	-0.13521333368657032
-0.5498938192185072	-0.5420957932250429
-0.4894747637527672	-0.4598576410082203
-0.4236675689151106	-0.3852471117228395
-0.19588129799780596	-0.162304641486616
-0.2659013081615331	-0.26126988324797057
-0.27135801856698194	-0.2817470611023343
-0.1013527673101855	-0.2537327287688772
-0.5388655011562022	-0.544227542602028
-0.33485898780320866	-0.24859992175486811
-0.3550475945240521	-0.3055874956452873
-0.27356164926169235	-0.2924341830125175
-0.5241227731250895	-0.5303858365369087
-0.5419371858308342	-0.5362380756039489
-0.32032692172146326	-0.34931357730548124
-0.2163369565792017	-0.23598084941809902
-0.2701624086964607	-0.2726870242476993
-0.21674005012059183	-0.1956750716034417
-0.3105693819060473	-0.3563230336233065
-0.22671310964900115	-0.23742345399636536
-0.265071637847651	-0.30755572078808263
-0.2683937172342148	-0.2860685345722042
-0.09064339065287896	-0.09389488448789773
-0.2932614529036375	-0.24436284072123415
-0.13851886498675015	-0.2540657794152969
-0.21832487579906967	-0.2161350255864334
-0.3515194067052896	-0.2976342406239453
-0.27958586188474577	-0.27392916450171123
-0.34199353530618737	-0.35037308178815746
-0.30872951358954737	-0.3049886594831127
-0.19831044310175372	-0.29001056424121274
-0.4031256570904098	-0.36667123616712133
-0.468980505426531	-0.4404504948661922
-0.3704320916698407	-0.3776346516636722
-0.3214462031126786	-0.37274832850654627
-0.4490068377307459	-0.4059790834219622
-0.24660933071584346	-0.24375340895257683
-0.4664611618407264	-0.4549334553073312
-0.47482927771721783	-0.4010078059039845
-0.2736815231190448	-0.24608061538759277
-0.07205349797676774	-0.21120000824241725
-0.319401400719606	-0.305662538974832
-0.39122801942458985	-0.3845436515948308
-0.20860904853980777	-0.2407323908906307
-0.34331641653739275	-0.33871005076682376
-0.5460679365991812	-0.5425297215395846
-0.3262819693021335	-0.25015954088079495
-0.24652067776736608	-0.27499314263661395
-0.541831925336739	-0.5358538808732741
-0.24498757199197208	-0.22445101559397235
-0.04557559222723029	-0.056400482652015686
-0.17745232504724484	-0.18881403661646617
-0.2838325935257693	-0.3120571193243432
-0.4071244495776565	-0.4132324220771869
-0.2573531514773606	-0.2581766509671353
-0.47623891513449834	-0.5126709347961043
-0.32103282598605354	-0.3020861441352141
-0.2236815170793811	-0.22005989841693457
-0.26318424944508756	-0.34401700890026415
-0.3465385480391632	-0.3184665238777434
-0.23676977728887394	-0.2656825083546866
-0.41812026897038024	-0.4166611310710302
-0.38984114496284406	-0.3713695297911733
-0.26693092407739094	-0.28291666808174476
-0.3142979788649569	-0.33430652307826597
-0.3127133020249424	-0.3104187688244308
-0.47177798944762195	-0.48434749241235864
-0.30435443932271866	-0.27057846717598166
-0.2512975737875216	-0.248546078817187
-0.13530783742661612	-0.11069838128207336
-0.29453132766886725	-0.2587611993481213
-0.20026759463540422	-0.17693547093924397
-0.3944781094132743	-0.39460557782726435
-0.2235033000299751	-0.26088313771931854
-0.28900198713436964	-0.2859099829778528
-0.24997364821490287	-0.25604185756167996
-0.27325723439419747	-0.29552568815018293
-0.24636882953378958	-0.2223927949246743
-0.25240314783921036	-0.2621640379855124
-0.27388531781435077	-0.2568237143262604
-0.4468819634529666	-0.4238231025818165
-0.3765117837559675	-0.37865260389046274
-0.1315834925525614	-0.13726330439608103
-0.4339423703208496	-0.4292939625851817
-0.2873088572367273	-0.32128086345633405
-0.3580586843733453	-0.3556288717143502
-0.20146256423805653	-0.35361867087037746
-0.5388946309200442	-0.5346029728967946
-0.28300716729759934	-0.3432567310996455
-0.23049871560831647	-0.23536944089263298
-0.3749663999436095	-0.30605690624682086
-0.3808629369569392	-0.38377234242690206
-0.25214593519185513	-0.2449998888685931
-0.3673907393527358	-0.2644521572655108
-0.2769813401324335	-0.23814127272701624
-0.3649700689264428	-0.3818130807232011
-0.3595432170391071	-0.3491332752994145
-0.46729791478457017	-0.4890081486866059
-0.3827031094860871	-0.3922013881388547
-0.27487767227170323	-0.32094432877730017
-0.25314050976433755	-0.2508164628279077
-0.3952196323665298	-0.40964044738091554
-0.2455827872659544	-0.24541816204819478
-0.3510250830423125	-0.36163662916617867
-0.2717595629564862	-0.2575680395490401
-0.3439897515001302	-0.3913396086513595
-0.2711751978188417	-0.26166662191788426
-0.41493412493240456	-0.42187903551722045
-0.4752039460875519	-0.4763980872172467
-0.5685968627298106	-0.5286389101814425
-0.30096321567618567	-0.2986458888728256
-0.30790360297331887	-0.26086490775381443
-0.08326102149295522	-0.07009067093670025
-0.26612844522536605	-0.2391889688595081
-0.2791208344739786	-0.22938968503036436
-0.08919240364915737	-0.12991993442413344
-0.3357089156919706	-0.3454224900945597
-0.07909623845051428	-0.13277827807647796
-0.36555889464393587	-0.3571185832325008
-0.2651036707528842	-0.25917181351304797
-0.38064539389741014	-0.40545043747244575
-0.24403414846959848	-0.25445041495781284
-0.46051702487175916	-0.5274626148833151
-0.2752966057565569	-0.25896321248685783
-0.27467778924216546	-0.29375204869408483
-0.397428203601109	-0.4061838292198838
-0.20769197869693024	-0.12288119448324698
-0.5436635128175702	-0.46811197792158693
-0.26421582096300256	-0.297600332745999
-0.2717763987572823	-0.25117031735946643
-0.40996094290612106	-0.335775008803694
-0.44790927160341454	-0.4373274458869275
-0.315985223471154	-0.29503794339084966
-0.23314647670619948	-0.2394142217851548
-0.4800078961022791	-0.5076340870613827
-0.5432393211681834	-0.553240648894342
-0.4533584769921628	-0.44744098951458505
-0.41105277036324495	-0.3907309665825194
-0.4374682537636936	-0.4865002146603583
-0.33683680362219803	-0.35017592766098676
-0.2825031422699791	-0.3041950625121744
-0.5155758520066929	-0.5124435977167593
-0.379089526060989	-0.39202059681574847
-0.1478037182988423	-0.12395611063847777
-0.26273064924762934	-0.2652590397154254
-0.37817369183557403	-0.3635147238926349
-0.5276928416276956	-0.5403614415388293
-0.3880589889846462	-0.4024788378174839
-0.36788269713345834	-0.3431842826634792
-0.39645488667772	-0.384213721377797
-0.40462657601792884	-0.4091622695986279
-0.30123483207740875	-0.26209531880959985
-0.3521583954681269	-0.33564015534955355
-0.10797460617753174	-0.13572243693082148
-0.337053125776567	-0.30443769016279637
-0.2560956324461685	-0.2596801204910758
-0.30838131440850347	-0.3190618642520039
-0.07229200106603706	-0.09574373577991913
-0.43030996915238795	-0.38423220407237707
-0.4403423143056262	-0.41412992490989253
-0.335480036681151	-0.3330011658955729
-0.29870744057921783	-0.2927997970198557
-0.3537551677008324	-0.35749718599023056
-0.3872580044376832	-0.3825864497668807
-0.5294989324799637	-0.5194680668135273
-0.15418809340586037	-0.14811057495007532
-0.3323784842540487	-0.32303724060840616
-0.36091914601416164	-0.40146358128711107
-0.25874025597802586	-0.26774569244078367
-0.3678357594106245	-0.38118864682666953
-0.42178146099728764	-0.3589163937624443
-0.17190953564615263	-0.16468197991302164
-0.24092583284854108	-0.2825691595860082
-0.53311644203378	-0.5445126305906497
-0.38353260323086147	-0.3701624407215482
-0.22512156579933773	-0.2559192619576188
-0.44519470978300646	-0.43686051096045936
-0.3031157950090346	-0.3094531882127917
-0.32196619137782534	-0.30317264033134567
-0.35158730183730214	-0.35659748302451016
-0.25120018252191123	-0.24744605248698612
-0.21865886700722115	-0.20786597867325457
-0.20645830184859904	-0.20416977537217343
-0.5591242521859456	-0.5610160501357185
-0.09396002278247728	-0.10357527623826304
-0.34126723905166756	-0.3136564144684084
-0.212741126486236	-0.28845668308831024
-0.3113624157179373	-0.31145529675813294
-0.3544398146718013	-0.36340101863509955
-0.38038238061973395	-0.39444268314832864
-0.22158412724193255	-0.27615172098520463
-0.28074029553387625	-0.28003171589585507
-0.2791024463789231	-0.28238460244904645
-0.315089790662638	-0.3293004867297257
-0.0927431838352284	-0.1695955188283287
-0.41508875674331236	-0.4247607686443703
-0.24965819115521448	-0.32724555566847424
-0.36186307080311053	-0.32132231684172696
-0.27660164844402146	-0.2331577817797992
-0.32785167851415054	-0.36199550293138394
-0.18678596871227526	-0.27298009666717804
-0.2624785597807815	-0.28161149033163263
-0.43195628506611783	-0.42102880649076796
-0.3956171746248742	-0.3906837198415425
-0.11224822656854272	-0.0702056047217847
-0.12144349900282947	-0.12413965214901895
-0.28246461318918037	-0.2773430034426811
-0.22050963975033788	-0.2841776798149021
-0.07925933840730437	-0.24881411253172497
-0.3204025756537039	-0.3489819708665157
-0.3177777122000336	-0.2964135968595354
-0.14933182637662057	-0.21091179474738092
-0.2720572319898178	-0.3259719764913366
-0.32052816656333505	-0.30290247497206296
-0.40326590793771544	-0.34015047376735225
-0.0357661069585653	-0.11511881413765324
-0.2437405828728476	-0.25283443245761306
-0.5334473552962571	-0.5239260212773977
-0.5095029918814422	-0.5081560135163437
-0.46968870929076445	-0.4355586235658914
-0.2816272195118259	-0.2904053566041731
-0.3719012319798729	-0.3592913311422905
-0.43591000458222595	-0.42709664645024126
-0.3151860777125819	-0.30721733162869463
-0.17226519060364964	-0.16158970896360733
-0.2950081934433477	-0.24738630637455705
-0.40122607473272964	-0.41141027173553424
-0.1746240427808008	-0.2518006167895511
-0.22839687558667876	-0.311837181744477
-0.42061054867400394	-0.4129354966770153
-0.06636734459141103	-0.09328071754615423
-0.4975500443513532	-0.5002616939707638
-0.10762986970061661	-0.12584311443970622
-0.4267069978720581	-0.3894242446126053
-0.4264243802144545	-0.36483057899320753
-0.3945411361389404	-0.4031433089171812
-0.40378431999687336	-0.41905322450534516
-0.3531218573706294	-0.37325764552351604
-0.19031670890529284	-0.20654765761400878
-0.30980153302910907	-0.2780617463918492
-0.21053853221022223	-0.2527776325098914
-0.37888620129169226	-0.357599811900494
-0.31716210616424867	-0.30089987238748206
-0.2367858187549814	-0.24637244008150566
-0.20706140214659285	-0.25735819359934214
-0.5263593861603546	-0.519695244415072
-0.35671684200788434	-0.2695993666049426
-0.21999893216280597	-0.2996862461406743
-0.3739019656007443	-0.3434524378150253
-0.41012205457655426	-0.4185981617718522
-0.2641464930678161	-0.2740015014105038
-0.3972645841230644	-0.4095310747066689
-0.36188048315135823	-0.3053691206154127
-0.3279508677828602	-0.3570852441784001
-0.1327351619644137	-0.17089004882485773
-0.4693980128381643	-0.4937404433389583
-0.23209707433990623	-0.23715364556362883
-0.3599202174209637	-0.35625508154977514
-0.13763443293616717	-0.20214986162765808
-0.31707247999727173	-0.28342572744034034
-0.24250228574691768	-0.24991789186417196
-0.39582514489810094	-0.398989079450106
-0.07767421253568152	-0.08951492936649579
-0.1771228798346698	-0.1569102191682883
-0.38863997984372567	-0.3612213524981469
-0.28071400449143624	-0.32872414828270363
-0.27834410083841377	-0.28610407440508984
-0.2823001334782802	-0.27211996302404146
-0.3093171543053401	-0.30642440277611144
-0.25630958114728486	-0.23968446961551249
-0.14808768542647854	-0.14425751468395098
-0.4122973993587493	-0.4047548156619643
-0.17542318931599254	-0.17509611311132917
-0.2688353336352449	-0.2936075506990412
-0.21374353992792194	-0.2502351170238676
-0.33605006147347893	-0.28840060822804314
-0.1398194968629376	-0.17320147594098786
-0.2967854336328202	-0.25737716935000493
-0.5361568727325192	-0.5496876190080221
-0.27921147888801556	-0.294015245500219
-0.568219473450311	-0.5626697581196886
-0.4100397121030337	-0.4116206329819363
-0.44275826061980617	-0.4272161607815501
-0.13237924042245375	-0.26989837813145284
-0.4054458560060539	-0.4015743432051271
-0.09858516417133423	-0.11266445210152727
-0.5385365394032302	-0.519626929752055
-0.27465267990884357	-0.2430188772113985
-0.5609666385492034	-0.556365762844847
-0.5396177766018067	-0.5489927666158843
-0.26551322111895104	-0.23957359709197
-0.22903214240149516	-0.3207890458847328
-0.38016225596641817	-0.38269087002120866
-0.2498610235324321	-0.28165661234669515
-0.19310145982396065	-0.22087304864009563
-0.11095524123019018	-0.13010385044456113
-0.37942077455464585	-0.429153716750605
-0.49356052438188946	-0.4490779203422122
-0.34305469673715017	-0.22519235332191637
-0.4448366578801277	-0.41763701443388807
-0.5397089436576596	-0.531021581635973
-0.1931429827775233	-0.19004906169455316
-0.32352939089518884	-0.3185097095986182
-0.4278094785356288	-0.3856175271950987
-0.32635545760950535	-0.3233026437814107
-0.3714445107475388	-0.35042957778812023
-0.28679422014696954	-0.2648973153280932
-0.3738899852789146	-0.35796218950686676
-0.3398903005547371	-0.11928957131954736
-0.17322866977629303	-0.19632037569013416
-0.24700466790163844	-0.2613961311290704
-0.3378011483805814	-0.33847254776881613
-0.23354752714636007	-0.2883587916671174
-0.5324809466106988	-0.536132951272957
-0.26151989779022244	-0.32930451109936765
-0.4385885808777026	-0.40909500339878396
-0.2661790385056655	-0.3156433956907674
-0.36467180506426544	-0.36927796282743136
-0.08156950548001163	-0.09817241315012569
-0.5079328448652944	-0.5168821604385998
-0.11126965858287896	-0.14025964688704204
-0.46829569758256184	-0.399033977268882
-0.37673020377612865	-0.33392950001931876
-0.5466579594191323	-0.5380149861783556
-0.510092831773834	-0.49901143224233285
-0.08602064148312749	-0.121332262097648
-0.26680371187220686	-0.2731416920938978
-0.2551093172126606	-0.2904286335072248
-0.10187945907667739	-0.10977073462832887
-0.41814828021889916	-0.4121694142637687
-0.3932078529489065	-0.3921197568306964
-0.546107157884375	-0.5321322322995301
-0.2652326139509231	-0.28072081704564117
-0.33890937580255454	-0.3515029839717982
-0.4273978831559102	-0.4299065554020576
-0.3892655870323125	-0.40704525255232465
-0.35489562168219635	-0.36522169831527446
-0.29609815829923036	-0.2712510988665647
-0.13660485512834875	-0.11275283543023139
-0.2787139536593273	-0.2821761551967704
-0.22746843933732208	-0.23012427942415747
-0.3368022500449612	-0.36214670902323404
-0.24472812627474738	-0.24941056424924915
-0.45159406124645507	-0.4227458347830012
-0.2480399877750905	-0.2560822677485266
-0.5450611086946324	-0.5024072627992429
-0.09188868110251036	-0.09652922830011447
-0.2798275179370897	-0.2572956330280731
-0.315421029821394	-0.3028954541532847
-0.30825265843115446	-0.3119836897146409
-0.24079718000482586	-0.2845249361930615
-0.22904973104343185	-0.22804708426956305
-0.10995126368692709	-0.09090113202091063
-0.44171136017611445	-0.411698794692458
-0.27611159398704643	-0.2851743974386155
-0.19834198897014765	-0.28812885584681613
-0.33276270537059816	-0.3548417478090563
-0.5332020397702664	-0.5356249335956005
-0.3616789482996374	-0.19097052118033608
-0.4053999281525602	-0.38690207359332995
-0.24654789583684078	-0.24602572394538286
-0.3699610855616058	-0.3818647160846776
-0.5264977557503521	-0.49972664250838283
-0.35867316806950456	-0.4029634309530322
-0.2161192786570627	-0.22746294168458972
-0.45526438983520734	-0.3961841345405276
-0.41800907538317666	-0.40755391988609924
-0.36454893215021933	-0.37890253475253827
-0.35266273321793307	-0.323598526008421
-0.12075709006004232	-0.13197532675391904
-0.4896967454140366	-0.4778342205220806
-0.1060254348344376	-0.2436745487166998
-0.5261631635980528	-0.5442699196034638
-0.2339782062841138	-0.24255095198107915
-0.3045675429905188	-0.33844181326736383
-0.19281566903966407	-0.14047939758204728
-0.4196869548381805	-0.41726320160700003
-0.3916604629103517	-0.38848509627178957
-0.3041396926257107	-0.2928417756907411
-0.3642856392036524	-0.25431204576103095
-0.4229623366762105	-0.43392538319484064
-0.36635056181053827	-0.340529255390155
-0.20981931766106676	-0.2629623531319287
-0.31976345383759863	-0.3113839098115907
-0.28352948349338547	-0.2838526170930965
-0.42586096669746176	-0.42794797659241035
-0.26368507048712253	-0.41245442128674553
-0.41783181285307336	-0.4116394769080204
-0.32158179898137895	-0.381233952260111
-0.2289627503616174	-0.25716636134505444
-0.263296668850451	-0.28803173085338696
-0.3684457422760854	-0.3659774616814142
-0.3558257239781817	-0.3684335495574723
-0.29149854610796133	-0.2965396057375242
-0.008654074998645456	-0.0043805959844572286
-0.24799512326116258	-0.2407844145993909
-0.3888759091887888	-0.3657921640778084
-0.27360078329881077	-0.2595966268500826
-0.3640004204321041	-0.3949203611420601
-0.3697949524985038	-0.31126116026011574
-0.3806650497152546	-0.38239632933749446
-0.3597397771673272	-0.3531325523437963
-0.35485468795130615	-0.22374176437693905
-0.5514533038522558	-0.546531901581249
-0.05514427415276124	-0.09229212304896224
-0.2694914771880246	-0.30615964429287956
-0.4930558335248669	-0.4920139817872294
-0.3089682044583846	-0.3141544422724649
-0.3495970100943957	-0.14604379945570445
-0.16443819193883868	-0.1479940679689839
-0.38061189307996557	-0.3497498483195246
-0.19107806738522015	-0.19613720603659968
-0.4283800326633127	-0.43179058375611384
-0.4305168132609474	-0.3888587405714951
-0.12191532214338174	-0.16947766215487978
-0.40780320818760885	-0.37911407010368636
-0.32952712035387677	-0.3199241794635645
-0.3827459302259957	-0.3859540307723418
-0.418017488271218	-0.3118657405675418
-0.3702842653370695	-0.35886722107467306
-0.28780681830634514	-0.26698176484047026
-0.22237329710096887	-0.2169231542438554
-0.35632885823152805	-0.3786283351637146
-0.40557277553311444	-0.39932796577411134
-0.3875221968354463	-0.4132043929129117
-0.2903240274133463	-0.23405734778963097
-0.3857850630888944	-0.4117276007282776
-0.4132681715780926	-0.40862419206698425
-0.2846980637066814	-0.2632581725438462
-0.40013006641768634	-0.40422524447731895
-0.06441705586201962	-0.14929310420776296
-0.3628059410587703	-0.35380479272964177
-0.206836376715394	-0.23643923902403804
-0.3359634989051443	-0.33384865992084256
-0.3239002853533499	-0.34592612710062315
-0.3599636829999202	-0.3494876238479064
-0.34726969767697113	-0.24664417150615736
-0.39238923576718143	-0.3870920198101648
-0.5695432441752644	-0.5562242320186086
-0.32037159432705664	-0.3007646205005593
-0.2516999645271145	-0.2801122130811597
-0.22979328658825793	-0.24371175093655362
-0.2705104410289305	-0.2859260384007594
-0.31693916206796224	-0.3466105270731215
-0.3746283683656131	-0.370386525844511
-0.34693616667946614	-0.32156417268900517
-0.05260331177507993	-0.09609391773894282
-0.16950314969400715	-0.18701699284388534
-0.3913361395334576	-0.3729061808622104
-0.2545433554074883	-0.256655609351539
-0.26795530544892365	-0.25016919730960024
-0.3989898816835904	-0.3809513609189636
-0.4503009312739614	-0.41670242583710415
-0.5000800254652926	-0.4543713016361067
-0.3180886962876812	-0.3137496156992606
-0.3841595192066034	-0.38027605655965097
-0.400868569479794	-0.4138948401154624
-0.3938519062682424	-0.387659173651343
-0.4407976643959035	-0.45351984288721797
-0.37435928943376595	-0.34111574424389923
-0.3509901284948107	-0.3594774212151025
-0.5324572270066046	-0.5216709965702571
-0.27271319384106363	-0.27534034127695506
-0.3213560574421397	-0.2623298182750782
-0.24095621698329595	-0.2593551560261693
-0.47413640009805036	-0.41477314401117693
-0.557690020091858	-0.5516027871467435
-0.16685505964443692	-0.24427703904149276
-0.26962401995617746	-0.2720171372102657
-0.27055334297138955	-0.33265359633788383
-0.29722793650268287	-0.3356820818701378
-0.32769234751613574	-0.26523808062459525
-0.3833343006336172	-0.3631025791962977
-0.5192206254089768	-0.49820752866942025
-0.40841387620591085	-0.4162441970713516
-0.345669371905748	-0.3724529706814834
-0.5243541737847277	-0.4959079433204883
-0.3409432803002552	-0.34695797388614125
-0.37302794010221874	-0.3481504540759152
-0.3263347963042573	-0.23163102368163618
-0.22654835950601537	-0.22383486444523445
-0.5430692241286881	-0.5414782445830769
-0.4821068198501983	-0.4592591043696243
-0.4031419402270835	-0.4249414056111163
-0.45738692819654325	-0.4649722677773892
-0.2627061949009697	-0.25758986916238785
-0.3879654939892614	-0.372731926170544
-0.4096428032131705	-0.37620005608884716
-0.4131175712758228	-0.4088156856235914
-0.27072440905661566	-0.33282250962302945
-0.3838021446157178	-0.3657254886111276
-0.24191869392691068	-0.2462398739013589
-0.1510346309566586	-0.2575240531757873
-0.5488225289471131	-0.5339194423246123
-0.3581562007992556	-0.3251117849451065
-0.3282228135918537	-0.30047206166176743
-0.12984613514246846	-0.14649931288949403
-0.2362891850769948	-0.2658800597576194
-0.12178231271422035	-0.23886755800871323
-0.37791126919358575	-0.2871536533519451
-0.34889717652962027	-0.35933118848039974
-0.2295459250464873	-0.23054459960479023
-0.22757666310630142	-0.29149337695894506
-0.41627959633504297	-0.3903941468752397
-0.25753064037517603	-0.24008110120324178
-0.3051264146531878	-0.30218928905025605
-0.26461080679208493	-0.2751348846503785
-0.2714040122270802	-0.2656490380567367
-0.3932810641185185	-0.4093648283612288
-0.43346375067801013	-0.3682879708294707
-0.35420743571511615	-0.34833105739160664
-0.4146893610375404	-0.20634682250010403
-0.09688852711934359	-0.08270986242342666
-0.06312940682740553	-0.054928180500872094
-0.18870576417203289	-0.2175462426232563
-0.3132216205109497	-0.40015571121801297
-0.3868463238834021	-0.3837208770415317
-0.37185593182841714	-0.3612789867897524
-0.11922702896165127	-0.14535358719711677
-0.31072995341295595	-0.3226248212737261
-0.2693835523873105	-0.2816646638238242
-0.2496584106043791	-0.30561674284711454
-0.2325033460282846	-0.2552681630998318
-0.2426130158139479	-0.24083824701735085
-0.42270637002947353	-0.39822282491628797
-0.3802893486149532	-0.39731087712991886
-0.37575256725420836	-0.3758857623071001
-0.27630114538607486	-0.2619755958368387
-0.2938273081623457	-0.36541016088200245
-0.1971228149271127	-0.20631741870633613
-0.4203936978937186	-0.43350607708764965
-0.4621929400303202	-0.48223131754089843
-0.34491771066113586	-0.3309035267875403
-0.3776611758198367	-0.3624225707396106
-0.24810882591157934	-0.25899280739940805
-0.36562606165050937	-0.2987477439415228
-0.3153235197151467	-0.2664417913622317
-0.21493230092422877	-0.3065423355631778
-0.41087691749665467	-0.404694626044735
-0.39386521203580926	-0.36115827693059915
-0.3076881240369218	-0.3086325876427112
-0.10051845211082444	-0.1257215729930907
-0.23848771890332188	-0.22437220142778586
-0.13618756626781447	-0.15394282531026113
-0.27450317238185207	-0.2733886612460874
-0.4829650558768819	-0.4659131763785255
-0.47211119509452715	-0.4747643142545502
-0.3989276732605873	-0.348545168364967
-0.033815005495053896	-0.1346688327537531
-0.1660122178901169	-0.19976952407927062
-0.2792586798528056	-0.2869903822597048
-0.26434741060958444	-0.3141053061323857
-0.25779487437967674	-0.22452197398252627
-0.36885859729805404	-0.386160268216862
-0.29838397529843164	-0.2898481190803947
-0.24567740471066912	-0.27828604244098654
-0.36232341108641286	-0.3459771666109937
-0.2766867494295582	-0.30655616098732824
-0.2246908801278522	-0.31459403208981207
-0.4493162007840006	-0.40567315027702733
-0.5489462652311321	-0.5326793723961535
-0.3893513010238614	-0.39776977479063136
-0.1283175182180898	-0.12481553094185632
-0.3305736821658023	-0.34423461587723864
-0.47709444193131034	-0.4790243077073823
-0.5028912933647192	-0.49948355631652636
-0.06308920815495433	-0.11097321761145479
-0.2828442652665899	-0.20374105447182272
-0.2862914113387447	-0.26067669525097664
-0.414077719932461	-0.4188377220776481
-0.39341684257791343	-0.350192081065504
-0.37780766487921014	-0.3582048990485909
-0.3469436473554204	-0.31351390841799526
-0.39914114901318243	-0.3930000458818897
-0.49652473424636945	-0.43028268367708056
-0.2854677375599941	-0.27638931471513356
-0.14003810467349354	-0.16776385833987195
-0.11171347427221079	-0.09885372927072647
-0.3775811879583859	-0.3936543729341
-0.3640191528879022	-0.34206796823738816
-0.35348608546708604	-0.32123679740180094
-0.3339344858100972	-0.3243934273969578
-0.3726991953096359	-0.3651263663507391
-0.29753192802468575	-0.2935420846598225
-0.24280447380651005	-0.24103536058783728
-0.056717283969344834	-0.07891823582362642
-0.5605718510685627	-0.5487582915847062
-0.2588456953774312	-0.26637717911275943
-0.5370535153826381	-0.520109548354565
-0.41064241431159765	-0.3953168375639956
-0.40143912458603026	-0.4174560152349156
-0.24928353707666417	-0.316571854578352
-0.26071141820108323	-0.2558208804758608
-0.23813732964087286	-0.2697636425498084
-0.37889197625460014	-0.4201132388665941
-0.13996462280882938	-0.23679891186515376
-0.41036113430978105	-0.2363979596322949
-0.09774392839130286	-0.11759623932333306
-0.4109486017397579	-0.4207063891617755
-0.2786572866574577	-0.2546330203743658
-0.35267631397046273	-0.336086924153324
-0.19216673116408245	-0.14101461089204462
-0.1545639224944999	-0.10958561323768211
-0.23935487603519867	-0.2123353997378466
-0.3686854867379452	-0.3852072577501429
-0.3806422841632937	-0.37029638587870045
-0.28652441224517666	-0.34700811566652134
-0.3789972745532033	-0.3678747647242941
-0.36217112329993206	-0.34327590763660465
-0.4900530942185686	-0.4829362107244533
-0.2868921038338783	-0.30126810959264594
-0.31333612934589894	-0.26522570767166015
-0.20837384410959459	-0.2153631266329422
-0.2680885888771769	-0.2608346363347143
-0.33603809499709136	-0.3567545285614816
-0.4077829099869952	-0.4155399736604157
-0.08935677721060387	-0.06396897732414024
-0.1885505396993139	-0.1851375976068023
-0.47749185293514884	-0.48012127630550205
-0.45719305977618063	-0.43848360331357134
-0.14172721192341342	-0.08832131291147129
-0.45303324294960845	-0.45165969695307495
-0.24899558043960113	-0.26877219046427986
-0.22887150897674857	-0.2573108099271412
-0.4951232752961854	-0.41562751695983347
-0.37430521284820273	-0.3902500837009727
-0.375753942701202	-0.36288679913958094
-0.13626742266253444	-0.12070343378132119
-0.23907022640431563	-0.2041205379058776
-0.23792044430855697	-0.23727912391390965
-0.5045405445337519	-0.4807392920076434
-0.2342435411558128	-0.2616688651860336
-0.1062190507471108	-0.14701735728884058
-0.3743605776208252	-0.39830546738284706
-0.28896684937168793	-0.2598305005265863
-0.36591534859094565	-0.36017258034342325
-0.45179681621331724	-0.44274323341984684
-0.1980258792895473	-0.28827948885513677
-0.4152728553170153	-0.4126161591247048
-0.2352432354917937	-0.225237159698934
-0.2689547012042919	-0.30620739475554576
-0.27541789449361787	-0.2687855607708881
-0.13925999507515208	-0.12822970642671855
-0.274370039480079	-0.29417116764281104
-0.4038468757264866	-0.3820372682980713
-0.2606029690907512	-0.25943491081718834
-0.2461541757242074	-0.26931865894092355
-0.4050193071128927	-0.37510368546288114
-0.42935853895293263	-0.4032868248775186
-0.06903656343171427	-0.19363409847581645
-0.3741308850301941	-0.29530136777850524
-0.34690308095937894	-0.3365847558789991
-0.18283429385362737	-0.19217346136839217
-0.12399364649489897	-0.058380171710869413
-0.5439822076726575	-0.5565099118930589
-0.262450913794833	-0.2440114499201064
-0.26439154480707217	-0.2716719130894861
-0.36891906020291465	-0.12512197159267618
-0.09613395451829199	-0.06852642211637994
-0.1448369001133596	-0.18170443538670303
-0.29809035268440454	-0.24471315791425685
-0.35736112494471683	-0.37838095368517427
-0.30528971638948654	-0.16064752179294353
-0.2596290763189799	-0.27822448990771464
-0.2210343928036309	-0.13701470100986557
-0.5289408860346878	-0.5390346530300594
-0.23737872164722162	-0.21973983482800277
-0.3336594003376039	-0.3411632873820789
-0.33537941892286405	-0.38340322931067383
-0.5277892885628646	-0.509083062240269
-0.3782784412875131	-0.38990244285932835
-0.22481935132695519	-0.20374139393342233
-0.2906565717145	-0.271880973618062
-0.5166537187675537	-0.5576783177704896
-0.264374047644127	-0.25782114414543467
-0.21935357240623077	-0.24261864830179364
-0.32878521062434274	-0.347645453397101
-0.33505513325789593	-0.3362130561884657
-0.18833457859501834	-0.2789725250675446
-0.20989569882986991	-0.2149315083858834
-0.2252998010154279	-0.19616474409125595
-0.27409403973281243	-0.29830437659887904
-0.20482337692717678	-0.24759054485470608
-0.4488725442315058	-0.4270651890012392
-0.2788150797741764	-0.3089934684424061
-0.5133945639083599	-0.5155048224114384
-0.14342945222592896	-0.12100736245126575
-0.2098172222713366	-0.27637376638594924
-0.2980699835993441	-0.2762112158838536
-0.389855306704991	-0.37141942619874385
-0.4285173434710714	-0.4423354000745454
-0.502658622181098	-0.4666314288385229
-0.2969698116316337	-0.27232058469737513
-0.3756943434381732	-0.3828823964836575
-0.5403215619157002	-0.5111570854605282
-0.4953547125945761	-0.5193665032100798
-0.39064196204479984	-0.38936815547772935
-0.2737329554844212	-0.2811605434207238
-0.3839733877782123	-0.36909614082670517
-0.3401830798819834	-0.34031269278673204
-0.2748471147409912	-0.25978721285386946
-0.2723796241202141	-0.2886266180400912
-0.30941477534371664	-0.29731040607974973
-0.3115770648856184	-0.3579172881616915
-0.47881220782855394	-0.5265287451339368
-0.23452036132549736	-0.23558258081231906
-0.5067301422162949	-0.49938905260236166
-0.28906340860331525	-0.2669411524730542
-0.08860774788701065	-0.2608820294518092
-0.4470129466495578	-0.44192667954505604
-0.3701692763690634	-0.37884003393210997
