9.267423894008354479e-02 1.371400664400750612e-03 1.000000000000000000e+00 1.000000000000000000e+06
9.168814146174537882e-02 1.355387139015995328e-03 1.000000000000000000e+00 3.162277660168379080e+05
8.883116487822680096e-02 1.305142656408473170e-03 1.000000000000000000e+00 1.000000000000000000e+05
8.185736116883282620e-02 1.202491113989475171e-03 1.000000000000000000e+00 3.162277660168379589e+04
7.010829334826043646e-02 1.048581517837920800e-03 1.000000000000000000e+00 1.000000000000000000e+04
5.871443074006883756e-02 7.500278285167343928e-04 1.000000000000000000e+00 3.162277660168379043e+03
5.870783318003654910e-02 7.486384151269399141e-04 3.162277660168379394e-03 1.000000000000000000e+06
5.063292657452243134e-02 5.597212000358366395e-04 3.162277660168379394e-03 3.162277660168379080e+05
5.062012314392154433e-02 5.599678487885921194e-04 1.000000000000000000e+00 1.000000000000000000e+03
4.432526373356265870e-02 6.309589688267804508e-04 3.162277660168379394e-03 1.000000000000000000e+05
4.425134290661465047e-02 6.210395057620367310e-04 1.000000000000000000e+00 3.162277660168379043e+02
4.011612027639809008e-02 8.513030456876116573e-04 3.162277660168379394e-03 3.162277660168379589e+04
3.982198501340533658e-02 8.393986770255529046e-04 1.000000000000000000e+00 1.000000000000000000e+02
3.775138283839061387e-02 1.070621798047472406e-03 3.162277660168379394e-03 1.000000000000000000e+04
3.697982930597872031e-02 1.010524377979247351e-03 1.000000000000000000e+00 3.162277660168379612e+01
3.570881274429082985e-02 1.093704399212104160e-03 9.999999999999999124e-06 1.000000000000000000e+06
3.566356447893657966e-02 1.092349364649659047e-03 3.162277660168379394e-03 3.162277660168379043e+03
3.471441564435081423e-02 1.019779483431223609e-03 1.000000000000000000e+00 1.000000000000000000e+01
3.337867473560214571e-02 9.974502757536499349e-04 9.999999999999999124e-06 3.162277660168379080e+05
3.322813391085930462e-02 9.856801904394997364e-04 3.162277660168379394e-03 1.000000000000000000e+03
3.252386515681972984e-02 9.940990049992111388e-04 1.000000000000000000e+00 3.162277660168379079e+00
3.173548724374035401e-02 8.138394681681423949e-04 1.000000000000000000e+00 1.000000000000000000e+00
3.106018200428826634e-02 9.461679985262052249e-04 9.999999999999999124e-06 1.000000000000000000e+05
3.078052525743857348e-02 9.177823501945160884e-04 3.162277660168379394e-03 3.162277660168379043e+02
3.077161349572045748e-02 7.499780647472618000e-04 9.999999999999999072e-11 3.162277660168379080e+05
3.076687564739659028e-02 7.498321403189809079e-04 9.999999999999999072e-11 1.000000000000000000e+05
3.076480800538225480e-02 7.503156439590374493e-04 9.999999999999999072e-11 1.000000000000000000e+06
3.074683313124879774e-02 7.498220137364351983e-04 9.999999999999999072e-11 3.162277660168379589e+04
3.069705526402682211e-02 7.490748828024679186e-04 9.999999999999999072e-11 1.000000000000000000e+04
3.065544772892116535e-02 7.505040776463215921e-04 3.162277660168379191e-08 1.000000000000000000e+04
3.061562158270715248e-02 7.544451790358331061e-04 3.162277660168379191e-08 3.162277660168379589e+04
3.060123956445856552e-02 7.501588421417197585e-04 9.999999999999999072e-11 3.162277660168379043e+03
3.058822313679343541e-02 7.505643610735998443e-04 3.162277660168379191e-08 3.162277660168379043e+03
3.043943116592294149e-02 7.479127885885116477e-04 9.999999999999999072e-11 1.000000000000000000e+03
3.043529808898295247e-02 7.480487435927834486e-04 3.162277660168379191e-08 1.000000000000000000e+03
3.039060558256419589e-02 7.657384253250778573e-04 3.162277660168379191e-08 1.000000000000000000e+05
3.016142987428448857e-02 7.472462663407933000e-04 9.999999999999999072e-11 3.162277660168379043e+02
3.016021318988598710e-02 7.473287858940192525e-04 3.162277660168379191e-08 3.162277660168379043e+02
2.984732560645628890e-02 8.054173779571022511e-04 3.162277660168379191e-08 3.162277660168379080e+05
2.983772057789725249e-02 7.603637643362194361e-04 9.999999999999999124e-06 3.162277660168379043e+02
2.967885907487662761e-02 7.488593051217381450e-04 9.999999999999999072e-11 1.000000000000000000e+02
2.967847405341731901e-02 7.488329309592638367e-04 3.162277660168379191e-08 1.000000000000000000e+02
2.959848639128009884e-02 8.128035645026808909e-04 9.999999999999999124e-06 1.000000000000000000e+03
2.958055320079724243e-02 7.502250572583269665e-04 9.999999999999999124e-06 1.000000000000000000e+02
2.938659297687987865e-02 9.914657837853488743e-04 9.999999999999999124e-06 3.162277660168379589e+04
2.911880404225875019e-02 8.843964514268067099e-04 3.162277660168379191e-08 1.000000000000000000e+06
2.903520048736537087e-02 8.923787413150992449e-04 9.999999999999999124e-06 3.162277660168379043e+03
2.896467542838937481e-02 7.525507266347512261e-04 9.999999999999999072e-11 3.162277660168379612e+01
2.896456075975680292e-02 7.525285242238799379e-04 3.162277660168379191e-08 3.162277660168379612e+01
2.893885739907701288e-02 7.531674581912397312e-04 9.999999999999999124e-06 3.162277660168379612e+01
2.893247023432206702e-02 9.307553017599878896e-04 3.162277660168379394e-03 1.000000000000000000e+02
2.875765755325880926e-02 9.609681195852205022e-04 9.999999999999999124e-06 1.000000000000000000e+04
2.810737892641075250e-02 7.324804605229766124e-04 9.999999999999999072e-11 1.000000000000000000e+01
2.810735006738772010e-02 7.324606250226938561e-04 3.162277660168379191e-08 1.000000000000000000e+01
2.810178388402370664e-02 7.322232332037022793e-04 9.999999999999999124e-06 1.000000000000000000e+01
2.802717306531795141e-02 6.429833925102135337e-04 9.999999999999999072e-11 1.000000000000000000e+00
2.802716807624072715e-02 6.429811192289061964e-04 3.162277660168379191e-08 1.000000000000000000e+00
2.802674968023167318e-02 6.428166677249447193e-04 9.999999999999999124e-06 1.000000000000000000e+00
2.800063272947019358e-02 6.305767765919671535e-04 3.162277660168379394e-03 1.000000000000000000e+00
2.784167994210950264e-02 8.945200720607683707e-04 3.162277660168379394e-03 3.162277660168379612e+01
2.750534977158526281e-02 7.365763880697273570e-04 9.999999999999999072e-11 3.162277660168379079e+00
2.750533967476964659e-02 7.365705412552116336e-04 3.162277660168379191e-08 3.162277660168379079e+00
2.750416823001475969e-02 7.365503044971745319e-04 9.999999999999999124e-06 3.162277660168379079e+00
2.737436058535572952e-02 8.060557996076303999e-04 3.162277660168379394e-03 1.000000000000000000e+01
2.728764609329872165e-02 7.396279622955061629e-04 3.162277660168379394e-03 3.162277660168379079e+00
