2.893396450554936994e-01 1.407156035788095609e-02 1.000000000000000000e+00 1.000000000000000000e+06
2.893317884625507541e-01 1.407153425981463347e-02 1.000000000000000000e+00 3.162277660168379080e+05
2.893069468388853593e-01 1.407145176889245883e-02 1.000000000000000000e+00 1.000000000000000000e+05
2.892284217608579455e-01 1.407119129359232779e-02 1.000000000000000000e+00 3.162277660168379589e+04
2.889804135763675008e-01 1.407037143112342681e-02 1.000000000000000000e+00 1.000000000000000000e+04
2.889246057932533529e-01 1.410434585247892503e-02 3.162277660168379394e-03 1.000000000000000000e+06
2.882006072991831203e-01 1.406802775576987408e-02 1.000000000000000000e+00 3.162277660168379043e+03
2.864704870128592096e-01 1.408592334428305365e-02 3.162277660168379394e-03 3.162277660168379080e+05
2.857735486538196534e-01 1.405776412626219204e-02 1.000000000000000000e+00 1.000000000000000000e+03
2.790618440692882452e-01 1.404074039852783000e-02 3.162277660168379394e-03 1.000000000000000000e+05
2.784196369125145898e-01 1.399290677295357381e-02 1.000000000000000000e+00 3.162277660168379043e+02
2.585078450967018826e-01 1.394348535645991392e-02 3.162277660168379394e-03 3.162277660168379589e+04
2.580847832241949247e-01 1.388927348470596866e-02 1.000000000000000000e+00 1.000000000000000000e+02
2.134036534600035340e-01 1.316409005310724932e-02 1.000000000000000000e+00 3.162277660168379612e+01
2.132029923717480846e-01 1.330042229598448270e-02 3.162277660168379394e-03 1.000000000000000000e+04
1.529398172901925146e-01 2.531917043185155300e-02 1.000000000000000000e+00 1.000000000000000021e-02
1.472718621456883537e-01 1.210610382752537809e-02 1.000000000000000000e+00 1.000000000000000000e+01
1.460514976091136785e-01 1.235954617302860090e-02 3.162277660168379394e-03 3.162277660168379043e+03
1.460476375720559106e-01 1.236035644568276443e-02 9.999999999999999124e-06 1.000000000000000000e+06
9.410236222342369117e-02 2.224142784425654426e-02 3.162277660168379394e-03 1.000000000000000021e-02
9.391435960831211183e-02 2.222445748549065764e-02 9.999999999999999124e-06 1.000000000000000021e-02
9.391377535513652230e-02 2.222440450209954566e-02 3.162277660168379191e-08 1.000000000000000021e-02
9.391377350767388110e-02 2.222440433456433079e-02 9.999999999999999072e-11 1.000000000000000021e-02
8.959390349144115417e-02 1.083704680205405634e-02 1.000000000000000000e+00 3.162277660168379079e+00
8.739001964388731780e-02 1.118990964673293592e-02 3.162277660168379394e-03 1.000000000000000000e+03
8.738331254190133401e-02 1.119127958855645720e-02 9.999999999999999124e-06 3.162277660168379080e+05
6.480953351016209563e-02 7.191521195181208199e-03 1.000000000000000000e+00 1.000000000000000000e+00
6.404883905282027223e-02 1.036121968504406972e-02 1.000000000000000000e+00 3.162277660168379134e-02
6.140362827244577604e-02 7.718760419062347181e-03 3.162277660168379394e-03 3.162277660168379043e+02
6.139325492824878466e-02 7.720451576233528478e-03 9.999999999999999124e-06 1.000000000000000000e+05
5.268304398218328494e-02 4.527234272970890455e-03 1.000000000000000000e+00 3.162277660168379412e-01
4.868242436571038750e-02 5.950723444233872554e-03 9.999999999999999124e-06 3.162277660168379589e+04
4.867613114147810449e-02 5.948883919984322526e-03 3.162277660168379394e-03 1.000000000000000000e+02
4.837452021644002981e-02 3.888845961704976220e-03 1.000000000000000000e+00 1.000000000000000056e-01
3.917779261272406888e-02 4.714931505394684766e-03 9.999999999999999124e-06 1.000000000000000000e+04
3.912467926192244455e-02 4.711207627662610496e-03 3.162277660168379394e-03 3.162277660168379612e+01
3.491125767454139606e-02 7.437992925684634889e-03 9.999999999999999072e-11 3.162277660168379134e-02
3.491125556724063161e-02 7.437992885940608243e-03 3.162277660168379191e-08 3.162277660168379134e-02
3.491058985077918897e-02 7.437980523597853728e-03 9.999999999999999124e-06 3.162277660168379134e-02
3.477371949897872794e-02 7.476648837826773038e-03 3.162277660168379394e-03 3.162277660168379134e-02
3.320536439421942904e-02 4.041072688104756054e-03 3.162277660168379191e-08 1.000000000000000000e+06
3.320477216039580820e-02 4.041001554491703215e-03 9.999999999999999124e-06 3.162277660168379043e+03
3.303293741821126950e-02 4.019065469845602145e-03 3.162277660168379394e-03 1.000000000000000000e+01
2.977539426900061709e-02 3.640477508292482359e-03 3.162277660168379191e-08 3.162277660168379080e+05
2.977352650854453442e-02 3.639870874572372766e-03 9.999999999999999124e-06 1.000000000000000000e+03
2.934992982554449070e-02 3.505832064099353822e-03 3.162277660168379394e-03 3.162277660168379079e+00
2.760029898796315800e-02 3.914496367667329689e-03 9.999999999999999072e-11 3.162277660168379043e+03
2.759993950938502416e-02 3.914380612559207641e-03 9.999999999999999072e-11 1.000000000000000000e+03
2.759687522990232275e-02 3.915078655917100803e-03 9.999999999999999072e-11 1.000000000000000000e+04
2.759527488187305672e-02 3.914560740016424095e-03 9.999999999999999072e-11 3.162277660168379043e+02
2.758502580332159934e-02 3.916499694832109753e-03 9.999999999999999072e-11 3.162277660168379589e+04
2.758174026329563919e-02 3.421920367695736442e-03 3.162277660168379191e-08 1.000000000000000000e+05
2.757955454648623045e-02 3.915320236950920602e-03 9.999999999999999072e-11 1.000000000000000000e+02
2.757570695184178439e-02 3.420993211718350527e-03 9.999999999999999124e-06 3.162277660168379043e+02
2.756154945469478992e-02 3.918024007397603349e-03 3.162277660168379191e-08 1.000000000000000000e+02
2.754801307284380357e-02 3.920629809566979554e-03 9.999999999999999072e-11 1.000000000000000000e+05
2.754062923780285083e-02 3.920971236616616583e-03 3.162277660168379191e-08 3.162277660168379043e+02
2.753094331324539359e-02 3.917936151823036249e-03 9.999999999999999072e-11 3.162277660168379612e+01
2.752521964361929335e-02 3.918794474281840981e-03 3.162277660168379191e-08 3.162277660168379612e+01
2.744532285523681309e-02 3.922113176154058863e-03 9.999999999999999072e-11 3.162277660168379080e+05
2.744299087180478852e-02 3.922200361698550269e-03 3.162277660168379191e-08 1.000000000000000000e+03
2.738997434233335013e-02 3.927353678477209058e-03 9.999999999999999072e-11 1.000000000000000000e+01
2.738816890658514122e-02 3.927609953027233827e-03 3.162277660168379191e-08 1.000000000000000000e+01
2.719071924057039208e-02 3.930306996330260212e-03 9.999999999999999072e-11 1.000000000000000000e+06
2.718999995733769465e-02 3.930348852243547610e-03 3.162277660168379191e-08 3.162277660168379043e+03
2.704667764917699155e-02 3.959794335032290960e-03 9.999999999999999072e-11 3.162277660168379079e+00
2.704617325745933137e-02 3.959800294188351062e-03 3.162277660168379191e-08 3.162277660168379079e+00
2.698721418909065875e-02 3.944293383420865128e-03 9.999999999999999124e-06 1.000000000000000000e+01
2.690007302246068960e-02 3.966333999615598467e-03 9.999999999999999124e-06 3.162277660168379079e+00
2.688471247781128864e-02 3.877157471295470531e-03 3.162277660168379191e-08 1.000000000000000000e+04
2.686779389167079368e-02 3.642983573551307388e-03 3.162277660168379191e-08 3.162277660168379589e+04
2.684769366681406463e-02 3.641929148216579114e-03 9.999999999999999124e-06 1.000000000000000000e+02
2.681860851372402932e-02 3.879633187942943713e-03 9.999999999999999124e-06 3.162277660168379612e+01
2.665894451503595525e-02 3.418585657646491111e-03 3.162277660168379394e-03 1.000000000000000000e+00
2.642213564441211332e-02 4.020511135054158879e-03 9.999999999999999072e-11 1.000000000000000000e+00
2.642198280057777085e-02 4.020517853880198680e-03 3.162277660168379191e-08 1.000000000000000000e+00
2.637443412052746169e-02 4.022951566400582123e-03 9.999999999999999124e-06 1.000000000000000000e+00
2.603104770166586590e-02 4.320239454983662748e-03 9.999999999999999072e-11 1.000000000000000056e-01
2.603103634728378551e-02 4.320239563930287040e-03 3.162277660168379191e-08 1.000000000000000056e-01
2.602745314447129504e-02 4.320276106881177150e-03 9.999999999999999124e-06 1.000000000000000056e-01
2.554614885103947963e-02 4.348358921378705187e-03 3.162277660168379394e-03 1.000000000000000056e-01
2.551156418186343450e-02 3.963198020876212459e-03 9.999999999999999072e-11 3.162277660168379412e-01
2.551152176127471222e-02 3.963200961971322100e-03 3.162277660168379191e-08 3.162277660168379412e-01
2.549817767180904277e-02 3.964157254969185792e-03 9.999999999999999124e-06 3.162277660168379412e-01
2.496735449106897431e-02 3.728628275865842646e-03 3.162277660168379394e-03 3.162277660168379412e-01
