1.307527983895354073e-01 3.156529131439339379e-03 1.000000000000000000e+00 1.000000000000000000e+06
1.290094390651370937e-01 3.158165198382411731e-03 1.000000000000000000e+00 3.162277660168379080e+05
1.238956758290074289e-01 3.160993062617026110e-03 1.000000000000000000e+00 1.000000000000000000e+05
1.110263327825008195e-01 3.104050511395589195e-03 1.000000000000000000e+00 3.162277660168379589e+04
8.841448367944552966e-02 2.719513745121410111e-03 1.000000000000000000e+00 1.000000000000000000e+04
6.664707231121198838e-02 2.126058888144041498e-03 1.000000000000000000e+00 3.162277660168379043e+03
6.662435001035713067e-02 2.124765363134962452e-03 3.162277660168379394e-03 1.000000000000000000e+06
5.328036499734752074e-02 1.659947368698897743e-03 1.000000000000000000e+00 1.000000000000000000e+03
5.323788280498147063e-02 1.657195598005987806e-03 3.162277660168379394e-03 3.162277660168379080e+05
4.518233023377972446e-02 1.300558241393608930e-03 1.000000000000000000e+00 3.162277660168379043e+02
4.513426434172715385e-02 1.298531962747538496e-03 3.162277660168379394e-03 1.000000000000000000e+05
4.069880668092568099e-02 1.184255374257552193e-03 3.162277660168379394e-03 3.162277660168379589e+04
4.066045191041893492e-02 1.178160330625790996e-03 1.000000000000000000e+00 1.000000000000000000e+02
3.756014398576981717e-02 1.183262113426845636e-03 3.162277660168379394e-03 1.000000000000000000e+04
3.710337234202624318e-02 1.095374801627463065e-03 1.000000000000000000e+00 3.162277660168379612e+01
3.450772043956946977e-02 1.077842956370382056e-03 9.999999999999999124e-06 1.000000000000000000e+06
3.448929387699318366e-02 1.077042715496226563e-03 3.162277660168379394e-03 3.162277660168379043e+03
3.308242138664840848e-02 8.967195342932239533e-04 1.000000000000000000e+00 1.000000000000000000e+01
3.153055939179856548e-02 9.434318183412178154e-04 9.999999999999999124e-06 3.162277660168379080e+05
3.141585803657322151e-02 9.453696314321442503e-04 3.162277660168379394e-03 1.000000000000000000e+03
2.966444637268002629e-02 7.957358244691259972e-04 1.000000000000000000e+00 3.162277660168379079e+00
2.892630569905926124e-02 7.501187986643834647e-04 9.999999999999999124e-06 1.000000000000000000e+05
2.851231518039983731e-02 7.584801045975372987e-04 3.162277660168379394e-03 3.162277660168379043e+02
2.806021270546223828e-02 9.270001680586858724e-04 1.000000000000000000e+00 1.000000000000000000e+00
2.682623615414043636e-02 7.073631062673260174e-04 9.999999999999999124e-06 3.162277660168379589e+04
2.671090312122689076e-02 6.576648722400968514e-04 9.999999999999999072e-11 3.162277660168379080e+05
2.670632033717135895e-02 6.575498727023167730e-04 9.999999999999999072e-11 1.000000000000000000e+06
2.670383220483137435e-02 6.572258060901182627e-04 9.999999999999999072e-11 1.000000000000000000e+05
2.667769470622446959e-02 6.554190429669127637e-04 9.999999999999999072e-11 3.162277660168379589e+04
2.660943555998899687e-02 6.521936354215711763e-04 9.999999999999999072e-11 1.000000000000000000e+04
2.657480462522929243e-02 6.505308344473934197e-04 3.162277660168379191e-08 1.000000000000000000e+04
2.657038121921816848e-02 6.509266854503324750e-04 3.162277660168379191e-08 3.162277660168379589e+04
2.647241564482716997e-02 6.474968700622659497e-04 9.999999999999999072e-11 3.162277660168379043e+03
2.646161910226419930e-02 6.471445938363915148e-04 3.162277660168379191e-08 3.162277660168379043e+03
2.640728481909484365e-02 6.503627832004142770e-04 3.162277660168379191e-08 1.000000000000000000e+05
2.625457142629345972e-02 6.422137328149907492e-04 9.999999999999999072e-11 1.000000000000000000e+03
2.625109109028125193e-02 6.420223345545203854e-04 3.162277660168379191e-08 1.000000000000000000e+03
2.603465396253168418e-02 6.478459466903970562e-04 3.162277660168379191e-08 3.162277660168379080e+05
2.597359246216629503e-02 7.383417913602009991e-04 3.162277660168379394e-03 1.000000000000000000e+02
2.590446557241255637e-02 6.393637858186139531e-04 9.999999999999999072e-11 3.162277660168379043e+02
2.590336157420178309e-02 6.391948715890504373e-04 3.162277660168379191e-08 3.162277660168379043e+02
2.568296112054772179e-02 7.524769415187607113e-04 9.999999999999999124e-06 1.000000000000000000e+04
2.564091415561455325e-02 6.715043977309944744e-04 3.162277660168379191e-08 1.000000000000000000e+06
2.564018810728934186e-02 6.523083616423275104e-04 9.999999999999999124e-06 3.162277660168379043e+02
2.561757356164302141e-02 6.478835444224672084e-04 9.999999999999999124e-06 1.000000000000000000e+03
2.544928507002026247e-02 6.651670044649154534e-04 9.999999999999999124e-06 3.162277660168379043e+03
2.533392221165422023e-02 6.243634040961503796e-04 9.999999999999999072e-11 1.000000000000000000e+02
2.533360057706669083e-02 6.242492102240819636e-04 3.162277660168379191e-08 1.000000000000000000e+02
2.525448775781696797e-02 6.330180531843437050e-04 9.999999999999999124e-06 1.000000000000000000e+02
2.452050093191120508e-02 6.159666150909228746e-04 9.999999999999999072e-11 3.162277660168379612e+01
2.452041959820818601e-02 6.158930300386532665e-04 3.162277660168379191e-08 3.162277660168379612e+01
2.450006242781588989e-02 6.194411569929773008e-04 9.999999999999999124e-06 3.162277660168379612e+01
2.423470346519297422e-02 8.484254747053392555e-04 3.162277660168379394e-03 3.162277660168379612e+01
2.366487418787047506e-02 7.800268957638028296e-04 3.162277660168379191e-08 1.000000000000000000e+00
2.366487373237490671e-02 7.800257306585625704e-04 9.999999999999999072e-11 1.000000000000000000e+00
2.366486942199193949e-02 7.802011301962114573e-04 9.999999999999999124e-06 1.000000000000000000e+00
2.364992644104304750e-02 7.834560098050595165e-04 3.162277660168379394e-03 1.000000000000000000e+00
2.358604394617852193e-02 6.699174083138832638e-04 9.999999999999999072e-11 1.000000000000000000e+01
2.358603407595697907e-02 6.698833518493586998e-04 3.162277660168379191e-08 1.000000000000000000e+01
2.358219138232443488e-02 6.708488427693888199e-04 9.999999999999999124e-06 1.000000000000000000e+01
2.330411302388410433e-02 8.335969874209889739e-04 3.162277660168379394e-03 1.000000000000000000e+01
2.303695761062881514e-02 7.694809032580147284e-04 3.162277660168379191e-08 3.162277660168379079e+00
2.303695663576556599e-02 7.694841331272571231e-04 9.999999999999999072e-11 3.162277660168379079e+00
2.303646575143764724e-02 7.695582856399739609e-04 9.999999999999999124e-06 3.162277660168379079e+00
2.297406746202790631e-02 7.875169853490995549e-04 3.162277660168379394e-03 3.162277660168379079e+00
