-0.12318653209106234	-0.11585413819777016
-0.32483998769741174	-0.29257566792131473
-0.2926494058322646	-0.2846309516322238
-0.13214814581377965	-0.13420382877257006
-0.12716336357397395	-0.11064599136006265
-0.2829276139963586	-0.3160792505687968
-0.2763248021643179	-0.27555759061756635
-0.5064450828395035	-0.4980098636664973
-0.3594982950902912	-0.32285239924792025
-0.3615185995888721	-0.3474448295102236
-0.14933366714075724	-0.16172341439400925
-0.3584092435882038	-0.34217771959462095
-0.2914148984904035	-0.284279928134351
-0.25276726293899987	-0.2345051069369274
-0.33553780581015324	-0.33679207930716937
-0.3685039603238458	-0.4764067087133818
-0.3245809140064271	-0.32266609364042603
-0.49672367332802736	-0.4899003653586245
-0.1350550267984616	-0.16588227390915397
-0.2639050025730896	-0.29020234680926615
-0.22707589134112993	-0.31239396063676117
-0.04719783249884202	-0.06514320242105635
-0.2779771420664181	-0.2614497123338958
-0.447219145661391	-0.4353151239626497
-0.04262274653358755	-0.049181730905263545
-0.339765604496006	-0.3225944158766528
-0.17148519167047027	-0.17426915031854456
-0.05779671399325892	-0.05613290160008427
-0.06371231661428656	-0.06656690305334
-0.5277738341863456	-0.48747394088462487
-0.24725494660495784	-0.1989790531714598
-0.5313135859520965	-0.5400795258271337
-0.22938650185885479	-0.21774421113578374
-0.18402879401157612	-0.17626132568355096
-0.2915757356725255	-0.30113449805580916
-0.16474676969623125	-0.1810031849997661
-0.24146507865807543	-0.2659586970720421
-0.2624039298667036	-0.31414052729374237
-0.31408165646048936	-0.3875170285069249
-0.35947451650062767	-0.3518736685073123
-0.1621852330898026	-0.18050851452520333
-0.06343448702784471	-0.0635937988993986
-0.495079706008287	-0.4113344486834681
-0.08882923595256642	-0.08924133387301585
-0.26996824530822927	-0.2817452355167758
-0.3352524731323214	-0.32395841213895615
0.009053070629000182	0.03918244972531415
-0.3232427940992153	-0.3215121931584632
-0.49941725832111317	-0.4837558221949147
-0.05675858075014517	-0.22265240850076232
-0.16512892695793724	-0.18228184755950178
-0.11493439376646641	-0.19209545568826697
-0.2548519917192671	-0.24944050725648922
-0.21709831925806444	-0.24116309229709298
-0.035137094802855984	-0.05259996722729196
-0.1895619412542775	-0.1700040447445543
-0.06390320195542198	-0.007395868828750597
-0.36447936237629364	-0.3405014189426186
-0.2834681316770933	-0.2910756121953209
-0.26192345490866487	-0.38669550993626445
-0.3825638454928928	-0.39831212149384726
-0.3801532730539847	-0.36670495598732383
-0.2762166358691047	-0.275463568062708
-0.04628280784499594	-0.05109344870850377
0.008816431648311251	0.0222413746407637
-0.4716896514938753	-0.47186226814409926
-0.10283549923088842	-0.12368418158430287
-0.25063475653496337	-0.2321098756220381
-0.4359437687790688	-0.44666652274369706
-0.3532031680690171	-0.3611160734828447
-0.12400609450377864	-0.1495571838723846
-0.4138971725708753	-0.4202129350001571
-0.4962165807167782	-0.5944697056719896
-0.05424403979792913	-0.07088392733727396
-0.3501700137190831	-0.34613572372194995
-0.12083946110178623	-0.1282304929540227
-0.17614326513517575	-0.19529094409481476
-0.414897775637046	-0.3610804432652789
-0.1882949180020823	-0.17778618753819683
-0.4750319108407446	-0.5087800689292109
-0.09636880262234904	-0.08610460329256911
-0.2590407228848157	-0.25164492960056073
0.027607986420961517	0.03773668990597303
-0.13870470779053878	-0.11463882698869737
-0.017872972288576428	-0.003807229405701521
-0.30060153663054123	-0.33491904366668857
-0.12640952447567066	-0.1330382189780694
-0.0823346385184145	-0.09725880937593537
-0.529938701729324	-0.5292305372421532
-0.3326704973019172	-0.3337339376136067
-0.31811937039548965	-0.3264241867794301
-0.3916806123138068	-0.3464699780333179
-0.16656791517014735	-0.16481791000402896
-0.10837036364619568	-0.1100202406104187
-0.18730294294699856	-0.18356858479018207
-0.3963005523216854	-0.4352624507440234
-0.1931895705729083	-0.2085736978804359
-0.3573451317802192	-0.2460738141116851
-0.10302529125325144	-0.14616843446048006
-0.23875617340200073	-0.21145199577954205
-0.17310358900677514	-0.18716752744180257
-0.055201632872844186	-0.04320263104058905
-0.05318097201528538	-0.053522071753559275
-0.5155703081898251	-0.47174007596762246
-0.13142170131189435	-0.11926543411829434
-0.1389344430842545	-0.16635519784065955
-0.2704812777932357	-0.25836624648215545
-0.42986875392432466	-0.4094387057422712
-0.34190197849700876	-0.4561165324647698
-0.29337857454139815	-0.29594584489198056
-0.36181442523062657	-0.3685952585938141
-0.08814365476858654	-0.0723466755462532
-0.5577076206369727	-0.48674104141112967
-0.09704427439476149	-0.1279866438532664
-0.17371239894148083	-0.1725855648107534
-0.4134038105587585	-0.38097496241564194
-0.08577117121899391	-0.09019141982217624
-0.1466912284499058	-0.11347955692730545
-0.3873182043621757	-0.3630363037340115
-0.4308181485225031	-0.45008390665914316
-0.356196195497847	-0.2816127264712295
-0.4848780953932499	-0.4479286648150246
-0.16087844674159335	-0.1639775941837193
-0.11379565712274609	-0.0881613403963799
-0.0857687681051793	-0.08453931728256922
-0.40830815329335124	-0.36680995938795025
-0.15930233673198746	-0.13918312671850802
-0.45101531688823293	-0.47813401176876186
-0.07974298961147763	-0.08030465953175261
-0.21373238483858437	-0.30964134930594617
-0.12865501991639938	-0.1513193357431231
-0.301963762505304	-0.3087874727564014
-0.2453476180673677	-0.24527218187069694
-0.4031972065349425	-0.40923203811397313
-0.1369500704033051	-0.13572886141968415
-0.4737827004213937	-0.4094932319341799
-0.007329768761264788	0.007306665670809284
-0.07528800828577786	-0.07336595828292608
-0.37134920618579415	-0.3446898554174035
-0.40931846057985766	-0.4084554583267831
-0.14310843580067178	-0.1215476605284411
-0.3348392948046284	-0.3391773759158271
-0.24216583034085115	-0.27925819060268386
-0.23669348602818907	-0.2944986400365203
-0.2681552126274944	-0.24685940712368612
-0.5140077144121982	-0.45759780662667554
-0.3940959394461032	-0.37418705739811486
-0.2815730065473421	-0.24819600372828263
-0.18356227722915808	-0.19167978863109184
-0.3555473280826913	-0.3355308251844079
-0.5034309562097903	-0.4099736600487743
-0.3818047856611413	-0.3608578094454349
-0.3713087868205722	-0.36979986839269907
-0.12612963763704776	-0.13479474458424712
-0.3388221425288407	-0.339893564315597
-0.10148185551234334	-0.07985417313979727
-0.4959178312795327	-0.5132900163909349
-0.028609118551823798	-0.04044152464389017
-0.4274443507788739	-0.46446113177084214
-0.37699107333628756	-0.39744176412310067
-0.2977142209168857	-0.31617740703245495
-0.41576942726518595	-0.40510249667538917
-0.3986301174865954	-0.42563280530781594
-0.28729343555684306	-0.27581095312049897
-0.2732723553262222	-0.2742936257725725
-0.3662002958713977	-0.38370058517127303
-0.4939230568601243	-0.44887452867472094
-0.11318006114042234	-0.1392650754659012
-0.2713939046553637	-0.2926770707146767
-0.15030724875615853	-0.13453695767702867
-0.45962225331905415	-0.42968203437584634
-0.19924252503933904	-0.18230179333817786
-0.15415906992534012	-0.15245572271949404
-0.416096555119271	-0.44544991394463324
-0.2872965035927759	-0.28799978889053535
-0.17686885348243653	-0.14284219887274843
-0.1346154448305832	-0.13204626273854822
-0.14311444575275	-0.15744685915244525
-0.2414399082011327	-0.242244745278643
-0.06375352296231895	-0.040412630068935626
-0.47025786223897903	-0.40236239223556997
-0.10093432498130372	-0.10269890466037027
-0.3039296326465397	-0.33409706507970816
-0.3396451280529771	-0.3464843202830357
-0.380462122420651	-0.30706653687951846
-0.4418570742400387	-0.4591728669262507
-0.4326217160020569	-0.34821624304657833
-0.13971183416162525	-0.13787027278982514
-0.18586106368750777	-0.1488750329434802
-0.35274388326993034	-0.3345102999233024
-0.277678270074011	-0.39837708870214605
-0.20646743304600612	-0.2053807493951949
-0.43743049607501483	-0.4455378085671543
-0.07337878002026166	-0.07928001051883403
-0.12931128465414954	-0.13697476531825692
-0.07769868447884498	-0.07842417772741621
-0.27308129696401195	-0.202617837594668
-0.23918757495034892	-0.26498043548842404
-0.08638980685971376	-0.11278276210113472
-0.28217513729558785	-0.2736447364290874
-0.05557563892361195	-0.06708134330673364
-0.0682157570445705	-0.07053963677979787
-0.04687938554999871	-0.04753553995353309
-0.32811198615382153	-0.2978630282612557
-0.4568815207639947	-0.43121913416177987
-0.0916353239164085	-0.0912425434830942
-0.32787724099271465	-0.3412085506402961
-0.14346388674021693	-0.15632133198596554
-0.37775976878399486	-0.36260121694550207
-0.4234587379135073	-0.387729648375343
-0.040791797974657484	-0.047008817156476576
-0.4467988827014331	-0.41662550312877206
-0.30564489975880527	-0.31061059964585647
-0.42489998972134124	-0.342097905513308
-0.39642289976376954	-0.45682955299937356
-0.2205497773074203	-0.1814888498779968
-0.30997367397466924	-0.3251914850441164
-0.03634980426348555	-0.05713318666977961
-0.33985785825371906	-0.3110402860757557
-0.14081736181092808	-0.14347475443681207
-0.4573815157949621	-0.44663272376873203
-0.23456766511780192	-0.24127424969505146
-0.31901473601149277	-0.31664966805319
-0.18864782137551117	-0.22440775095397397
-0.5010239594585766	-0.4888788022695041
-0.27101117753519155	-0.26485054903412547
-0.31676079438656046	-0.31314217532128263
-0.05956967052166462	-0.06682463968335137
-0.34703978034828253	-0.29142872342938964
-0.14065850605125618	-0.13081051863089457
-0.0937555285559899	-0.08960082636621013
-0.30910766992116123	-0.3111154079851409
-0.24898627612875757	-0.235323470375364
-0.05416061313542109	-0.04846523866094099
-0.4990166207091713	-0.572166063400199
-0.27586650968923365	-0.27745167767784906
-0.33993639055902847	-0.2988126862912688
-0.30416183167602195	-0.31909607250364586
-0.23425722315005348	-0.23249299061068315
-0.3350556149262385	-0.3306189925565117
-0.537021496751418	-0.5382200726206885
-0.37388706785885617	-0.33043066775933494
-0.12485339617725444	-0.12872080267640215
-0.4303058110132074	-0.40417469671232137
-0.5179090230719341	-0.5242524289761515
-0.5028667562286309	-0.520501651673976
-0.48319632060305473	-0.48170131718793685
-0.06328816717536423	-0.09721179212464695
-0.44131463007654936	-0.4554080254301747
-0.22601501168360993	-0.20311980887595588
-0.05326061485743239	-0.08309859376789817
0.07384980194698088	0.07031451877165489
-0.3770965000015245	-0.3508348396441645
-0.28420910575943825	-0.30166586039577525
-0.169445581305542	-0.1860801816508257
-0.6139983735020245	-0.5943841439369106
-0.15818522286345704	-0.11692371960294111
-0.3125288962056949	-0.32356079469142063
-0.34760703038728114	-0.3556021713182461
-0.18534125643597044	-0.11068690970539377
-0.12637662441689557	-0.14618680002102663
-0.06007594674152461	-0.10879607128338156
-0.09629336968933	-0.09552174334420428
-0.2958172053016881	-0.30704721368755034
-0.17751864660213812	-0.17066521381222322
-0.039026262200778206	-0.0495438827661381
-0.17609481274646122	-0.14978792638424343
-0.18923217109531087	-0.19822625515830578
-0.3123830526202642	-0.3326755922333727
-0.3114644387746033	-0.18447755631089002
0.03708063501464931	0.018712074931606513
-0.6101720974406426	-0.6048348636651365
-0.18173775801263936	-0.19404898017101682
-0.34924339089073975	-0.3169677358550559
-0.5310550256064523	-0.5613775852010152
-0.29547683478906883	-0.28652278166116885
0.04854652440249918	0.058305553165535484
-0.34155116276139275	-0.3379970446397545
-0.16463340552572525	-0.15624991716421832
-0.4940024525850948	-0.4998817896626446
-0.14270812295359825	-0.13194088974804274
-0.4713834347760475	-0.48157470993400947
-0.13078534576286316	-0.13703684591942022
-0.19937976021906323	-0.2085535813702904
-0.47741610085028796	-0.4908816056050748
-0.3905432458663842	-0.4502838699421155
-0.19206532839824408	-0.19877425343159702
-0.4565764256260856	-0.4574402737704987
-0.2775593346318299	-0.4171359735622302
-0.5450946574077795	-0.527681033672056
-0.3445822757968582	-0.3325819410983524
-0.2867332109716001	-0.34177115736614033
-0.10934429597648965	-0.13515235254165556
-0.12248076880534597	-0.1348506707179048
-0.25577769037743003	-0.17768334214465528
-0.3680811398319772	-0.3298966207119463
-0.18076401543122333	-0.16726527388531154
-0.2166817387137865	-0.20821002271835704
-0.474651387029807	-0.4583601255323037
-0.2887552950644334	-0.31489081948509684
-0.28925488268891186	-0.2935543140743405
-0.13589451606740965	-0.13108119363303122
-0.0364018933368504	-0.05282409514200602
-0.5692769449759592	-0.5145814443933293
-0.007528615023773	0.019511433899056685
0.054643102735848714	0.036481497022974464
-0.11820852194149367	-0.14911972909094573
-0.4421970163601152	-0.42978733917479006
-0.5062794833107613	-0.5445950476234336
-0.20948335322560396	-0.22774487253118297
-0.47011040380630664	-0.4784203714006943
-0.08481261729451184	-0.08690441018938688
-0.2453057053705976	-0.23820504467598955
-0.34141931594413144	-0.3152136924228875
-0.46809946239744704	-0.41952447889021105
-0.1988512682011354	-0.2160212459086467
-0.16549875189721241	-0.24446790771684457
0.028806119366057814	0.026096755540943175
-0.04698663933674574	-0.08868020188774235
-0.34489171494575643	-0.30164318492877806
-0.2686308277655236	-0.27788714964277783
-0.438425024281468	-0.38988655069589356
-0.6126148997178227	-0.6040232436588073
-0.1747286941869861	-0.16877531410452287
-0.09976252358859572	-0.09626986036770463
-0.2880751055744213	-0.3818705684081045
-0.27632032029380404	-0.2694334544166124
-0.5176045486906746	-0.49151706650922317
-0.4787192193789771	-0.4571478225690826
-0.42450805509313483	-0.4291091978614698
-0.332695275181349	-0.2715050907994026
-0.1937819313566269	-0.21913124934447195
-0.6122094041759727	-0.616687057582315
-0.5168817645756434	-0.502905223032268
-0.29551558467358774	-0.3134231001438826
-0.3058472374741381	-0.29596541430012857
-0.07613396810447437	-0.08070576971254301
0.027463879980921035	-0.0002247519178260342
-0.012349352592091023	-0.017927320077228335
-0.11613916425740989	-0.1205571959353587
-0.04222845079558191	-0.02385864095936333
-0.4452746888707395	-0.4573980872318212
-0.3146866093821288	-0.3107955304484287
-0.5112579359627167	-0.5081815056346046
0.01237035774144779	0.017598572014864405
-0.4125825981008413	-0.35193464638113753
-0.33573172543784224	-0.3285134747509827
-0.150825956385237	-0.19257361460731595
-0.13066811136439593	-0.06678114887709112
-0.021508195296609856	-0.04352771421162756
-0.39257315485327915	-0.4057692048232386
-0.14651824727756235	-0.10563792698020574
-0.4617275017789737	-0.44800806653719644
-0.33952862955120366	-0.39525244371871854
-0.15124559400410043	-0.15302674448831396
-0.22142627016876926	-0.18682234820350946
-0.2200326560396224	-0.19238964470673806
-0.04109577829550748	-0.12440736061859803
-0.4707595112555474	-0.46920177461883433
-0.6186836666932063	-0.5244786973878506
-0.10671759918989387	-0.10073311243589472
-0.21797336314983795	-0.23622855856444666
-0.1694847267028825	-0.17924782825179353
-0.455154511514519	-0.43700339020272205
-0.2974700281191103	-0.28853401379755345
-0.629086734833928	-0.59363305453933
-0.2638736681710725	-0.2929853505367579
-0.5602058341100022	-0.482116254588869
-0.05583043019444922	-0.03903448810195341
-0.12818680361133694	-0.1336477653835659
-0.28894618292292584	-0.29547907200600715
-0.26134319921690885	-0.23671041933448314
-0.2632186018076972	-0.27009234879843474
-0.3739387929398337	-0.468278271442001
-0.1643808212602007	-0.21955868107848123
-0.2730304797141194	-0.2908038787785276
-0.03323059580704246	-0.021655932071513243
-0.3419244838759763	-0.34014748809082673
-0.48117330738396547	-0.48017901337376045
-0.2748553193561172	-0.2820156194994288
-0.179315262047135	-0.3009979607079982
-0.15910716542986858	-0.16624475179676257
-0.23790836574034468	-0.241831039661555
-0.13247049999304128	-0.12489082730896242
-0.2190463655404038	-0.22493098649913104
0.05856564276089582	0.037463901628923796
-0.0030110035924364453	0.016607057856208148
-0.289749676604961	-0.34910626468065015
-0.28766507036685685	-0.27509275704726494
-0.07797444019380784	-0.06355590588855677
-0.4875511802129662	-0.4622268898046254
0.07628435176180837	0.020774077499578193
-0.09595398889259954	-0.1094160209765185
-0.4787870336250366	-0.46571539811771057
-0.03195343391097616	-0.047297453236720216
-0.27254755559859234	-0.2819307394746239
-0.18665928857792657	-0.1934246344658408
-0.12154629300098918	-0.12954159746114954
-0.37279119627540513	-0.39847613806426885
-0.453688956008369	-0.4522607263258709
-0.6241905902952478	-0.6250964699537397
-0.20242373658824064	-0.2222485249256601
-0.34655723265976945	-0.32749477810190325
-0.32029677174248317	-0.2597463571489925
-0.19116753236023598	-0.2271589394140401
-0.0398704985586571	-0.021626283874526347
-0.31315903304746406	-0.31127811551385
-0.3357533494151319	-0.3200354629572048
-0.27555188563382416	-0.2808464783872994
0.058569489593431	0.06678647059626958
-0.17440098950378058	-0.1603459523125698
-0.4869232484375736	-0.5124467421491542
-0.5043079727760791	-0.49471999757205776
-0.17219949389754063	-0.15687057554166647
-0.049473639996428176	-0.06356587905125183
-0.5569569700652233	-0.5325038165697323
-0.34468722037139976	-0.4149624622939626
-0.5178397130740784	-0.5110387031298458
-0.2667193041926552	-0.29885518600644284
-0.49824600664215524	-0.4308959555156807
-0.14984904725518788	-0.16101427372987484
-0.07948064230140339	-0.13577174257843674
-0.1782651305319778	-0.17702514775809822
-0.335319859046872	-0.3151280386897307
-0.19367895786727374	-0.1894563214386906
-0.3874355169426327	-0.3904195588001829
-0.1278643573742606	-0.12962676543358106
-0.08560690065151455	-0.0850809419122653
-0.2837083826689861	-0.277155376248451
-0.5075607040869938	-0.47610677087386266
-0.10424637849075946	-0.09890903987434393
0.04844165291927727	0.04653808587155287
-0.052318362566166066	-0.033512744780709904
-0.32812487253080036	-0.3759629672035092
-0.3699570698005754	-0.3688236533073256
-0.07443396972715632	-0.061108952261041495
-0.17680017892299915	-0.17069527576712223
0.035080441603225765	0.022458043640228752
-0.3130208548827387	-0.2944752043334506
-0.3160711311395481	-0.30911638254405976
-0.16566109608159607	-0.1352215376515729
-0.026577635379474884	-0.037134374470553615
-0.3128032861267904	-0.2948492401144222
-0.0972802022348489	-0.09515673767616104
-0.17939543319307383	-0.28225758227663816
-0.35253842258177315	-0.3372385360413784
-0.044336071647371966	-0.05025148144909735
-0.20763764941618668	-0.19298155724714483
-0.08612235437017457	-0.0912897424165147
-0.28156807116007876	-0.3081171395054092
-0.0824704578692188	-0.04396582975815982
-0.35277912942782397	-0.3597811012278848
-0.4909345271146375	-0.4965285534501923
-0.588559310843829	-0.5450981934267689
-0.33923982300012945	-0.3074412171027844
0.07920586767861515	0.08230248718057802
-0.45964926597774713	-0.48173329106419005
-0.19118326714785994	-0.22713624851152742
-0.16277260358012047	-0.14938299306208205
-0.6344656763295511	-0.6250940444614171
0.09535284170558977	0.07968967658527168
-0.26645856915681954	-0.25944291837748396
-0.17577305274915922	-0.15911127199793748
-0.1339290795395165	-0.13861371233321054
-0.18329640273362635	-0.22375999197144858
-0.3193044425612115	-0.3219614642017482
-0.24858405258570304	-0.2474826501657091
-0.1878446410096588	-0.19063098765886435
-0.08124583375881578	-0.14066551929917276
-0.6173608859204442	-0.6217861570105581
-0.3124335672888927	-0.3120689279632975
-0.09507350701765205	-0.08305037497297825
-0.30762601759699937	-0.3177872936004485
-0.4129728280840652	-0.4375469143875405
-0.27303741855635355	-0.2827452083992347
-0.09722563117445304	-0.14099024979582772
-0.16577093827928113	-0.16861170688427227
-0.19055094162706787	-0.21046410862396592
-0.5155736040924559	-0.4869936791967833
-0.2804088225711876	-0.3589188399359908
-0.09356393299043297	-0.1750234374461075
-0.5443923904762187	-0.557660237152454
0.07936867416625137	0.06414886408952995
-0.16497954793689829	-0.20365050900517756
-0.5443307828426063	-0.5030507798139505
-0.0032982263212613105	-0.00080572077837704
-0.1787571424786698	-0.21387265643911516
-0.49067503682675717	-0.46910631814885195
-0.33563292234182285	-0.37727581469881644
-0.4296905723846711	-0.4181407097609341
-0.3378284671295937	-0.3240375661185235
-0.3630213454557829	-0.3111362560127889
-0.26995035337152906	-0.3040382527084475
-0.2668173586665503	-0.2813907108794537
-0.563213667007405	-0.4879787523260584
-0.3818373055716089	-0.39396110131973544
-0.24085699115496872	-0.2289031392936038
-0.09545244170046807	-0.09604307622231323
-0.17140468194508962	-0.17686194500398572
-0.3186711254478176	-0.3358156788120543
-0.28879976037602173	-0.28453310582997554
-0.04517354047279731	-0.05525643888479552
-0.4829471636941971	-0.4646679733695956
-0.5364870453757646	-0.48624219624595816
-0.02778346431679246	-0.00012262655650349728
-0.17921277608350294	-0.17606237398397268
-0.08787988710703853	-0.07433616347260853
-0.5117570962310314	-0.44955756411679043
-0.23117173948334457	-0.25748487840411105
-0.2731770760107235	-0.29136121997332914
-0.3431404113334775	-0.31908733426019
-0.1855795586227691	-0.1791284716774692
-0.48123261186785093	-0.4988373882349321
-0.16502592640675573	-0.13102884261652983
-0.4388076634846918	-0.46275007768704485
-0.127042999448423	-0.1323101216980673
-0.1790625169812703	-0.17221948550058702
-0.2414409023954276	-0.2438190774465092
-0.3216295987528657	-0.3125253989788026
-0.4799985835258891	-0.5039894282011734
-0.3458133217361796	-0.2911600562598313
-0.36626754297932784	-0.3711900732293712
-0.4689233492474765	-0.4574377416502419
-0.040483991348393644	-0.10574450783062166
-0.07266559972223785	-0.0582481472618734
-0.29503841859841184	-0.32645307646315475
-0.5984547820055353	-0.5967444628488503
-0.28867819801646455	-0.27357145097056157
-0.33963470665673157	-0.4145967297757489
-0.17743385126040145	-0.17005965168672993
-0.47251082822049817	-0.4676545609340109
-0.21537198210829267	-0.22807605831531177
-0.4128748091941299	-0.3832707784931732
-0.3453284485973498	-0.3442322974355168
-0.11604024963128623	-0.10112794420874897
0.019700955339320814	0.05936336680377464
-0.1845429712395692	-0.1846107016278976
0.08807775002508134	0.06159871833058052
-0.248472019774578	-0.2635381179178425
-0.13855765345146764	-0.19023673791758997
-0.3122938650249649	-0.30143082982796093
-0.32096417354973017	-0.38408476926515117
-0.3492813086565292	-0.36164938341822106
-0.29394188765363616	-0.30149515124239146
-0.4845932137744766	-0.5080766320754321
-0.4713995621692959	-0.43744260873426316
-0.45259859792955837	-0.4524699895773101
-0.16585595083182536	-0.14409361357702433
-0.2797595694461821	-0.29081811503634114
-0.4970995344349838	-0.5005114984273301
-0.6090219980751943	-0.6016504239527681
-0.09969337192154448	-0.08679463782767498
-0.17186286759320524	-0.2261722197826135
-0.11129132730350744	-0.10386923125099043
-0.37518169742617324	-0.365619862497625
-0.18637836074663738	-0.18171622646816335
-0.03896318749903216	-0.036868232885120006
-0.04667015000354713	-0.05191179245465987
-0.09755727128312586	-0.08622968514490228
-0.43350551969348494	-0.2575390008191784
-0.06158228237458907	-0.05601654298411613
-0.6147181425827357	-0.6019317711155057
-0.31855595703758155	-0.32282504709174786
-0.5384518223570218	-0.5193662170606472
-0.3274806317819472	-0.3314621509428834
-0.13666418372663092	-0.1388759433502818
-0.1791138536677046	-0.1783068454904156
-0.1198587478516151	-0.1105424918534402
-0.04490962701161649	-0.07031554278234292
-0.19304149582753727	-0.4657476492276199
-0.1278931253179234	-0.1401478063160646
-0.20295939139311692	-0.2209462993261457
-0.3562553549648495	-0.35764902166502643
-0.354098296273504	-0.32778310770767105
-0.16177190522759055	-0.14516066426372398
-0.28715862625361765	-0.26896986019483843
-0.0859000477426326	-0.10075920009132242
-0.30980690872315186	-0.1425356154947507
-0.2791850115902914	-0.29669623522920424
-0.2572054651720812	-0.2569186245402334
-0.17621720396741658	-0.18360158208688454
-0.46483602640916644	-0.46161605180389587
-0.43536587687037276	-0.44828519373360254
-0.1085844858520364	-0.08915522131734635
-0.2869140385865254	-0.3596737596567089
-0.0502261606510217	-0.04299190681855526
-0.1798206452149813	-0.16914013209359438
-0.5678753979052642	-0.5623486565602582
0.00839201928972777	0.04203539838871522
-0.23242296783477734	-0.26139751990724625
-0.25837841733247835	-0.2713885983373537
-0.25452637342463724	-0.2719052050234147
-0.12069012499420317	-0.10219921936245255
-0.17192322709648167	-0.24427268767130966
-0.3885234237214492	-0.2600916918226135
-0.4492197244429059	-0.45036693350291956
-0.5055118882884502	-0.497683476921431
-0.19544917445742982	-0.154354704518927
-0.5170471954431122	-0.5468017378321629
-0.23535680720129193	-0.1857168753956706
-0.06452086577066041	-0.07211349237682724
-0.13127767528009127	-0.12023039764523412
-0.26860844677954177	-0.2832803666502366
0.005212454607628203	-0.10103719671990241
-0.24515620758968737	-0.2586962982700324
0.0669559744352286	-0.06902896051918679
-0.3617201414893181	-0.27584652012582334
-0.3030173054235661	-0.3553811666239332
-0.2974990420305579	-0.3142426452659061
-0.0874504837531882	-0.0745955918689676
-0.13973873236829526	-0.13877694819212955
-0.3084501913087223	-0.31626040395000604
-0.39899851504363504	-0.2863332933851391
-0.2492069570743265	-0.24369987127741688
-0.09886595640906748	-0.09888254846683063
-0.17961650953116326	-0.17659660035061497
-0.05867094069735046	-0.05465307615964694
-0.3378208515442367	-0.2923356246447872
-0.47918449876992053	-0.47014393525680825
-0.049433256375238877	-0.04586882692715489
-0.47608649986824236	-0.46870107978612485
-0.3380283513937563	-0.3514442148690289
-0.3072619706430917	-0.29603542471858
-0.4139785176568287	-0.3454445459837193
-0.3011519574089796	-0.28648719431845926
-0.14402307962465954	-0.14546015319745137
-0.4050034565861136	-0.4084465023599673
-0.34669436030338296	-0.32024982075484976
-0.12861139738826388	-0.11451219348691712
0.06372142054290819	0.0399902679959133
-0.08321308360459945	-0.1708239470676078
-0.38220976876760737	-0.2759711838096796
-0.44435628685161	-0.4036782106687398
-0.3229756846584628	-0.3164255888632313
-0.4340103000832034	-0.5040073223855659
-0.5655780322464832	-0.5390265585434207
-0.37445900745653304	-0.38047526843770807
-0.3149409534610488	-0.2803107688697634
-0.04506632627497531	-0.04806544366939369
-0.1896473471354554	-0.18568320745698383
-0.28514715786772804	-0.29263191194954824
-0.299688686908798	-0.2628212071235107
-0.4861375074751413	-0.5122301896323768
-0.13127910483348337	-0.14017119823685958
-0.5500724401493855	-0.5457455277785692
-0.4097707738291785	-0.4168995663862142
-0.4856499875586602	-0.5099309618902206
-0.2700750110548018	-0.2740052175835336
-0.024545265219016343	-0.0359120305960051
-0.3663199877096801	-0.3718558384044616
0.051148227414683944	0.06055214331446999
-0.1808157782570312	-0.1852202237370312
-0.2963597634914832	-0.2814337968314871
-0.2697977340417088	-0.2734403055637248
-0.16925362876872274	-0.20617906066154496
-0.08504065155649876	-0.07662903933624543
-0.3685838493989362	-0.35801852034729154
-0.06741580895471877	-0.09677096645294478
-0.33189139762002107	-0.42785611494103787
-0.058935811486190204	-0.06839376214588393
-0.08852040069493139	-0.11626821038660758
-0.18940589924825701	-0.18794412520687812
-0.2822201919255214	-0.30637979655730807
-0.06185447043594294	-0.0763562940624933
-0.47936348268981543	-0.48369301944987475
-0.2840496880242789	-0.27781225623113415
0.0064785931524848905	-0.020669787720586526
-0.0015149904944991022	-0.03002987463781433
-0.25088602775810465	-0.30634308861347825
-0.3731594618421603	-0.34543384252279036
-0.09360539482354113	-0.11092195474089449
-0.19987516555363172	-0.17586903424839168
-0.1058653603371793	-0.14182572445023225
-0.0981952557266057	-0.1215611328000704
-0.47777233856537027	-0.4750171135843777
-0.4670602971535125	-0.4109599649045486
-0.012218585694864004	0.004062016749788824
-0.08464306672565058	-0.09485851291693516
-0.5450167022590762	-0.49547245859175415
-0.4847835903918698	-0.5172322400147165
-0.2929015312797638	-0.29715088648330384
-0.15062519528351181	-0.16978866877925397
-0.20701929748554537	-0.21649839154109493
-0.48055202390371043	-0.4849419390326452
-0.31866044030659424	-0.30985216418660727
-0.45670360694080436	-0.4631873383327398
-0.1917389767288764	-0.2526620990266325
-0.26462214140151197	-0.2094988189028234
-0.03188997779381175	-0.04815455407176651
-0.4990780864880877	-0.5003823303626994
-0.03340284237440816	-0.01792434851276508
0.06411877975980662	0.01401328220133556
-0.06799875637280817	-0.06845031107395581
-0.4266891457479307	-0.4125648653603147
-0.1003347440379736	-0.0985323885182242
-0.1884560889223259	-0.18771133039063817
-0.4358559442026415	-0.43117846427342915
-0.15948402509387005	-0.16899970284707944
-0.4867493191809178	-0.4721701932842541
-0.256506370286683	-0.22948212838619106
-0.16166733111135034	-0.1624493453551149
-0.04348755704757856	-0.0347772407028465
-0.06814969737950882	-0.09177061372229371
-0.07365545825090614	-0.06523694066911424
-0.08178869756038942	-0.09452485022324379
-0.40516923423868434	-0.4049039539331791
-0.43964286224445104	-0.4625973333977373
-0.11284086097841772	-0.10782657958639814
-0.009914663215203845	-0.020884435944166314
-0.26566377274372055	-0.3574207672338157
-0.16647933068002985	-0.13570655375824406
-0.26333964517225716	-0.32408092066502053
-0.4413062979834006	-0.41818391062902444
-0.3569090304988993	-0.26275973136723535
-0.10917529687637462	-0.12395298770745022
-0.4163599203116011	-0.4391457991683316
0.0002579046819173314	-0.019822878016827153
-0.5164851522562515	-0.44069319471722845
0.12346602726291156	0.1684401577126296
-0.5512174243762349	-0.5521078145093287
-0.03151784580033912	-0.0557611729861407
-0.08114227073543923	-0.0907410157641546
-0.03604048905074997	-0.05857490497361297
-0.46225230747781687	-0.4320145857054499
-0.33167277068585577	-0.319219998924218
-0.3931039357257866	-0.4300379067888832
-0.17684729803923904	-0.20299548481508028
-0.33114204512646683	-0.4291539731260574
-0.13374546388195796	-0.13972272689397594
-0.06001553732622966	-0.04899311589234898
0.04231335379406165	0.021703972028463588
-0.14256715768775408	-0.14809999366778553
-0.3422477473104433	-0.339444569207014
-0.4865653399337919	-0.49593073078973976
-0.584279670778864	-0.5906084378273324
-0.31206141563760337	-0.22361430663030565
-0.09953503564188004	-0.126726755133965
-0.08473335127369719	-0.09852797303230472
-0.3013335227193785	-0.3234979510679281
-0.2238729396338961	-0.2000276873976894
-0.19839815143603978	-0.2069242535157246
-0.32857078812791585	-0.3383798308034124
-0.22441782885759132	-0.2114122885553236
-0.5265966864975482	-0.49652566819145755
-0.3250543115551441	-0.2941812821300477
-0.10337469620671413	-0.09954685376612736
-0.2971159368134071	-0.2797160040534748
-0.08997699111004565	-0.10329289482071774
-0.1444568182062742	-0.16260807950307218
-0.17145986440174	-0.15369066547412719
-0.08204151992767628	-0.07338953730987081
-0.3027875083828331	-0.28630256111185143
-0.11465366977474645	-0.07795251973636153
-0.1289623782107716	-0.13553965678382965
-0.28155874543027437	-0.29983699544840425
-0.2870874833513888	-0.26152816109985094
-0.2647308098984542	-0.27653901681765025
-0.4451962488770569	-0.46464537674018613
-0.1284754129278074	-0.1423589870683
-0.16327530134913282	-0.13135211646483033
-0.27646272967787944	-0.26178415959696916
-0.19570885430784024	-0.20242857535778322
-0.4591694953433336	-0.3695896150552578
-0.3218090785917749	-0.3015479112541201
-0.24593594575287892	-0.22525664222773104
-0.2987517896077776	-0.3566803133576675
-0.3158783634218425	-0.3344684326615356
-0.2536384505105538	-0.26397173024839604
-0.10069492754471199	-0.11315661431732219
-0.20973692835572244	-0.20587190093690988
-0.42987480403039413	-0.456085178070912
-0.14368166664845816	-0.12951279198333668
-0.015989430347980615	0.0168667561723632
-0.5050711060078585	-0.48550052317186826
-0.28959638723178216	-0.27102453088118483
-0.61799486297447	-0.6093400927158167
-0.1952230504076775	-0.23111628717082697
-0.486861196964381	-0.48421919582861345
-0.41757712200627495	-0.39672149928306605
-0.36275159539344237	-0.3595228255191552
-0.4592349206708528	-0.43843818309027344
-0.2605340871910382	-0.2637649552840967
-0.11516441318105741	-0.12944844490426974
-0.3977471987733381	-0.42023176327124867
-0.1270044099135763	-0.14320105927977123
-0.19370258539416163	-0.1511324535536274
-0.329319661181362	-0.322297288284822
0.004917638480842257	0.021193771798820222
-0.18760130536674335	-0.1966282469929385
-0.1720344702772545	-0.16259963654831538
-0.014170154449178796	-0.01772757375892086
-0.09185676652553099	-0.13207690432908145
-0.15622641178653218	-0.1675164590632492
-0.2971781951325969	-0.2888880919985568
-0.6119288270847889	-0.5984943145919556
-0.23520400009916997	-0.2147878159409043
-0.1358036645669971	-0.13275225068999572
-0.4884162470480131	-0.5079066177271844
-0.5682580214892594	-0.5232445708426717
-0.29632625040849625	-0.2886266402713725
-0.07554995205943182	-0.08089716216974069
-0.23103929876029738	-0.26790210247359514
-0.14349240518395057	-0.13447643120435446
-0.08087516345743495	-0.07722878094462493
-0.20557986186802957	-0.19676178513110898
-0.18846778969917555	-0.14278665235885565
-0.34652541559817873	-0.35251348003759625
-0.4053568285986726	-0.415610197941974
-0.012757060700531397	-0.01506412053297604
-0.16098561913971743	-0.19758089467681497
-0.31268120704556956	-0.3034685413252659
-0.11198252502892814	-0.11326548783670175
-0.4658454168466317	-0.49533282708096726
-0.07392125383442316	-0.2268647616211299
-0.3215630127594409	-0.31699052203947786
-0.18462613341534695	-0.17723403247947533
-0.22237966013262955	-0.2381650211688931
-0.6258874130500391	-0.6184370631590133
-0.19375320177357036	-0.1670321420239086
-0.10840224180095959	-0.09651395201066358
-0.036660677460518265	-0.06048806251913521
-0.48472392256966135	-0.4802945228561665
-0.19070201211881255	-0.19257709299200856
-0.23002905058275225	-0.35846233487237494
-0.03996472571215648	-0.051935936678001254
-0.4403931961077623	-0.4277783638481735
-0.14139115509952838	-0.13048009743394012
-0.2257345738174994	-0.1801880622749591
-0.06070174300308562	-0.07847459814501806
-0.09968581215522843	-0.11038723179676345
-0.3400890042074298	-0.34015603138065675
-0.20067905377891826	-0.19215138815182367
-0.08277397585281676	-0.07204594364767267
-0.27252346932668203	-0.2880552834250308
-0.21374839964905057	-0.2256319244249829
-0.13085679470355593	-0.1345223403145226
-0.2753788340636758	-0.2792117513707789
-0.1730959565093393	-0.16346767123252798
-0.43296576681882293	-0.42727056514743805
-0.22519593634678614	-0.1942972706651586
-0.33737685636913994	-0.2968391576174557
-0.3578823968252056	-0.35775603278859847
-0.3761610806135707	-0.3467992331656551
-0.1907062142998246	-0.23145491527536735
-0.0831633895262236	-0.08398326966831474
-0.28781328615679147	-0.29740025192951713
0.009043978695173038	-0.0013089084038767945
-0.1762554285815625	-0.16828714298295097
-0.05193409197031862	-0.08529061781209091
-0.38639650234440026	-0.30243612315528046
-0.08857288855101508	-0.1057122556083987
-0.29948754655070253	-0.2931791582618391
-0.3376232982314402	-0.30983951485934297
-0.12706120644047036	-0.12229641578338336
-0.4456780145999346	-0.4151922790704842
-0.45580395111619776	-0.46305024291409835
-0.5661735992918704	-0.6062933923474989
-0.11845393921980563	-0.1983893322315334
-0.29289016237544185	-0.3531266102424353
-0.15941739111099196	-0.16945087150121574
-0.16284707046309066	-0.13731603370847328
-0.14453607343251385	-0.16590974152520202
-0.11088396970995973	-0.11227231022114076
-0.09648954578882751	-0.11773456042645825
-0.2497545935904828	-0.27508726222441077
-0.3052100153806556	-0.2975257546827982
-0.14079986949622025	-0.12842284639211202
-0.2059486728964366	-0.19069019729799233
-0.2595630042294621	-0.2693616111397907
-0.32477018638353705	-0.3153484057638811
-0.49218489179607694	-0.5043799691237554
-0.15757902543054847	-0.11583951363757736
-0.3983876192606264	-0.41571022399201013
-0.03838332650091392	-0.02900207886844332
-0.309573042014196	-0.29645552624748656
-0.03357236375271633	-0.049454720085275496
-0.27538444843903953	-0.27607492199911476
-0.4513337521690932	-0.425947768766246
-0.3358287886456228	-0.4765266356361199
-0.2673066798796526	-0.252463559121128
-0.27535375546785623	-0.2722761703570086
-0.32593120462951397	-0.3296033543766725
-0.48558307262520817	-0.4858447693487208
-0.15218511661174894	-0.1521585265148038
-0.26972046245949066	-0.29241419470762015
-0.323227100211116	-0.3327887465105262
-0.2728606609460167	-0.27976186769428996
-0.285158772428991	-0.3094259756430833
-0.10317748728900789	-0.09251523875599015
-0.38990640029125245	-0.4156428146864096
-0.15654313059753022	-0.1593841695052225
0.056568207554803074	0.06873248619197567
-0.2801763383317173	-0.1836516364225099
-0.273284312144928	-0.27464319622869315
-0.49658071287321803	-0.47910534948442945
-0.03818573146294302	-0.037623208715777595
-0.1803704425861543	-0.18506603573826275
-0.4428278161553001	-0.4549683532000455
-0.42923189070326195	-0.42921867812924636
-0.44320899959557103	-0.4682922623101524
-0.2104431922070944	-0.15592108688526046
-0.2049110389686124	-0.19438322274316383
-0.4120248463465028	-0.24466831114081922
-0.23307065451322906	-0.2606745031014953
-0.15890365572382414	-0.13431345449633772
-0.17147093610213737	-0.1755495764196097
-0.13330474202762765	-0.14301819183219183
-0.3775903088397943	-0.3209987043968422
-0.15087024579511787	-0.158558346567731
-0.413626218791733	-0.4063173144408608
-0.4112285267426099	-0.3843839716936208
-0.5137323319389999	-0.4511089231161976
-0.3108454177836766	-0.3239696764771879
-0.12447412306373451	-0.11514653378333704
-0.35787851198611254	-0.3546776431600851
-0.08806291946168265	-0.08990182020899279
-0.5019269093607654	-0.4832627263701475
-0.3373044785133743	-0.32346084718624923
-0.2657351853362879	-0.24615713665332667
-0.5161472936213372	-0.5004427324013654
-0.046265796707912976	-0.038457946553742045
-0.16770708561726444	-0.2975630820240487
-0.40668443920325625	-0.33745788919438446
-0.2797780054770538	-0.2659852622619029
-0.4876095552500228	-0.4273514633896609
-0.26644883095929295	-0.2774222896488908
-0.1498648206725468	-0.16358471084773013
-0.32577767032553595	-0.3166205490457989
-0.5228909135307447	-0.4637731630755018
-0.2204738004281861	-0.2381944906914699
-0.323708846668632	-0.32569964781022626
-0.3270329824042406	-0.31778459131701586
-0.2900216937020659	-0.30875762109776933
-0.28262002812988474	-0.2746458470679917
-0.1831278525875284	-0.16308687602287975
-0.2896357667655227	-0.2845843576366132
-0.47545165351314367	-0.45703788030549947
0.14033791330015788	0.11296702725649926
-0.26726946606184665	-0.18088394350530868
-0.3081922018255714	-0.30351216964566746
-0.19409215286952453	-0.2914569697449595
-0.2995637622192877	-0.2950616123656135
-0.1777102466775169	-0.18958478046914398
-0.30882071284841395	-0.3186427638454575
-0.35813111092919936	-0.30710696258136067
-0.07943674576734061	-0.08783966201167583
-0.2908675096398685	-0.2588839011605045
-0.3358331648199986	-0.3104037477026825
0.04341319693548229	0.08943069964078702
-0.42522569163925183	-0.37629927071673164
-0.5557380880428324	-0.5271346375033362
-0.1837127290401055	-0.2965714496502661
-0.20027029159852194	-0.19077749933164373
-0.4642634000732109	-0.46453521598423064
-0.20014958664406102	-0.25795172565635915
-0.44578693116606516	-0.4723768584923118
-0.5716812060595986	-0.5269746187296198
-0.17402639739596992	-0.16142915097652974
-0.2560187342011684	-0.3162396562910448
-0.568539135374051	-0.56584038106849
-0.3920776508050352	-0.38849951391028487
-0.09632084705654265	-0.09083309142971074
-0.11952853326450885	-0.12193175713574793
-0.5274171346065515	-0.4590467527152854
-0.39957000421518707	-0.4363982398450647
-0.07679712134765015	-0.056838138437928905
-0.5559406243482368	-0.5658978607450112
-0.12984699670972688	-0.14460426846170255
-0.28062514988471143	-0.16976791758479726
-0.17651042083454271	-0.1695348787093535
-0.4090207542403288	-0.41197926514646993
0.0353750681677365	0.0460284348817172
-0.2509482614822094	-0.25473215833699225
-0.356744897632856	-0.33708170362564016
0.06214112542441441	0.07978210647037819
-0.5484462909561252	-0.574249317415515
-0.1665912937564844	-0.17435803177713827
-0.16893074297006372	-0.20805013825388924
-0.46995572678500963	-0.4569526321625684
-0.32374806419894586	-0.312190796646879
-0.33581033704360674	-0.3383816460477474
-0.28781367872928065	-0.28791755630372207
-0.36193135839265	-0.299896593694605
-0.4605613795815069	-0.42771398903090535
-0.25900437226282147	-0.24789799526562997
-0.36762865786768906	-0.39774268256518913
-0.33971903630040856	-0.3467760131803084
-0.39074536522802283	-0.37776883613534434
-0.5024900155410927	-0.5023494046592816
-0.3337474816770918	-0.2893449214303144
-0.14488255294446084	-0.1231205534846895
-0.25872933523907626	-0.25337405082853176
-0.23239365400184475	-0.22631829535373826
-0.2936781164470599	-0.2670166119693565
-0.6035195866141194	-0.6008213470727144
-0.3266761387875299	-0.31127779932495314
-0.4299638753699986	-0.4373380470288109
-0.03205727674479775	-0.03493332071960812
-0.28999482081784755	-0.25685776745995437
-0.47595634313483615	-0.4668173179451995
-0.18121258454401712	-0.13834337764330468
-0.30946542003691135	-0.37768615149544416
-0.378804276370885	-0.37599884424836155
-0.337722121433746	-0.3329715602423692
-0.3107078184876553	-0.31570158651870683
-0.3299557250461769	-0.2917122220329861
-0.21059175449350143	-0.21387265619276097
-0.15429828443287086	-0.17887648623079971
-0.06672294487486496	-0.09010263452215482
-0.1902044068163251	-0.23309517370021385
-0.1445394708449843	-0.13093789328341454
-0.1710253307826628	-0.1693038192478013
-0.17385921931049708	-0.17443068037875722
-0.14807727112771296	-0.15193560060879688
-0.2622859519838521	-0.26639925374681733
-0.2874639266318324	-0.26619726415945283
-0.0651359062579191	-0.0498172465980372
-0.06175725612597294	-0.04544520709075514
-0.08805896180033024	-0.08850504377065754
-0.20315360842686303	-0.19123549952722405
-0.46037246157259126	-0.4595760315864807
-0.27994522676802536	-0.3207247285288536
-0.23387698934167567	-0.2210923286963515
-0.4660973264115622	-0.4588214740126409
0.0580887545817621	0.06513727009397174
-0.35098765364206574	-0.2912814856370411
-0.18080214808710338	-0.19180020622899244
-0.31833819809037056	-0.36629129128828924
0.08526327380234555	0.10205472156312884
-0.4429436536213167	-0.38272379138712104
-0.06608550570039284	-0.059816166679467556
-0.026766646325739885	-0.033034208600897584
-0.3759963003048359	-0.3344482424331748
-0.29072914156284924	-0.26273957365220735
-0.48393155604128957	-0.4836835665507699
-0.6232342701321194	-0.6172081071155094
-0.10282828662652488	-0.11079926588457392
-0.6212131335209907	-0.632319462881993
-0.09842228142417397	-0.14080354997138722
-0.5234574814578759	-0.5003113081122399
-0.017190116036580605	-0.008087050101014771
-0.3391556260061588	-0.33325763796858515
-0.36151806234498274	-0.3328715513981266
-0.2448604308933815	-0.24641284010802153
-0.5842466132351873	-0.4959609615142939
-0.32781960107618247	-0.34396659759815484
-0.020884412604242897	-0.03670057524060439
-0.09451952133096775	-0.14159872773779084
-0.2977306805551754	-0.32678655127481965
-0.1899551899277485	-0.19337082823936427
0.00022504533831746443	0.009102442849005715
-0.08562418060224442	-0.08267520136883962
-0.3228482070235881	-0.3204183947546465
-0.13426801134727206	-0.15467407801043012
-0.13188000722372628	-0.13584871565597195
-0.43723985888960204	-0.45453801033142266
-0.22351494301457642	-0.20753513985649938
0.014436120307321332	0.0009644781094421489
-0.15188767701899053	-0.1769787507044884
-0.3126527752268995	-0.23802604038275565
-0.1983071438927304	-0.33249587460779995
-0.1915025467769471	-0.19274921080508348
0.00762150145497742	0.01778811672227276
-0.36743334195426236	-0.33854731195347226
-0.27594482813692434	-0.2551760112319754
-0.2666884919829151	-0.3035964283029613
-0.16543156183293917	-0.16423361497948397
-0.3916146737201265	-0.3519515740702084
-0.33819613780209323	-0.34150656175562294
-0.4917112284596197	-0.4484607941212384
-0.14021695610040208	-0.13151144126047426
-0.1862534673107712	-0.1901563139056138
-0.3039441980713953	-0.2792699643407241
-0.5065843664823255	-0.4941628033732239
-0.3445063101342374	-0.3169956383521859
-0.29569300594387293	-0.32392486608294174
-0.17943708590737995	-0.18701146979378505
-0.050391077483363134	-0.05579311725417559
-0.4216855453171311	-0.4361025144494
-0.5139808815080222	-0.5208512877287789
-0.17647568153688198	-0.15435587168455636
-0.030779736338562458	-0.015631865192650574
-0.1319792923710823	-0.12421860288153422
-0.2726672373507677	-0.2758690018546025
-0.14508037392905848	-0.15850673571458015
-0.17190973248087982	-0.20789044143301805
-0.18486592091679555	-0.16727060031160093
-0.02308186237403831	-0.04800550524533645
-0.13191740382212647	-0.10480623980563836
-0.023385505368262116	-0.017746045821530314
-0.25633721948813903	-0.2521119836805161
-0.15150478588211147	-0.1337865237636327
-0.49640491349904536	-0.492970663859383
-0.4215227842381326	-0.4514265285619401
-0.41699672964160417	-0.44280568784978036
-0.19315014128781094	-0.15437736548983536
-0.34179486703776085	-0.3206281179073432
-0.3941537524644039	-0.38157931397496925
-0.3731016907213984	-0.4794368720265295
-0.4625895949968726	-0.41341848035049183
-0.4497923368580441	-0.4107221690148521
-0.11052858570843682	-0.09085586625959073
-0.08942484938416406	-0.0901415647593209
-0.18161123756824793	-0.28046077324350266
-0.0666597416408532	-0.06560145586329692
-0.07084879496943852	-0.1849638473282241
-0.5052736266239819	-0.5330491830149127
-0.07538273839079768	-0.107818918935089
-0.14547286692772854	-0.14363722810139395
-0.04443863355551869	-0.04051562661626225
-0.0823136037545158	-0.07335550041751425
-0.10687348163410171	-0.1205289821109053
0.067942862828553	0.06153569971209456
-0.20297281693139269	-0.2193393252678089
-0.19423971042462362	-0.18766889587262528
-0.2354576207546346	-0.235446338671516
-0.2221595143530557	-0.22582954677467232
-0.21130747117109827	-0.18226362213647465
-0.5054388456879195	-0.4908739070210256
-0.5346069325826033	-0.5165152577436184
-0.3322342627971224	-0.30541281618627447
-0.18834318749572532	-0.19461793152284323
-0.2810283613244611	-0.2548864907216457
-0.2685836421626391	-0.25017437596372466
-0.25893751334749915	-0.27159654425659596
-0.10132134229315248	-0.10044236551745897
-0.25256716868296714	-0.2809532028689803
-0.3320154754124367	-0.3252204246095055
-0.2936137716061804	-0.2904430246701835
-0.3851080456957652	-0.4045379654037392
-0.33412538682937765	-0.30021931754233466
-0.35809044246648547	-0.4411585153858202
-0.28734322743963325	-0.2694382636519937
0.07405789884999514	0.08504179055296299
-0.20174532119458544	-0.18419723605191504
-0.23941226959989237	-0.1874286535053029
-0.293278692726628	-0.3150615906803926
-0.2857759466612828	-0.2683392616927277
-0.3054163586254761	-0.31553378898166684
-0.3124886269106728	-0.3131307086287859
-0.1025418839910417	-0.10101962547622262
-0.18663594736727518	-0.1877692755686061
-0.31864220065079607	-0.33815927529237777
-0.29442685175371075	-0.2720358558456517
-0.056676234210057075	-0.0530636499743092
-0.3330054667382729	-0.3119176368558671
-0.1833884119546969	-0.23077733857427457
-0.1659906762396819	-0.21274529073768828
-0.21303867145176092	-0.20906766553483921
-0.16633272758404694	-0.17621203755515757
-0.38080817015984003	-0.29976482411890826
-0.34162566940171857	-0.32685392756717097
-0.2831353976215709	-0.2611435553701999
-0.4808037327721948	-0.4383540145112999
-0.05963080317180669	-0.05900687634737653
-0.18207683736981028	-0.18637504595205678
-0.13496479780573445	-0.13201544198913667
-0.36758742856658433	-0.423034351149036
-0.4195428212647343	-0.4200592861139221
-0.36404352790920314	-0.3368687336629693
-0.432606777882647	-0.3952630784851164
-0.5038449593368703	-0.4947075947380153
-0.13151153572557206	-0.14581558696656285
-0.2524944266131648	-0.23318955486789186
-0.27363607375770016	-0.27233755885989525
-0.4209148612434088	-0.412273790280008
-0.012490591439507703	-0.023032834175012562
-0.4663666971322691	-0.47764081196996616
-0.06847762303200788	-0.0845071715146477
-0.5929225751050016	-0.5968862209908975
-0.44693341628884564	-0.44606556756374116
-0.5581701336849925	-0.492896849272925
-0.20818020794379066	-0.19640686945020547
-0.28468628822676934	-0.26650945031897016
-0.5038109399838602	-0.5133017933644365
-0.06914602643500167	-0.08137846242735047
-0.17836015971172792	-0.20371714904968874
-0.4569200119695118	-0.47621101363608875
-0.49455488135949466	-0.47507165119485045
-0.5647974535945668	-0.5152881621774742
-0.26970978247408883	-0.2684067558229914
-0.47448885339705527	-0.49808990434443584
-0.11306904665918083	-0.06445006246609265
-0.43166815605148834	-0.37157904743336584
-0.32668398958367995	-0.3323478969934365
0.0446026949200089	0.0408797993370753
-0.5240248014970277	-0.5362828424946393
-0.21815225121280513	-0.18188706005463
0.05427271478414486	0.06884079469218157
-0.28333179389152363	-0.3170953508355096
-0.4400244635579522	-0.450616570782793
-0.2665926847954587	-0.2864620362077765
-0.630910568700715	-0.6208818654177827
-0.2713107264722261	-0.27103870669327007
-0.3398704448701988	-0.3216720605138151
-0.4594278874544928	-0.4742985907937969
-0.108099726973645	-0.048472720612353005
-0.3869797276461284	-0.37913495728536956
-0.5529937959644418	-0.5194044378576168
-0.4943454102977274	-0.48829359131337285
0.039719989240262876	0.04792843357331285
0.03148824112628823	0.05743153237542479
-0.091149660585784	-0.10634961882040392
-0.19613820154852135	-0.20526816311750748
-0.5062683353858812	-0.514931309768216
-0.16388029095392742	-0.1544058573464422
-0.20948115887974872	-0.19273491990386143
-0.28821985937802985	-0.28084573335667457
-0.4678550909086656	-0.43688144140185753
-0.20403460232972037	-0.24388011798569653
-0.17723457459951053	-0.16037025222100185
-0.4696420484141832	-0.4840421747542133
-0.2789937309544879	-0.3132301136861407
-0.3151183743569934	-0.4432533568522704
-0.02673200225896455	-0.013946038176266046
-0.22507098541790338	-0.205298659101428
-0.33638840884602494	-0.3402558234851425
-0.09300693673564187	-0.11495537031578641
-0.023644909772126965	-0.022452799155249396
-0.14814330409663246	-0.11811683537016442
-0.16194436742772833	-0.17508053404734517
-0.2440620986283193	-0.23392591973393276
-0.27863944505218363	-0.26330849075719837
0.0011974374981127411	-0.0009844373800971893
-0.18949697523795184	-0.19574943450042373
-0.02831777940784619	0.002789231676822806
-0.013128947388113765	0.0037915554683786404
-0.11063320509302699	-0.1326621813613781
-0.24006529985173408	-0.22955313382682588
-0.16425433072619278	-0.16708753452883685
-0.5994309923930778	-0.6060010217853977
-0.13353463435398716	-0.13351095418061334
-0.34921508710534255	-0.31532294726267945
-0.16120619804411973	-0.14773185893546653
-0.1362657348684948	-0.1372467138814941
-0.30723671283739673	-0.3276575643304091
-0.3579652907458364	-0.33714935409220925
-0.30090484387510585	-0.31778594122775083
-0.4619868478131721	-0.45310882101418565
-0.1947117529256399	-0.18617970499878198
-0.10876303996089298	-0.08734453488374287
-0.24809551927974205	-0.2549684573107569
-0.18490373905773794	-0.1961403085337222
-0.2925750252494339	-0.3656417678633948
-0.13252141431763054	-0.18776183488657083
-0.21302578213829104	-0.1756042121420849
-0.6295073789468324	-0.6076845743014071
-0.31071277332241554	-0.29322238999512895
-0.17855350399984893	-0.1780617554198535
-0.09529700190601353	-0.11714685398011238
-0.3212312186092099	-0.3151653420899633
-0.18291374262807292	-0.18135032657402875
-0.18132240101571995	-0.18388944179470293
-0.30215820921472236	-0.3188696573740742
-0.030373225260738934	-0.06412440276810895
-0.21420317251121368	-0.22137837688311426
-0.18838207007233976	-0.1796577965198766
-0.006035873343273934	-0.14515302365983287
-0.2535208260692139	-0.2573000776564692
-0.07843068515556517	-0.16921884837505793
-0.34576833673597296	-0.33398021807064604
-0.038891685796083486	-0.04467832424048906
-0.11707427974183027	-0.12098091088153949
-0.2150626355257872	-0.24706827248754867
-0.1583333462089236	-0.1570086470522779
-0.32632295061132677	-0.32232907477303047
-0.29642954214855877	-0.2992175511733295
-0.34445091071792255	-0.37052643007154235
-0.12916151762997963	-0.14223335608519924
-0.3032140047845733	-0.3150150728911177
-0.09515597397896514	-0.09230201411654997
-0.15249962163880149	-0.15757432021654555
-0.28393345660837	-0.289561704679622
-0.09290954250939087	-0.08755597568414837
-0.26459552486410054	-0.25695198776989797
-0.5042255580950936	-0.49028830939549034
-0.4386911253066632	-0.4233276918076574
-0.19336938018767036	-0.1874581443827573
-0.15504916374150302	-0.1704103362573482
-0.4549529200943354	-0.47331701149199096
-0.005736124896044359	-0.004038820546575215
-0.22973804611690163	-0.10412526567568924
-0.13628127294177617	-0.13348194604461663
-0.08988489592054805	-0.0690726014527834
-0.12756448647961705	-0.13584510197519822
-0.20859528192587007	-0.19957564147369897
-0.38918358846500745	-0.4151841059154051
-0.38180412651473183	-0.36363602471034423
-0.44737791574797825	-0.38965784776119217
-0.43636729385765793	-0.3627379714196154
-0.17748192126111562	-0.17014157846024422
0.03183363752764379	0.017507258852525444
-0.4393838623824635	-0.4567276839622333
-0.13306843937560764	-0.21035227328681216
-0.5067485256545519	-0.5273122401999034
-0.11798346288255335	-0.12167714784822205
4.814404142639006e-05	-0.0031973613020293986
-0.35396617952156717	-0.2919791980439671
-0.2991366756844229	-0.30693426537371155
-0.08653851627609477	-0.08154697797197909
-0.21839296705532796	-0.2319933396310514
-0.32654952862781883	-0.3585101527495042
-0.41891109392743253	-0.3826613204116217
-0.2536664483497164	-0.21757272374616096
-0.27645057520349603	-0.2566956179675199
-0.30904595675223856	-0.3382690051619531
-0.3338634877285944	-0.29942017321128644
-0.20138697154825458	-0.19181470614203205
-0.01794530501505598	-0.005288181071700679
-0.168203691321966	-0.17228872398852585
-0.044944313180135254	-0.029931920682112898
-0.22970646539789108	-0.22110559327623117
-0.253219191306604	-0.27451495707168694
-0.14425332604168872	-0.14195160912969867
-0.08925646667707277	-0.08808674771201189
-0.24248088827620684	-0.2708502292221757
-0.24045561401415227	-0.278336271755662
-0.406655601675074	-0.36311445916837587
-0.44317550039372655	-0.43895895291475834
-0.49861657165651074	-0.4957866396435239
-0.13460318093179868	-0.10360374176950299
