1.222035944570169230e-01 1.567779850745416653e-03 1.000000000000000000e+00 1.000000000000000021e-02
9.254102696763122360e-02 1.206224140981863218e-03 1.000000000000000000e+00 1.000000000000000000e+06
9.252259432209805623e-02 1.205970700730366312e-03 1.000000000000000000e+00 3.162277660168379080e+05
9.246439443469708919e-02 1.205176106108909713e-03 1.000000000000000000e+00 1.000000000000000000e+05
9.228138584424858126e-02 1.202853584187992941e-03 1.000000000000000000e+00 3.162277660168379225e+04
9.173778672086535524e-02 1.421762369663953987e-03 3.162277660168379394e-03 1.000000000000000021e-02
9.171328339494884407e-02 1.196952051847850057e-03 1.000000000000000000e+00 1.000000000000000000e+04
9.161706686106374509e-02 1.424870177057453724e-03 1.000000000000000082e-05 1.000000000000000021e-02
9.161676360648221551e-02 1.424952130988704855e-03 3.162277660168379191e-08 1.000000000000000021e-02
9.161676267024737585e-02 1.424952407311015374e-03 1.000000000000000036e-10 1.000000000000000021e-02
9.000881505761652857e-02 1.185796723538113566e-03 3.162277660168379394e-03 1.000000000000000000e+06
9.000797994706541405e-02 1.186531002172843503e-03 1.000000000000000000e+00 3.162277660168379498e+03
8.536289994868354047e-02 1.186047458557466707e-03 1.000000000000000000e+00 1.000000000000000000e+03
8.536251752878638854e-02 1.184892975274079701e-03 3.162277660168379394e-03 3.162277660168379080e+05
7.534468250188235128e-02 1.265405089729118712e-03 1.000000000000000000e+00 3.162277660168379612e+02
7.534013239941828033e-02 1.264394808483504818e-03 3.162277660168379394e-03 1.000000000000000000e+05
6.109009380798269273e-02 1.222893979655854339e-03 1.000000000000000000e+00 1.000000000000000000e+02
6.107497764669039819e-02 1.222576619106589520e-03 3.162277660168379394e-03 3.162277660168379225e+04
4.882305575077985904e-02 1.037916274862609291e-03 1.000000000000000000e+00 3.162277660168379256e+01
4.880086515736126174e-02 1.035278702626425294e-03 3.162277660168379394e-03 1.000000000000000000e+04
4.151479722222154584e-02 1.076244980554837485e-03 1.000000000000000000e+00 3.162277660168379134e-02
4.135174613672344679e-02 1.072452587355114846e-03 1.000000000000000000e+00 1.000000000000000000e+01
4.134452834297094176e-02 1.069241388898392727e-03 3.162277660168379394e-03 3.162277660168379498e+03
4.134452051562224201e-02 1.069234595282897047e-03 1.000000000000000082e-05 1.000000000000000000e+06
4.063954399447059634e-02 1.064684497633300872e-03 1.000000000000000036e-10 1.000000000000000000e+04
4.061066015937914858e-02 1.059159376904617814e-03 1.000000000000000036e-10 3.162277660168379225e+04
4.059342819921635953e-02 1.064738107496481737e-03 1.000000000000000036e-10 3.162277660168379498e+03
4.046736905334719775e-02 1.042117419807185282e-03 1.000000000000000036e-10 1.000000000000000000e+05
4.041504271017520855e-02 1.060902930755092642e-03 1.000000000000000036e-10 1.000000000000000000e+03
4.003849163464501953e-02 1.001034166067092624e-03 1.000000000000000036e-10 3.162277660168379080e+05
3.992783331219247611e-02 1.050758839535567094e-03 1.000000000000000036e-10 3.162277660168379612e+02
3.977688680229884977e-02 9.956932613451178245e-04 3.162277660168379191e-08 1.000000000000000000e+03
3.972145089522582245e-02 1.025539624899397860e-03 3.162277660168379191e-08 3.162277660168379612e+02
3.893653865996653946e-02 9.203659784139331260e-04 1.000000000000000036e-10 1.000000000000000000e+06
3.885915837043385501e-02 9.191996388226255418e-04 3.162277660168379191e-08 3.162277660168379498e+03
3.883409736445092575e-02 1.040580478182863682e-03 1.000000000000000036e-10 1.000000000000000000e+02
3.877364649490847026e-02 1.031710780389241862e-03 3.162277660168379191e-08 1.000000000000000000e+02
3.698912032201658734e-02 1.293209231094839253e-03 1.000000000000000082e-05 3.162277660168379080e+05
3.698855045299308947e-02 1.293260512312687351e-03 3.162277660168379394e-03 1.000000000000000000e+03
3.691625234058713845e-02 1.045755114789893078e-03 1.000000000000000036e-10 3.162277660168379256e+01
3.690038603850994553e-02 1.043147623470810480e-03 3.162277660168379191e-08 3.162277660168379256e+01
3.688838270504978673e-02 1.305070784654729834e-03 1.000000000000000000e+00 3.162277660168379523e+00
3.678900505027540152e-02 8.042203118243311348e-04 3.162277660168379191e-08 1.000000000000000000e+04
3.420884622831501382e-02 1.095376933768965047e-03 1.000000000000000036e-10 1.000000000000000000e+01
3.420478278058138727e-02 1.094699811131730769e-03 3.162277660168379191e-08 1.000000000000000000e+01
3.413843621498015291e-02 1.459717665208374628e-03 1.000000000000000082e-05 1.000000000000000000e+05
3.413428951121513094e-02 1.459743387933111957e-03 3.162277660168379394e-03 3.162277660168379612e+02
3.406462150271032108e-02 8.379672182151349895e-04 1.000000000000000082e-05 3.162277660168379256e+01
3.394449929598502419e-02 6.848474912882006977e-04 3.162277660168379191e-08 3.162277660168379225e+04
3.356933302007582276e-02 1.510384214940045612e-03 1.000000000000000000e+00 1.000000000000000000e+00
3.319469705650860553e-02 1.014824728716914610e-03 1.000000000000000082e-05 1.000000000000000000e+01
3.303479556646089776e-02 6.954586066040863331e-04 1.000000000000000082e-05 1.000000000000000000e+02
3.197753071241896811e-02 1.417293722448041953e-03 1.000000000000000082e-05 3.162277660168379225e+04
3.194834560428187753e-02 1.417261333794791892e-03 3.162277660168379394e-03 1.000000000000000000e+02
3.156818156970796208e-02 7.239821580276549484e-04 3.162277660168379191e-08 1.000000000000000000e+05
3.136164805397488597e-02 7.168322836531695668e-04 1.000000000000000082e-05 3.162277660168379612e+02
3.089359514009986166e-02 1.208541839604862674e-03 1.000000000000000036e-10 3.162277660168379523e+00
3.089267469684846626e-02 1.208373988608100330e-03 3.162277660168379191e-08 3.162277660168379523e+00
3.063750781372973769e-02 1.176442359583024797e-03 1.000000000000000082e-05 3.162277660168379523e+00
3.052960145704590803e-02 7.481134240822582540e-04 3.162277660168379394e-03 3.162277660168379134e-02
3.052690794420128556e-02 7.328510501054385368e-04 1.000000000000000036e-10 3.162277660168379134e-02
3.052690699981171901e-02 7.328511177975020798e-04 3.162277660168379191e-08 3.162277660168379134e-02
3.052665294164959991e-02 7.329521774750910861e-04 1.000000000000000082e-05 3.162277660168379134e-02
3.051681399193860098e-02 1.205275214283154164e-03 1.000000000000000082e-05 1.000000000000000000e+04
3.030605962518881369e-02 1.193080769739939548e-03 3.162277660168379394e-03 3.162277660168379256e+01
3.023324859498765019e-02 9.007258824891775520e-04 3.162277660168379191e-08 3.162277660168379080e+05
3.019745334802730399e-02 8.975252738905840780e-04 1.000000000000000082e-05 1.000000000000000000e+03
3.014979431924327824e-02 1.558921692014047849e-03 1.000000000000000000e+00 3.162277660168379412e-01
2.985819561763123839e-02 1.043516845043208343e-03 3.162277660168379191e-08 1.000000000000000000e+06
2.985287615806375694e-02 1.043182506994652127e-03 1.000000000000000082e-05 3.162277660168379498e+03
2.875716861952858777e-02 9.683034653264882812e-04 3.162277660168379394e-03 1.000000000000000000e+01
2.821475042372268566e-02 1.672866229959068347e-03 1.000000000000000000e+00 1.000000000000000056e-01
2.726555373388956857e-02 1.232310504001658683e-03 1.000000000000000036e-10 1.000000000000000000e+00
2.726534563536509026e-02 1.232267051732867770e-03 3.162277660168379191e-08 1.000000000000000000e+00
2.721686301197003693e-02 1.220970459135337430e-03 1.000000000000000082e-05 1.000000000000000000e+00
2.684414748385868799e-02 7.705221335340479072e-04 3.162277660168379394e-03 3.162277660168379523e+00
2.486186699934586630e-02 7.948776767987741822e-04 3.162277660168379394e-03 1.000000000000000000e+00
2.384220372355917023e-02 1.108908651882525203e-03 1.000000000000000036e-10 3.162277660168379412e-01
2.384215441239476152e-02 1.108886760500331879e-03 3.162277660168379191e-08 3.162277660168379412e-01
2.383339234779814284e-02 1.105383042130014468e-03 1.000000000000000082e-05 3.162277660168379412e-01
2.306168486591113342e-02 9.225490210904444335e-04 3.162277660168379394e-03 3.162277660168379412e-01
2.224853306841063916e-02 9.506630712351971319e-04 1.000000000000000036e-10 1.000000000000000056e-01
2.224852117430994869e-02 9.506600729864171304e-04 3.162277660168379191e-08 1.000000000000000056e-01
2.224616848746002046e-02 9.500712830796799544e-04 1.000000000000000082e-05 1.000000000000000056e-01
2.209504657831308158e-02 9.130390153306152876e-04 3.162277660168379394e-03 1.000000000000000056e-01
