-0.12318653209106234	-0.12900281796653668
-0.32483998769741174	-0.3198225457586872
-0.2926494058322646	-0.29979639623803217
-0.13214814581377965	-0.13925187496635816
-0.12716336357397395	-0.10288155335130073
-0.2829276139963586	-0.30013415179885317
-0.2763248021643179	-0.2755712568819492
-0.5064450828395035	-0.476181756945943
-0.3594982950902912	-0.34951137724393094
-0.3615185995888721	-0.37965279504947197
-0.14933366714075724	-0.14110165966059668
-0.3584092435882038	-0.3550986944883898
-0.2914148984904035	-0.2923931414705158
-0.25276726293899987	-0.2445714627670465
-0.33553780581015324	-0.31858383594674156
-0.3685039603238458	-0.3638104737405752
-0.3245809140064271	-0.3008986575723654
-0.49672367332802736	-0.4956713577572558
-0.1350550267984616	-0.06546153835769392
-0.2639050025730896	-0.2674408554708979
-0.22707589134112993	-0.24674133088810504
-0.04719783249884202	-0.035809030096642054
-0.2779771420664181	-0.23381261691530686
-0.447219145661391	-0.4288848501423068
-0.04262274653358755	-0.053351900002460366
-0.339765604496006	-0.33827246541773465
-0.17148519167047027	-0.1575516887697509
-0.05779671399325892	-0.05618274676394617
-0.06371231661428656	-0.06266966954467043
-0.5277738341863456	-0.5240527263397526
-0.24725494660495784	-0.24945737721410552
-0.5313135859520965	-0.5338472683576203
-0.22938650185885479	-0.2168328874895629
-0.18402879401157612	-0.1879505543145049
-0.2915757356725255	-0.2903173823599115
-0.16474676969623125	-0.15296934612704716
-0.24146507865807543	-0.23904552780870492
-0.2624039298667036	-0.26513191262010904
-0.31408165646048936	-0.31610655617583844
-0.35947451650062767	-0.3462331323341814
-0.1621852330898026	-0.1727708869543156
-0.06343448702784471	-0.058039056614803915
-0.495079706008287	-0.5018329756962807
-0.08882923595256642	-0.09548347764391095
-0.26996824530822927	-0.2873949196027545
-0.3352524731323214	-0.3509437709403772
0.009053070629000182	0.04142775321742132
-0.3232427940992153	-0.32151969274528613
-0.49941725832111317	-0.4977816765419019
-0.05675858075014517	-0.18077219132816083
-0.16512892695793724	-0.16512253196945623
-0.11493439376646641	-0.1087322330072818
-0.2548519917192671	-0.24891552378443838
-0.21709831925806444	-0.2578501867317373
-0.035137094802855984	-0.047363306639611975
-0.1895619412542775	-0.19164689779692287
-0.06390320195542198	-0.01754750870860118
-0.36447936237629364	-0.3617971852238118
-0.2834681316770933	-0.2591838661861348
-0.26192345490866487	-0.29728265099295
-0.3825638454928928	-0.36950551257985037
-0.3801532730539847	-0.3617835788281799
-0.2762166358691047	-0.27191609356764784
-0.04628280784499594	-0.07284881953688553
0.008816431648311251	0.012888383136940278
-0.4716896514938753	-0.46838908370802834
-0.10283549923088842	-0.14000399366301874
-0.25063475653496337	-0.22113823035528063
-0.4359437687790688	-0.44089146302171084
-0.3532031680690171	-0.3528354169360795
-0.12400609450377864	-0.12623296084028449
-0.4138971725708753	-0.4230175426000983
-0.4962165807167782	-0.5333552729926807
-0.05424403979792913	-0.062116055034628345
-0.3501700137190831	-0.35998067779526705
-0.12083946110178623	-0.12544699381629518
-0.17614326513517575	-0.16672229940336417
-0.414897775637046	-0.40801247447716266
-0.1882949180020823	-0.200469552400826
-0.4750319108407446	-0.4976886303477132
-0.09636880262234904	-0.09052017473853426
-0.2590407228848157	-0.26102963463840095
0.027607986420961517	0.02610157713933805
-0.13870470779053878	-0.13657938891975813
-0.017872972288576428	-0.004298415051093184
-0.30060153663054123	-0.3253179646488158
-0.12640952447567066	-0.1192746735042199
-0.0823346385184145	-0.0735417597059093
-0.529938701729324	-0.5237542560838525
-0.3326704973019172	-0.32910488401675836
-0.31811937039548965	-0.334495897248426
-0.3916806123138068	-0.3770033994684931
-0.16656791517014735	-0.15487156410040032
-0.10837036364619568	-0.10075910543862471
-0.18730294294699856	-0.2017944227872058
-0.3963005523216854	-0.3828987047766578
-0.1931895705729083	-0.18464012880076675
-0.3573451317802192	-0.34091109711655465
-0.10302529125325144	-0.1567937845568142
-0.23875617340200073	-0.26937495410018486
-0.17310358900677514	-0.173001179399821
-0.055201632872844186	-0.031002689462822593
-0.05318097201528538	-0.05832084289400191
-0.5155703081898251	-0.518919084373072
-0.13142170131189435	-0.13013617998001228
-0.1389344430842545	-0.14885494834374555
-0.2704812777932357	-0.2730299111731887
-0.42986875392432466	-0.43627831920737575
-0.34190197849700876	-0.32750610519484735
-0.29337857454139815	-0.29001151469443764
-0.36181442523062657	-0.3621787261680054
-0.08814365476858654	-0.09118499090341665
-0.5577076206369727	-0.5627147134847041
-0.09704427439476149	-0.10944183828402228
-0.17371239894148083	-0.17913349854216265
-0.4134038105587585	-0.4202389334211891
-0.08577117121899391	-0.10470871444917881
-0.1466912284499058	-0.14017377724339722
-0.3873182043621757	-0.37737039177432813
-0.4308181485225031	-0.42845338140365796
-0.356196195497847	-0.19239779971937374
-0.4848780953932499	-0.48353011786493916
-0.16087844674159335	-0.22543032392001006
-0.11379565712274609	-0.10058460911237091
-0.0857687681051793	-0.09063670177437105
-0.40830815329335124	-0.438685374340219
-0.15930233673198746	-0.17070958766366848
-0.45101531688823293	-0.4564917791072426
-0.07974298961147763	-0.07859186872666396
-0.21373238483858437	-0.3289998811590724
-0.12865501991639938	-0.12102017359725512
-0.301963762505304	-0.2918837481312974
-0.2453476180673677	-0.257982175628013
-0.4031972065349425	-0.39616726065751334
-0.1369500704033051	-0.14383446569498703
-0.4737827004213937	-0.46522195476111916
-0.007329768761264788	0.0036870262130892896
-0.07528800828577786	-0.06520336840105401
-0.37134920618579415	-0.35399536589916436
-0.40931846057985766	-0.4135217007027928
-0.14310843580067178	-0.13444747434961946
-0.3348392948046284	-0.2743182923059224
-0.24216583034085115	-0.24481367213918662
-0.23669348602818907	-0.2178406120807579
-0.2681552126274944	-0.2797332977758306
-0.5140077144121982	-0.50115105993288
-0.3940959394461032	-0.40988255618342834
-0.2815730065473421	-0.2887048356809186
-0.18356227722915808	-0.195965940639198
-0.3555473280826913	-0.2938284557750938
-0.5034309562097903	-0.500196228498501
-0.3818047856611413	-0.3574698761561394
-0.3713087868205722	-0.3756741663069003
-0.12612963763704776	-0.08742339860757671
-0.3388221425288407	-0.33854302934541364
-0.10148185551234334	-0.09038245882213569
-0.4959178312795327	-0.4860488819452584
-0.028609118551823798	-0.03637006535816625
-0.4274443507788739	-0.42041433275228485
-0.37699107333628756	-0.37439826502983903
-0.2977142209168857	-0.2892939687041055
-0.41576942726518595	-0.42222423228603595
-0.3986301174865954	-0.412155497531957
-0.28729343555684306	-0.2753886463239149
-0.2732723553262222	-0.26442486642248075
-0.3662002958713977	-0.369983289327574
-0.4939230568601243	-0.49231372878781643
-0.11318006114042234	-0.11660200008108096
-0.2713939046553637	-0.2929240181653943
-0.15030724875615853	-0.13864900807291594
-0.45962225331905415	-0.460164297581738
-0.19924252503933904	-0.19024355678256114
-0.15415906992534012	-0.15916574742645265
-0.416096555119271	-0.42635091004073117
-0.2872965035927759	-0.27399883691033455
-0.17686885348243653	-0.1695931404469842
-0.1346154448305832	-0.16770895668131813
-0.14311444575275	-0.1495639941349502
-0.2414399082011327	-0.23516879426481174
-0.06375352296231895	-0.047549305584467204
-0.47025786223897903	-0.44587970897286233
-0.10093432498130372	-0.09962378192654851
-0.3039296326465397	-0.3077940797572903
-0.3396451280529771	-0.338804194658879
-0.380462122420651	-0.35160753666922917
-0.4418570742400387	-0.4432798185041941
-0.4326217160020569	-0.40571019167327893
-0.13971183416162525	-0.141951326273791
-0.18586106368750777	-0.18494478320917163
-0.35274388326993034	-0.3469339603297467
-0.277678270074011	-0.3015506119215181
-0.20646743304600612	-0.20431148810603803
-0.43743049607501483	-0.4480838472555386
-0.07337878002026166	-0.08372004617755117
-0.12931128465414954	-0.1259874046119693
-0.07769868447884498	-0.08687356164299805
-0.27308129696401195	-0.2579812742815972
-0.23918757495034892	-0.2596033667792294
-0.08638980685971376	-0.12066576071065882
-0.28217513729558785	-0.2650363278206965
-0.05557563892361195	-0.04837580936645921
-0.0682157570445705	-0.0636059742831817
-0.04687938554999871	-0.03624646211477563
-0.32811198615382153	-0.3415568912838272
-0.4568815207639947	-0.4327479716188984
-0.0916353239164085	-0.0826242312121024
-0.32787724099271465	-0.3383747470427652
-0.14346388674021693	-0.1869981651972857
-0.37775976878399486	-0.37318384830905216
-0.4234587379135073	-0.41020530357614043
-0.040791797974657484	-0.04647551543910597
-0.4467988827014331	-0.45107446472562335
-0.30564489975880527	-0.30250699969595785
-0.42489998972134124	-0.4163427644988752
-0.39642289976376954	-0.4072808871044324
-0.2205497773074203	-0.20881301818058287
-0.30997367397466924	-0.2852248069276319
-0.03634980426348555	-0.03258402749337427
-0.33985785825371906	-0.32099580980026143
-0.14081736181092808	-0.1372367476433224
-0.4573815157949621	-0.4546226714166489
-0.23456766511780192	-0.24191108098088002
-0.31901473601149277	-0.30849912049942085
-0.18864782137551117	-0.18849110223690593
-0.5010239594585766	-0.49965827731988766
-0.27101117753519155	-0.27646841637633857
-0.31676079438656046	-0.3448106671651737
-0.05956967052166462	-0.0608046219075841
-0.34703978034828253	-0.3151368597750066
-0.14065850605125618	-0.15460392360131006
-0.0937555285559899	-0.08707565241322776
-0.30910766992116123	-0.31480847803415685
-0.24898627612875757	-0.23862637971248885
-0.05416061313542109	-0.04177136067641389
-0.4990166207091713	-0.5526058997160833
-0.27586650968923365	-0.2692150535034779
-0.33993639055902847	-0.24726514834633087
-0.30416183167602195	-0.3186055779075778
-0.23425722315005348	-0.26076013746978255
-0.3350556149262385	-0.35876019956811783
-0.537021496751418	-0.5221495598349254
-0.37388706785885617	-0.36966187225469743
-0.12485339617725444	-0.11971136591150039
-0.4303058110132074	-0.44027846469553117
-0.5179090230719341	-0.514118936016757
-0.5028667562286309	-0.4876538795776437
-0.48319632060305473	-0.44629731454066873
-0.06328816717536423	-0.073537042207103
-0.44131463007654936	-0.45710125395994033
-0.22601501168360993	-0.21531738832902453
-0.05326061485743239	-0.003395694143830772
0.07384980194698088	0.09966073738008344
-0.3770965000015245	-0.38663856521701756
-0.28420910575943825	-0.2978427394188685
-0.169445581305542	-0.19805383740451687
-0.6139983735020245	-0.5916990037837297
-0.15818522286345704	-0.13663349814472062
-0.3125288962056949	-0.3117015223646963
-0.34760703038728114	-0.3548435599575251
-0.18534125643597044	-0.17631877326411866
-0.12637662441689557	-0.12300439747233355
-0.06007594674152461	-0.035512833091785045
-0.09629336968933	-0.086779730186942
-0.2958172053016881	-0.2920741579457444
-0.17751864660213812	-0.1678756420077754
-0.039026262200778206	-0.047440016053051585
-0.17609481274646122	-0.11895297705642434
-0.18923217109531087	-0.19314556150119533
-0.3123830526202642	-0.30225450176625707
-0.3114644387746033	-0.279597161087757
0.03708063501464931	0.03614677752255133
-0.6101720974406426	-0.618266204084946
-0.18173775801263936	-0.19099970956724532
-0.34924339089073975	-0.342665770764703
-0.5310550256064523	-0.5274536102535756
-0.29547683478906883	-0.28160369676831665
0.04854652440249918	0.033876978314923194
-0.34155116276139275	-0.36613686504267456
-0.16463340552572525	-0.1649167031720533
-0.4940024525850948	-0.4980841773223184
-0.14270812295359825	-0.15266121293926407
-0.4713834347760475	-0.4612125943344138
-0.13078534576286316	-0.12793418589302485
-0.19937976021906323	-0.2083232159694239
-0.47741610085028796	-0.46648935751722603
-0.3905432458663842	-0.42218997846737605
-0.19206532839824408	-0.1795040639420344
-0.4565764256260856	-0.45626655726575605
-0.2775593346318299	-0.3092782343823373
-0.5450946574077795	-0.5566109879096427
-0.3445822757968582	-0.3587363741925872
-0.2867332109716001	-0.29052722315555723
-0.10934429597648965	-0.1083114720718786
-0.12248076880534597	-0.13332763618557528
-0.25577769037743003	-0.18161644269025098
-0.3680811398319772	-0.3575702052007317
-0.18076401543122333	-0.17970170481117684
-0.2166817387137865	-0.1950307863198966
-0.474651387029807	-0.47199251829162686
-0.2887552950644334	-0.2811824153932488
-0.28925488268891186	-0.2945715609736463
-0.13589451606740965	-0.13286240503933805
-0.0364018933368504	-0.05854674626163211
-0.5692769449759592	-0.5527540015268869
-0.007528615023773	-0.021060081876092967
0.054643102735848714	0.043264568489258866
-0.11820852194149367	-0.15122234429553275
-0.4421970163601152	-0.44178403887469764
-0.5062794833107613	-0.490208543367671
-0.20948335322560396	-0.1892954575374887
-0.47011040380630664	-0.4764582550519396
-0.08481261729451184	-0.07471200762966267
-0.2453057053705976	-0.27603526542997087
-0.34141931594413144	-0.3241399391321031
-0.46809946239744704	-0.4690002736713951
-0.1988512682011354	-0.24736344448074543
-0.16549875189721241	-0.13322250210746855
0.028806119366057814	0.02438659778777568
-0.04698663933674574	-0.0643412222098754
-0.34489171494575643	-0.3280215593798944
-0.2686308277655236	-0.28536084613452223
-0.438425024281468	-0.4313390073242531
-0.6126148997178227	-0.6155559316857638
-0.1747286941869861	-0.16881496805408785
-0.09976252358859572	-0.08862171008699916
-0.2880751055744213	-0.2893338422808839
-0.27632032029380404	-0.29002908567567215
-0.5176045486906746	-0.5248909284136997
-0.4787192193789771	-0.4887637200747645
-0.42450805509313483	-0.42674197667195696
-0.332695275181349	-0.30408244797246614
-0.1937819313566269	-0.19790912641542815
-0.6122094041759727	-0.615741556514963
-0.5168817645756434	-0.5172041198155688
-0.29551558467358774	-0.21943172217266477
-0.3058472374741381	-0.2861167822419072
-0.07613396810447437	-0.08217616583408555
0.027463879980921035	0.017126360418206844
-0.012349352592091023	-0.008093479114500873
-0.11613916425740989	-0.12673533247892158
-0.04222845079558191	-0.0426176491389693
-0.4452746888707395	-0.44464434740345876
-0.3146866093821288	-0.31563458713783105
-0.5112579359627167	-0.5268124737562473
0.01237035774144779	0.01775192103684997
-0.4125825981008413	-0.40561001964477245
-0.33573172543784224	-0.3075102153188058
-0.150825956385237	-0.18028990702885778
-0.13066811136439593	-0.11275168854409295
-0.021508195296609856	-0.04413438666999082
-0.39257315485327915	-0.43345162680511723
-0.14651824727756235	-0.1429348635542822
-0.4617275017789737	-0.4580506515623564
-0.33952862955120366	-0.3210375142387826
-0.15124559400410043	-0.14873353046611273
-0.22142627016876926	-0.22974872514212777
-0.2200326560396224	-0.21869039625083944
-0.04109577829550748	-0.08949565858196659
-0.4707595112555474	-0.46196598719452553
-0.6186836666932063	-0.601108681019012
-0.10671759918989387	-0.10155646655776239
-0.21797336314983795	-0.23683968716137888
-0.1694847267028825	-0.1756616928969451
-0.455154511514519	-0.4405269814916242
-0.2974700281191103	-0.2968502231726558
-0.629086734833928	-0.6204907590652663
-0.2638736681710725	-0.25875689607837576
-0.5602058341100022	-0.5594027722502884
-0.05583043019444922	-0.08444017378544867
-0.12818680361133694	-0.13263696518515317
-0.28894618292292584	-0.29117947072051115
-0.26134319921690885	-0.23495581223671644
-0.2632186018076972	-0.2599541092387134
-0.3739387929398337	-0.36161443484422695
-0.1643808212602007	-0.19570490515133893
-0.2730304797141194	-0.2702020785358041
-0.03323059580704246	-0.022545869057669022
-0.3419244838759763	-0.3416812960528469
-0.48117330738396547	-0.4918561430569685
-0.2748553193561172	-0.2761500989060662
-0.179315262047135	-0.19180181066201057
-0.15910716542986858	-0.14972910083333207
-0.23790836574034468	-0.23800030294887836
-0.13247049999304128	-0.1373403410392369
-0.2190463655404038	-0.23515490721564056
0.05856564276089582	0.03225486683691805
-0.0030110035924364453	-0.0009681254330881579
-0.289749676604961	-0.28153044864039856
-0.28766507036685685	-0.28076091108065077
-0.07797444019380784	-0.061004966715107495
-0.4875511802129662	-0.49244468496445626
0.07628435176180837	0.06436626210667286
-0.09595398889259954	-0.12342175180606196
-0.4787870336250366	-0.4823567668769421
-0.03195343391097616	-0.03758215138938052
-0.27254755559859234	-0.2794684283809558
-0.18665928857792657	-0.19494245678880529
-0.12154629300098918	-0.12647807671457964
-0.37279119627540513	-0.3662938194178596
-0.453688956008369	-0.44904739863844273
-0.6241905902952478	-0.6215135842895803
-0.20242373658824064	-0.1900538438457875
-0.34655723265976945	-0.33711074599091073
-0.32029677174248317	-0.3185492281981273
-0.19116753236023598	-0.19995785536219043
-0.0398704985586571	-0.03145101508437439
-0.31315903304746406	-0.2888191543619376
-0.3357533494151319	-0.32402785967203757
-0.27555188563382416	-0.2605826378228861
0.058569489593431	0.05197684888688274
-0.17440098950378058	-0.1717607265214919
-0.4869232484375736	-0.49384731837956647
-0.5043079727760791	-0.5167345845602925
-0.17219949389754063	-0.1527332408969196
-0.049473639996428176	-0.052215915460259464
-0.5569569700652233	-0.5758551748383481
-0.34468722037139976	-0.3388445271884052
-0.5178397130740784	-0.5145606512433629
-0.2667193041926552	-0.29414390432953086
-0.49824600664215524	-0.5003733193324151
-0.14984904725518788	-0.1711607756283339
-0.07948064230140339	-0.10592751842146386
-0.1782651305319778	-0.18118345639373962
-0.335319859046872	-0.3481148496835229
-0.19367895786727374	-0.2015119433037021
-0.3874355169426327	-0.3965996163852275
-0.1278643573742606	-0.12483582941722872
-0.08560690065151455	-0.08148798384180171
-0.2837083826689861	-0.28039940341086317
-0.5075607040869938	-0.5065325565997539
-0.10424637849075946	-0.10376089016741231
0.04844165291927727	0.05488085966309063
-0.052318362566166066	-0.05204352212797027
-0.32812487253080036	-0.332497866487481
-0.3699570698005754	-0.3540465067661907
-0.07443396972715632	-0.08014395541873477
-0.17680017892299915	-0.1784625919933999
0.035080441603225765	0.019730921606653715
-0.3130208548827387	-0.3294574031858817
-0.3160711311395481	-0.32288640571868976
-0.16566109608159607	-0.14370740842165305
-0.026577635379474884	-0.04355702045982384
-0.3128032861267904	-0.3327977059337389
-0.0972802022348489	-0.09847310992326869
-0.17939543319307383	-0.20067377531220032
-0.35253842258177315	-0.34279387004120526
-0.044336071647371966	-0.03902442505929707
-0.20763764941618668	-0.2023938993383164
-0.08612235437017457	-0.08398146165233548
-0.28156807116007876	-0.28922540795077717
-0.0824704578692188	-0.06393816519583778
-0.35277912942782397	-0.41680173285339
-0.4909345271146375	-0.5236602035974447
-0.588559310843829	-0.5554477647359156
-0.33923982300012945	-0.33987824449156273
0.07920586767861515	0.06435149427606583
-0.45964926597774713	-0.47367177842757585
-0.19118326714785994	-0.19995162266444533
-0.16277260358012047	-0.15727732502223085
-0.6344656763295511	-0.6189797759564326
0.09535284170558977	0.08983588256093554
-0.26645856915681954	-0.2617471071864292
-0.17577305274915922	-0.1826997029290689
-0.1339290795395165	-0.15062553484553987
-0.18329640273362635	-0.18983644217086382
-0.3193044425612115	-0.3274587351081144
-0.24858405258570304	-0.29680047706240326
-0.1878446410096588	-0.20038818999179056
-0.08124583375881578	-0.13820344762807493
-0.6173608859204442	-0.6045150944596723
-0.3124335672888927	-0.31233534085793396
-0.09507350701765205	-0.08426281028296562
-0.30762601759699937	-0.32109947436055203
-0.4129728280840652	-0.41727201805499625
-0.27303741855635355	-0.27292332793239066
-0.09722563117445304	-0.09171234650694687
-0.16577093827928113	-0.16830725542383357
-0.19055094162706787	-0.2279142330259842
-0.5155736040924559	-0.5198474104075465
-0.2804088225711876	-0.2867465081826085
-0.09356393299043297	-0.11316012826512971
-0.5443923904762187	-0.541080986418896
0.07936867416625137	0.08686405403070009
-0.16497954793689829	-0.13215185328962778
-0.5443307828426063	-0.5370245959358116
-0.0032982263212613105	-0.04998726653526655
-0.1787571424786698	-0.1928770678285798
-0.49067503682675717	-0.49333042346733397
-0.33563292234182285	-0.3410876197046987
-0.4296905723846711	-0.4285904397404159
-0.3378284671295937	-0.3329371480988146
-0.3630213454557829	-0.3544814207719781
-0.26995035337152906	-0.2702178133466182
-0.2668173586665503	-0.26127994568309176
-0.563213667007405	-0.5646772353532414
-0.3818373055716089	-0.37841874329791325
-0.24085699115496872	-0.23634449763160276
-0.09545244170046807	-0.08659637239564615
-0.17140468194508962	-0.15573182691953105
-0.3186711254478176	-0.3137650987298097
-0.28879976037602173	-0.28742423971219394
-0.04517354047279731	-0.05326052104539066
-0.4829471636941971	-0.48515366092553425
-0.5364870453757646	-0.507854601128958
-0.02778346431679246	-0.009361600139501668
-0.17921277608350294	-0.1756740546306254
-0.08787988710703853	-0.08269684269224724
-0.5117570962310314	-0.5077146202894437
-0.23117173948334457	-0.23931493142741772
-0.2731770760107235	-0.27908677153496025
-0.3431404113334775	-0.3523890861258461
-0.1855795586227691	-0.19425521035300206
-0.48123261186785093	-0.48145644324079645
-0.16502592640675573	-0.14273869282723398
-0.4388076634846918	-0.43666504495598196
-0.127042999448423	-0.12020208483302686
-0.1790625169812703	-0.17944673673153663
-0.2414409023954276	-0.2329038343732119
-0.3216295987528657	-0.30814444219069126
-0.4799985835258891	-0.4757168071614989
-0.3458133217361796	-0.3585444033805842
-0.36626754297932784	-0.3645753305128252
-0.4689233492474765	-0.46316070853616337
-0.040483991348393644	-0.034118558678098286
-0.07266559972223785	-0.050916889400663176
-0.29503841859841184	-0.28888276028254517
-0.5984547820055353	-0.5996083994448218
-0.28867819801646455	-0.2825104010399924
-0.33963470665673157	-0.34423556895576707
-0.17743385126040145	-0.1691806671703695
-0.47251082822049817	-0.4784346303158495
-0.21537198210829267	-0.2230308153874083
-0.4128748091941299	-0.40334420152540457
-0.3453284485973498	-0.33083029061271013
-0.11604024963128623	-0.1284681269176877
0.019700955339320814	0.04506193637005636
-0.1845429712395692	-0.18207847677962333
0.08807775002508134	0.07744874056226066
-0.248472019774578	-0.25678526077977465
-0.13855765345146764	-0.16666189260254227
-0.3122938650249649	-0.31750147442662474
-0.32096417354973017	-0.33592281423780074
-0.3492813086565292	-0.33443029801410923
-0.29394188765363616	-0.30458245085700464
-0.4845932137744766	-0.4849817142738459
-0.4713995621692959	-0.48272626053952483
-0.45259859792955837	-0.4515585912486679
-0.16585595083182536	-0.15680802791193926
-0.2797595694461821	-0.2880717090869972
-0.4970995344349838	-0.4910159487760094
-0.6090219980751943	-0.6112227121767686
-0.09969337192154448	-0.10588139896975735
-0.17186286759320524	-0.17755285014932204
-0.11129132730350744	-0.11528498356028262
-0.37518169742617324	-0.36473384012231186
-0.18637836074663738	-0.18715227015131589
-0.03896318749903216	-0.038396792032071615
-0.04667015000354713	-0.03938940365786968
-0.09755727128312586	-0.09833582791424503
-0.43350551969348494	-0.3118153014582796
-0.06158228237458907	-0.05266905794435466
-0.6147181425827357	-0.6120038113786563
-0.31855595703758155	-0.3093020990296916
-0.5384518223570218	-0.5248417831950378
-0.3274806317819472	-0.3202009952117593
-0.13666418372663092	-0.14507872580187797
-0.1791138536677046	-0.1991938967435411
-0.1198587478516151	-0.13630011632808678
-0.04490962701161649	-0.05812268710342479
-0.19304149582753727	-0.42691084592838235
-0.1278931253179234	-0.1273579102072845
-0.20295939139311692	-0.17572896817796307
-0.3562553549648495	-0.36020254147924097
-0.354098296273504	-0.37236028826153966
-0.16177190522759055	-0.15703653594217035
-0.28715862625361765	-0.2917807535889096
-0.0859000477426326	-0.08583852520948441
-0.30980690872315186	-0.2685798783608408
-0.2791850115902914	-0.25438562032854406
-0.2572054651720812	-0.27284159579510986
-0.17621720396741658	-0.17328683977986264
-0.46483602640916644	-0.46813195515239653
-0.43536587687037276	-0.4368170009623696
-0.1085844858520364	-0.10014550617288055
-0.2869140385865254	-0.303072427132405
-0.0502261606510217	-0.04718564412271662
-0.1798206452149813	-0.18869364926734533
-0.5678753979052642	-0.5384573570932463
0.00839201928972777	0.016016367100499706
-0.23242296783477734	-0.27467424338622975
-0.25837841733247835	-0.2606787294183104
-0.25452637342463724	-0.2941520022249243
-0.12069012499420317	-0.1509682783770298
-0.17192322709648167	-0.18716980158934554
-0.3885234237214492	-0.3611403422184143
-0.4492197244429059	-0.46300857778995996
-0.5055118882884502	-0.4981080744361214
-0.19544917445742982	-0.1414673025546646
-0.5170471954431122	-0.5369878067158651
-0.23535680720129193	-0.17574146962524403
-0.06452086577066041	-0.06187181417270454
-0.13127767528009127	-0.12221407305298028
-0.26860844677954177	-0.26345696420510456
0.005212454607628203	-0.09410832170631497
-0.24515620758968737	-0.23029037603456004
0.0669559744352286	-0.019296151585091157
-0.3617201414893181	-0.3488122293035843
-0.3030173054235661	-0.28962146638695074
-0.2974990420305579	-0.29643360630897964
-0.0874504837531882	-0.08132119432467463
-0.13973873236829526	-0.1373043577578038
-0.3084501913087223	-0.3076433335878956
-0.39899851504363504	-0.39425650236736226
-0.2492069570743265	-0.2621219402229294
-0.09886595640906748	-0.09705118223618643
-0.17961650953116326	-0.1826220970437821
-0.05867094069735046	-0.04351573664974848
-0.3378208515442367	-0.3052344717306355
-0.47918449876992053	-0.47039553703143955
-0.049433256375238877	-0.04891042752507494
-0.47608649986824236	-0.4811690850246354
-0.3380283513937563	-0.34086611648458637
-0.3072619706430917	-0.3065366153793903
-0.4139785176568287	-0.4090822063160204
-0.3011519574089796	-0.27984711612252056
-0.14402307962465954	-0.14431022265522023
-0.4050034565861136	-0.41218549789997844
-0.34669436030338296	-0.3402084951935782
-0.12861139738826388	-0.13372251838848837
0.06372142054290819	0.05005580741501029
-0.08321308360459945	-0.1852970012511312
-0.38220976876760737	-0.35096605198282493
-0.44435628685161	-0.45638747653299655
-0.3229756846584628	-0.3281124263906028
-0.4340103000832034	-0.442060066214838
-0.5655780322464832	-0.5498678911538749
-0.37445900745653304	-0.38354858989417745
-0.3149409534610488	-0.26511097057322736
-0.04506632627497531	-0.050180242800457985
-0.1896473471354554	-0.16599874764496095
-0.28514715786772804	-0.30372377079971113
-0.299688686908798	-0.28568981562259493
-0.4861375074751413	-0.49237590989449903
-0.13127910483348337	-0.13117206888097935
-0.5500724401493855	-0.5464298671093999
-0.4097707738291785	-0.4102150232594059
-0.4856499875586602	-0.4894998665381128
-0.2700750110548018	-0.27523224408965297
-0.024545265219016343	-0.002693125892508051
-0.3663199877096801	-0.36611712877850755
0.051148227414683944	0.05136889165180572
-0.1808157782570312	-0.17448749360719135
-0.2963597634914832	-0.2937217151859403
-0.2697977340417088	-0.2744744969658477
-0.16925362876872274	-0.1970048724210929
-0.08504065155649876	-0.07884150915798392
-0.3685838493989362	-0.3618982882667867
-0.06741580895471877	-0.0769843316570811
-0.33189139762002107	-0.3243658658001998
-0.058935811486190204	-0.06075072267702647
-0.08852040069493139	-0.09293781064227286
-0.18940589924825701	-0.19826663562242045
-0.2822201919255214	-0.28003274430876235
-0.06185447043594294	-0.06484942368170908
-0.47936348268981543	-0.48159963132073647
-0.2840496880242789	-0.2839695178728042
0.0064785931524848905	0.02611745570029598
-0.0015149904944991022	0.01429485348010623
-0.25088602775810465	-0.30099364572852216
-0.3731594618421603	-0.37760393981944596
-0.09360539482354113	-0.08629741505082944
-0.19987516555363172	-0.18199213454370444
-0.1058653603371793	-0.12785803036294782
-0.0981952557266057	-0.08610459547346054
-0.47777233856537027	-0.48332648834921077
-0.4670602971535125	-0.456689733536113
-0.012218585694864004	-0.013593253803528061
-0.08464306672565058	-0.09060374678997886
-0.5450167022590762	-0.5490371386162418
-0.4847835903918698	-0.48025306422796116
-0.2929015312797638	-0.2975177646250669
-0.15062519528351181	-0.15183026015521078
-0.20701929748554537	-0.20132236390099478
-0.48055202390371043	-0.4844561913401762
-0.31866044030659424	-0.29973920657935277
-0.45670360694080436	-0.44998663141718187
-0.1917389767288764	-0.1974974205632179
-0.26462214140151197	-0.22968984582889662
-0.03188997779381175	-0.05502177124491246
-0.4990780864880877	-0.4908894795699326
-0.03340284237440816	-0.027228836384060637
0.06411877975980662	0.04862636427424486
-0.06799875637280817	-0.07847202746702282
-0.4266891457479307	-0.42371899492863807
-0.1003347440379736	-0.10194407083101295
-0.1884560889223259	-0.2011804701997199
-0.4358559442026415	-0.4320971020395544
-0.15948402509387005	-0.16628549349615748
-0.4867493191809178	-0.47529753271540487
-0.256506370286683	-0.2694278028176541
-0.16166733111135034	-0.15736202635802596
-0.04348755704757856	-0.05262803437688245
-0.06814969737950882	-0.0811048476341896
-0.07365545825090614	-0.07245760043921741
-0.08178869756038942	-0.043166267726533654
-0.40516923423868434	-0.407328700749854
-0.43964286224445104	-0.44550772065686367
-0.11284086097841772	-0.1299233442220106
-0.009914663215203845	-0.013584356391255124
-0.26566377274372055	-0.36735237624723416
-0.16647933068002985	-0.14821426292848935
-0.26333964517225716	-0.27102519308012657
-0.4413062979834006	-0.4345964588169098
-0.3569090304988993	-0.3919028972190822
-0.10917529687637462	-0.10939902148669768
-0.4163599203116011	-0.41428101607891044
0.0002579046819173314	0.010219413995024473
-0.5164851522562515	-0.5071559272125634
0.12346602726291156	0.11520811987109592
-0.5512174243762349	-0.5523408657604619
-0.03151784580033912	-0.0316227344698589
-0.08114227073543923	-0.08319754448510495
-0.03604048905074997	-0.05768619362442543
-0.46225230747781687	-0.4618445579588871
-0.33167277068585577	-0.3367152242666218
-0.3931039357257866	-0.41504152676918404
-0.17684729803923904	-0.17735166799412327
-0.33114204512646683	-0.3153392987827972
-0.13374546388195796	-0.13173118390867478
-0.06001553732622966	-0.07335567782593823
0.04231335379406165	0.025373825905627725
-0.14256715768775408	-0.13747736779020395
-0.3422477473104433	-0.3417130394762123
-0.4865653399337919	-0.49072162812443165
-0.584279670778864	-0.5863699000869899
-0.31206141563760337	-0.284363594385574
-0.09953503564188004	-0.07454611523354963
-0.08473335127369719	-0.09021236761113374
-0.3013335227193785	-0.28071717337929847
-0.2238729396338961	-0.1930862216621072
-0.19839815143603978	-0.19605095187438545
-0.32857078812791585	-0.3106597251641391
-0.22441782885759132	-0.21809034295498927
-0.5265966864975482	-0.5013092767887068
-0.3250543115551441	-0.2599570653453049
-0.10337469620671413	-0.10811750167071231
-0.2971159368134071	-0.3175611347308484
-0.08997699111004565	-0.08911274816084491
-0.1444568182062742	-0.15702594477482895
-0.17145986440174	-0.1712133182550402
-0.08204151992767628	-0.08469817814385083
-0.3027875083828331	-0.3020821278439624
-0.11465366977474645	-0.1221496912471368
-0.1289623782107716	-0.12930479647502893
-0.28155874543027437	-0.3124482112245914
-0.2870874833513888	-0.2957569673182857
-0.2647308098984542	-0.2570312186539927
-0.4451962488770569	-0.45623071098275997
-0.1284754129278074	-0.15065741199033128
-0.16327530134913282	-0.16049757871952514
-0.27646272967787944	-0.2774812953658511
-0.19570885430784024	-0.21131819711445046
-0.4591694953433336	-0.4366731677632656
-0.3218090785917749	-0.31102681698252954
-0.24593594575287892	-0.25186091986659914
-0.2987517896077776	-0.3191932294418809
-0.3158783634218425	-0.32323276681792207
-0.2536384505105538	-0.2584021664246442
-0.10069492754471199	-0.10115882107475728
-0.20973692835572244	-0.20354153901533
-0.42987480403039413	-0.43456996648604423
-0.14368166664845816	-0.1299015198538254
-0.015989430347980615	0.008652710801902433
-0.5050711060078585	-0.49183775058598533
-0.28959638723178216	-0.29230101145360754
-0.61799486297447	-0.609140179268575
-0.1952230504076775	-0.21339692506471364
-0.486861196964381	-0.453245986709447
-0.41757712200627495	-0.41443130763724423
-0.36275159539344237	-0.35935380180738696
-0.4592349206708528	-0.45063139874208546
-0.2605340871910382	-0.22006325597376059
-0.11516441318105741	-0.12883503886920644
-0.3977471987733381	-0.3991442996536298
-0.1270044099135763	-0.11511180260474593
-0.19370258539416163	-0.1990494683988289
-0.329319661181362	-0.340250313076596
0.004917638480842257	0.010575772563280938
-0.18760130536674335	-0.21261735273068408
-0.1720344702772545	-0.17646579874275017
-0.014170154449178796	-0.02290638374722406
-0.09185676652553099	-0.14350010089234547
-0.15622641178653218	-0.16243873868455636
-0.2971781951325969	-0.2946025993379544
-0.6119288270847889	-0.6105647808492262
-0.23520400009916997	-0.23926314559467332
-0.1358036645669971	-0.13429922883206044
-0.4884162470480131	-0.49380411467828167
-0.5682580214892594	-0.5406410333735564
-0.29632625040849625	-0.29662268530413977
-0.07554995205943182	-0.07444020274821524
-0.23103929876029738	-0.23729563027288667
-0.14349240518395057	-0.14272964642306096
-0.08087516345743495	-0.07877967207726065
-0.20557986186802957	-0.2186599609199725
-0.18846778969917555	-0.17103210241743982
-0.34652541559817873	-0.3341464481671402
-0.4053568285986726	-0.405624102782877
-0.012757060700531397	-0.02357502177632581
-0.16098561913971743	-0.17990927781181432
-0.31268120704556956	-0.2989204273532934
-0.11198252502892814	-0.1139318801301065
-0.4658454168466317	-0.44673415372235564
-0.07392125383442316	-0.19329680239315414
-0.3215630127594409	-0.3001063415470722
-0.18462613341534695	-0.19163746008317717
-0.22237966013262955	-0.20939473195376065
-0.6258874130500391	-0.6313905612392143
-0.19375320177357036	-0.19957330337400897
-0.10840224180095959	-0.1065226608599166
-0.036660677460518265	-0.033368300457508784
-0.48472392256966135	-0.5097176941645508
-0.19070201211881255	-0.2101154748365313
-0.23002905058275225	-0.3343134148167564
-0.03996472571215648	-0.03959788744040817
-0.4403931961077623	-0.4517713951686218
-0.14139115509952838	-0.15282633461537484
-0.2257345738174994	-0.15028878420767608
-0.06070174300308562	-0.06357515037780771
-0.09968581215522843	-0.09180875009096563
-0.3400890042074298	-0.34652980419536333
-0.20067905377891826	-0.19988558749585336
-0.08277397585281676	-0.07990708235463598
-0.27252346932668203	-0.2578866944117095
-0.21374839964905057	-0.25056823500364284
-0.13085679470355593	-0.14931308362375315
-0.2753788340636758	-0.2754362188669196
-0.1730959565093393	-0.19069853020744498
-0.43296576681882293	-0.42283870848843386
-0.22519593634678614	-0.20260439465512983
-0.33737685636913994	-0.3411669105672638
-0.3578823968252056	-0.32451533224812734
-0.3761610806135707	-0.3296578598179996
-0.1907062142998246	-0.19714112013199733
-0.0831633895262236	-0.10680135889821323
-0.28781328615679147	-0.28144189609203013
0.009043978695173038	-0.003380181419448856
-0.1762554285815625	-0.17845936885143568
-0.05193409197031862	-0.09078327610746643
-0.38639650234440026	-0.35118829001526425
-0.08857288855101508	-0.09494162683863046
-0.29948754655070253	-0.2908704587556817
-0.3376232982314402	-0.27103558230957486
-0.12706120644047036	-0.1496414586657473
-0.4456780145999346	-0.4369326016355586
-0.45580395111619776	-0.4421116792388055
-0.5661735992918704	-0.5857295258178956
-0.11845393921980563	-0.2075963970603072
-0.29289016237544185	-0.277156281933339
-0.15941739111099196	-0.16168642392593702
-0.16284707046309066	-0.17057121393042338
-0.14453607343251385	-0.1278610330888884
-0.11088396970995973	-0.11188398997294652
-0.09648954578882751	-0.12026551588802434
-0.2497545935904828	-0.25969886269740095
-0.3052100153806556	-0.28382576559929185
-0.14079986949622025	-0.12392939146905581
-0.2059486728964366	-0.19102294460951993
-0.2595630042294621	-0.2577443482747574
-0.32477018638353705	-0.32504364858157464
-0.49218489179607694	-0.43924969210490455
-0.15757902543054847	-0.15071384359055584
-0.3983876192606264	-0.3777120593001305
-0.03838332650091392	-0.05586244481015916
-0.309573042014196	-0.30713372845621933
-0.03357236375271633	-0.052100925237733346
-0.27538444843903953	-0.27314635472776794
-0.4513337521690932	-0.4411205007115608
-0.3358287886456228	-0.38069120374990584
-0.2673066798796526	-0.2655316713605407
-0.27535375546785623	-0.27708653135149947
-0.32593120462951397	-0.31626028129342193
-0.48558307262520817	-0.46932473805961195
-0.15218511661174894	-0.14993627429585424
-0.26972046245949066	-0.26355979957195547
-0.323227100211116	-0.33238723340993404
-0.2728606609460167	-0.27645535184128694
-0.285158772428991	-0.29455527576595947
-0.10317748728900789	-0.10917892278909802
-0.38990640029125245	-0.3864504978970958
-0.15654313059753022	-0.156201989072953
0.056568207554803074	0.06257675711500864
-0.2801763383317173	-0.23479954651138565
-0.273284312144928	-0.2799291709664077
-0.49658071287321803	-0.47122790446559154
-0.03818573146294302	-0.03885501964671066
-0.1803704425861543	-0.17074441823049785
-0.4428278161553001	-0.4407724089305782
-0.42923189070326195	-0.4357743186893698
-0.44320899959557103	-0.46330278989405727
-0.2104431922070944	-0.18411601094035984
-0.2049110389686124	-0.19558397549559473
-0.4120248463465028	-0.398015944607929
-0.23307065451322906	-0.24404110252847938
-0.15890365572382414	-0.14138225424534195
-0.17147093610213737	-0.17428261679463752
-0.13330474202762765	-0.1460711224413433
-0.3775903088397943	-0.3718316551990372
-0.15087024579511787	-0.13505958919702793
-0.413626218791733	-0.42833187187248367
-0.4112285267426099	-0.3973597501576766
-0.5137323319389999	-0.49785115017151516
-0.3108454177836766	-0.2992090635904255
-0.12447412306373451	-0.1395737885053534
-0.35787851198611254	-0.35744405831164516
-0.08806291946168265	-0.09413857664818404
-0.5019269093607654	-0.4966430696795044
-0.3373044785133743	-0.33170923364168875
-0.2657351853362879	-0.2614196064379567
-0.5161472936213372	-0.5164351320927764
-0.046265796707912976	-0.07686784443193125
-0.16770708561726444	-0.1670705567567301
-0.40668443920325625	-0.39796401420830735
-0.2797780054770538	-0.27380305221127377
-0.4876095552500228	-0.483334537646753
-0.26644883095929295	-0.26300963682696993
-0.1498648206725468	-0.14802324345410037
-0.32577767032553595	-0.33685287013889076
-0.5228909135307447	-0.5284415142009063
-0.2204738004281861	-0.24490799448828107
-0.323708846668632	-0.3273235949314903
-0.3270329824042406	-0.32803109048411433
-0.2900216937020659	-0.30729178507351834
-0.28262002812988474	-0.2806995354778153
-0.1831278525875284	-0.18324823639569837
-0.2896357667655227	-0.28904536743124115
-0.47545165351314367	-0.4843661012478873
0.14033791330015788	0.13277962849055486
-0.26726946606184665	-0.29399354862939014
-0.3081922018255714	-0.31706256588905884
-0.19409215286952453	-0.2927124517762341
-0.2995637622192877	-0.2963285217954752
-0.1777102466775169	-0.17307623265206704
-0.30882071284841395	-0.32462471114133845
-0.35813111092919936	-0.3578653681055346
-0.07943674576734061	-0.10472637093508966
-0.2908675096398685	-0.28141256915419005
-0.3358331648199986	-0.3405712782109865
0.04341319693548229	0.040726637976376885
-0.42522569163925183	-0.44896835505070826
-0.5557380880428324	-0.5490539909577076
-0.1837127290401055	-0.17735216688089242
-0.20027029159852194	-0.21376939355146227
-0.4642634000732109	-0.4721794163269767
-0.20014958664406102	-0.2331992346602004
-0.44578693116606516	-0.4457968855651571
-0.5716812060595986	-0.5629050886536535
-0.17402639739596992	-0.16944206862735292
-0.2560187342011684	-0.2737305031050584
-0.568539135374051	-0.5607964382941727
-0.3920776508050352	-0.386888294509988
-0.09632084705654265	-0.09126293187649734
-0.11952853326450885	-0.12158984091618683
-0.5274171346065515	-0.5247475274170914
-0.39957000421518707	-0.40973685114551756
-0.07679712134765015	-0.06639724377580067
-0.5559406243482368	-0.5674101291537013
-0.12984699670972688	-0.1705443129233661
-0.28062514988471143	-0.2776458854185094
-0.17651042083454271	-0.1616733060930004
-0.4090207542403288	-0.4156217089054261
0.0353750681677365	0.04163696240951288
-0.2509482614822094	-0.2625998995768266
-0.356744897632856	-0.33103591413267175
0.06214112542441441	0.06886020519188497
-0.5484462909561252	-0.5517376568725412
-0.1665912937564844	-0.1817769991025328
-0.16893074297006372	-0.18006942776354837
-0.46995572678500963	-0.4772868065116856
-0.32374806419894586	-0.31159715126210147
-0.33581033704360674	-0.345572571029032
-0.28781367872928065	-0.27917586197808597
-0.36193135839265	-0.35752809394380825
-0.4605613795815069	-0.4551705227204428
-0.25900437226282147	-0.2403236090978226
-0.36762865786768906	-0.3517187732847439
-0.33971903630040856	-0.35008234808261907
-0.39074536522802283	-0.37704637320320156
-0.5024900155410927	-0.4891846785158189
-0.3337474816770918	-0.3263191298685353
-0.14488255294446084	-0.15634058281179272
-0.25872933523907626	-0.24530550297161008
-0.23239365400184475	-0.2271328032246246
-0.2936781164470599	-0.2979990829259927
-0.6035195866141194	-0.6017793401838517
-0.3266761387875299	-0.31766519795421067
-0.4299638753699986	-0.4261819759791284
-0.03205727674479775	-0.024242175593082557
-0.28999482081784755	-0.25717927030960674
-0.47595634313483615	-0.46986645058271875
-0.18121258454401712	-0.15840458908176588
-0.30946542003691135	-0.31861356241598116
-0.378804276370885	-0.3749840491194381
-0.337722121433746	-0.334402949901327
-0.3107078184876553	-0.30585173792325177
-0.3299557250461769	-0.27934061675025607
-0.21059175449350143	-0.24919383829863326
-0.15429828443287086	-0.16054190093026
-0.06672294487486496	-0.08383747240607756
-0.1902044068163251	-0.15482408526451147
-0.1445394708449843	-0.15751326404110705
-0.1710253307826628	-0.173094853140281
-0.17385921931049708	-0.18598537347197064
-0.14807727112771296	-0.15236565425951523
-0.2622859519838521	-0.2670407827929819
-0.2874639266318324	-0.29611184995681067
-0.0651359062579191	-0.058563360064901766
-0.06175725612597294	-0.04838343655025551
-0.08805896180033024	-0.07961713767636851
-0.20315360842686303	-0.1976131204626954
-0.46037246157259126	-0.4795399394961428
-0.27994522676802536	-0.2997725856429819
-0.23387698934167567	-0.22800740358067312
-0.4660973264115622	-0.4623280200520369
0.0580887545817621	0.058068307456241156
-0.35098765364206574	-0.34063786118216494
-0.18080214808710338	-0.17125866464716583
-0.31833819809037056	-0.3286236694283045
0.08526327380234555	0.0812424503057849
-0.4429436536213167	-0.4371199435781616
-0.06608550570039284	-0.07502134626229956
-0.026766646325739885	-0.02026954370732572
-0.3759963003048359	-0.3492294186160397
-0.29072914156284924	-0.2793545234106778
-0.48393155604128957	-0.48455597131873906
-0.6232342701321194	-0.6173573235108061
-0.10282828662652488	-0.1004688759850413
-0.6212131335209907	-0.6376617267300497
-0.09842228142417397	-0.12406946201894263
-0.5234574814578759	-0.5270144256257417
-0.017190116036580605	-0.020744705689982722
-0.3391556260061588	-0.3406850048490352
-0.36151806234498274	-0.3361511980995397
-0.2448604308933815	-0.2455118551266323
-0.5842466132351873	-0.558249084687821
-0.32781960107618247	-0.3360764916851537
-0.020884412604242897	-0.01582681401287623
-0.09451952133096775	-0.09523020219921145
-0.2977306805551754	-0.3242346879516887
-0.1899551899277485	-0.18407248869585974
0.00022504533831746443	0.012756436434720016
-0.08562418060224442	-0.08790207519562994
-0.3228482070235881	-0.3353799703674263
-0.13426801134727206	-0.12223278339891784
-0.13188000722372628	-0.13754462387268954
-0.43723985888960204	-0.43826187471712835
-0.22351494301457642	-0.20720696127991978
0.014436120307321332	-0.0045801147916096465
-0.15188767701899053	-0.17282204797563572
-0.3126527752268995	-0.17713193467576258
-0.1983071438927304	-0.24599054609485657
-0.1915025467769471	-0.18325548940099026
0.00762150145497742	0.00011128820353855085
-0.36743334195426236	-0.37130996936967686
-0.27594482813692434	-0.27758142974464545
-0.2666884919829151	-0.2659439624591448
-0.16543156183293917	-0.17717434658281925
-0.3916146737201265	-0.3607257029326645
-0.33819613780209323	-0.3181565455362815
-0.4917112284596197	-0.4963653899184517
-0.14021695610040208	-0.13933404675110053
-0.1862534673107712	-0.19108165082171996
-0.3039441980713953	-0.28701796184635703
-0.5065843664823255	-0.5013446789802514
-0.3445063101342374	-0.34568040179772025
-0.29569300594387293	-0.30891393095821007
-0.17943708590737995	-0.20659249785821907
-0.050391077483363134	-0.04371789918777618
-0.4216855453171311	-0.4097384434368219
-0.5139808815080222	-0.5200745838419039
-0.17647568153688198	-0.16227691583961
-0.030779736338562458	-0.039405812539653626
-0.1319792923710823	-0.12356160172128007
-0.2726672373507677	-0.29715539199755986
-0.14508037392905848	-0.14231949477562153
-0.17190973248087982	-0.18123025150389052
-0.18486592091679555	-0.1755953698412963
-0.02308186237403831	-0.03512799219096046
-0.13191740382212647	-0.10664056796790837
-0.023385505368262116	-0.015442347473971801
-0.25633721948813903	-0.24507316584482997
-0.15150478588211147	-0.1314368579136045
-0.49640491349904536	-0.4961869580397329
-0.4215227842381326	-0.4430147840585069
-0.41699672964160417	-0.40686827005882986
-0.19315014128781094	-0.20337573952827698
-0.34179486703776085	-0.3374991662469666
-0.3941537524644039	-0.36442047892479973
-0.3731016907213984	-0.3931311836894062
-0.4625895949968726	-0.46322622638975064
-0.4497923368580441	-0.43913199822350724
-0.11052858570843682	-0.11331088962641508
-0.08942484938416406	-0.09274312580242103
-0.18161123756824793	-0.1847966534775572
-0.0666597416408532	-0.05436631031829031
-0.07084879496943852	-0.13637376504340645
-0.5052736266239819	-0.48749864694653355
-0.07538273839079768	-0.10000965018547193
-0.14547286692772854	-0.12146016898547544
-0.04443863355551869	-0.0481152255031005
-0.0823136037545158	-0.08019848727162637
-0.10687348163410171	-0.1254691731223301
0.067942862828553	0.057151914440525094
-0.20297281693139269	-0.17239620302215306
-0.19423971042462362	-0.20000733822529446
-0.2354576207546346	-0.23497562401426353
-0.2221595143530557	-0.220501878912221
-0.21130747117109827	-0.21199927334555335
-0.5054388456879195	-0.5009676868620875
-0.5346069325826033	-0.5313784250065573
-0.3322342627971224	-0.3184280939798412
-0.18834318749572532	-0.18079782018356844
-0.2810283613244611	-0.2687494677963048
-0.2685836421626391	-0.284775632919138
-0.25893751334749915	-0.2477986818731202
-0.10132134229315248	-0.09313089375116711
-0.25256716868296714	-0.2721295854550316
-0.3320154754124367	-0.3339816261058173
-0.2936137716061804	-0.2771704716537097
-0.3851080456957652	-0.41183752756012715
-0.33412538682937765	-0.2996716028638647
-0.35809044246648547	-0.35800445348404675
-0.28734322743963325	-0.265250831928626
0.07405789884999514	0.09326020253293918
-0.20174532119458544	-0.18755498065367118
-0.23941226959989237	-0.23333500277223
-0.293278692726628	-0.30957628427080813
-0.2857759466612828	-0.27936782476898914
-0.3054163586254761	-0.3073450233680669
-0.3124886269106728	-0.27739352429317127
-0.1025418839910417	-0.10051377951947144
-0.18663594736727518	-0.17809399785725194
-0.31864220065079607	-0.33099845412357376
-0.29442685175371075	-0.2840711950775702
-0.056676234210057075	-0.04839877001473657
-0.3330054667382729	-0.3385841874089562
-0.1833884119546969	-0.1785876128734762
-0.1659906762396819	-0.17583583971402167
-0.21303867145176092	-0.20169319362975688
-0.16633272758404694	-0.16308626508351284
-0.38080817015984003	-0.3617958743584611
-0.34162566940171857	-0.349481277364109
-0.2831353976215709	-0.2823448879330075
-0.4808037327721948	-0.45446243548357956
-0.05963080317180669	-0.06608559266281533
-0.18207683736981028	-0.1994485318954073
-0.13496479780573445	-0.13515722036442104
-0.36758742856658433	-0.36360227261971106
-0.4195428212647343	-0.42084146432640535
-0.36404352790920314	-0.35187699706423925
-0.432606777882647	-0.4295685978958978
-0.5038449593368703	-0.5009074190577846
-0.13151153572557206	-0.1225310725572105
-0.2524944266131648	-0.26459820161854836
-0.27363607375770016	-0.25889647486661144
-0.4209148612434088	-0.4237907610623861
-0.012490591439507703	-0.017167256870095633
-0.4663666971322691	-0.464943737715596
-0.06847762303200788	-0.07374123299907005
-0.5929225751050016	-0.5943932024700304
-0.44693341628884564	-0.44760209794218936
-0.5581701336849925	-0.5484999891656641
-0.20818020794379066	-0.21411166982783744
-0.28468628822676934	-0.29375113990842716
-0.5038109399838602	-0.5105742841352817
-0.06914602643500167	-0.08299635939236498
-0.17836015971172792	-0.1875955471003612
-0.4569200119695118	-0.4604614206129692
-0.49455488135949466	-0.4939086274105229
-0.5647974535945668	-0.5236764855786247
-0.26970978247408883	-0.26685822665786624
-0.47448885339705527	-0.4772036367514955
-0.11306904665918083	-0.10961950005810392
-0.43166815605148834	-0.42901959190604283
-0.32668398958367995	-0.3189326656416954
0.0446026949200089	-0.023433835107505
-0.5240248014970277	-0.5258542874329689
-0.21815225121280513	-0.19221880403641362
0.05427271478414486	0.06012260296272716
-0.28333179389152363	-0.29017486793818004
-0.4400244635579522	-0.4590363893440816
-0.2665926847954587	-0.24892051339119342
-0.630910568700715	-0.6263703926762209
-0.2713107264722261	-0.2695016260916037
-0.3398704448701988	-0.3499733850453103
-0.4594278874544928	-0.4700587839973836
-0.108099726973645	-0.12981866169439507
-0.3869797276461284	-0.37857292950663474
-0.5529937959644418	-0.5498118321452109
-0.4943454102977274	-0.4999922666933445
0.039719989240262876	0.038276591878047446
0.03148824112628823	0.05523465401371668
-0.091149660585784	-0.06581672335231491
-0.19613820154852135	-0.22217054354758975
-0.5062683353858812	-0.5056361851980911
-0.16388029095392742	-0.1823639043859095
-0.20948115887974872	-0.20043026960755847
-0.28821985937802985	-0.26865665208672485
-0.4678550909086656	-0.45541117606202547
-0.20403460232972037	-0.18559264663042324
-0.17723457459951053	-0.1772072101805603
-0.4696420484141832	-0.4790173927326578
-0.2789937309544879	-0.29651870900725436
-0.3151183743569934	-0.3131132179063629
-0.02673200225896455	-0.02098237903069998
-0.22507098541790338	-0.19573784521625018
-0.33638840884602494	-0.33664048699724947
-0.09300693673564187	-0.13339430008219336
-0.023644909772126965	-0.003475703670537159
-0.14814330409663246	-0.13872236307422764
-0.16194436742772833	-0.16121814980550486
-0.2440620986283193	-0.24556778875259164
-0.27863944505218363	-0.27045556501045104
0.0011974374981127411	0.00201488604138991
-0.18949697523795184	-0.19309668764767168
-0.02831777940784619	-0.0329448893187291
-0.013128947388113765	-0.005490278521207524
-0.11063320509302699	-0.10386759183844224
-0.24006529985173408	-0.23950583308306905
-0.16425433072619278	-0.16461953131167212
-0.5994309923930778	-0.5911698686606457
-0.13353463435398716	-0.16152047228191826
-0.34921508710534255	-0.34820049243760015
-0.16120619804411973	-0.15207019340239275
-0.1362657348684948	-0.1309347130503105
-0.30723671283739673	-0.3156589517689797
-0.3579652907458364	-0.32621184375551243
-0.30090484387510585	-0.288083635604629
-0.4619868478131721	-0.4632140906946694
-0.1947117529256399	-0.20928780951292345
-0.10876303996089298	-0.09297598646267101
-0.24809551927974205	-0.2586571125353993
-0.18490373905773794	-0.19062689500505545
-0.2925750252494339	-0.3041075990193534
-0.13252141431763054	-0.16666330346518327
-0.21302578213829104	-0.19413871422230283
-0.6295073789468324	-0.6093335369342789
-0.31071277332241554	-0.2332462128361879
-0.17855350399984893	-0.17765510026601827
-0.09529700190601353	-0.09139621806510065
-0.3212312186092099	-0.3363023000687642
-0.18291374262807292	-0.18736272307410892
-0.18132240101571995	-0.19042362373552107
-0.30215820921472236	-0.30107260868863384
-0.030373225260738934	-0.051796691261992815
-0.21420317251121368	-0.21649889322642535
-0.18838207007233976	-0.1489449757116851
-0.006035873343273934	-0.046589350827278234
-0.2535208260692139	-0.26563248866636774
-0.07843068515556517	-0.10450235606601894
-0.34576833673597296	-0.32701225828836095
-0.038891685796083486	-0.04106901534763697
-0.11707427974183027	-0.12887946934012745
-0.2150626355257872	-0.23771948117013714
-0.1583333462089236	-0.15865671945199694
-0.32632295061132677	-0.31257197415468363
-0.29642954214855877	-0.28602060707372917
-0.34445091071792255	-0.3388519147847802
-0.12916151762997963	-0.14782931334943192
-0.3032140047845733	-0.3054196919274585
-0.09515597397896514	-0.08122558029940061
-0.15249962163880149	-0.17746620540748634
-0.28393345660837	-0.28254335409268644
-0.09290954250939087	-0.09447470318716332
-0.26459552486410054	-0.2500431677141368
-0.5042255580950936	-0.5067790191233184
-0.4386911253066632	-0.49767674653721305
-0.19336938018767036	-0.19904971196598154
-0.15504916374150302	-0.17509766477905264
-0.4549529200943354	-0.46054977085368953
-0.005736124896044359	0.002496753744543461
-0.22973804611690163	-0.14815910203112204
-0.13628127294177617	-0.13142517201299583
-0.08988489592054805	-0.09959348986175892
-0.12756448647961705	-0.12998242350226868
-0.20859528192587007	-0.21015577651777265
-0.38918358846500745	-0.39046208776391683
-0.38180412651473183	-0.3864432905326584
-0.44737791574797825	-0.4614097389009223
-0.43636729385765793	-0.4387092822336823
-0.17748192126111562	-0.17315632690120572
0.03183363752764379	0.026677272339480487
-0.4393838623824635	-0.44506813753065294
-0.13306843937560764	-0.17222082360616417
-0.5067485256545519	-0.502431139708495
-0.11798346288255335	-0.12076800073394024
4.814404142639006e-05	-0.007196352301892098
-0.35396617952156717	-0.3415539157171583
-0.2991366756844229	-0.29830603226081565
-0.08653851627609477	-0.09295744381906353
-0.21839296705532796	-0.2347770599009482
-0.32654952862781883	-0.3389735749168717
-0.41891109392743253	-0.42519624328408334
-0.2536664483497164	-0.23700213132151002
-0.27645057520349603	-0.27373693198250665
-0.30904595675223856	-0.33062177744494814
-0.3338634877285944	-0.3187815556570969
-0.20138697154825458	-0.1797839217667689
-0.01794530501505598	-0.03281477446805511
-0.168203691321966	-0.1623844936542313
-0.044944313180135254	-0.013649773833695637
-0.22970646539789108	-0.21777352274564926
-0.253219191306604	-0.26565827461585484
-0.14425332604168872	-0.13145247324822354
-0.08925646667707277	-0.0912799336502336
-0.24248088827620684	-0.26110426759380945
-0.24045561401415227	-0.28041826284803156
-0.406655601675074	-0.395100646985952
-0.44317550039372655	-0.43593849753103864
-0.49861657165651074	-0.505259242252011
-0.13460318093179868	-0.12377424873840152
