1.309762903792074940e-01 2.494845341685788045e-03 1.000000000000000000e+00 1.000000000000000000e+06
1.292389287910036821e-01 2.506986549189437093e-03 1.000000000000000000e+00 3.162277660168379080e+05
1.241395383024972154e-01 2.528310139869860244e-03 1.000000000000000000e+00 1.000000000000000000e+05
1.112803223354267013e-01 2.529670220434892050e-03 1.000000000000000000e+00 3.162277660168379589e+04
8.862098681850880122e-02 2.355433766281135859e-03 1.000000000000000000e+00 1.000000000000000000e+04
6.671340607269392320e-02 1.829694858088125060e-03 1.000000000000000000e+00 3.162277660168379043e+03
6.669022468875933363e-02 1.829831275750315673e-03 3.162277660168379394e-03 1.000000000000000000e+06
5.303192483671061164e-02 1.401368695464451060e-03 1.000000000000000000e+00 1.000000000000000000e+03
5.298753039841127416e-02 1.402068280192706514e-03 3.162277660168379394e-03 3.162277660168379080e+05
4.485568827654459051e-02 1.284585497373121402e-03 1.000000000000000000e+00 3.162277660168379043e+02
4.480922153684228915e-02 1.282595125804360291e-03 3.162277660168379394e-03 1.000000000000000000e+05
4.035379563503827677e-02 1.155201846114796947e-03 3.162277660168379394e-03 3.162277660168379589e+04
4.031030507613533181e-02 1.160459129531705210e-03 1.000000000000000000e+00 1.000000000000000000e+02
3.710807570320902304e-02 1.052411904404609855e-03 3.162277660168379394e-03 1.000000000000000000e+04
3.666434990216095591e-02 1.105205635604723097e-03 1.000000000000000000e+00 3.162277660168379612e+01
3.399291229637173284e-02 9.403480592265123965e-04 9.999999999999999124e-06 1.000000000000000000e+06
3.397620009767334665e-02 9.423171176668607629e-04 3.162277660168379394e-03 3.162277660168379043e+03
3.263473796630094598e-02 1.062639833649831446e-03 1.000000000000000000e+00 1.000000000000000000e+01
3.108163062971206619e-02 8.163624878485707323e-04 9.999999999999999124e-06 3.162277660168379080e+05
3.098181435730075831e-02 8.206843040327108096e-04 3.162277660168379394e-03 1.000000000000000000e+03
2.920160756015789325e-02 1.020055888341770550e-03 1.000000000000000000e+00 3.162277660168379079e+00
2.855944998626676681e-02 8.103125922991419056e-04 9.999999999999999124e-06 1.000000000000000000e+05
2.817139747313727668e-02 7.782255833738413236e-04 3.162277660168379394e-03 3.162277660168379043e+02
2.754770785887642598e-02 9.981395819294140454e-04 1.000000000000000000e+00 1.000000000000000000e+00
2.647991405458207173e-02 8.158941366020774737e-04 9.999999999999999124e-06 3.162277660168379589e+04
2.641489548689287398e-02 5.341763090541641265e-04 9.999999999999999072e-11 3.162277660168379080e+05
2.641020466542973871e-02 5.348544577954570051e-04 9.999999999999999072e-11 1.000000000000000000e+06
2.640700060016955633e-02 5.332028616687045771e-04 9.999999999999999072e-11 1.000000000000000000e+05
2.637806719661044477e-02 5.310341859450401795e-04 9.999999999999999072e-11 3.162277660168379589e+04
2.630601082889271608e-02 5.257437002027509892e-04 9.999999999999999072e-11 1.000000000000000000e+04
2.626925972138006299e-02 5.274488001284583037e-04 3.162277660168379191e-08 1.000000000000000000e+04
2.626875752041391010e-02 5.384492440239500074e-04 3.162277660168379191e-08 3.162277660168379589e+04
2.617493149602416122e-02 5.186630459984229976e-04 9.999999999999999072e-11 3.162277660168379043e+03
2.616314099497179038e-02 5.184000179218603089e-04 3.162277660168379191e-08 3.162277660168379043e+03
2.611027472090248630e-02 5.587893378946419192e-04 3.162277660168379191e-08 1.000000000000000000e+05
2.597901521324119667e-02 5.067451571884084086e-04 9.999999999999999072e-11 1.000000000000000000e+03
2.597518578469604211e-02 5.063974966171291576e-04 3.162277660168379191e-08 1.000000000000000000e+03
2.573718072880114630e-02 5.981298847748817019e-04 3.162277660168379191e-08 3.162277660168379080e+05
2.566038364538774166e-02 4.858293978465512354e-04 9.999999999999999072e-11 3.162277660168379043e+02
2.565922945702333105e-02 4.856458477766359915e-04 3.162277660168379191e-08 3.162277660168379043e+02
2.560558254299096642e-02 6.987971140726989029e-04 3.162277660168379394e-03 1.000000000000000000e+02
2.538272552196888660e-02 5.061055173997747918e-04 9.999999999999999124e-06 3.162277660168379043e+02
2.535714530241198195e-02 7.759056030100225767e-04 9.999999999999999124e-06 1.000000000000000000e+04
2.532160484374645915e-02 5.646747189737895021e-04 9.999999999999999124e-06 1.000000000000000000e+03
2.531949929101248026e-02 7.069385101330836162e-04 3.162277660168379191e-08 1.000000000000000000e+06
2.515572911175427764e-02 4.501932871287615129e-04 9.999999999999999072e-11 1.000000000000000000e+02
2.515539208794246792e-02 4.500595018462867441e-04 3.162277660168379191e-08 1.000000000000000000e+02
2.512706190884117508e-02 6.698008007670657382e-04 9.999999999999999124e-06 3.162277660168379043e+03
2.506429294173393579e-02 4.522659346835030477e-04 9.999999999999999124e-06 1.000000000000000000e+02
2.439771327748155305e-02 4.341472345367940276e-04 9.999999999999999072e-11 3.162277660168379612e+01
2.439763361976083830e-02 4.340865913973236678e-04 3.162277660168379191e-08 3.162277660168379612e+01
2.437316505692165708e-02 4.325263937074152738e-04 9.999999999999999124e-06 3.162277660168379612e+01
2.394246431241697087e-02 5.405642708817544155e-04 3.162277660168379394e-03 3.162277660168379612e+01
2.352574461060163644e-02 4.444069044934675916e-04 9.999999999999999072e-11 1.000000000000000000e+01
2.352572506875719865e-02 4.443856265064004100e-04 3.162277660168379191e-08 1.000000000000000000e+01
2.352039665302185431e-02 4.429854524966281271e-04 9.999999999999999124e-06 1.000000000000000000e+01
2.339955101631676151e-02 3.270613300084336300e-04 9.999999999999999072e-11 1.000000000000000000e+00
2.339954863302420168e-02 3.270612159053120933e-04 3.162277660168379191e-08 1.000000000000000000e+00
2.339902422409837618e-02 3.270172627280882845e-04 9.999999999999999124e-06 1.000000000000000000e+00
2.336525095242437261e-02 3.252980639914271354e-04 3.162277660168379394e-03 1.000000000000000000e+00
2.308976790868013523e-02 4.351516586927622215e-04 3.162277660168379394e-03 1.000000000000000000e+01
2.296194246355551943e-02 4.793918270606624876e-04 9.999999999999999072e-11 3.162277660168379079e+00
2.296193488553801079e-02 4.793875562176239439e-04 3.162277660168379191e-08 3.162277660168379079e+00
2.296056624880373279e-02 4.786827292841243776e-04 9.999999999999999124e-06 3.162277660168379079e+00
2.280855728237213623e-02 4.517547126023113723e-04 3.162277660168379394e-03 3.162277660168379079e+00
