-0.5374282282637726	-0.5349616748238223
-0.38419809159801765	-0.38967980634371446
-0.402614471263135	-0.3756872571584003
-0.3995035291511222	-0.3953172065233306
-0.15261003746933	-0.20493115419845884
-0.1162529854609069	-0.1150312463950331
-0.362779430839943	-0.31805695353563074
-0.3487431008762254	-0.3720430992452649
-0.2794416442184726	-0.2800152491959268
-0.2663389681980952	-0.27347123855977085
-0.5175252771322789	-0.5199150267532013
-0.2721398974283993	-0.28908386259170643
-0.244059329378425	-0.3082280142907428
-0.39188324626918813	-0.23433696047794286
-0.3759150512463272	-0.3941204110350034
-0.2443538425343199	-0.21737538756672475
-0.15619541996744957	-0.17160676322446414
-0.08642097608249344	-0.08811758684084889
-0.468980505426531	-0.4592469190299782
-0.18379338968905223	-0.2185492990716277
-0.2366083420498235	-0.2218163723606707
-0.2685132242888404	-0.26177334594338914
-0.37934680443057545	-0.36086643100296845
-0.5082011311349248	-0.4884361241858556
-0.20653310842535078	-0.3161622522971479
-0.29171727483720744	-0.28881518661493033
-0.38057199690752697	-0.3957203479691917
-0.1854381330952748	-0.2563298195096455
-0.43241684744332964	-0.45647228774926524
-0.5257785756770907	-0.5387225966620531
-0.2390105747699387	-0.24041556562124575
-0.40479877079154747	-0.3993235219500056
-0.3686172806503407	-0.33826187133854874
-0.3641544071944196	-0.366343925636359
-0.36356368534769246	-0.37593335076316525
-0.5567455650051318	-0.553660122363175
-0.5232217514895687	-0.5200729142025681
-0.3269041234079104	-0.39306697500446924
-0.07959798514536942	-0.11963153738481584
-0.3830758363293505	-0.3667266310391517
-0.37038675247211117	-0.3705812627151772
-0.37968440264692305	-0.3692526913019055
-0.2406023932043091	-0.24333120339397776
-0.5461429283450627	-0.5226283374866827
-0.2658881686073773	-0.25097084121155167
-0.4916315445150321	-0.49580140533038625
-0.31472537406603074	-0.2986733524765118
-0.5220532800295956	-0.51513334079619
-0.2956601419643867	-0.3161848951203127
-0.5478991855280704	-0.5521184817831262
-0.27109322920507495	-0.2790895067011469
-0.4844443873298587	-0.4840469394898671
-0.11252736535195318	-0.15899388863240393
-0.3958610616710878	-0.38293213056153985
-0.3589373859574767	-0.3402963439753696
-0.4896967454140366	-0.5105517852706603
-0.32436717800474035	-0.2593479272047132
-0.359493525249583	-0.3564072279045008
-0.20504228696936977	-0.21914913544310946
-0.21739613120260337	-0.22031647111073707
-0.4196869548381805	-0.40100131898260055
-0.40794058962156576	-0.3794236234034096
-0.26998007319289385	-0.27498075335433586
-0.3439897515001302	-0.37037315001244653
-0.35102192642534114	-0.35514849291898626
-0.3428823475436502	-0.35469319139901784
-0.24567740471066912	-0.24287529316833176
-0.33694542578292186	-0.3414061575368116
-0.22086867113034891	-0.22132390692479917
-0.27654358623752984	-0.275332470201737
-0.11593600885091249	-0.10509310106943556
-0.14454182392569415	-0.14004200865791905
-0.4618701578733635	-0.4594079165258919
-0.5403356342574472	-0.5464274917327632
-0.4995863599218442	-0.5148368469437588
-0.3422857469289937	-0.3035340722648474
-0.24377601776734004	-0.25167691286705374
-0.08860774788701065	-0.2856785197842095
-0.35858640651794715	-0.3377891161779068
-0.2032477919692557	-0.25314974338092994
-0.35202900800820736	-0.35907455798304605
-0.2898379156889348	-0.28556282708447916
-0.2955639330095856	-0.277619311593813
-0.1462159016862703	-0.14878052458647045
-0.09276392798986777	-0.1128598609812388
-0.37818207899836054	-0.30132785804221096
-0.2728572247728671	-0.3072529466134564
-0.2591294454725883	-0.25489359004419576
-0.27834410083841377	-0.28731168802144
-0.42270637002947353	-0.45497585419877407
-0.3987619667595297	-0.40130706682136247
-0.35424160621223066	-0.3473096465941993
-0.33754168070442603	-0.3429352081621445
-0.16769023258040505	-0.09853066146216437
-0.3716039218969218	-0.3874022965996555
-0.22652628804578967	-0.2279397933424049
-0.27140711274940443	-0.27694599964319133
-0.10138692641425529	-0.11791643469112277
-0.23792044430855697	-0.23077497304516278
-0.4158102225280018	-0.4194005553992928
-0.3401830798819834	-0.3410538510922888
-0.18127319447246393	-0.19189578666941692
-0.24660933071584346	-0.2380878080968013
-0.2929882219180726	-0.2930935624979716
-0.2857680499970332	-0.27756442788128194
-0.09388581366785509	-0.098439296961411
-0.4107401087534903	-0.4008354694424526
-0.2470056889059702	-0.24457466549638351
-0.3113624157179373	-0.30117824589746583
-0.26108457050707656	-0.2834807949042709
-0.2746460167566944	-0.30544014205476533
-0.1830106334694932	-0.15389709188860295
-0.3604935488409602	-0.35860858003123286
-0.3579150674134173	-0.31378413034547337
-0.48363338335927253	-0.49190551515816217
-0.5566811459978389	-0.5455517158251624
-0.2664369319533133	-0.24187185131932112
-0.2835965369718956	-0.2745545743754214
-0.23981612915342154	-0.2388956134518498
-0.32412045046365456	-0.3228122762437636
-0.13457098782429533	-0.13348183802896896
-0.12935262979354079	-0.09945210782798511
-0.22481935132695519	-0.17782394166701326
-0.10784682651501143	-0.18011299182988982
-0.330094487175451	-0.33311003116354065
-0.2933790818257016	-0.27619718602134063
-0.3445088237352323	-0.36669160882063884
-0.508645720128893	-0.4918745402256878
-0.062403101231653935	-0.16437610017748072
-0.47952556827285164	-0.4841523831222852
-0.1429689863097927	-0.21797895461695999
-0.2652326139509231	-0.2576230120443447
-0.5466074059755854	-0.5423932485411325
-0.3382700821556597	-0.38059218901911124
-0.1050807532832323	-0.08153422891942158
-0.3393374756795726	-0.35806386723221684
-0.3910434596189081	-0.38726562457625235
-0.38902240856324255	-0.38706013472705186
-0.3599022316622964	-0.33745784912889853
-0.28074029553387625	-0.30799753466276025
-0.33505513325789593	-0.31994420499395715
-0.32197605790477724	-0.36816880913548083
-0.5033983866230738	-0.48957914445912926
-0.09517751522522033	-0.20717467443823648
-0.40547747902744113	-0.40120929888984014
-0.5236209384629475	-0.5120985855300519
-0.5604250727147004	-0.5602342854552002
-0.39347736540572953	-0.41017513661212124
-0.4936141627619861	-0.4948053354853649
-0.37942077455464585	-0.38274910041888466
-0.2643465980948001	-0.3025454356907651
-0.2568477956889481	-0.2574620753650001
-0.04017523271703993	-0.06173327641343329
-0.39640731834561116	-0.3728822201593795
-0.39431432386199994	-0.39565372824231904
-0.3113269378232193	-0.28138880253068416
-0.21832487579906967	-0.14323946455667225
-0.2873088572367273	-0.25802996567766173
-0.3142979788649569	-0.2920681338545661
-0.39030465068976916	-0.3808785154094563
-0.2878459594001548	-0.29933339474511245
-0.5290647196135936	-0.5210718911619213
-0.22149107958712833	-0.2217760632224688
-0.4743724135347769	-0.4737890630073094
-0.2792627357428348	-0.26257949182868967
-0.44171136017611445	-0.3779416458624765
-0.324797843845932	-0.35827652008301003
-0.2693835523873105	-0.2650783558103851
-0.3492550265712424	-0.38339651768492333
-0.32635545760950535	-0.3285167036305147
-0.3199714499598514	-0.3426334635296588
-0.28423479473720015	-0.275453986278914
-0.23287538259754292	-0.22119161941807833
-0.31483353301256045	-0.30063787594612046
-0.2520286861398713	-0.23461089816911906
-0.27281021932345695	-0.3995506111838234
-0.08935677721060387	-0.08439986877140528
-0.3482632214301482	-0.34693648779465325
-0.13059730853986906	-0.11747315480955281
-0.2915574773785927	-0.3014761064505377
-0.5068280180127172	-0.5023266694954761
-0.37959850840471887	-0.37703665269369613
-0.34013321039813604	-0.3360703871556403
-0.2903240274133463	-0.2778043640395921
-0.3441548108524337	-0.3207488990310261
-0.4676479595889145	-0.46222168420895793
-0.22182179461628238	-0.23171663525522163
-0.3844735197569964	-0.27639041860878816
-0.3718521586003334	-0.36716602816333666
-0.42586096669746176	-0.4060270135962765
-0.18735768710659073	-0.3376602539061801
-0.5426350848344317	-0.533955543120123
-0.41760521958549646	-0.3939577321492312
-0.3967634077186055	-0.38743747161930114
-0.23323630355986502	-0.2349867640796283
-0.4894747637527672	-0.4945397672756839
-0.18923402320695004	-0.22463378566820041
-0.34935015656057367	-0.3155965664884464
-0.5005573154629701	-0.4924288031214137
-0.3975218720124918	-0.40168184244480354
-0.46934470595416755	-0.4478897018922513
-0.23677667943014669	-0.2300018946812435
-0.3456754379699696	-0.36869758516600776
-0.3333112597800394	-0.3192340793370904
-0.3875063235390712	-0.3402730739499923
-0.3193434975536604	-0.29158618960758176
-0.11046902424583749	-0.22470418291804653
-0.28491655506057256	-0.27642744867977687
-0.33477333132415055	-0.33454040217340036
-0.5029825015907043	-0.49775877459078594
-0.2603701855094407	-0.2341905923111335
-0.44407301663942533	-0.44212233383176247
-0.2703054562299432	-0.26546751144934266
-0.3655026749126442	-0.3741179352410713
-0.2484383973327553	-0.2872578500721098
-0.10705059435675501	-0.05247188555818945
-0.38865179352577073	-0.3562160836969064
-0.333448430386067	-0.3207494659144069
-0.4173722583706585	-0.25056544257489644
-0.2659877837933742	-0.26676334129663215
-0.2642796069243616	-0.2656752149256363
-0.5491104303657259	-0.5347600389319829
-0.39536929799875686	-0.4337730403742757
-0.35346685115308674	-0.3292220295049588
-0.3837310241107925	-0.3882443603275147
-0.12176903224740343	-0.12720899889177095
-0.25120018252191123	-0.25921762892810146
-0.19588129799780596	-0.2636701668741872
-0.4385885808777026	-0.34480256144085647
-0.29926457161233344	-0.3639134682322025
-0.3176849009326226	-0.2987968298966805
-0.20100965702801155	-0.2022320309734733
-0.27636070488084385	-0.3281810715193034
-0.542267013402288	-0.5395842498291995
-0.30838131440850347	-0.31782655497316886
-0.25193264500769885	-0.2622590865449597
-0.3118225387336082	-0.278264924921528
-0.2624656150968754	-0.25583434559214335
-0.34852974125754344	-0.30720773394737055
-0.5623033678090081	-0.5470721918843431
-0.5151223511554797	-0.5214138544161403
-0.35026557730353325	-0.34916782169995597
-0.3932078529489065	-0.3969230582700532
-0.10737671681465599	-0.10491765147829814
-0.2522002232255858	-0.2483741511127053
-0.40337189084304015	-0.41617882365361386
-0.46051702487175916	-0.5128825648645827
-0.2539795888842882	-0.30333932487525916
-0.2745010441864508	-0.25703191283614
-0.36480411774534005	-0.37795864879910485
-0.2886268158015213	-0.2895745089751492
-0.41120548146185776	-0.41098475096500453
-0.350139635135033	-0.40301946225144214
-0.41036113430978105	-0.2532861634361678
-0.09391330958894173	-0.2038419992350707
-0.28300716729759934	-0.33364230383919896
-0.3512385424141229	-0.3185573896994435
-0.49948854900751094	-0.4935087761313601
-0.30096321567618567	-0.29844478905846533
-0.28756541222569787	-0.28396342837293614
-0.4217664115859794	-0.42561829611793217
-0.38300677026398233	-0.3613779280821665
-0.3390205820696046	-0.28227016260989934
-0.3503835302449936	-0.3067038943903016
-0.43610091332822165	-0.39169149344461573
-0.5127327663416139	-0.5186110911493581
-0.22702105411300622	-0.2541491457710772
-0.5105688365775869	-0.5166735493001807
-0.25482706504574537	-0.28000853172997814
-0.38094956611065456	-0.38911945330749875
-0.2630162769288624	-0.28628089282463526
-0.18862736779765044	-0.17192409660649594
-0.3720806304004025	-0.30640622221061486
-0.24622411433309388	-0.22278677261087154
-0.11606042507710157	-0.08692988400960011
-0.39467436133159417	-0.4299512540856008
-0.28437353062375337	-0.3022135153972738
-0.23057826523514358	-0.23525997729119283
-0.10923579983729681	-0.10510608620285553
-0.45738692819654325	-0.37569609027490625
-0.31500177742357494	-0.25952982910660205
-0.26508097696912003	-0.25925138105310086
-0.2971692219880673	-0.2807642265096251
-0.10995713775257343	-0.12964112436039152
-0.08335966413728002	-0.10699701025576985
-0.22158412724193255	-0.2412979587998154
-0.1885505396993139	-0.2066818523885833
-0.390576963860255	-0.3430150659165742
-0.26628937858756174	-0.283400766265726
-0.5561659115668398	-0.5379621783636522
-0.2350612911465717	-0.19062709765768066
-0.09674278240554912	-0.13196255057491482
-0.32146941886165337	-0.2757114832339004
-0.346938850529245	-0.34898480958203904
-0.2955257683349064	-0.2947969446982645
-0.33296754635404113	-0.31502465023944193
-0.3694712031267642	-0.36677102944806894
-0.4544232890333575	-0.4477038440275848
-0.32392853188845017	-0.3366601909434455
-0.3738960483842533	-0.3554234110869173
-0.30833594804733266	-0.271900498792628
-0.5429013630399222	-0.5269528254731106
-0.3380608798135434	-0.3491509045912503
-0.4639684244191784	-0.45690321456151434
-0.5009076661301641	-0.4916658724392118
-0.24538175581576382	-0.24682311008241758
-0.26611596485266986	-0.26019953937467105
-0.24652922251703657	-0.248518641047845
-0.4172026470794883	-0.417725562787231
-0.23352277838820612	-0.23418291668733124
-0.2195728336044347	-0.2251717519297157
-0.2176402111680531	-0.25369314924638753
-0.3818818395855068	-0.2593987069711801
-0.324769620748107	-0.3072214213977535
-0.3048321274219923	-0.3272532897896986
-0.32665266520600156	-0.28922367244758956
-0.29414532840722885	-0.2959466179931025
-0.283200721823496	-0.3050938280696489
-0.3499162170754815	-0.35745418503608534
-0.24383878753274502	-0.2547700326892905
-0.3315210255711101	-0.3235087412374899
-0.27900709711504845	-0.26238112120828805
-0.39104233947844236	-0.38441118024210585
-0.4016562179422287	-0.3918185206181741
-0.2723641996226718	-0.24525255159440057
-0.07826095369132702	-0.08011907605600387
-0.2751799646367239	-0.2811887343128322
-0.5647173014653912	-0.5542275010280855
-0.2677319944325731	-0.3697224939874802
-0.3136392406147088	-0.31485504177939466
-0.2568533925811014	-0.3010103406054164
-0.21649179613240577	-0.2495504850070665
-0.3172140960432337	-0.31810181328947024
-0.4996103229278255	-0.5135412290300644
-0.3888231299547833	-0.38472877500450575
-0.5644007701846547	-0.553748911271866
-0.26201427804397603	-0.30111013086735855
-0.11361499866847602	-0.13107029317631494
-0.23489254378883295	-0.22290076238642756
-0.36585412263433703	-0.3435101050507856
-0.34669802052884435	-0.35941511951385585
-0.2739683434354525	-0.16132452615905882
-0.4378804449199194	-0.4409178892149329
-0.4170082079789754	-0.42741940913287835
-0.5238499177381328	-0.5241159994527571
-0.37977209147432234	-0.3442118843971864
-0.35309680837900714	-0.3894386325270687
-0.2598151165730833	-0.2727045434698209
-0.337053125776567	-0.34172373643935366
-0.24258080456984743	-0.2693970641398475
-0.4310879174750042	-0.4604580421476642
-0.5133945639083599	-0.516058840816699
-0.27779665522152186	-0.28285662775346665
-0.09542038500098826	-0.10388107088854737
-0.2343832832427566	-0.269661184174103
-0.4050193071128927	-0.38448381752007144
-0.4525710510648917	-0.44617931765283386
-0.3642856392036524	-0.2736458603329306
-0.40131493721615286	-0.4040450371315587
-0.31521517355835726	-0.33417249839159147
-0.04557559222723029	-0.05850643465644375
-0.2350901412210007	-0.22899961353119383
-0.38490355938794885	-0.3877952050632804
-0.2653511606698711	-0.2520063960101373
-0.33583978643530266	-0.33145204212498663
-0.35593243342258063	-0.3638884539830475
-0.3452195539013214	-0.28030778158553743
-0.22884160342554338	-0.31071493095065805
-0.10099157960989302	-0.10158179613824098
-0.2594819557527792	-0.2932914750051004
-0.5306965105192702	-0.5228692149589111
-0.34454224244177567	-0.3500995447575752
-0.1581651231426413	-0.1571340636372374
-0.42290547046759386	-0.41982080232681496
-0.294822062823787	-0.3537673714246393
-0.5072772049962886	-0.5112459929571097
-0.43107513489458604	-0.435173483069409
-0.42402054516920806	-0.4202836843422503
-0.17420021498344695	-0.24723001417582866
-0.3650314869000102	-0.3805382737847603
-0.387957290803989	-0.36253466364761716
-0.389855306704991	-0.3781662883117296
-0.538122218356019	-0.5291672347540305
-0.26968795228691533	-0.26812005454625254
-0.37080642902629535	-0.370633551007703
-0.5035599745562074	-0.49535057752782957
-0.41783181285307336	-0.4064613315485474
-0.48077805270895624	-0.4655941396565133
-0.5567470101213203	-0.5523967005862938
-0.37900224308427966	-0.3827941185872097
-0.3431945752775132	-0.325835978634132
-0.08414945206577684	-0.0998910544453381
-0.3577086694622622	-0.410869298432151
-0.2640115345296614	-0.2670299442152664
-0.35422066970964394	-0.35252185739967395
-0.38870137311993247	-0.35398501766627505
-0.44900694362026883	-0.4445711151699132
-0.09396002278247728	-0.12031440137725195
-0.33598976126536506	-0.3013956234749699
-0.37791126919358575	-0.2327853980707563
-0.5448705456466136	-0.5507162984334308
-0.27467778924216546	-0.24142052944939668
-0.280572346441911	-0.2706750355794634
-0.43119866374970606	-0.44296535162074385
-0.30518294332791385	-0.2962031133047162
-0.4276948876012856	-0.39930958902475594
-0.4057931161358468	-0.39219839657871586
-0.546107157884375	-0.5550148779245612
-0.46607638396828577	-0.4656400977870469
-0.3567700229519204	-0.1582693625159113
-0.36322978287322627	-0.34214614636782054
-0.45322291280692184	-0.4475400376144614
-0.40401217701683834	-0.20423399673848652
-0.49652473424636945	-0.5036071030340804
-0.0935993176483727	-0.11236461608005138
-0.17705502146773355	-0.1823344349151481
-0.27448917411599894	-0.27165509757629097
-0.17542318931599254	-0.16643061397524997
-0.44041412674774705	-0.4332984301428221
-0.2641041955697503	-0.2767912543865492
-0.2879710052792035	-0.23176703198825638
-0.4265722581516407	-0.4310116530588859
-0.2236292860371698	-0.2231427660221989
-0.2203453044213557	-0.23124662926644912
-0.46964892654910706	-0.5098445297902148
-0.27450317238185207	-0.2782596020168238
-0.18876871179754318	-0.23001585087832624
-0.27917409879461275	-0.2606138455358145
-0.3678658912020083	-0.33776351318919146
-0.5294989324799637	-0.49073236564660644
-0.425483216047148	-0.42249179255063457
-0.36515079902689607	-0.34527905141668735
-0.4283800326633127	-0.43893286448754865
-0.27098349928136933	-0.26950586393468884
-0.2934483147082325	-0.28610620458623437
-0.3234854335076225	-0.25407834023921605
-0.194273075894154	-0.1617687525881238
-0.2238174467141114	-0.23339375142000154
-0.2539168895534658	-0.2496071714600867
-0.4394819138949764	-0.35513301903046884
-0.2880796769034184	-0.23127694340385782
-0.2517564091552824	-0.2548863973458914
-0.40653036209551274	-0.39600836717496707
-0.4512863301632599	-0.45331403742895193
-0.3751355900824862	-0.3446561905267906
-0.38966630162509297	-0.387770121734698
-0.220393560932024	-0.14255578970025692
-0.5520759256787677	-0.5460053889033041
-0.19831044310175372	-0.2394772479888937
-0.41914268215792205	-0.41631718771463677
-0.2210343928036309	-0.24427187599171077
-0.3299614684355827	-0.3226271206448688
-0.31729165142157	-0.30574998704462725
-0.22887150897674857	-0.24825886699123872
-0.4174824917384825	-0.2540059853538209
-0.33312033142321873	-0.3463793440315051
-0.3093171543053401	-0.2912747900138426
-0.32632440264031715	-0.36354833913408646
-0.5063365527031163	-0.5095013978285873
-0.5451831770378224	-0.5431331138061452
-0.5258156058386128	-0.5134403018355995
-0.4548631723718195	-0.4802503066975368
-0.2905224437426739	-0.2969302461811914
-0.24720673833314244	-0.24056565937061042
-0.4141435595904106	-0.4058472831831971
-0.33676623621078505	-0.2890805871767894
-0.14259244414451544	-0.13166469215017362
-0.21402165633333858	-0.18843141617460715
-0.25250367162295007	-0.17568369167255565
-0.4031256570904098	-0.3894412587694594
-0.21095951721787998	-0.24334279832695752
-0.39137044746096983	-0.39596293365708646
-0.5146445089685763	-0.5133910398392216
-0.40605502229322354	-0.4059954778179357
-0.5290276868527819	-0.5461686094517032
-0.10826930849834504	-0.10731819192236364
-0.31553982597072583	-0.3128770914200085
-0.3517068160419825	-0.30726846866251234
-0.29328841182279497	-0.29323837251711776
-0.5294868200700176	-0.5370599895118835
-0.2718929573891806	-0.22561449078214635
-0.34005527813030056	-0.33109559144727674
-0.2916037324897651	-0.29415080991884623
-0.39874722724441014	-0.3997405767961285
-0.2786572866574577	-0.2397951796381137
-0.3495970100943957	-0.32215137437188723
-0.49402516441895905	-0.5057280085234476
-0.4152530378900945	-0.4258308741527393
-0.36091914601416164	-0.3841278846801316
-0.4453552676843522	-0.39890992300906836
-0.19001715210142045	-0.14191289449512015
-0.2859644635596652	-0.290263998280651
-0.41173204679478737	-0.40799758770161143
-0.11224822656854272	-0.11967905785773963
-0.31069218576719315	-0.3067675691921951
-0.5254529265719814	-0.5252536333712428
-0.08256823187205065	-0.08793627618941027
-0.3362774637310437	-0.28230834199383725
-0.31429515879558423	-0.31554420886717593
-0.5447686668990954	-0.5474963131403211
-0.3101744604097192	-0.32782009210023183
-0.3359634989051443	-0.3662127919755806
-0.30114128171523546	-0.29072788505796093
-0.08935094113255104	-0.08566755738230514
-0.5331088570826736	-0.5293840815622757
-0.34567332464805745	-0.32558367504593794
-0.3700596691519493	-0.37350626620923216
-0.2654064452263931	-0.281971313271712
-0.16515050768138195	-0.17835186297767563
-0.4295157596537873	-0.42397648029453283
-0.2252998010154279	-0.20655653296124518
-0.24594786620075126	-0.264861769441097
-0.3824896691290576	-0.38958381296102174
-0.2570230241108753	-0.25469176816901756
-0.2328500631213295	-0.2488025650148829
-0.4250528466285459	-0.4200147959703079
-0.349816396886073	-0.34552925393146916
-0.4664611618407264	-0.46159262427358266
-0.44365747484432205	-0.3611775435885637
-0.29729659646129747	-0.2909259545967844
-0.24798075955896337	-0.26024611935143094
-0.33921304845271827	-0.3045126084937191
-0.41145130052020207	-0.3896474974427703
-0.2801187898870907	-0.32166602516295123
-0.22246919273579024	-0.2200299356165818
-0.1879830587332023	-0.13528560749360027
-0.2945088073837212	-0.28706272464672394
-0.24666742982322276	-0.2446408040008326
-0.26678379102364147	-0.2794284277041988
-0.3972284046595256	-0.39554538803380224
-0.37750852128909784	-0.23042991254261272
-0.3076459389332573	-0.29951181892988954
-0.3689950237426345	-0.3727577550582312
-0.3123557674550739	-0.3080763608634346
-0.07220234362018552	-0.08322670437179933
-0.2945340264561267	-0.28955327391880575
-0.4448366578801277	-0.4483101630673806
-0.38002515357034206	-0.380889091791714
-0.2625683452601635	-0.2368059419517814
-0.384395980933796	-0.38425126581269703
-0.23849500633760812	-0.2587893511276842
-0.1980055090217192	-0.2045790293688855
-0.3668255378816099	-0.33622002204969625
-0.41733342026604525	-0.42135840261675506
-0.38902606256943884	-0.39385259466275996
-0.5278555440367292	-0.5111362618348078
-0.5353004781516724	-0.5324400908177297
-0.3400256520868208	-0.2866144600777543
-0.17342199729361596	-0.21198379142403687
-0.39525222767117896	-0.38664986524208667
-0.3494974318340738	-0.2990093282827619
-0.5449057388518845	-0.554909195731204
-0.22873120072098097	-0.18519844681056277
-0.14808768542647854	-0.10025575351711728
-0.40841387620591085	-0.41155916640027673
-0.5393660278021599	-0.5428128711326775
-0.31501322894074946	-0.3124770289017831
-0.3743605776208252	-0.3635065452044863
-0.2778832688653754	-0.238909156839031
-0.2489824442702524	-0.30458576671202225
-0.41373298161153826	-0.4095295289237742
-0.2991594278483767	-0.25467452766803267
-0.15968496996321946	-0.1493963222504109
-0.4296837268081184	-0.369196319388318
-0.29870744057921783	-0.3188932618345298
-0.28030320418677945	-0.27143057898710116
-0.5329435671590197	-0.5234936594985449
-0.31976345383759863	-0.33307040984585917
-0.22478920101873712	-0.22353340092171092
-0.42566501777216814	-0.42037686365315297
-0.2630244874505614	-0.2525573583685995
-0.2415694345175794	-0.21031370322231888
-0.3944160474921752	-0.35963913173728224
-0.16158729346513567	-0.2596952306857552
-0.37023112822465976	-0.3937361588475545
-0.2567928502536798	-0.25633252265455464
-0.3983721737241357	-0.3924109306056656
-0.28906340860331525	-0.28718874189982
-0.1664468422690355	-0.17195172802959896
-0.3695096113643288	-0.36105486171454443
-0.40251274333079934	-0.4159739642420188
-0.4980278917247425	-0.5003116994019426
-0.5311054228354362	-0.5266176854070356
-0.29358587038407613	-0.3346090852243506
-0.3927246004580809	-0.35076404058069227
-0.24439357136948558	-0.2327266072503278
-0.35546721414889504	-0.29695067199132874
-0.2614312105984702	-0.2617448949945052
-0.10762986970061661	-0.09569681857883808
-0.3068261554557683	-0.3071214778050575
-0.40204875183287747	-0.42259747874166637
-0.2932932766510312	-0.2674119871601928
-0.5491072781768018	-0.5646251187489689
-0.3471228093237375	-0.35904769563813266
-0.2083803547503269	-0.1843368338839663
-0.41484297882478316	-0.4240058520366038
-0.2815257266493454	-0.29655107503763367
-0.5557858379611833	-0.5480860937165271
-0.30958105165895233	-0.2897167154397024
-0.30376637341256796	-0.31512663751936787
-0.3936770430145682	-0.35673816419335497
-0.24253484338362163	-0.23906565384662312
-0.26956529974495247	-0.3043017053445095
-0.24666650876675433	-0.23696435092100718
-0.5299038782657206	-0.526094647190465
-0.3177777122000336	-0.2803447700561619
-0.25721755437045246	-0.27444554582064207
-0.21263584059164842	-0.1966557632131657
-0.19834198897014765	-0.2231117635112047
-0.3707636648002648	-0.39273905496409595
-0.3811065847822164	-0.38372734464450065
-0.2537336127728569	-0.23121821628920744
-0.37288404814726306	-0.3468443875392937
-0.11535559002281559	-0.09647757540983933
-0.38610289989090063	-0.382158758776721
-0.3837505953769451	-0.3818609252626696
-0.36673496135595585	-0.36035392907934277
-0.43166938300737456	-0.4428971129755858
-0.132678760902202	-0.15896808060635192
-0.28309105193934414	-0.2969357370729175
-0.32725727180939757	-0.3268123087821308
-0.26005500411509885	-0.25876079486802417
-0.4115559726033595	-0.4030128061340458
-0.2689988222952806	-0.31528881568869527
-0.26421582096300256	-0.2486034305085522
-0.27880640911603294	-0.2762795389289665
-0.3731719905445505	-0.3669308920103457
-0.19031670890529284	-0.20917074115500425
-0.37173566013561654	-0.366808279140063
-0.4236675689151106	-0.3520891332254602
-0.07507881821106288	-0.09145259254763446
-0.46714776720755324	-0.2748914149902418
-0.4152728553170153	-0.41275200348492164
-0.21258079184783085	-0.2628694719431896
-0.29232169354319026	-0.2989346375105938
-0.3518758943321991	-0.33892582660102544
-0.2246908801278522	-0.23739657139545947
-0.21314781975002361	-0.24360813421453067
-0.4734975949188467	-0.4925736556891765
-0.26249277642465607	-0.2706146649321352
-0.3302381805717651	-0.366655851129765
-0.25500247186159797	-0.28255653918283774
-0.3236729685835762	-0.329390020974131
-0.47882875360646615	-0.4883479918150736
-0.33925665451880604	-0.3163954435269777
-0.14230757842951647	-0.136018772065573
-0.5081128970255406	-0.5018656810916622
-0.5471636599401855	-0.5553201759984386
-0.22834631645805104	-0.2501874920392935
-0.3714852782115834	-0.37043732283074565
-0.39531401629756857	-0.39488114927511664
-0.4393509909416604	-0.3572076177615117
-0.31352795113919285	-0.2954453351160274
-0.42361201840719254	-0.4327420403249491
-0.18949275495156748	-0.222252702305162
-0.43016008132378225	-0.42206169992988585
-0.33537941892286405	-0.32090837837369773
-0.47623891513449834	-0.475902747968263
-0.40326590793771544	-0.3171439249196482
-0.3040360263434039	-0.3401416925846713
-0.2490434300932307	-0.2312764599978418
-0.35533133177834486	-0.3221884974475066
-0.2838325935257693	-0.3353066108428554
-0.13613213358530274	-0.18381444151289578
-0.5116791319950202	-0.5129481030610509
-0.07561861838301276	-0.08507514933032047
-0.41812026897038024	-0.428499572527813
-0.1545639224944999	-0.14931715503003543
-0.13836238591027694	-0.18109394692530045
-0.45179681621331724	-0.4509552344586967
-0.09112690770610854	-0.08975350449781969
-0.18428263511133913	-0.2808574360877554
-0.19284588818070247	-0.21945658482354502
-0.2367858187549814	-0.24102073783038475
-0.3521583954681269	-0.3467836128249309
-0.37635924526887976	-0.3616005861839911
-0.5344576617287782	-0.5374609679863286
-0.23690207632749782	-0.23995710090424413
-0.3846178876266819	-0.3947634101480684
-0.102490571904859	-0.11552974252827698
-0.4230543471600541	-0.4211809266336443
-0.2075033697371449	-0.19285729203172167
-0.27541789449361787	-0.27818837346600045
-0.37743936279560053	-0.4323427478525092
-0.26205245502379526	-0.2591975415178062
-0.35348608546708604	-0.36330612146874736
-0.5270377989932697	-0.5525489180846761
-0.3610000601608192	-0.28377248648497
-0.4395703308609278	-0.4306540013891419
-0.3264718735159242	-0.25060299841295947
-0.3749663999436095	-0.2892999590608901
-0.26331073457960485	-0.26978525172138224
-0.15355494791013236	-0.15369534498391632
-0.09630466037863172	-0.10812820241077349
-0.2664993201735868	-0.27330641529996236
-0.2766867494295582	-0.25976271005154955
-0.21860670644363012	-0.2697035441771972
-0.3353180909313238	-0.32684365352526246
-0.4196199934327396	-0.41017178380091535
-0.27146500437488896	-0.2664839536028729
-0.3944990016651957	-0.3867325198052866
-0.2513776839711799	-0.24978658518052446
-0.38563562475203206	-0.3733055224267779
-0.2375565370232895	-0.2342725176678986
-0.4159899411672434	-0.4210920523681357
-0.2570095782947792	-0.2259248647456248
-0.47596294069772327	-0.37368084484226083
-0.2415943967175629	-0.26686257728917406
-0.28006662450859743	-0.18457147024376602
-0.33447483735841743	-0.3285100611396887
-0.10981936674417092	-0.09969738539652874
-0.4161217085417892	-0.4107023944088479
-0.2891654226209468	-0.3000922968185047
-0.20989569882986991	-0.19874724488294923
-0.3066371489011068	-0.30501985712015056
-0.10531831498871647	-0.08447438638264367
-0.29101085215667766	-0.2597529931635237
-0.3291922262469136	-0.34215013851556997
-0.3261481837991145	-0.34747082324926876
-0.5297540926916398	-0.5273424476811331
-0.5109637191572993	-0.5045934462898138
-0.3714445107475388	-0.3494815039887029
-0.10521865228783156	-0.07894005690085784
-0.32158179898137895	-0.36956267228923506
-0.02677530760307434	-0.25301849597095694
-0.21970217194322927	-0.22396240148201818
-0.23049871560831647	-0.24972787336898297
-0.4259780842251004	-0.4799565954482397
-0.24281647813209162	-0.23865897187562052
-0.41508875674331236	-0.4102782476368478
-0.24152564931550913	-0.2454134624871614
-0.3597397771673272	-0.3717871237568688
-0.3966674986727785	-0.3987892451882398
-0.5136434325391512	-0.4976403157578922
-0.30005553987816036	-0.2700458528892848
-0.2554551610467648	-0.2696437379400926
-0.5034917982844505	-0.4689831979209426
-0.1642921233527872	-0.1785444562814438
-0.2645049044013845	-0.2820043614110531
-0.07909623845051428	-0.06835419528161119
-0.21961964224702513	-0.22016176389103082
-0.3684224359268029	-0.358124491157525
-0.26104237224577176	-0.27325697755607625
-0.42935853895293263	-0.4269324064164627
-0.519714627588252	-0.5188857550243859
-0.35708872625389887	-0.3231315006264122
-0.289465527010595	-0.2839951030931556
-0.06312940682740553	-0.05674888236310277
-0.2554141275629789	-0.25163339202642965
-0.47629164135974733	-0.42238599839859037
-0.2804359617541117	-0.26801322063380867
-0.23235196837694616	-0.2233358224031267
-0.2758964096026908	-0.2850596678532295
-0.4584291616583318	-0.3140350709499843
-0.558943081179212	-0.563617445935885
-0.3330696533449924	-0.3350281383548767
-0.2551173178545447	-0.27280343408677127
-0.5080445590216573	-0.5017791941849652
-0.4729945464700087	-0.42287698838538207
-0.3945235185272935	-0.389100068079409
-0.14935950237865114	-0.12943123241463694
-0.46753477006975963	-0.4788197007096303
-0.15270998643570088	-0.15496830635937903
-0.32806580850309075	-0.3758901846761722
-0.32305222195227756	-0.33389504277171017
-0.3180853499691345	-0.3016915453260399
-0.5356584060444938	-0.5311296849413325
-0.13985170095876676	-0.15947660102087474
-0.432082487833064	-0.4340651825575274
-0.3115770648856184	-0.3278772279835736
-0.34737488522521076	-0.360299892440865
-0.2684393548471782	-0.2628063914519566
-0.4214900683261682	-0.4278486125580054
-0.5363408614971981	-0.544031239168289
-0.2933151624727337	-0.3028262164365813
-0.29456949959553924	-0.3388423194156985
-0.24746230343572506	-0.26933456800419087
-0.12149746832496788	-0.12398782465237915
-0.21706634435402172	-0.25395745866464586
-0.2523370135924754	-0.25392121965014014
-0.2782356964553081	-0.269659720308971
-0.23891022924135008	-0.26033042182508226
-0.27791898717253716	-0.25514121523912897
-0.24776745732876648	-0.2456636698697242
-0.024034305117165644	-0.21667727017930438
-0.3490372363026495	-0.3394815833872049
-0.3708523890869291	-0.3679059176814563
-0.23897992933087053	-0.2518917777342013
-0.265071637847651	-0.2627945502029709
-0.12144349900282947	-0.11507583608786413
-0.3611733914682098	-0.37381001150587556
-0.26729080300072283	-0.261011110595417
-0.22072252278640114	-0.27283081680001947
-0.21057758698296425	-0.24422945984261665
-0.5124175240245972	-0.4920407612308783
-0.22708614470617405	-0.2332870125788585
-0.26434741060958444	-0.16873599630392197
-0.4732527539673903	-0.47998862680947724
-0.4122973993587493	-0.41887809910483764
-0.5028912933647192	-0.51109740982064
-0.44011534544072717	-0.3352215019424078
-0.5140056725784241	-0.495059624319233
-0.40476970777687526	-0.3952988543723708
-0.4713515002875788	-0.4667107882679375
-0.32878521062434274	-0.3266267658625366
-0.4041189939550236	-0.3993452047839679
-0.2638978689786793	-0.2633112108102571
-0.2796570091832429	-0.28512544089871095
-0.16606000891705008	-0.151169723804621
-0.372611630847425	-0.24467114283396887
-0.3707043455576411	-0.3662733328000197
-0.29796968066055385	-0.2911879201546805
-0.5430467505910954	-0.5308200974177124
-0.45697730127055003	-0.4398643172987511
-0.3210437672960005	-0.32826926944129625
-0.12567517971672082	-0.31509675919251573
-0.35867316806950456	-0.3652412287056823
-0.4244943015826834	-0.4265678654463979
-0.5403215619157002	-0.5435267979653187
-0.24634415933889997	-0.24839212304905098
-0.28722617481793833	-0.26244344312145595
-0.2650848664659051	-0.15487141450452438
-0.3360175535406782	-0.3646699525972063
-0.24167243539156757	-0.23168982886598974
-0.5634385626787335	-0.562129630453264
-0.04741120359310713	-0.0685466335128713
-0.2663579104367333	-0.2654720518139497
-0.4683963273110887	-0.4762310201927206
-0.29632611602596803	-0.33012895488251515
-0.2539111397314926	-0.24700622548162426
-0.24028288209964188	-0.2372491175566041
-0.22641405217505906	-0.2162645596970071
-0.3834396814706267	-0.3697826844566182
-0.47317109389011236	-0.4606969698758848
-0.23761651803343042	-0.24222571730500356
-0.40685301020026365	-0.38173803483177204
-0.3126813245644158	-0.2776659953775392
-0.2748047834074985	-0.2894805727826359
-0.3001108383206912	-0.23983161609673476
-0.41493412493240456	-0.4138830612006672
-0.26868773514691036	-0.267363209970731
-0.3537914498600294	-0.348809398472679
-0.3782784412875131	-0.3517654301279867
-0.38957174571084785	-0.3872704903964175
-0.2392552626801674	-0.24235604665209493
-0.1810606677319555	-0.26371096590632437
-0.17826306261440727	-0.25813836691797104
-0.25734850713717705	-0.25694051910688626
-0.4462450857482736	-0.42336966659447006
-0.38306440223033356	-0.3783896725724203
-0.3076639284910918	-0.33167895127186753
-0.3153235197151467	-0.30164317346275094
-0.10621034790112915	-0.14183381364913233
-0.07757266657261042	-0.0946749344432831
-0.20664062274634887	-0.25164500736168754
-0.47004026585095815	-0.47524126572203185
-0.29375650726329106	-0.2723670230787811
-0.23413333610458942	-0.23866118759460814
-0.29054286816842634	-0.2671029137199802
-0.3304844768564479	-0.3190057642104401
-0.12591446202723233	-0.1290685406044791
-0.3882960497676251	-0.3791351048023531
-0.3051264146531878	-0.3177108258862067
-0.33444909585114857	-0.3896231784085557
-0.4040526149683821	-0.4020382379034827
-0.5547448004627409	-0.5460549420274482
-0.10961340786117901	-0.11563182132905468
-0.16112906785032166	-0.11960521519907165
-0.2878509596594512	-0.2560361502733458
-0.40527469790784565	-0.40152295173387925
-0.3662896237973001	-0.3355670610226194
-0.5359261000543682	-0.5434204303991714
-0.30406991097446046	-0.3001529667337123
-0.5199705314339873	-0.5094354493902988
-0.22862586613961966	-0.2555020529288063
-0.16950314969400715	-0.19392755875308276
-0.19732699983181057	-0.12612529346513543
-0.40287437415351945	-0.4136331587018615
-0.5211012698016457	-0.5002247263859388
-0.5439822076726575	-0.5459222369636246
-0.23266520733121965	-0.24170766945856179
-0.2514575307406055	-0.22265848581827716
-0.4129903922544038	-0.41360748306571515
-0.3932338711511676	-0.37805851562186515
-0.24131932569640213	-0.2570139627246235
-0.3241203311650267	-0.3028055325362496
-0.2726043630901849	-0.27154221524070005
-0.20379385921406445	-0.1993134885952072
-0.3584797059756095	-0.3649199800657718
-0.4908825202919971	-0.502693607416982
-0.3964134947721316	-0.4236040942122179
-0.2856864030679418	-0.32368611585996276
-0.3702842653370695	-0.3735689979177704
-0.25417740438469316	-0.2360130115674623
-0.13036893690667384	-0.20998122854447887
-0.40864787554249915	-0.41275808421012516
-0.41985277559614254	-0.4240348471193888
-0.25784850369508305	-0.26872817857503334
-0.5033750284145313	-0.4946288397523109
-0.2723077369349607	-0.2628501506771936
-0.27670333527818514	-0.285682100123765
-0.2938730445482225	-0.2874725971936318
-0.3334544706924234	-0.3117668294667678
-0.39113503246960946	-0.39690264217388066
-0.20769197869693024	-0.18719903233319674
-0.2944011887034854	-0.2918834010195839
-0.24112862927716705	-0.24439945003580485
-0.2989142065403456	-0.3208458047360036
-0.18601092923939078	-0.18096410551671482
-0.29888198769162955	-0.35078642807594224
-0.1140050868953999	-0.10005422091011712
-0.22479496367763474	-0.21960428730618325
-0.14281889565557826	-0.16259837787520467
-0.31767468642099317	-0.29373179797522453
-0.24438978595234673	-0.2499218082112677
-0.25949380751592166	-0.26466380991820276
-0.08738808416828903	-0.21114507823828935
-0.26867443594318985	-0.2717947286252906
-0.36313671272946735	-0.36134356210562374
-0.264374047644127	-0.266070935978913
-0.23564164923188713	-0.3178076271308711
-0.2714040122270802	-0.2347655827374153
-0.43439390928786104	-0.4242229578764113
-0.5207785716498101	-0.4960384607101552
-0.18641245371587623	-0.137598292922443
-0.502658622181098	-0.49536049312617597
-0.15998140414609807	-0.1949511050590381
-0.10192562668134819	-0.10154914846307532
-0.5067284732753876	-0.5228832187008311
-0.25679633602448604	-0.22020431659651102
-0.30997186758164474	-0.3468503077806734
-0.34791431227204583	-0.3066389538241765
-0.3875221968354463	-0.39182158019316443
-0.15397529684627642	-0.16526895371516295
-0.4062453715064649	-0.3640772825239055
-0.4028520726612541	-0.39800590344816505
-0.34321012665946604	-0.35678729015263844
-0.2537388512381362	-0.24761795157860436
-0.2834608525452502	-0.2775983706691682
-0.26431348798555554	-0.2610288998195218
-0.23125107364019826	-0.2268747597021037
-0.4229623366762105	-0.4255687776796504
-0.5086826228178118	-0.522171464167748
-0.24915767669864763	-0.25940087187989447
-0.2596073773674199	-0.2538801125979857
-0.2029179944687023	-0.20557199753397065
-0.19078009661414796	-0.18546688946880646
-0.5308202021677495	-0.5425771082147206
-0.38466355875149105	-0.3910423477373358
-0.3684457422760854	-0.3539851730980475
-0.5330650828687755	-0.5267097093977207
-0.25753064037517603	-0.24979600554280637
-0.2760259997378043	-0.2670792966823342
-0.15550438059305627	-0.14773444863266824
-0.41410531500565106	-0.4135490444602608
-0.5655873719603282	-0.5586421783252038
-0.5139608055248477	-0.507097364117906
-0.35920481043435437	-0.32462241855816837
-0.40974683198779616	-0.412581971289743
-0.26759549421813134	-0.28375094253848004
-0.34693616667946614	-0.2969492214536733
-0.4951232752961854	-0.3639230107862848
-0.21549667506231884	-0.217380447061208
-0.5543349223200273	-0.5552681822427528
-0.35469638587341024	-0.3523631195569667
-0.4350486016863542	-0.4265796282976586
-0.5393090172818074	-0.5484728208266715
-0.21858657814756377	-0.22292410124656373
-0.4403423143056262	-0.44153280166214515
-0.34398277359830765	-0.3388055660173015
-0.3589161521861044	-0.3412138321819116
-0.40246670076538393	-0.32385547884114835
-0.2805307478611656	-0.2801242858389179
-0.4816698016865679	-0.4855970286015718
-0.2972580151056974	-0.29854535051037084
-0.3848541069168405	-0.38926665732769455
-0.39505152724287385	-0.4032646580735722
-0.2733511344598245	-0.280518141373739
-0.07928997843374219	-0.08174593668581365
-0.35750338705079976	-0.32253857087167187
-0.42516197133782185	-0.42633606551556413
-0.38893814897946655	-0.3569742711957489
-0.2683731584578197	-0.25750776156901867
-0.2904585313927406	-0.2933844320747344
-0.548011533945326	-0.5420221791396956
-0.3143551464505201	-0.33601064879029946
-0.3902951962847947	-0.4025869887496843
-0.13892128851033725	-0.13427397808135455
-0.22254556993606656	-0.2502329635863908
-0.29137450679474597	-0.2701468321931758
-0.5121196690342487	-0.5156444679290144
-0.24434527198539158	-0.2335270163973186
-0.4845572117985455	-0.4774737143601302
-0.2689774299245613	-0.2906105464436637
-0.5266672440547122	-0.49847407871226396
-0.27356164926169235	-0.2922499476736059
-0.36207588786404443	-0.3564638631569787
-0.277115792976101	-0.2836128153808633
-0.3021115807145929	-0.29807490423219246
-0.5505940516993277	-0.5532846479799199
-0.21374353992792194	-0.28315689334716027
-0.25314676523206003	-0.2573738759433029
-0.16488320606444873	-0.25324948839680334
-0.5053655067632299	-0.5064754366801398
-0.40237895433446624	-0.3997235241737851
-0.34993987921548	-0.3034073348607034
-0.3002479158406217	-0.3002457270801917
-0.41198691142120225	-0.4087232068591618
-0.3771510302560941	-0.3127147237443973
-0.3291828268742343	-0.36908719798769263
-0.14486321739404673	-0.1823542227984849
-0.14221976097009303	-0.13973904722896666
-0.3257114788648785	-0.369736127388479
-0.18040548604791695	-0.1719557059543526
-0.09774392839130286	-0.09089944433551607
-0.09139704289006723	-0.0898331280152665
-0.4002688175271416	-0.4036611417686255
-0.0907459849975254	-0.09742387235011599
-0.40996094290612106	-0.3115260454649066
-0.5451500479261391	-0.5569118655066508
-0.2653274173287361	-0.2515443024058233
-0.43858315652097346	-0.42691187183998636
-0.11190760013560919	-0.17484678562731648
-0.27055334297138955	-0.3489038212915381
-0.3166917101671167	-0.30644343276314373
-0.3109196498288469	-0.29182175538533833
-0.48474412201213823	-0.4898354559521582
-0.2015058001891088	-0.31272642524521943
-0.5319827554463252	-0.5208866875011534
-0.27614974856219376	-0.2451655594665557
-0.1748808652162115	-0.17064804462939542
-0.26551322111895104	-0.2725493282577302
-0.16060526727262747	-0.12795590610478857
-0.008654074998645456	-0.07008377698234311
-0.39318096225869503	-0.38529829169436136
-0.4024305673653661	-0.39946640555903845
-0.24850550146863526	-0.22270749167915863
-0.30376980532555997	-0.3025292664101783
-0.5286082902956544	-0.5325018956077581
-0.2781237810044921	-0.24105363626138102
-0.2990325133284202	-0.3124553024996796
-0.4273562574248331	-0.4657493335237754
-0.4146202468622384	-0.40669796448907064
-0.25072720866827325	-0.23909992666813631
-0.5352015727410411	-0.5369292915740319
-0.1928445017302458	-0.1946902874468848
-0.4053549417308471	-0.4234463976817412
-0.2498610235324321	-0.25181204954210135
-0.3859449684621392	-0.392515846497966
-0.3835970472499426	-0.40686748798243055
-0.23801708016658196	-0.24169666716326976
-0.5183882269358122	-0.5186056731046286
-0.4264103159773214	-0.36190189759088187
-0.2877043146946878	-0.27869411568462166
-0.37728213045662606	-0.38083102335953056
-0.21806232371521972	-0.21859619201497385
-0.2580987011168965	-0.20616310371995125
-0.16030437828083421	-0.13121608220300277
-0.37430521284820273	-0.39190470605281197
-0.24333915774991333	-0.25460742925652335
-0.27215654453493343	-0.29388174407843354
-0.3640191528879022	-0.37316931684716764
-0.20482229877089608	-0.18693737863101723
-0.4146420542379996	-0.4026136123684224
-0.2623801465758824	-0.26618906969526895
-0.23290329277963018	-0.23188544576648193
-0.22864070043965867	-0.2240533274314713
-0.1595887174429187	-0.1674522100278034
-0.3521729326905163	-0.3321547783699571
-0.2898877543258713	-0.29188156249927344
-0.3701692763690634	-0.3773963957650558
-0.3734535244222634	-0.31776551799650593
-0.3646849473854523	-0.3848033205615341
-0.49905818582157835	-0.49637685927284314
-0.3396316109191062	-0.31817488038978653
-0.37490907834361664	-0.36833376558155123
-0.4612887169826436	-0.3811159639273839
-0.34211523016869094	-0.2927811895211868
-0.26898724745436375	-0.281637765526202
-0.3115000344395593	-0.25609747182510073
-0.41815584932629335	-0.39938450898319283
-0.381183685686187	-0.3829335592697252
-0.3771895369125513	-0.36547864315955353
-0.5252600979875925	-0.5283957109332957
-0.22700295538394144	-0.2275527860201909
-0.28213429449025007	-0.28377503636221735
-0.14952753201529134	-0.2708738284219879
-0.0816188805967002	-0.0939543974515949
-0.24975887185109613	-0.2419171059767759
-0.29670223394481	-0.2870438750379907
-0.28252000014392564	-0.2624979332307595
-0.1327351619644137	-0.11324375923355437
-0.5126776837886879	-0.5334673085946643
-0.29689266560264826	-0.2681706376512134
-0.38519236819276337	-0.321923837417315
-0.3945411361389404	-0.3964756592512048
-0.34200945423629037	-0.35155724925597276
-0.383272725084165	-0.35395861087114056
-0.4017472276402714	-0.4013796687169187
-0.24711980952411494	-0.29114501432393347
-0.346914086515854	-0.3190205411268448
-0.3659870756483059	-0.36013141606687504
-0.3835898172079162	-0.39540286553241677
-0.4596180804484806	-0.44844978565480037
-0.31707247999727173	-0.3021128731026574
-0.36217112329993206	-0.3619192626235466
-0.5473329586806486	-0.5533051094243319
-0.32037159432705664	-0.32769728631424516
-0.24561906993091398	-0.2561927809297482
-0.2694914771880246	-0.2648165272163333
-0.09331116307811094	-0.16158877192705487
-0.5499179364413607	-0.5465346565570943
-0.319575485228512	-0.2717023400095066
-0.24033972717693786	-0.16005940287571266
-0.25526133015803154	-0.25141506719621
-0.38459654929318887	-0.3896269569713646
-0.17282454567432026	-0.17000605289989754
-0.37655359106351227	-0.3602558063982601
-0.425964797146289	-0.4185058648394615
-0.09345655399554076	-0.11710534158942672
-0.25065324303352554	-0.2304478816648402
-0.3662927644117513	-0.39081719845353435
-0.31333612934589894	-0.290871160470467
-0.29444746215272133	-0.31013693745938103
-0.2536083923987036	-0.25638142168680883
-0.5296674227470479	-0.5319454491212449
-0.22651600112231662	-0.22478083848998967
-0.35093187373093926	-0.3650121522892588
-0.39220465081803724	-0.38998540676440197
-0.26368507048712253	-0.3276506821665364
-0.3789972745532033	-0.37033382336989457
-0.3032830139480982	-0.28695752039295946
-0.41814828021889916	-0.40830419151501446
-0.26873765152117635	-0.2892074733809335
-0.4800078961022791	-0.4703197562244028
-0.3544398146718013	-0.36096001489667057
-0.2909875795447512	-0.29694639467271305
-0.42957726696925036	-0.4284036088532111
-0.22335386269607227	-0.2263268853276486
-0.35403409278745457	-0.3518791429886525
-0.0005230621686695969	-0.13261242820208477
-0.30400327764808033	-0.30292945623410483
-0.36958554514205844	-0.3746212842014517
-0.20857113871583266	-0.2206716198707842
-0.3936180489455694	-0.4057306049912927
-0.24308719186452166	-0.266793191638911
-0.23608959491032877	-0.24197966555658929
-0.3687873764861678	-0.3730763995186773
-0.5224317373199732	-0.5326258585487926
-0.5297233212417058	-0.5247243380409904
-0.26994184774333085	-0.2607073027202903
-0.29478317559423495	-0.30438725709801573
-0.14434369893265675	-0.38047186528076893
-0.1448369001133596	-0.12521249718984112
-0.23305560472730136	-0.23411064698909037
-0.2913666572783242	-0.2753123855274765
-0.5532748276502133	-0.5374441773035759
-0.31214442429781286	-0.2980774615184907
-0.5396143345475828	-0.5418713522980307
-0.3794133128710975	-0.36800984136703313
-0.2825115924412245	-0.256656453142089
-0.2034060669653961	-0.1882905947579004
-0.3081499169291746	-0.30842172373691024
-0.30893842037499475	-0.4193856325074523
-0.38064539389741014	-0.3786099814702626
-0.3241876379233517	-0.30446568107845445
-0.40088076802666706	-0.3946825603948532
-0.42605944806776463	-0.4489557832707657
-0.2810439436295056	-0.3983275879616109
-0.2538917594340262	-0.2658845479441688
-0.16735078119742752	-0.17089488895268062
-0.247121201663413	-0.2506237930630259
-0.365632285394188	-0.23991369551936045
-0.24346916230961568	-0.27842968774966526
-0.420285513641371	-0.42525169018275394
-0.4149900770093726	-0.4302715058141462
-0.18347851670484872	-0.18554368110140443
-0.33173698475957636	-0.3366125091042577
-0.30042880330704946	-0.29593255854472833
-0.2949984205697156	-0.30189109161123995
-0.5112461131581867	-0.49930979447101564
-0.2656077382972164	-0.2442661530394353
-0.34829318499672723	-0.33025049139540597
-0.45885081212914614	-0.4620827484878867
-0.3550560475056397	-0.33620606907245654
-0.2613498373493499	-0.24721831561903126
-0.435143033358635	-0.4348031460748659
-0.3580586843733453	-0.3640234000503348
-0.5257351771231633	-0.515506460121479
-0.3978058024200024	-0.21875399242017007
