1.309282628069409760e-01 2.677005387753298750e-03 1.000000000000000000e+00 1.000000000000000000e+06
1.291855155091070351e-01 2.665593229193217745e-03 1.000000000000000000e+00 3.162277660168379080e+05
1.240807779551102302e-01 2.629062391901458920e-03 1.000000000000000000e+00 1.000000000000000000e+05
1.111913852224587912e-01 2.518396251369035832e-03 1.000000000000000000e+00 3.162277660168379589e+04
8.850082829118127714e-02 2.120962159609328032e-03 1.000000000000000000e+00 1.000000000000000000e+04
6.659064290472849201e-02 1.643042523321292274e-03 1.000000000000000000e+00 3.162277660168379043e+03
6.656781062319935827e-02 1.641658818292304626e-03 3.162277660168379394e-03 1.000000000000000000e+06
5.314040109813979174e-02 1.428507036315060852e-03 1.000000000000000000e+00 1.000000000000000000e+03
5.309764350212334977e-02 1.425097701974184896e-03 3.162277660168379394e-03 3.162277660168379080e+05
4.507091354022387669e-02 1.032695597133893471e-03 1.000000000000000000e+00 3.162277660168379043e+02
4.502555848708381797e-02 1.023319713613895805e-03 3.162277660168379394e-03 1.000000000000000000e+05
4.060506614908603040e-02 6.801088967405202875e-04 3.162277660168379394e-03 3.162277660168379589e+04
4.056828413123487326e-02 7.001090336602033967e-04 1.000000000000000000e+00 1.000000000000000000e+02
3.740260279344260336e-02 5.607892024649182173e-04 3.162277660168379394e-03 1.000000000000000000e+04
3.697082860554457007e-02 6.216277060779905935e-04 1.000000000000000000e+00 3.162277660168379612e+01
3.428136464709361647e-02 5.851369324544442680e-04 9.999999999999999124e-06 1.000000000000000000e+06
3.426437941289887934e-02 5.864930696580660961e-04 3.162277660168379394e-03 3.162277660168379043e+03
3.291000122600008793e-02 6.947653980250204607e-04 1.000000000000000000e+00 1.000000000000000000e+01
3.130094893799909711e-02 6.353069510591219512e-04 9.999999999999999124e-06 3.162277660168379080e+05
3.120398353913975825e-02 6.422313377729549485e-04 3.162277660168379394e-03 1.000000000000000000e+03
2.949125730642310206e-02 6.717947455636351069e-04 1.000000000000000000e+00 3.162277660168379079e+00
2.870007023926267678e-02 5.909574942591134823e-04 9.999999999999999124e-06 1.000000000000000000e+05
2.832426665284220116e-02 6.138109439242557140e-04 3.162277660168379394e-03 3.162277660168379043e+02
2.785007526796352134e-02 6.977774195823063016e-04 1.000000000000000000e+00 1.000000000000000000e+00
2.667547663907798156e-02 5.796577758661758005e-04 9.999999999999999124e-06 3.162277660168379589e+04
2.648852774836417748e-02 5.643428017899951949e-04 9.999999999999999072e-11 3.162277660168379080e+05
2.648361107139622986e-02 5.622001334817899702e-04 9.999999999999999072e-11 1.000000000000000000e+05
2.648303404286477675e-02 5.663486931346891230e-04 9.999999999999999072e-11 1.000000000000000000e+06
2.646340194271461915e-02 5.576255628926499869e-04 9.999999999999999072e-11 3.162277660168379589e+04
2.641104340296262024e-02 5.481565266752135880e-04 9.999999999999999072e-11 1.000000000000000000e+04
2.637517614878056443e-02 5.548369426372415500e-04 3.162277660168379191e-08 1.000000000000000000e+04
2.635231560992715855e-02 5.755962876820724418e-04 3.162277660168379191e-08 3.162277660168379589e+04
2.630565630669926686e-02 5.289786965165123702e-04 9.999999999999999072e-11 3.162277660168379043e+03
2.629444265163014688e-02 5.318197973576397654e-04 3.162277660168379191e-08 3.162277660168379043e+03
2.617575057780244935e-02 6.070136592768103330e-04 3.162277660168379191e-08 1.000000000000000000e+05
2.611639283415985793e-02 4.955873199634964772e-04 9.999999999999999072e-11 1.000000000000000000e+03
2.611292236615217477e-02 4.968690780866031990e-04 3.162277660168379191e-08 1.000000000000000000e+03
2.580394983463615149e-02 6.535908970165705146e-04 3.162277660168379191e-08 3.162277660168379080e+05
2.579546219296870863e-02 4.542063026300105911e-04 9.999999999999999072e-11 3.162277660168379043e+02
2.579438672805566685e-02 4.549146829281365155e-04 3.162277660168379191e-08 3.162277660168379043e+02
2.577600285197992336e-02 5.834722435895989311e-04 3.162277660168379394e-03 1.000000000000000000e+02
2.555122344353115069e-02 6.516475026947464964e-04 9.999999999999999124e-06 1.000000000000000000e+04
2.550531883516217804e-02 4.944094115171847109e-04 9.999999999999999124e-06 3.162277660168379043e+02
2.544457355862903697e-02 5.874493255227508778e-04 9.999999999999999124e-06 1.000000000000000000e+03
2.543800088030521642e-02 6.617951919511295402e-04 3.162277660168379191e-08 1.000000000000000000e+06
2.527776561978042208e-02 6.454269495386387402e-04 9.999999999999999124e-06 3.162277660168379043e+03
2.526016853015161656e-02 4.254049923647892418e-04 9.999999999999999072e-11 1.000000000000000000e+02
2.525984853049240836e-02 4.256424331893552651e-04 3.162277660168379191e-08 1.000000000000000000e+02
2.517289610819288884e-02 4.374110361885207845e-04 9.999999999999999124e-06 1.000000000000000000e+02
2.447079749695704048e-02 4.014190621613935184e-04 9.999999999999999072e-11 3.162277660168379612e+01
2.447071087103065007e-02 4.015243939605495126e-04 3.162277660168379191e-08 3.162277660168379612e+01
2.444864060336347442e-02 4.067099615498200168e-04 9.999999999999999124e-06 3.162277660168379612e+01
2.411529580228055636e-02 5.921434337594048579e-04 3.162277660168379394e-03 3.162277660168379612e+01
2.385808206285136915e-02 5.802707272100332114e-04 9.999999999999999124e-06 1.000000000000000000e+00
2.385801641223861402e-02 5.798454677033716394e-04 3.162277660168379191e-08 1.000000000000000000e+00
2.385801587865509985e-02 5.798423106530427957e-04 9.999999999999999072e-11 1.000000000000000000e+00
2.381581952634664878e-02 5.945375474960062304e-04 3.162277660168379394e-03 1.000000000000000000e+00
2.361989849810684425e-02 3.832039199491435932e-04 9.999999999999999072e-11 1.000000000000000000e+01
2.361987972495489460e-02 3.832400545546001190e-04 3.162277660168379191e-08 1.000000000000000000e+01
2.361525924195859855e-02 3.853790400235833358e-04 9.999999999999999124e-06 1.000000000000000000e+01
2.328209656877132383e-02 4.480015386339823691e-04 9.999999999999999072e-11 3.162277660168379079e+00
2.328208890522544955e-02 4.480121948245388455e-04 3.162277660168379191e-08 3.162277660168379079e+00
2.328092769248515242e-02 4.488700883410338461e-04 9.999999999999999124e-06 3.162277660168379079e+00
2.320609884494660366e-02 5.808012623600559195e-04 3.162277660168379394e-03 1.000000000000000000e+01
2.308522892708278484e-02 5.091343420854158291e-04 3.162277660168379394e-03 3.162277660168379079e+00
