1.215768214086519611e-01 2.761527630648181412e-03 1.000000000000000000e+00 1.000000000000000021e-02
9.299595842500227305e-02 1.325887368287954806e-03 1.000000000000000000e+00 1.000000000000000000e+06
9.297727337825337224e-02 1.325455323454859590e-03 1.000000000000000000e+00 3.162277660168379080e+05
9.291832347948325577e-02 1.324076151284994500e-03 1.000000000000000000e+00 1.000000000000000000e+05
9.273297723269018078e-02 1.319741890136446466e-03 1.000000000000000000e+00 3.162277660168379589e+04
9.215637296896118935e-02 1.306088561663475232e-03 1.000000000000000000e+00 1.000000000000000000e+04
9.163273906707683492e-02 2.969888133736056906e-03 3.162277660168379394e-03 1.000000000000000021e-02
9.150725809962001467e-02 2.966720693835863277e-03 9.999999999999999124e-06 1.000000000000000021e-02
9.150688322748239123e-02 2.966767982939845765e-03 3.162277660168379191e-08 1.000000000000000021e-02
9.150688204419035743e-02 2.966768141445523966e-03 9.999999999999999072e-11 1.000000000000000021e-02
9.042548478073741958e-02 1.264066009170764513e-03 3.162277660168379394e-03 1.000000000000000000e+06
9.042477881484486946e-02 1.264273873440349564e-03 1.000000000000000000e+00 3.162277660168379043e+03
8.572242156086343212e-02 1.168912548936076965e-03 1.000000000000000000e+00 1.000000000000000000e+03
8.572187540433794106e-02 1.169481614074719452e-03 3.162277660168379394e-03 3.162277660168379080e+05
7.556668349391501560e-02 9.520224211888301917e-04 1.000000000000000000e+00 3.162277660168379043e+02
7.556187965340435686e-02 9.544045955146182548e-04 3.162277660168379394e-03 1.000000000000000000e+05
6.105261062685508888e-02 7.303252951317898683e-04 1.000000000000000000e+00 1.000000000000000000e+02
6.103716283923130842e-02 7.338920215317645303e-04 3.162277660168379394e-03 3.162277660168379589e+04
4.856781907037412138e-02 9.031580828024143815e-04 1.000000000000000000e+00 3.162277660168379612e+01
4.854506788858005406e-02 9.040629050087620145e-04 3.162277660168379394e-03 1.000000000000000000e+04
4.140846973186471797e-02 1.516811693516699000e-03 1.000000000000000000e+00 3.162277660168379134e-02
4.094000230562046261e-02 1.241514149782691010e-03 1.000000000000000000e+00 1.000000000000000000e+01
4.093317105380742810e-02 1.235634559442533092e-03 3.162277660168379394e-03 3.162277660168379043e+03
4.093316177700488667e-02 1.235615122796451630e-03 9.999999999999999124e-06 1.000000000000000000e+06
4.003265025284478973e-02 1.309732045912365790e-03 9.999999999999999072e-11 1.000000000000000000e+04
4.000509382712758022e-02 1.305745623035156969e-03 9.999999999999999072e-11 3.162277660168379589e+04
3.998216706709341317e-02 1.312139909939090366e-03 9.999999999999999072e-11 3.162277660168379043e+03
3.986196490481230120e-02 1.296248322040901169e-03 9.999999999999999072e-11 1.000000000000000000e+05
3.979038145611725474e-02 1.316196266328645064e-03 9.999999999999999072e-11 1.000000000000000000e+03
3.942791321430486745e-02 1.274702620055516000e-03 9.999999999999999072e-11 3.162277660168379080e+05
3.926270765596093226e-02 1.330120725557718681e-03 9.999999999999999072e-11 3.162277660168379043e+02
3.915155928470485935e-02 1.279156329145642642e-03 3.162277660168379191e-08 1.000000000000000000e+03
3.905714734635451491e-02 1.314231370155273309e-03 3.162277660168379191e-08 3.162277660168379043e+02
3.833003273870440319e-02 1.241212688614312708e-03 9.999999999999999072e-11 1.000000000000000000e+06
3.824838152465347835e-02 1.241824712555715700e-03 3.162277660168379191e-08 3.162277660168379043e+03
3.810293885161423338e-02 1.369337196599163583e-03 9.999999999999999072e-11 1.000000000000000000e+02
3.804282053082858051e-02 1.363421157291173653e-03 3.162277660168379191e-08 1.000000000000000000e+02
3.661109531993896049e-02 1.324121954536863982e-03 9.999999999999999124e-06 3.162277660168379080e+05
3.661053438851331193e-02 1.324100181588520843e-03 3.162277660168379394e-03 1.000000000000000000e+03
3.651483849375097845e-02 1.323944149998289689e-03 1.000000000000000000e+00 3.162277660168379079e+00
3.617784752959223027e-02 1.177128464812932660e-03 3.162277660168379191e-08 1.000000000000000000e+04
3.608971257431129592e-02 1.373395413639364208e-03 9.999999999999999072e-11 3.162277660168379612e+01
3.607307301208624584e-02 1.371948099903325634e-03 3.162277660168379191e-08 3.162277660168379612e+01
3.381349124831019293e-02 1.259801899060916924e-03 9.999999999999999124e-06 1.000000000000000000e+05
3.380943387835538827e-02 1.259525263887349743e-03 3.162277660168379394e-03 3.162277660168379043e+02
3.337832651319560390e-02 1.193912187311836496e-03 3.162277660168379191e-08 3.162277660168379589e+04
3.333756334835415863e-02 1.274814063197292433e-03 9.999999999999999124e-06 3.162277660168379612e+01
3.329077574248250071e-02 1.376259323199062684e-03 9.999999999999999072e-11 1.000000000000000000e+01
3.328671783281702407e-02 1.375901843089126844e-03 3.162277660168379191e-08 1.000000000000000000e+01
3.324831700229358838e-02 1.242867822252790092e-03 1.000000000000000000e+00 1.000000000000000000e+00
3.244143085389583625e-02 1.235189642383359215e-03 9.999999999999999124e-06 1.000000000000000000e+02
3.232849373045809660e-02 1.332434693857965837e-03 9.999999999999999124e-06 1.000000000000000000e+01
3.171290722970941667e-02 1.157490449218336525e-03 9.999999999999999124e-06 3.162277660168379589e+04
3.168475432315336765e-02 1.155917857619641331e-03 3.162277660168379394e-03 1.000000000000000000e+02
3.104558408481511433e-02 1.166733778073530828e-03 3.162277660168379191e-08 1.000000000000000000e+05
3.084193702354314642e-02 1.170665878050324927e-03 9.999999999999999124e-06 3.162277660168379043e+02
3.065692637208712254e-02 1.135924876750028442e-03 3.162277660168379394e-03 3.162277660168379134e-02
3.065233353496455912e-02 1.147015482595295901e-03 9.999999999999999124e-06 3.162277660168379134e-02
3.065228231584755242e-02 1.147230859125657719e-03 3.162277660168379191e-08 3.162277660168379134e-02
3.065228204082264679e-02 1.147231490461126865e-03 9.999999999999999072e-11 3.162277660168379134e-02
3.029880782426996877e-02 1.074796473029342950e-03 9.999999999999999124e-06 1.000000000000000000e+04
3.010464808497966688e-02 1.069079375939278745e-03 3.162277660168379394e-03 3.162277660168379612e+01
2.996546138874683907e-02 1.328361309762444986e-03 9.999999999999999072e-11 3.162277660168379079e+00
2.996449499779314102e-02 1.328190799431774828e-03 3.162277660168379191e-08 3.162277660168379079e+00
2.995575672091071312e-02 1.108492985057413010e-03 1.000000000000000000e+00 3.162277660168379412e-01
2.985254484381681325e-02 1.143726731907137835e-03 3.162277660168379191e-08 3.162277660168379080e+05
2.981998412258278844e-02 1.143574971868081521e-03 9.999999999999999124e-06 1.000000000000000000e+03
2.972292874017045186e-02 1.305779068689065037e-03 9.999999999999999124e-06 3.162277660168379079e+00
2.967469479440570240e-02 1.109986599113904843e-03 3.162277660168379191e-08 1.000000000000000000e+06
2.966992551428279667e-02 1.109935381105536063e-03 9.999999999999999124e-06 3.162277660168379043e+03
2.866824894751617350e-02 1.088366690732780334e-03 3.162277660168379394e-03 1.000000000000000000e+01
2.807455099103330423e-02 1.251422793687775956e-03 1.000000000000000000e+00 1.000000000000000056e-01
2.667906403896210324e-02 1.079111250995836314e-03 3.162277660168379394e-03 3.162277660168379079e+00
2.640593603207147533e-02 1.159519180559901580e-03 9.999999999999999072e-11 1.000000000000000000e+00
2.640580090286392262e-02 1.159450376953720429e-03 3.162277660168379191e-08 1.000000000000000000e+00
2.636090629530428095e-02 1.150188235207035177e-03 9.999999999999999124e-06 1.000000000000000000e+00
2.441303734126426192e-02 1.087828299305378544e-03 3.162277660168379394e-03 1.000000000000000000e+00
2.325215361503880224e-02 1.058504656101816798e-03 9.999999999999999072e-11 3.162277660168379412e-01
2.325214074070304157e-02 1.058485655616306972e-03 3.162277660168379191e-08 3.162277660168379412e-01
2.324626984661911158e-02 1.055069193754234287e-03 9.999999999999999124e-06 3.162277660168379412e-01
2.251795992170860933e-02 9.704653486929399730e-04 3.162277660168379394e-03 3.162277660168379412e-01
2.221647099936081837e-02 1.097112530659785125e-03 9.999999999999999072e-11 1.000000000000000056e-01
2.221646940151327659e-02 1.097108390694039688e-03 3.162277660168379191e-08 1.000000000000000056e-01
2.221570648101578449e-02 1.096140572653970255e-03 9.999999999999999124e-06 1.000000000000000056e-01
2.201835216300614129e-02 1.047541552094508705e-03 3.162277660168379394e-03 1.000000000000000056e-01
