1.213897783740327113e-01 1.498206734771836881e-03 1.000000000000000000e+00 1.000000000000000021e-02
9.302189156056475672e-02 7.599016402680670813e-04 1.000000000000000000e+00 1.000000000000000000e+06
9.300354211802666637e-02 7.599370261733605966e-04 1.000000000000000000e+00 3.162277660168379080e+05
9.294562595661381987e-02 7.600464433210919746e-04 1.000000000000000000e+00 1.000000000000000000e+05
9.276342878021222316e-02 7.603774232684227131e-04 1.000000000000000000e+00 3.162277660168379225e+04
9.219734237972555813e-02 7.606545649243643802e-04 1.000000000000000000e+00 1.000000000000000000e+04
9.135108721601895021e-02 1.730018579150092517e-03 3.162277660168379394e-03 1.000000000000000021e-02
9.122608156376120492e-02 1.726632182177125462e-03 1.000000000000000082e-05 1.000000000000000021e-02
9.122569262498061993e-02 1.726647321284152919e-03 3.162277660168379191e-08 1.000000000000000021e-02
9.122569140738190363e-02 1.726647381429197679e-03 1.000000000000000036e-10 1.000000000000000021e-02
9.049930007438154733e-02 7.581465823406915256e-04 3.162277660168379394e-03 1.000000000000000000e+06
9.049858885491239568e-02 7.583576129051060929e-04 1.000000000000000000e+00 3.162277660168379498e+03
8.587983558086496882e-02 7.680347923586822601e-04 1.000000000000000000e+00 1.000000000000000000e+03
8.587899384677562253e-02 7.676726075004796680e-04 3.162277660168379394e-03 3.162277660168379080e+05
7.586843319434152799e-02 7.088732601806105099e-04 1.000000000000000000e+00 3.162277660168379612e+02
7.586375230598492447e-02 7.081511293382126287e-04 3.162277660168379394e-03 1.000000000000000000e+05
6.150555812916820575e-02 6.644839518277402155e-04 1.000000000000000000e+00 1.000000000000000000e+02
6.148982628079811136e-02 6.628053884271062693e-04 3.162277660168379394e-03 3.162277660168379225e+04
4.906858538335311104e-02 8.857902602034661019e-04 1.000000000000000000e+00 3.162277660168379256e+01
4.904810075653230628e-02 8.811474316980876355e-04 3.162277660168379394e-03 1.000000000000000000e+04
4.135165218697173239e-02 1.155129867917079533e-03 1.000000000000000000e+00 1.000000000000000000e+01
4.134140108866628249e-02 1.149715921235276370e-03 3.162277660168379394e-03 3.162277660168379498e+03
4.134138214083267482e-02 1.149700262418246665e-03 1.000000000000000082e-05 1.000000000000000000e+06
4.119413455434521587e-02 1.180636641419505715e-03 1.000000000000000000e+00 3.162277660168379134e-02
4.080287850697731505e-02 1.431553729812526507e-03 1.000000000000000036e-10 1.000000000000000000e+04
4.077258453582215114e-02 1.429354388788689912e-03 1.000000000000000036e-10 3.162277660168379225e+04
4.075921678504094287e-02 1.431728167700456770e-03 1.000000000000000036e-10 3.162277660168379498e+03
4.062514541524122474e-02 1.422299965601303475e-03 1.000000000000000036e-10 1.000000000000000000e+05
4.058752891876980795e-02 1.429383910756643929e-03 1.000000000000000036e-10 1.000000000000000000e+03
4.017998585795148209e-02 1.398993122650241810e-03 1.000000000000000036e-10 3.162277660168379080e+05
4.011422899256018859e-02 1.417501856158918765e-03 1.000000000000000036e-10 3.162277660168379612e+02
3.993192255708832850e-02 1.398059499125909764e-03 3.162277660168379191e-08 1.000000000000000000e+03
3.990477922448897041e-02 1.408886963319548949e-03 3.162277660168379191e-08 3.162277660168379612e+02
3.906848161341051201e-02 1.390675382803205655e-03 1.000000000000000036e-10 1.000000000000000000e+02
3.904071955127347976e-02 1.349359213502509137e-03 1.000000000000000036e-10 1.000000000000000000e+06
3.900722649841163042e-02 1.387240028448815223e-03 3.162277660168379191e-08 1.000000000000000000e+02
3.896678418135048755e-02 1.350719766170661645e-03 3.162277660168379191e-08 3.162277660168379498e+03
3.724707387211088905e-02 1.355477322516051306e-03 1.000000000000000036e-10 3.162277660168379256e+01
3.723101982954583888e-02 1.354580682433989504e-03 3.162277660168379191e-08 3.162277660168379256e+01
3.682772886835346954e-02 1.353654826704321244e-03 1.000000000000000082e-05 3.162277660168379080e+05
3.682712143047413983e-02 1.353609974384061259e-03 3.162277660168379394e-03 1.000000000000000000e+03
3.679602562461187221e-02 1.242156411417823974e-03 3.162277660168379191e-08 1.000000000000000000e+04
3.671942430909004573e-02 1.342082930790883255e-03 1.000000000000000000e+00 3.162277660168379523e+00
3.464466151428747392e-02 1.327654882650533986e-03 1.000000000000000036e-10 1.000000000000000000e+01
3.464086749598171977e-02 1.327357373171405381e-03 3.162277660168379191e-08 1.000000000000000000e+01
3.420468365058652871e-02 1.220241318087641460e-03 1.000000000000000082e-05 3.162277660168379256e+01
3.391154812652795447e-02 1.550556050556378554e-03 1.000000000000000082e-05 1.000000000000000000e+05
3.390702508621022682e-02 1.550377412739299254e-03 3.162277660168379394e-03 3.162277660168379612e+02
3.382067941701125124e-02 1.087505041207100778e-03 3.162277660168379191e-08 3.162277660168379225e+04
3.356930407678251210e-02 1.266709154247137176e-03 1.000000000000000082e-05 1.000000000000000000e+01
3.333831385431710453e-02 1.491808937099711047e-03 1.000000000000000000e+00 1.000000000000000000e+00
3.298842147981398409e-02 1.097934664437744687e-03 1.000000000000000082e-05 1.000000000000000000e+02
3.181741271414795236e-02 1.648330728122040893e-03 1.000000000000000082e-05 3.162277660168379225e+04
3.178795557818293871e-02 1.646275152411359787e-03 3.162277660168379394e-03 1.000000000000000000e+02
3.141526262766657085e-02 1.167700169325103015e-03 1.000000000000000036e-10 3.162277660168379523e+00
3.141449692891114254e-02 1.167597121005350957e-03 3.162277660168379191e-08 3.162277660168379523e+00
3.128427632712334205e-02 1.055648414074474538e-03 3.162277660168379191e-08 1.000000000000000000e+05
3.114083178771308649e-02 1.152143886557614435e-03 1.000000000000000082e-05 3.162277660168379523e+00
3.109955409952145505e-02 1.050198575229208901e-03 1.000000000000000082e-05 3.162277660168379612e+02
3.064723435337634444e-02 9.980667565442065490e-04 3.162277660168379394e-03 3.162277660168379134e-02
3.064468633755010329e-02 9.753059413034387195e-04 1.000000000000000082e-05 3.162277660168379134e-02
3.064463358019581946e-02 9.753825940750277847e-04 3.162277660168379191e-08 3.162277660168379134e-02
3.064463346402045846e-02 9.753830687520079071e-04 1.000000000000000036e-10 3.162277660168379134e-02
3.042486181778143381e-02 1.578651802101759720e-03 1.000000000000000082e-05 1.000000000000000000e+04
3.022263746933575093e-02 1.568015650621155770e-03 3.162277660168379394e-03 3.162277660168379256e+01
2.999421949819702782e-02 1.443322235818165697e-03 1.000000000000000000e+00 3.162277660168379412e-01
2.993281564494317676e-02 1.196149804436312785e-03 3.162277660168379191e-08 3.162277660168379080e+05
2.990093766703588729e-02 1.194448379751888003e-03 1.000000000000000082e-05 1.000000000000000000e+03
2.965179774028511850e-02 1.395496295846582451e-03 3.162277660168379191e-08 1.000000000000000000e+06
2.964699538789683508e-02 1.395122177299422481e-03 1.000000000000000082e-05 3.162277660168379498e+03
2.864057806011237675e-02 1.318893584832025274e-03 3.162277660168379394e-03 1.000000000000000000e+01
2.806012600310408417e-02 1.303890068496279869e-03 1.000000000000000000e+00 1.000000000000000056e-01
2.765696614619068613e-02 9.885653949657311878e-04 1.000000000000000036e-10 1.000000000000000000e+00
2.765687797110517529e-02 9.885235221567848733e-04 3.162277660168379191e-08 1.000000000000000000e+00
2.760987060759784173e-02 9.847614282912778901e-04 1.000000000000000082e-05 1.000000000000000000e+00
2.678278350462175855e-02 9.759093788941374838e-04 3.162277660168379394e-03 3.162277660168379523e+00
2.480447879069323097e-02 7.511616608155380044e-04 3.162277660168379394e-03 1.000000000000000000e+00
2.404905650177625170e-02 8.066091913379555859e-04 1.000000000000000036e-10 3.162277660168379412e-01
2.404903849773242300e-02 8.065916507625227024e-04 3.162277660168379191e-08 3.162277660168379412e-01
2.404332440674653709e-02 8.044045164624226245e-04 1.000000000000000082e-05 3.162277660168379412e-01
2.307984984192636840e-02 7.201750160838682685e-04 3.162277660168379394e-03 3.162277660168379412e-01
2.269178882313353796e-02 6.327753081981949638e-04 1.000000000000000036e-10 1.000000000000000056e-01
2.269178323641548103e-02 6.327732961718829114e-04 3.162277660168379191e-08 1.000000000000000056e-01
2.269066126943582867e-02 6.325470342240363791e-04 1.000000000000000082e-05 1.000000000000000056e-01
2.245261760711877649e-02 6.360721474483256891e-04 3.162277660168379394e-03 1.000000000000000056e-01
