-0.15854345612486487	-0.1973483580587107
-0.31690694314166823	-0.3077231475199041
-0.33131222254761994	-0.21434840711777353
-0.5062641264485803	-0.507708655029865
-0.22803545226958022	-0.2538365851713573
-0.19576031921140036	-0.18918661408175655
-0.4980337005461184	-0.5029654770814264
-0.6364354294088006	-0.555580645276968
-0.31866044030659424	-0.308825166245079
-0.20162986811563144	-0.2076897656531901
-0.23983382268739906	-0.24270749238280964
-0.30509671827053353	-0.30654154175128245
-0.32787724099271465	-0.3399286682425591
-0.4235264380628223	-0.4062395885950556
-0.3532031680690171	-0.36486867221700325
-0.1421114205204299	-0.13943244298866075
-0.2731770760107235	-0.2989353452322419
-0.09902784697033962	-0.10113451178847142
-0.08224959267715626	-0.03686647963590609
-0.17139943337011587	-0.14300986163564008
0.028462362220213144	0.01926698265817578
-0.1163983619603366	-0.12797337392464136
-0.020884412604242897	-0.03621347892779365
-0.2578098795522621	-0.28605725679444555
-0.09976252358859572	-0.0999439775294933
-0.12656767231451127	-0.1080496927865717
-0.08817450783541858	-0.08280170335306332
-0.5132116548127801	-0.5215721035424696
-0.30455957507798903	-0.28169111738607444
-0.06028592093893437	-0.07108778716520575
-0.12373640611839054	-0.12063316013397474
-0.1916923843851368	-0.14822819531290993
-0.49067503682675717	-0.4726465201966887
-0.5441241531922625	-0.5175269007626958
-0.3856429706420208	-0.33733599934411035
-0.49715443622517874	-0.4187952717661484
-0.0017973343219832572	0.006079285064314998
-0.14178823324844636	-0.14892539860043388
0.0848132144544298	0.10038461265324816
-0.414763239453082	-0.44502829241670416
-0.2849204949734201	-0.3277994600102036
-0.5151951612280872	-0.5184070901758678
-0.43289255363129087	-0.48930163286188955
-0.5655780322464832	-0.5649357839356397
-0.5192195026303708	-0.45691669420898584
-0.19857619768173507	-0.19674532660223445
-0.1094408215600069	-0.1376821896689868
-0.1265045412333059	-0.17137391265608704
-0.19488365920616246	-0.23047383245750055
-0.3986301174865954	-0.44224171609842466
-0.11830989575828799	-0.1314025279726971
-0.19613050000839216	-0.1505023965812879
-0.43691636630720154	-0.34290745894048097
0.026090870723281867	0.01303402917961352
-0.2479113465258571	-0.23149602535649086
-0.05157675097534842	-0.040607587043359594
-0.48319632060305473	-0.4900603620406837
-0.23447403783764287	-0.2395539458798123
-0.561439435614151	-0.5015546951486333
-0.18749587524602163	-0.2359701060802599
-0.29702701338996995	-0.3164339863712933
-0.14995453760284327	-0.17839545270947124
-0.26604878716826263	-0.2504703022250383
-0.1552817527338064	-0.1770718110473835
-0.04841735676487513	-0.0417613996890417
-0.48847139749697277	-0.4465059349510138
-0.28766507036685685	-0.2767441216741258
-0.3212312186092099	-0.3018607967469344
-0.20062712805264216	-0.17373941825011288
-0.15913952172250756	-0.13342291075877596
-0.20763764941618668	-0.2007381978924597
-0.1547995019578563	-0.19996353690122923
-0.4274443507788739	-0.48622911784840345
-0.17498502662894388	-0.14098517067277727
-0.07416547141765584	-0.05089030233996505
-0.21684126622118605	-0.2224199076533937
-0.2511941230494985	-0.2273989371755138
-0.33519833422173395	-0.26823554428062035
-0.5682580214892594	-0.4890041638402881
-0.3920776508050352	-0.415495563693016
-0.49737995302725224	-0.5074942983313866
-0.36626754297932784	-0.3704529650311698
-0.4371224305574266	-0.45700405979286424
-0.12177256111422263	-0.13484415202014377
-0.12888485792983317	-0.14827409036387537
-0.03593955109902147	-0.048205688203173454
-0.05528868558043598	-0.050054411967260314
-0.2840906743309395	-0.2967124529831705
-0.15327788486601435	-0.16017496619149918
0.021689239894985946	0.01583516445522882
-0.49017032028061003	-0.4708424463193412
-0.35143165698814016	-0.365343492694985
-0.2876269165570875	-0.2781451586176174
-0.2950956198715282	-0.3923117089117926
-0.4096366083224421	-0.44801354697274454
-0.02585225316137496	-0.03447278276232273
-0.22699547828528033	-0.22865752629078365
-0.1357346111938753	-0.13799836146065467
-0.03195343391097616	-0.043931219995086694
-0.3650917685257564	-0.3566451402989368
-0.10538694832973583	-0.1013240532300883
-0.2733301944227211	-0.26396155516372266
-0.3307955176893831	-0.32010390741840383
-0.23242296783477734	-0.24349131796743104
-0.5176045486906746	-0.4978935117323291
-0.2508778273883454	-0.24711824365462673
-0.3291131666178648	-0.31253945068570105
-0.3869797276461284	-0.3766118447839671
-0.4676163472701491	-0.5164038073907213
-0.2513667374880999	-0.25279534988770214
-0.1852368018666697	-0.13324250100349175
-0.33038871510840107	-0.3218186336585271
-0.17276640967446966	-0.18177905927247925
-0.3643107520760269	-0.4529381608331278
-0.20720638172935857	-0.15823819775472198
-0.21663418186520378	-0.21996376920690305
-0.29461696993456954	-0.3151122638262691
-0.3056614468813059	-0.30538443073344834
-0.06622813787200599	-0.06420118464054439
-0.26719760709555906	-0.31454248871943435
-0.08114227073543923	-0.08698999466574023
-0.22829690781496836	-0.31632932905075845
-0.19171695881999362	-0.18594738369877073
-0.2158660739844347	-0.2132340729131811
-0.39455808625833555	-0.35658262810264724
-0.07761502772094708	-0.07437655592278199
-0.2974990420305579	-0.3173946852823005
-0.45921769853093597	-0.4859771897138663
-0.11952853326450885	-0.10531007626974864
-0.03251620092873164	-0.02845202369328569
-0.27309411871044276	-0.2714758946623087
0.031403687689337545	0.007460324857161542
-0.4536607142210842	-0.47917105447325314
-0.6191209545171361	-0.6280395390019491
-0.1720306949558985	-0.21542861109363695
-0.29446526220624847	-0.3861329133866359
-0.38433881438406825	-0.3613021345166988
-0.1654458442361415	-0.17794280108477697
-0.24443911235864846	-0.2727496538205004
-0.32492819853930044	-0.3002207145733859
-0.18356227722915808	-0.18972267410238222
-0.5138911868868687	-0.5177727574085924
-0.2537060273714671	-0.23314100857066286
-0.5492022988027454	-0.5374585476814965
-0.1269124020912944	-0.15261128587819123
-0.21486274396912286	-0.29002398493564674
-0.24053194469721006	-0.25592292127180866
-0.01671518643124692	0.0014857744460658445
-0.38035328065160634	-0.34941046782019225
-0.4529208155579756	-0.4222293187258208
-0.14438724334288366	-0.14649061733028668
-0.2210344297729403	-0.3333311191628099
-0.4778263821020383	-0.47759793644087906
-0.33312331118684035	-0.2815887356853221
-0.004669672396683033	0.008713587294337372
-0.14984904725518788	-0.13133579236478965
-0.13853783860448132	-0.12031984934930948
-0.16146850552226422	-0.1389149983551645
-0.2797780054770538	-0.2699177922391107
-0.05326061485743239	-0.08182354699834327
-0.282202484812319	-0.2942955675863844
-0.158176630291047	-0.15736904343912977
0.031414022426145216	0.0035590523585597696
-0.2728606609460167	-0.29061085973738887
-0.3188848692163555	-0.2920209346622297
-0.32451729040599453	-0.3592452459594667
-0.41172746718042585	-0.3891090138419089
-0.26398179605356553	-0.19555308099647326
-0.38918358846500745	-0.41922362597047064
-0.08866705527144703	-0.11207662458085586
-0.4428278161553001	-0.45811247554811174
-0.3258098504336626	-0.29996573933826476
-0.6041764602781345	-0.6187223723513998
-0.18679370494547776	-0.19230480600719102
-0.39992918407706934	-0.4298467648186841
-0.3787242620704028	-0.35269494822597236
-0.14090249064474136	-0.17219143347329807
-0.27632032029380404	-0.2643418113906895
-0.5234574814578759	-0.4963255798298789
-0.48830016674767585	-0.4688100882830004
-0.1136797399859013	-0.11812979607412545
-0.323227100211116	-0.3493027678536256
0.00546096234474458	0.025598927909664535
-0.29004646189560646	-0.2881246970602437
-0.1804770624623373	-0.18829052623986334
-0.11983107927926806	-0.14399571126884836
-0.21432739833474912	-0.2659310684657762
-0.19983392185238902	-0.18599566859073832
-0.06270856705452221	-0.062001187561488855
-0.1444568182062742	-0.16509586795675377
-0.35058488976392965	-0.3197284428555594
-0.04856777092107123	-0.05227234766373519
-0.18749288558436383	-0.18651614287417226
-0.30060153663054123	-0.3300018142225192
-0.16120619804411973	-0.14280399317814038
-0.05019599961469012	-0.05803821129627542
-0.1818739633279316	-0.14021262643164353
-0.4654795595104728	-0.46059184621209004
-0.34155116276139275	-0.3323915329640324
-0.04990070613882125	-0.05396331101065964
-0.21448439887061088	-0.17834628732685723
-0.36505540525151137	-0.36585218050461943
-0.19070201211881255	-0.21862513095260772
-0.2654167320757166	-0.27700919724857054
-0.44153385469547146	-0.42722206528827206
-0.25449472734561684	-0.350421696112707
-0.3981023807539348	-0.3771258040282222
-0.23239365400184475	-0.2296131358134124
-0.4367489614087896	-0.424302126180905
-0.33167277068585577	-0.3145289636767088
-0.15941739111099196	-0.166902272679909
0.03688049266877247	0.017531488152725132
-0.2731963496875611	-0.28162820540613415
-0.2929863932729866	-0.29898899203332
-0.2814484902328136	-0.25838240773560756
-0.27937447486578293	-0.2827151063603914
-0.27735051905180086	-0.24430745996542236
-0.4697013688956204	-0.4675472112973204
-0.4606360736875992	-0.4699571464326017
-0.09596153976510724	-0.12193600356300516
-0.35253842258177315	-0.35004264717542694
-0.43413836609364154	-0.4239419488724316
-0.3963590104553072	-0.3808515643225306
-0.34396498913011	-0.3335018156736857
-0.04270551110997722	-0.037081526772273006
-0.4925540424708359	-0.49829132365841866
-0.3274133076172543	-0.3048764995418551
-0.45596030249384967	-0.45795412963636795
-0.6212131335209907	-0.6361343136926483
-0.07824178950089955	-0.08305736531190595
-0.24233859954906567	-0.2426526519469846
-0.08124583375881578	-0.11934723964030164
-0.05194129012298809	-0.06349299995793083
-0.1791138536677046	-0.1813388450066046
-0.08574801631415419	-0.16274687187940579
-0.45028195305811636	-0.4396434096745896
-0.47024302709093213	-0.5092077581554193
-0.1754216641840447	-0.18252379496503077
-0.4716896514938753	-0.47710152894199936
0.03591230703162118	0.011800765641090123
-0.17753340947348484	-0.18716545686532587
-0.5517180078097974	-0.5153066284988218
-0.3418003536094556	-0.26584474602393193
-0.45259859792955837	-0.43508907998384316
-0.014796774652355182	-0.06756345972049023
-0.0348470144672568	-0.024681239083477028
-0.25063475653496337	-0.22369853422467934
-0.4837169088955946	-0.48946698962218
-0.4940024525850948	-0.5029724355175419
-0.31157363678331684	-0.3196746617366652
-0.4690928033288575	-0.4033044684208961
0.027463879980921035	0.0015538288844023287
-0.17364618470857351	-0.1871590781666574
-0.16543156183293917	-0.18548903511719264
-0.2958772499569733	-0.2801790169941224
0.01891743459029449	0.01372805332855128
-0.2836849620501809	-0.2949409014423657
-0.2536384505105538	-0.24592154947922407
-0.4845932137744766	-0.504636234172224
-0.14130292008366752	-0.16178842772894952
-0.08245067300941855	-0.1156516508933533
-0.10101874424032253	-0.09874646770514005
-0.017872972288576428	0.003466478504725757
-0.4595414608393513	-0.44568913725051634
-0.47161778510783314	-0.4066163627936102
-0.14883675964429433	-0.11584537021373462
-0.2037362719196203	-0.1904456348922584
-0.6061146205403176	-0.6047372334036986
-0.2085402194387589	-0.21598960067941372
-0.09369933976844891	-0.08666026883132165
-0.06690046735614086	-0.08877253096643556
-0.4573815157949621	-0.4457466759493549
-0.2533955839523774	-0.2818274153948626
-0.11491196906598233	-0.12854697440039092
-0.3211650267818733	-0.307846259296402
-0.2870170310602713	-0.2963811436402972
-0.14814277975315804	-0.16416480855102994
-0.4422341712944533	-0.44975261634657276
-0.10110752992470129	-0.07613168015015113
-0.30417811059704025	-0.3141229000888859
-0.3085563421469306	-0.3168513890173805
-0.27514706470675065	-0.2776394882478668
-0.27165299485352534	-0.25283590197190936
-0.169605881116194	-0.16855802899790484
-0.44578693116606516	-0.4632279500244907
-0.19473009968791732	-0.18203013349155905
-0.26310026933567787	-0.2579530288431817
-0.17097297675220346	-0.2618522687174608
-0.20934132193802224	-0.28275176699833704
-0.3290361312349974	-0.319088965473473
-0.26491762392420704	-0.2546961758677606
-0.4509119755837805	-0.5075621239859943
-0.18106990134513534	-0.1723851107593258
-0.3391556260061588	-0.33087866380747966
-0.201612315556428	-0.18163919884244475
-0.2232726994113614	-0.21113665778903595
-0.04170942843474634	-0.05229895859065001
-0.33281723122942886	-0.3342051076637435
-0.6061522961955887	-0.6130966596774299
-0.5678753979052642	-0.5573165411638136
-0.04443863355551869	-0.0478448344946876
-0.5725450713906346	-0.5244795069773509
-0.2968259612666291	-0.30138308028749505
0.023128478582048473	-0.026791929499162054
-0.3434122416134233	-0.3033116498679225
-0.14904542235635088	-0.1487250855031022
-0.3801532730539847	-0.36528701138136727
-0.0723906470438056	-0.0761537926246
-0.3294967711795902	-0.3311891177315593
-0.2205497773074203	-0.17592175189300419
-0.2675836700351404	-0.25032476970716255
-0.3014598193518765	-0.32996981252030255
-0.3692146134211196	-0.31630574423416785
-0.5010239594585766	-0.4964530359395357
-0.30186015272007705	-0.33777254614477786
-0.5163531441886775	-0.5000116504161851
-0.24939209275972019	-0.25345092162442334
-0.125065121830362	-0.12641537088161556
-0.12069012499420317	-0.09729857415908041
-0.6117679380305159	-0.6187663454927893
-0.29593587237041774	-0.29286232509486243
-0.058145615710362364	-0.061064786863816264
-0.495079706008287	-0.4182066259829654
-0.032939947179632334	-0.03864966869142337
-0.31939315257997336	-0.3160046571114124
-0.3104015523171526	-0.23513539874373476
-0.05318097201528538	-0.06143767968297872
-0.5019080210123565	-0.49602595469522803
-0.13139554104283757	-0.1303487996371789
-0.5329780785097418	-0.509161472680454
-0.3663199877096801	-0.3671667715519006
-0.36015385312835235	-0.4063456883184709
-0.4696420484141832	-0.49036233324725087
-0.1720344702772545	-0.1633948894085453
-0.21386591273784816	-0.2403730231568893
-0.24995907675110374	-0.2653132881819391
-0.14438487430156943	-0.12387435815778106
-0.40362224284429704	-0.4283445487848644
-0.033469185025850834	-0.03321856785612857
-0.2712066261126349	-0.277375738401437
-0.32124737317746543	-0.332760739520912
-0.24347264221111864	-0.19949123110707045
-0.38813206114035026	-0.3576495891346319
-0.14916253643449728	-0.12148407869422395
-0.16452881905667915	-0.1658559386384115
-0.1952230504076775	-0.22413620973545917
-0.09089709348933539	-0.0937366708763764
-0.6307960011863702	-0.6226977354977263
-0.13151599010742743	-0.23128323561264105
-0.11052858570843682	-0.09272921529693354
-0.33528460039065067	-0.3377513110363283
-0.19720339167266232	-0.21832158603508034
-0.11368420931318468	-0.14498639795886178
-0.20490633636102373	-0.20607751877820668
-0.3024102427322397	-0.29574096729181926
-0.33788431283258635	-0.31051250447212586
-0.09242465991621884	-0.1242592078984946
0.03666106133403346	0.00621844491922316
-0.28781328615679147	-0.2880541302494509
-0.02534953597235301	-0.08877285542248754
0.0841647087020636	0.09154905399835678
-0.525414422444479	-0.501563584369696
-0.4296905723846711	-0.41396290771804056
-0.11684009021837571	-0.05136250349076874
-0.05568645847322884	-0.0760471588140049
-0.3368550530602592	-0.3233933499744438
-0.5475290549762768	-0.5165585803816127
-0.17190973248087982	-0.20928852094582137
-0.34693151213308226	-0.31438195645834266
-0.19760054906997304	-0.21926776237707857
-0.47135517553609674	-0.4587222971048683
-0.29425208039261364	-0.3066467557993149
-0.2633879330488007	-0.30118536212159486
-0.1745253100594244	-0.20643153999910413
-0.24706271161576865	-0.3062603881590829
-0.6090219980751943	-0.6013918038596848
-0.17741770107949328	-0.17838937165352683
-0.2685836421626391	-0.27895170876960734
-0.29613073415806923	-0.2817501976831569
-0.29059364159516754	-0.28095551942215025
-0.4637301194255343	-0.44152506922248996
-0.04765911983623017	-0.052097607577752475
-0.20430464367223067	-0.18356588913330066
-0.6258874130500391	-0.6103078897341863
-0.09629336968933	-0.10226637269128647
-0.44131463007654936	-0.45387497440850605
-0.3663372497083133	-0.36117052490912277
-0.20274812622638194	-0.16755846403530608
-0.5443923904762187	-0.5682502608650815
-0.5125853236603675	-0.47178409865779464
-0.06173643494326697	-0.05892691427560417
-0.5206022740659879	-0.530099345750604
-0.1772315090006753	-0.17711437796353618
-0.45923353650981547	-0.486697193139682
-0.1824103080312547	-0.16161613973432412
-0.4162598622091025	-0.3896360234437464
-0.306696360597571	-0.3087280461603302
-0.2936781164470599	-0.2583588483903827
-0.11853699374758264	-0.1005540961087105
-0.4359437687790688	-0.4481209775200999
-0.18359937917939284	-0.17638318353993415
-0.3195496427231239	-0.30006180308060776
-0.14692675057396976	-0.15651515914087918
-0.2329899422224475	-0.2734586964155705
-0.12857361559010094	-0.15704346670106714
-0.45223463410231624	-0.47203480284778104
-0.04678570460633402	-0.04380461710130533
-0.2776975041496108	-0.32542426970606236
-0.4747077318582331	-0.46819974505950723
-0.17720932959933844	-0.1339704350226955
-0.6306154291982056	-0.5843668171817717
-0.2599332042220768	-0.2739413926936682
-0.6148285617867346	-0.516890379116518
-0.19259159160868577	-0.17176883185473021
-0.3029966717454968	-0.2914365030849637
-0.3940959394461032	-0.40023410247118235
-0.11379565712274609	-0.09134832551349616
-0.24433517858074616	-0.2582782720336072
-0.37831420001840677	-0.33497799644904785
-0.2901816482263735	-0.3136243162101696
-0.17529544380328588	-0.19247297310340306
-0.35239753535105756	-0.3235842404913668
-0.61799486297447	-0.6042287390123229
-0.2318769935213627	-0.2821722643438223
-0.48123261186785093	-0.49010350438615735
-0.3387276301207951	-0.31496019713957163
-0.3978640456702607	-0.4047702552225891
-0.06440137332636198	-0.052197309945355486
-0.12851618762699957	-0.13601450691228517
-0.45162008465918557	-0.45433194830019
-0.4660973264115622	-0.4540349367047055
-0.42949862228948543	-0.41411437632937614
-0.5559406243482368	-0.5439664948554869
-0.361485787988407	-0.319252779281066
-0.17778948231123692	-0.2196992438972565
-0.4749088691820287	-0.4569611147388372
-0.08576871196548108	-0.07685469408630627
-0.28156807116007876	-0.31568613644931104
-0.20382363284091198	-0.17014497840338116
-0.14718513559797053	-0.146706018819791
-0.43849330913023365	-0.4390467697860508
-0.07256556174502826	-0.060847023965381504
-0.45933228067611154	-0.4694584579369286
-0.2150626355257872	-0.24865580009637653
-0.32424366908013447	-0.2992580959777013
-0.17297266323313032	-0.17797155025005798
-0.34477169152200915	-0.28850027837212044
0.0755643692887551	0.08577486315748717
-0.45706827859173416	-0.4408415997505902
-0.14745356238809926	-0.1563868366530209
-0.11039973055112196	-0.12302569315522557
-0.28393345660837	-0.2866416294803074
-0.15429828443287086	-0.17702217562225106
-0.07320066557908156	-0.07995767281004165
-0.12485339617725444	-0.12245618918718205
-0.2823529104225795	-0.28134471804538547
-0.321945807773683	-0.32770409941063705
-0.1104338955329407	-0.11117742014739382
-0.3358287886456228	-0.43260242573855173
-0.326625303686523	-0.33570442974175696
-0.3391950093717888	-0.3061754829806831
-0.12318653209106234	-0.10714078084410006
-0.4135632740960311	-0.4353406372454496
-0.13896870109788395	-0.12597648394552727
-0.16255035429061415	-0.15594627500279898
-0.09047055198835352	-0.10412442783341294
-0.2638736681710725	-0.29706286787796415
-0.1763906267196962	-0.18650254701045954
-0.3362850454769504	-0.32317937080939513
-0.4453489719408097	-0.3732909437701927
-0.1070199930266984	-0.10172230971463428
-0.22283883467526167	-0.19807144457385092
-0.3550730345411841	-0.3797924811148388
-0.22322576007388584	-0.21911106836178543
-0.10160227826879975	-0.10539623103157983
-0.3215630127594409	-0.3232644791192642
-0.16218977278302837	-0.13891918119649088
-0.15809145540808256	-0.13438680785548932
-0.24216583034085115	-0.2808622345278319
-0.07620908400417292	-0.08171854452397215
-0.08997699111004565	-0.10319402401419225
-0.15452150579904078	-0.148431303615499
-0.07943674576734061	-0.08892778091474976
-0.15890365572382414	-0.12595139817017995
0.03574939080264716	0.0041514492320500985
-0.12147279676458211	-0.11942068719608984
-0.0857687681051793	-0.07685459794139926
-0.26564334268278067	-0.26829512608146927
-0.21815225121280513	-0.17759157346459492
-0.47741610085028796	-0.4868588860562513
-0.2741573176590766	-0.25828273443423305
-0.13365045138115228	-0.12998872865296482
-0.15910716542986858	-0.16597297111630657
-0.26934461635090834	-0.23839128404293078
-0.13769909526386392	-0.1479723354415604
-0.12179736991874357	-0.1894924002841
-0.19694006810394793	-0.1861448315270814
-0.17943708590737995	-0.1877627930892253
-0.17147093610213737	-0.16982115721249688
-0.24788971982145114	-0.23633869893395798
-0.2956894540565811	-0.3220421444469955
-0.18043393048662892	-0.2293414210423041
-0.31860048018804044	-0.3168186085887993
-0.051597382625233834	-0.04056732348325263
-0.2683606849493003	-0.2694203314992109
-0.19088239513432015	-0.1730276999357858
-0.4288011248272099	-0.4270936567659214
-0.16221777461524134	-0.14100549845285024
-0.3194395770479037	-0.27394723419260025
-0.2652716058243252	-0.30234971500103164
-0.13870470779053878	-0.10813387106936227
-0.48272741005039954	-0.49893949872184934
-0.22891533109058138	-0.19907771482300063
-0.042655381968781825	-0.03753369222898743
-0.17077348668922632	-0.14169515932408835
-0.05158086418991381	-0.06248985652192026
0.0011974374981127411	-0.0044381460734731915
-0.4876095552500228	-0.4058814946751554
-0.6232342701321194	-0.6247809367413053
-0.12536981391155688	-0.1467411215916208
-0.42440983357526996	-0.44519138759341315
-0.42776039445793046	-0.3967858052090216
-0.17304459836241737	-0.18307552366716906
-0.3526872060999722	-0.32422896572578164
-0.23786754605403004	-0.25487212119018715
-0.2290680522794215	-0.15414924780154587
-0.5030334613623886	-0.48902755979853685
-0.29337857454139815	-0.2995051239169716
-0.08341391395165765	-0.06391127483497679
-0.19628240347113923	-0.18670184897489528
-0.4283829761067093	-0.4504841907398268
-0.15249962163880149	-0.17828852691908736
-0.09556599308962177	-0.08797186009263655
0.04083763271828822	0.027456994659492966
-0.08997654944959788	-0.11211051683443045
-0.41678225303311756	-0.4055160252580045
0.054643102735848714	0.045020850710877455
-0.1915949639536958	-0.1743704893040951
-0.2523072069809764	-0.25066960430862334
-0.4404407923810867	-0.45267815067152156
-0.26645856915681954	-0.2662408595085817
-0.41406805971878846	-0.36609032923414137
0.09285416476831543	0.08146393720796608
-0.07647218837118874	-0.0631748587580502
-0.29896982100646063	-0.3130372564731313
0.0028463585392550783	-0.00755831905467342
-0.1805789662563475	-0.1784115798227117
0.06017586580586709	0.047524592888070344
-0.27033661621607763	-0.20167165925715352
-0.3404261597450695	-0.3549618182957627
-0.20519328693687733	-0.23686120253598647
-0.4721075173422111	-0.4288751255533278
-0.09061049881223049	-0.10059116968384992
-0.09435626988674617	-0.07884182296270159
-0.12187274797516068	-0.11992148206671933
-0.10148185551234334	-0.09347272460442854
-0.1784909789673872	-0.20839163486294107
-0.3307651213224583	-0.31950456710968456
-0.17669523324540037	-0.16948108809398593
-0.4052546737261862	-0.3741218526783774
-0.036660677460518265	-0.05533122049933178
-0.26902570785300917	-0.27479808845007464
-0.08073718120498441	-0.10387208936195305
-0.45118072522081043	-0.44247813279521503
-0.41872186958022617	-0.40875103354620335
-0.44516635022069284	-0.42592132909587765
-0.03818573146294302	-0.03772727611271551
0.07722045878163097	0.1001926717028738
-0.09362707191718656	-0.0982691333580635
-0.03357236375271633	-0.062047281213991716
-0.2179732092436586	-0.19760866256521117
-0.3056226449129875	-0.26574859162342884
-0.31073001502601816	-0.2929261174910077
-0.3506173207174861	-0.3474754838932822
-0.19013928706830008	-0.22509501920332473
-0.23617591840287488	-0.228648333832404
-0.4135165386062116	-0.3985459520255777
-0.4282104651570915	-0.4419212760959194
-0.19354949236154795	-0.1938884394638776
-0.08835547656724074	-0.0758455859818904
-0.18057943258986597	-0.1711155737800506
-0.38890974138827783	-0.3655520544644719
-0.46499778886702714	-0.46531717862148037
-0.05869228947282057	-0.06166970332062193
-0.18852108028713843	-0.17680671247024746
-0.5371516469731255	-0.5333948006241669
-0.20664422013786954	-0.20224026176398935
-0.06115900055857715	-0.06280545034778134
-0.4326217160020569	-0.35200176068095074
0.039719989240262876	0.03862499085208955
-0.14167757447548723	-0.14551295194317165
-0.5387897939303272	-0.4760431404202698
-0.1818844216987232	-0.20257037112952014
-0.2235398825901136	-0.27843571025778385
-0.22404172072571793	-0.23207450759097673
-0.15749701058852672	-0.14249042658601604
-0.1622709540349625	-0.19243276463511141
-0.26976740542758115	-0.2518827781500032
-0.46117466364768234	-0.45977396758893446
-0.262306101710287	-0.2700852576258249
-0.04507220345629381	-0.0587106776553435
-0.009141931668448677	0.0004917506035200962
0.00023361436540092484	-0.03053499268540652
-0.563213667007405	-0.4594054854819564
-0.0682157570445705	-0.0699309829945565
-0.22870024366851638	-0.22882749360602006
-0.4679989078092177	-0.48126427679683786
-0.3229756846584628	-0.302640567022866
-0.5005199159915605	-0.487440323856107
-0.3759963003048359	-0.3592649319954136
-0.20585931167753468	-0.25410363560602717
-0.32676855822610484	-0.36201879591713104
-0.10268928412265943	-0.10777959064963487
-0.41210002449103555	-0.43880661164268814
-0.5202464763350569	-0.4974339516619485
-0.11147744399541892	-0.15616334538176324
-0.2659517307726045	-0.2671510091363888
-0.20846327076369775	-0.19223341146356043
-0.17723457459951053	-0.1638371072543572
-0.2970950189140815	-0.2961030745660456
-0.23176505228126132	-0.21478052353611846
-0.036406774313235246	-0.03389254878885367
-0.14310843580067178	-0.11716113602799338
-0.09451952133096775	-0.13695075287535802
-0.4943454102977274	-0.4811744496554181
-0.18619074241483258	-0.17625576449147037
-0.019768240088642308	-0.007453808741702761
-0.17577050338491595	-0.17729318362573115
-0.2702612018529571	-0.2723045258115692
-0.4711687203417796	-0.3529289776405377
-0.4386911253066632	-0.41898426988655396
-0.47483868651758865	-0.4977068198263416
-0.42489998972134124	-0.3394807042511505
-0.08464306672565058	-0.09131321892106321
-0.0180138378232364	-0.005207235493047213
-0.020625841429503744	-0.035093202553934395
-0.31180317686647996	-0.2873615185562364
-0.1822782190422636	-0.1598039967106731
-0.2942746472121778	-0.2663674280691137
0.005200695480344741	-0.0011688528863858223
-0.32483998769741174	-0.2819583317898821
-0.16166733111135034	-0.1602571907977469
-0.30541189038381233	-0.19198718580411775
-0.3775903088397943	-0.32798120274972975
-0.3152396269709179	-0.28187209590063744
-0.25389386349144516	-0.2585535005855283
-0.17569525790534968	-0.10339368586425088
-0.08794108974500503	-0.06919819698555875
-0.0666597416408532	-0.06044122550290492
-0.05543831603520122	-0.057751572481993814
-0.31648805683622516	-0.30466141072815944
-0.08297821945023998	-0.10880272580655134
-0.11521017076676277	-0.12524767832782244
-0.0067218544793865576	-0.056747548641022286
-0.3249657085129023	-0.3081186256972355
-0.2897215578257839	-0.28258734345116815
-0.1845594286732224	-0.1941147003730454
-0.3641332203476999	-0.32730418154616153
-0.24455142113217043	-0.283018452265287
-0.4148040820018135	-0.4129661030909403
-0.042480521334102406	-0.05582811249529694
-0.3270868968803704	-0.3239397140057292
-0.2751098427589813	-0.26826092403752316
-0.15083636252284727	-0.18488282873150338
-0.18814733690705587	-0.258169053711795
0.03472341839154147	0.02467619222967444
-0.3012339582667023	-0.32457983629361964
-0.17278723728979983	-0.15208612295280183
-0.1786705293181523	-0.18609624171362432
-0.3059931556153659	-0.30666454137460986
-0.3143736084343658	-0.30454024087330567
-0.03117642393978315	-0.04968218809116872
-0.1805208728379828	-0.17420794051880814
-0.5128355155999813	-0.47804962777866966
-0.5633905586311254	-0.5570889819824194
-0.6076734773735915	-0.6030222510832232
-0.43927547380903675	-0.45672533897044426
-0.07691412791216301	-0.04730415713731486
-0.08394637994642107	-0.08806109936677255
-0.042447225030095126	-0.034593639075115395
-0.5130691937220959	-0.5111346080582759
-0.2726672373507677	-0.26562911483962104
-0.08192716546511214	-0.1061177219624589
-0.15995671327134708	-0.1649835387276728
-0.12819565589995108	-0.11430909396922395
-0.2934633749455582	-0.2603427671596333
-0.2348750037993037	-0.22850752758551846
-0.33819613780209323	-0.3411468418432304
-0.29051385880482616	-0.2949397987720676
-0.37908272582232794	-0.3648124078227394
-0.4678550909086656	-0.43719515567301087
-0.5409753507078134	-0.5391723457553258
-0.33107802116922525	-0.3475532211592977
-0.1063598249768436	-0.11067609799520436
-0.27538444843903953	-0.27542675422752283
-0.25422392234620617	-0.28932700136932743
-0.22941508718311443	-0.22760582954644232
-0.014170154449178796	-0.002589005804808101
-0.29087586573069046	-0.2564849602660458
-0.3297757022762653	-0.28438623883213715
-0.5093420715715169	-0.4917125812465746
-0.30143190679272713	-0.3084180452098516
-0.31763073704484235	-0.3010334796206762
-0.13249216666625863	-0.12448706925203397
-0.16205832372109708	-0.12884932399035334
-0.03671807625968526	-0.04476299929753528
-0.17383562759629356	-0.16770904614658144
-0.28238219034384393	-0.3091363798306161
-0.5281235862990323	-0.5028645528208082
-0.31015239213479084	-0.27979905367201524
-0.48347001409070334	-0.519085680964939
-0.07391087919609429	-0.07438064671172923
-0.4945537589937343	-0.5112533499185966
-0.3032140047845733	-0.3076527376114702
-0.0956279879755666	-0.09511200370748257
-0.38222545108646155	-0.365480842741978
-0.12343657456429291	-0.032153057619616315
-0.28781367872928065	-0.2838234126598507
-0.10746401943864115	-0.11820016601230243
-0.2729893605011835	-0.2701375936379662
-0.5075607040869938	-0.4726662090343648
-0.2572054651720812	-0.2603714130528097
-0.38446858381846294	-0.4394714937228192
-0.1781868436872145	-0.17108331843742475
-0.0016816042147151933	-0.006945133161988728
-0.17176074603279723	-0.16160399510831744
-0.16194436742772833	-0.17516262090280846
-0.23693751494734983	-0.253174480362503
-0.4061450341931847	-0.30635338576158017
-0.3201860207211862	-0.31954345351216495
-0.5448030646084288	-0.5112163927983454
-0.10021062271011338	-0.15712927240311778
-0.42628270829403636	-0.4449818788430028
-0.37699107333628756	-0.39998477561656837
-0.28542779642853766	-0.2734322844995071
-0.34910737292680505	-0.35596161897739936
-0.13142170131189435	-0.12452475079411458
-0.6316440525677187	-0.6298069522172358
-0.1836397337983282	-0.18056981828213725
-0.23918757495034892	-0.26690352997434236
-0.09145750139196629	-0.077241193037748
-0.38639650234440026	-0.2972221155707789
-0.17871279010374064	-0.16090862739478498
-0.5067485256545519	-0.5352357221146651
-0.11800063872373556	-0.09918967642247621
-0.18993509970996847	-0.21809545519475707
-0.5302068125622084	-0.5092635709439466
-0.2547417830611698	-0.25942722902724635
-0.5090891442430241	-0.4795756987235453
-0.18421872096104686	-0.17645532426543176
-0.2623198066496366	-0.26084877176443144
-0.17782168264619713	-0.17420311620255208
-0.33405875649370387	-0.31683489518638414
-0.28599329235399473	-0.21690822487450465
-0.23664288515506549	-0.2518095995428854
-0.17865207343716882	-0.17650303905499062
-0.5024900155410927	-0.50842087737962
-0.13952175751547813	-0.1604952733060236
-0.19765304666994687	-0.3334655370973601
-0.4024492942969218	-0.5025683517168561
-0.1285218254204974	-0.13663269360479308
-0.42310098498589976	-0.3913248512657543
-0.25175611998679415	-0.2522958312859065
-0.3193044425612115	-0.34499984332949013
-0.41642348956956443	-0.4213550984817185
-0.2294735425656631	-0.31321769070579
-0.33737685636913994	-0.30309107907857974
-0.43964286224445104	-0.4650880601963294
-0.025223926240975914	-0.0023088221371085228
-0.10936564698510054	-0.007514631222823389
-0.046469095018437656	-0.06446174634853322
-0.09593727105787941	-0.10780033590333744
-0.2657351853362879	-0.23513478243040126
-0.07663718096106642	-0.08618542087886621
0.015869195205747033	-0.004607131823328769
-0.07762817571496328	-0.06697409467243498
-0.026109259678211316	-0.06292430524244697
-0.32859498738741877	-0.326539584815128
-0.1269518268640395	-0.12487462507374612
-0.2015678160915808	-0.19743913238076652
-0.3783870856619753	-0.3214664649606244
-0.6186313110310913	-0.59250340043148
-0.20923154066183436	-0.1469170920102417
-0.10342057542102179	-0.12602893334409745
-0.4539651131078326	-0.4251099578839482
-0.02673200225896455	-0.01484782073890075
-0.43723985888960204	-0.44690835310282045
-0.01908340929131569	-0.014410384017765919
-0.17828783707139628	-0.23273640014490526
-0.28038035846301135	-0.3588615413471093
-0.13545574592049547	-0.14582786474043158
-0.1947117529256399	-0.2053643255295985
-0.2187948159062989	-0.19608497786501414
-0.3746771917809877	-0.3364639966564537
-0.05026633571672079	-0.02845983309686362
-0.2312369164255852	-0.21665823229947764
-0.36812643451283833	-0.3706800222282637
-0.25608839319522847	-0.2155492241119343
-0.03928903515366766	-0.04049986544710972
0.05041789846081102	0.05346500988342593
-0.5176100521105029	-0.5289281647761781
-0.11820852194149367	-0.1543523603112394
0.14695424260710155	0.10392131355282762
-0.040791797974657484	-0.04434179239090416
-0.27634102774394975	-0.3078384381114443
-0.2720073429082923	-0.2738720130319937
-0.1009988622208482	-0.10285250238070677
-0.3443638758303642	-0.33430882811469903
-0.2657553145837568	-0.297726532496409
-0.5055118882884502	-0.4990785832304574
-0.33158160864615205	-0.375542310006683
-0.39913568020344936	-0.41679578669445055
-0.29368516500303876	-0.3117873071812706
-0.3188822592829421	-0.34548668972928154
-0.12818680361133694	-0.13362142906096858
-0.43915185324461703	-0.4222976824695463
-0.47359297753810914	-0.47423360616487475
-0.4070207136379498	-0.35217091480420104
-0.29598212359722886	-0.2845826205549308
-0.466817492215295	-0.44847647468916046
-0.5493206399177613	-0.4667165343797242
-0.43618819179215684	-0.4595581686528567
-0.1800507519342478	-0.1594135216099922
-0.26644883095929295	-0.29230484949708113
-0.34120846412138484	-0.33921220815457165
-0.3125288962056949	-0.32871962122823195
-0.5064450828395035	-0.5130464535489945
-0.18133152956090903	-0.16733989451013842
-0.08942484938416406	-0.088272937530983
-0.29981998816417477	-0.29244911147816843
-0.30785835157439223	-0.29891501284494326
-0.4290596734142458	-0.4365863102273387
-0.26624586098764347	-0.2753901307968293
-0.4342557353059151	-0.4180814392700251
-0.28618940915237534	-0.2461438998714233
-0.5569569700652233	-0.5344734342101155
-0.07571752591763747	-0.07327502309548614
-0.39090160556729714	-0.4060435906816355
-0.24434745691721282	-0.25212784351200007
-0.2548494613161374	-0.2620990686941315
-0.04506921302859723	-0.06010230732547062
-0.22213678709085194	-0.22873128385411387
-0.2984427982252642	-0.2619133413258335
-0.17219949389754063	-0.15603611082826663
-0.12886015431165276	-0.1277487593879698
-0.20684143375819541	-0.19853044625236946
-0.07116763298709472	-0.09442550650835803
0.005212454607628203	-0.10294891753765198
-0.3330054667382729	-0.3123286029662999
-0.33992943662974007	-0.3528549240263923
-0.3464579668947483	-0.37800297692548324
-0.11409753825713942	-0.12183809395429916
0.13681362323591983	0.09512812981151196
-0.49498714375044717	-0.4128430086648172
-0.3600109911143621	-0.3657863578209068
-0.2695933841623255	-0.30954465221554367
-0.3445822757968582	-0.3444740270106815
0.13882844082445267	0.11148024354842218
-0.1115597783827571	-0.08990785991866844
-0.5418935406170569	-0.5249666108708815
-0.3461802008959314	-0.30868952229044977
-0.2467740500049942	-0.2613643854558881
-0.40120150420460643	-0.3710593728313756
-0.33573172543784224	-0.36170130311704823
-0.18630992377587585	-0.1960864902487884
-0.1430431985121512	-0.1652922319253929
-0.3536082648575718	-0.2845959281255116
-0.4262633585902389	-0.37763815376702503
-0.3485392376786862	-0.41648338594036083
-0.2447705983980928	-0.23994404690000615
-0.17194935775482456	-0.11943601134916167
-0.46900203245620276	-0.4774657612682239
-0.5253499393251273	-0.49974433919119765
-0.2235203181777088	-0.191833682540539
-0.0025805761274408923	-0.013301249405005593
-0.12992735485983786	-0.10841401876516217
-0.27303741855635355	-0.2945510580062215
-0.12756448647961705	-0.13618577442820098
-0.4617210044707267	-0.4636205544961294
-0.0942964859872717	-0.10057265941523434
-0.5243533343762081	-0.48637485692804483
-0.12135359636685905	-0.11336562642845074
-0.008396048514446974	-0.0051732791360843185
-0.4528779289933613	-0.4214470369420766
-0.1895619412542775	-0.18351308319146142
-0.10424637849075946	-0.0980311005155669
-0.14162686879234254	-0.10509871884780415
-0.5184169332281758	-0.5172079364335943
-0.26536353944170443	-0.25104660628511216
-0.3792425641148416	-0.37775843963623
-0.4356361177244601	-0.37864130788402095
-0.0813061330467395	-0.07467208166282711
-0.17686885348243653	-0.13496478346547922
-0.45931029941169754	-0.4332180338843794
-0.4185191271082438	-0.40438752996705074
-0.41547425325741916	-0.3797437571629469
-0.1783142055016178	-0.1909821380967459
0.024356986926823865	0.0394540964839889
-0.20294714118584878	-0.20171821512041613
-0.3114644387746033	-0.2153632249783758
-0.16914650986875923	-0.1727674875485206
-0.41245612609868587	-0.4837666656991067
-0.09634187005669226	-0.10556100569595109
-0.03234708379148188	-0.016341618956311116
-0.06949125781624232	-0.06697324812584025
-0.1936549106044243	-0.2087544061710487
-0.49458294879847653	-0.5020046108537045
-0.0657271541060016	-0.061021231599470614
-0.46884799835271274	-0.4434825161332921
-0.48205816519717537	-0.47708932946385035
-0.44435628685161	-0.42102469077580373
-0.3276099211745276	-0.3368496955414904
-0.03743002793274375	-0.04775507351866362
-0.3430873051426859	-0.3500777994659829
-0.057888963540957405	-0.02343463990145234
-0.5997074334697299	-0.5556957626945243
-0.4755846285818528	-0.45290739512611705
-0.3522867964680563	-0.45165532079556103
-0.1790576240346784	-0.15745818178460882
-0.35750172939814284	-0.28759245158887625
-0.11866410897173374	-0.13697304863335752
-0.47917646465127994	-0.49915242368345836
-0.28155874543027437	-0.3044323910841055
-0.043573250963003574	-0.022960592150852794
-0.0900455925766046	-0.08509999848473156
-0.2704571475614159	-0.2644082990198793
-0.42469423188607536	-0.41600624339440645
0.06372142054290819	0.04137712228169144
-0.34655723265976945	-0.32978586496034457
-0.4939230568601243	-0.4574431748588738
-0.43578801305404546	-0.43420570334181424
-0.2347138697939073	-0.18987841039492478
-0.16747893109659806	-0.17428978473858794
-0.24350233315043113	-0.2570906550917414
-0.16502592640675573	-0.13147688113313696
-0.18440702710937185	-0.156355210527582
0.016862254029652135	0.02050074810833206
-0.45351360752993664	-0.44021774686106596
-0.3336914978899461	-0.2976354369776993
-0.3638300155851315	-0.3183529654643796
-0.42020827348478296	-0.3820091925379863
-0.4654662783979653	-0.4398021093956504
0.04821667388339712	0.0024339383184563837
-0.0030629099948171756	-0.02139708543218429
-0.5034309562097903	-0.4175561842349936
-0.15570775106613688	-0.15522878046357597
-0.33963470665673157	-0.45908924373222426
-0.20172469298068485	-0.25680699607367713
-0.26942843596569066	-0.2773241556818009
-0.1791279315888028	-0.18359150070091068
-0.22651022537472443	-0.21089667374710525
-0.2514981058356245	-0.2953784534752101
-0.5139808815080222	-0.5130623133391221
-0.40316395275049466	-0.3989117770500126
-0.2334100409208011	-0.2705004613668507
-0.41891109392743253	-0.3977008976869877
-0.29065320474358103	-0.30090881792990737
-0.28699746284153616	-0.3254565490314946
-0.26602571642155937	-0.244257701258804
-0.4070359661487153	-0.3979937203978737
0.061459094120497326	0.08224339472468839
-0.06438090694626197	-0.043831230312345974
-0.3790464966899716	-0.42663861802202474
-0.008020000217173084	-0.026972621123356192
-0.10445146094020519	-0.10051768529463052
-0.5255673206270082	-0.4994476800040342
-0.49308051186297597	-0.512156816804305
-0.0008530024678563564	-0.02344768651129218
-0.09605334788101239	-0.07256982591365649
-0.27783391311663763	-0.392337532359287
-0.168203691321966	-0.17496343434070497
-0.3495410500322915	-0.3213159306303822
-0.4880748053290134	-0.48584836696473116
-0.278991511174814	-0.27153905152310803
-0.4999642215724709	-0.51978015178114
-0.4938454098148295	-0.516714036431409
-0.2465199095401509	-0.2698501096695032
-0.4313965947897307	-0.4435308518772711
-0.5027921226033758	-0.5117693470235982
-0.022725182833839952	-0.02452254917194116
-0.5872782371029066	-0.5870416311043992
-0.17684729803923904	-0.20622357241245096
-0.1858136729629365	-0.16856248160619905
-0.2226348200400725	-0.20518505094841008
-0.12900661380580303	-0.12130214902729479
-0.32817195448273573	-0.37070901175338905
-0.4713834347760475	-0.485916612205168
-0.47710154056009557	-0.4994099412501799
-0.6266122387759641	-0.6076129692095781
-0.3071575561827746	-0.300754937141846
-0.18106169218448276	-0.16561907058679695
-0.28016039336820864	-0.27550429618326483
-0.16295408330791972	-0.16774556712640296
-0.4598642454975055	-0.4379484902876445
-0.289749676604961	-0.3453697524652589
0.067942862828553	0.06379385769974509
-0.1892821154718778	-0.1776757247394661
0.024901766666347136	0.06574554759477941
-0.2929015312797638	-0.3105103669614553
-0.15659788165229216	-0.16419189098755457
-0.3699570698005754	-0.3694011560134324
-0.2082805618471948	-0.21856788780750205
-0.4619868478131721	-0.46172156182166363
-0.25286837203956036	-0.2980607937772507
-0.013826297469938353	0.014282640871436762
0.23544696274342503	0.21611608959994633
-0.3112935014085778	-0.3199779796618397
-0.21420317251121368	-0.1917923702898842
-0.10656186532484568	-0.09027395107523394
-0.3692007370590815	-0.37630949060186936
-0.2140779684793621	-0.21918951990433722
-0.141410373951671	-0.1679314232945581
-0.47811410220231654	-0.4729347877681599
-0.12228464428870733	-0.12978437688909045
-0.11306904665918083	-0.05222586983221777
-0.13799294149270658	-0.167650202828436
-0.6099673342494825	-0.639948911529631
-0.31901473601149277	-0.3138699595984147
-0.624925177964899	-0.606241728152424
-0.04719783249884202	-0.0759011911551974
-0.6279120179470343	-0.6308282757592406
-0.28018489065934205	-0.2861781148373563
-0.31855595703758155	-0.3264932392066728
-0.17306706146472273	-0.16707604715905144
-0.1830427571931601	-0.18356492625176937
-0.31315903304746406	-0.3172648876470638
-0.09441827924752744	-0.1109762761577224
-0.02253393829355499	-0.025757507701878374
-0.18637836074663738	-0.1929081787470218
-0.09192777867590252	-0.09696408050578835
-0.027676321400411652	-0.04706071492572373
-0.5125407227888346	-0.4811745758828658
-0.047533010029289	-0.06348146761033316
-0.141520883854529	-0.18233573598294986
-0.3896695939813135	-0.44049956383714733
-0.12047554991984377	-0.14519441982202536
-0.3441890686925575	-0.33183261122214536
-0.16633272758404694	-0.17349602352282573
-0.505454878899875	-0.48542437470683736
-0.29880000009025487	-0.2503573966535642
-0.19686766170792502	-0.1360038451194519
-0.23095485349248257	-0.24129663937297766
-0.1305523768193062	-0.17373737107885678
-0.08401915095830148	-0.08918502106233107
-0.4243292526986622	-0.4638122799289469
-0.3177306364747965	-0.3202210479578438
-0.27071473211015906	-0.3233465104056268
-0.22938650185885479	-0.21186138774050828
-0.14425332604168872	-0.1485792031441231
-0.3818047856611413	-0.37138460780087423
-0.07644149552347024	-0.07753859619821926
-0.49506365256779095	-0.4707126280680826
-0.33581033704360674	-0.32607229954192035
-0.14675048865384355	-0.1416335354119604
-0.1369500704033051	-0.1346247798031495
0.03672602831065497	0.036713113438430554
-0.03510560847714039	-0.04006261093114097
-0.4053568285986726	-0.4146274677817455
-0.14453607343251385	-0.16796470990586046
-0.3406545350685306	-0.3273068838664074
-0.06007594674152461	-0.11991920872289405
-0.46995572678500963	-0.44916370817534895
-0.30042077077938867	-0.2644923209216447
-0.26804527430728964	-0.27669292673554446
-0.12419437286064738	-0.12752088344363838
-0.043322869701651	-0.03710511387027042
-0.5596305523432328	-0.5015770891187527
-0.5062683353858812	-0.5094691784512462
-0.2670286136328137	-0.2722903347085916
-0.27760539688862806	-0.2680135537234083
-0.4808037327721948	-0.4367410787745273
-0.3247509294455675	-0.29621161139583896
-0.20415909175631697	-0.17679296900449626
-0.14060377064845397	-0.08809513190690975
-0.18132240101571995	-0.18320729950030493
-0.08535244543672693	-0.09532315037533798
-0.323708846668632	-0.3231270698346403
-0.12637662441689557	-0.13705035724953676
-0.004674451746959463	-0.0413174559435449
-0.12699454900132956	-0.12744196876790972
-0.3489746234165638	-0.32415036327169144
-0.24803023555488934	-0.22590167077239665
-0.3287500793022389	-0.3122314225718864
-0.5068477157759972	-0.4912381485298279
-0.33552083276396516	-0.3091118625567846
-0.19357512277814148	-0.19402030724070854
-0.43204114353047274	-0.4056686761760085
-0.15480934884398678	-0.19347611941387377
-0.15167405892867603	-0.15702803013834069
-0.3136829836003088	-0.3274796332533978
-0.49972810968494574	-0.4781507231403706
-0.40747859827013855	-0.4194881871191909
-0.052318362566166066	-0.03934483279283161
-0.17159522253628445	-0.1705845557783659
-0.3317581862294787	-0.3230428282541321
-0.11271347539826326	-0.1155153091893084
-0.09886595640906748	-0.09392597667008311
-0.4371885945886831	-0.4512602156393689
-0.10009302964674838	-0.07910276974385383
-0.5085697448943192	-0.5125125087660637
-0.27725370579682185	-0.299276463600873
-0.09699420159819461	-0.10658973260346645
-0.18214963147659713	-0.18514829645168027
-0.2999834791568077	-0.28410415779138254
-0.4954155617064391	-0.42375179012598796
-0.14973950908111355	-0.16937870605560232
-0.4689233492474765	-0.45978637732963684
-0.20295850485174505	-0.17790711558706146
-0.21036379367023805	-0.2047244467645879
-0.49500189421699403	-0.517581798412353
-0.36846093332572494	-0.3582520034246461
-0.4799985835258891	-0.5053759184340756
-0.11091138405936185	-0.08734947209358279
-0.35598612916916483	-0.36136428526651604
-0.08806291946168265	-0.08495395482015744
-0.12400609450377864	-0.142809360333761
-0.1630405755121025	-0.1675163778130641
-0.12596233129335666	-0.12380121909027501
-0.2318612020834987	-0.2558087577367457
-0.21303867145176092	-0.21969671858296208
-0.36769183804852634	-0.40114719888109845
-0.5230388036099871	-0.5482081213228037
-0.5190499234654711	-0.5243762029756915
-0.25837841733247835	-0.25749370300891167
-0.35561841631572033	-0.31958504434211704
-0.31345004095411966	-0.30223814243711855
-0.03340284237440816	-0.019843609293125324
-0.3874355169426327	-0.32165131687685095
-0.14242735392195272	-0.12630786314235168
-0.37921791346985856	-0.42044429418158463
-0.18662773268477295	-0.17264473458280824
-0.2701531845132319	-0.26911990723621815
-0.6228019642147764	-0.5970497161724817
-0.3154505909275125	-0.29564290716469016
-0.5634877316092313	-0.5523248368812919
-0.20859528192587007	-0.1955691179691179
-0.2876492490951854	-0.23666709249125928
-0.2700841926457045	-0.32154671324401485
-0.2662459558639334	-0.28547155996664125
-0.5411725610950171	-0.516888885223013
-0.3954277232929275	-0.3680345633369231
-0.5124275006685508	-0.5098934235968833
-0.002546541347347997	0.0021861175682362038
-0.5047545571177743	-0.5060162990293906
-0.3458002848166757	-0.32234201903423765
-0.06814969737950882	-0.08856999230837341
-0.37303782929042484	-0.4618803410963379
-0.4326596132123175	-0.4126104388606866
-0.05356071664532358	-0.050323274541070544
-0.17152114568177623	-0.19982248708774966
-0.22392695031945564	-0.21154776891671787
-0.1788933668592545	-0.18016988690352714
-0.608216382823568	-0.6024572308737933
-0.2801763383317173	-0.1864068526627833
-0.08814365476858654	-0.0770507435197757
-0.024242391418539455	-0.012685183498277046
-0.10165582899295522	-0.09710878241360209
-0.23889477094080647	-0.2533726162299962
-0.516633294339095	-0.5153254750101038
-0.1319792923710823	-0.12421509756464885
-0.2482172859409868	-0.27197341443243334
-0.12029427186953257	-0.08236053590434116
-0.46323462908665825	-0.45639412506937477
-0.33971903630040856	-0.3219193070510589
-0.37827658310327195	-0.35886984527219257
-0.18854011431130324	-0.1763694793241508
-0.3718462290610933	-0.36442693190822684
-0.21374839964905057	-0.20379100144315154
-0.4136143142620341	-0.4179060634320252
-0.18599158102886193	-0.18715313199380387
-0.327707460136029	-0.34102325176638504
-0.14903706180041265	-0.1340017263284541
-0.3667906302940338	-0.3932542931313817
-0.588858112081029	-0.5980209217070164
-0.1313335248431038	-0.13850056170779917
-0.39115487530424087	-0.3540891186503391
-0.538050427577411	-0.5241358603247829
-0.18922400042059184	-0.18568500091163878
-0.21308192303224782	-0.20651809850151948
-0.2691255353900237	-0.25133429670253676
-0.18091867252250537	-0.17210604579769023
-0.4413062979834006	-0.42467912485856546
-0.19304149582753727	-0.4672863269883723
-0.10980846097842623	-0.1034248101971514
-0.19210411823573104	-0.17472731302132447
-0.48832539758917726	-0.4613647880030035
0.06556791428735043	0.04525174134284967
0.019700955339320814	0.0397557959259035
-0.3394622647814085	-0.3543188194787766
-0.08042033980349128	-0.09083510154761193
-0.17992811246666562	-0.16638869713125917
-0.2994068678782149	-0.3061578919359569
-0.23274697363310537	-0.2416753743927004
-0.19924252503933904	-0.17738183756641526
-0.1793271779052663	-0.18919564521765056
-0.2492069570743265	-0.24326690774950782
-0.4733318495583978	-0.49916962538830595
-0.108099726973645	-0.06446779304444017
-0.0656284653913719	-0.06893147030315859
-0.1343025231392918	-0.1382575757861829
-0.20490408362783086	-0.19222457940365822
-0.009504250330856223	-0.03053179222570511
-0.3122938650249649	-0.3008892979417256
-0.1818911017389695	-0.17510511885224245
-0.35098765364206574	-0.29316022410284936
-0.40942678105250163	-0.41664735399392655
-0.2690885883316527	-0.2705429929902691
-0.24415684765282375	-0.25923824974453297
-0.15818522286345704	-0.11913023835191944
-0.28821985937802985	-0.28525564570588324
-0.13085679470355593	-0.1508833162159905
-0.4358559442026415	-0.4547309758726357
-0.23753964578734355	-0.21075110420433096
-0.20388191839161962	-0.22657426643117026
-0.1787571424786698	-0.2131326663083024
-0.41461523390594746	-0.3762120834406798
-0.356196195497847	-0.27063993171731826
0.007083469224465233	-0.04338369525982829
-0.10364513775640027	-0.11783087927341666
-0.2956296451051168	-0.31154878333092134
-0.19434216692049233	-0.20174502534915453
-0.0680177152531165	-0.07646130919412276
-0.3235567514570006	-0.3557503084980495
-0.12706120644047036	-0.1280300368208939
-0.12874217543041588	-0.13532759132314434
-0.2886210155081468	-0.2777628886512478
-0.10010986242939524	-0.11072882824752989
-0.3654104167968848	-0.37938811351671603
-0.142184650806235	-0.12629368838710694
-0.324984960066546	-0.31333493905367626
-0.13223401226262332	-0.14560494424892764
-0.09190519140633402	-0.09846752663335784
-0.5082594007682086	-0.4963977542416104
-0.14689802206467206	-0.13503472107247463
-0.3146187584042881	-0.3032051259531576
-0.44751392147405156	-0.44656545282731247
-0.45950634170726445	-0.516148902984825
-0.19993047989071666	-0.20039232513326044
-0.47669718048364906	-0.4193855237127583
-0.06371231661428656	-0.06588412698331132
-0.05953329079073999	-0.049188096689435835
-0.1262517070765341	-0.03211447336004714
-0.45962225331905415	-0.4454605388863801
-0.07221926174304816	-0.058739162000750286
-0.14489345477704685	-0.13028896492694894
-0.2920776281475721	-0.3046709587339177
-0.1350550267984616	-0.14170429261332576
-0.25633721948813903	-0.26268095294565763
-0.20771125651919675	-0.1862212330600102
-0.14006558519533296	-0.1264158191439673
-0.37498618435884	-0.3600952895211168
-0.054168162811630616	-0.04360599949613951
-0.1280508427126641	-0.12454937992342581
-0.2840496880242789	-0.2835965308996208
-0.1095435920433081	-0.08809704452575001
-0.20280697896345679	-0.18848489453094788
-0.2828343512428493	-0.2768736189005566
-0.18918176462461744	-0.1879954572588203
-0.20014958664406102	-0.25008022324545404
-0.1466912284499058	-0.10995256811163014
-0.3219677419037428	-0.3648481399727675
-0.47634771457915726	-0.49780862116865365
-0.3439028205356438	-0.31874077142932866
-0.21424482457839567	-0.2167889407806637
-0.32070382321438196	-0.3547996508330113
-0.08889425548411367	-0.07537839318329337
-0.3004078950509186	-0.2832783065449135
-0.10283549923088842	-0.11119468599112015
-0.5007120415829469	-0.5176431201096172
-0.4480884180336444	-0.44381694548196604
0.07556881285567307	0.0678259478975876
-0.09129227429836284	-0.17148182893023964
-0.4798384374531546	-0.45178226920412395
-0.28478456347998105	-0.3004711709627705
-0.20019208334139993	-0.23558114129316846
-0.33412538682937765	-0.29242068320897435
-0.1786927088455963	-0.1966620368509921
-0.3386594342194993	-0.335370836466913
-0.22110199532474617	-0.241285456575377
-0.4744345119637323	-0.49112907427417246
-0.1633262460001017	-0.16618638952434805
-0.3529864681481758	-0.31648188261332577
-0.31771059651583844	-0.3913812935488747
-0.05664726877191306	-0.06918309688194763
-0.5053295024438418	-0.5279834069943837
-0.36779319026301316	-0.3188115546365663
-0.30203239543321025	-0.23909590955671006
-0.09171512199841025	-0.10774406511599675
-0.3491250905348675	-0.32133174879979914
-0.45272610305259775	-0.47227277504658016
-0.18191741625347468	-0.2190746010825506
-0.15162848326868605	-0.12964676800014777
-0.4473337282718255	-0.4811968019835935
-0.0032982263212613105	0.0005644646385154426
-0.17615063056147662	-0.16284451498866617
-0.316362826717711	-0.32528285232406207
0.034577354358702905	0.019972288729352066
-0.2517189649887275	-0.21491421202978697
-0.5145767457977177	-0.4821749170228708
-0.29122035197822616	-0.2725034900583
-0.40451278634492027	-0.37342083852245195
-0.19948266084914934	-0.20498607594437449
-0.11357293844787719	-0.10402583172525194
-0.337722121433746	-0.32889321041756747
-0.3036723165120403	-0.29377307202488023
-0.4163599203116011	-0.4525379016832428
-0.07884567079777582	-0.02116331629314257
-0.21203423628698737	-0.22332351231114408
-0.36534120578111207	-0.3049120585497503
-0.050788398236756294	0.004347368294354395
-0.1568107178574838	-0.18183079116459352
-0.43856874363542264	-0.4370686052007279
-0.06741580895471877	-0.08309754752970333
-0.49412654394965116	-0.4914109172843689
-0.3203353154479318	-0.28772461774384644
-0.49393531068687047	-0.491480275262657
-0.293449940138494	-0.2875832034626573
-0.48501828202307884	-0.49669329489468794
-0.03564142040303153	-0.06525313647132906
-0.3818373055716089	-0.41163766933491286
-0.48411909271012554	-0.43312777285840776
