1.317364549684136854e-01 2.682176210053436108e-03 1.000000000000000000e+00 1.000000000000000000e+06
1.316924344034148819e-01 2.681837250830296920e-03 1.000000000000000000e+00 3.162277660168379080e+05
1.315534818914954884e-01 2.680765605672447843e-03 1.000000000000000000e+00 1.000000000000000000e+05
1.311167797596220208e-01 2.677516225251900042e-03 1.000000000000000000e+00 3.162277660168379589e+04
1.297616869357089420e-01 2.666977108274442860e-03 1.000000000000000000e+00 1.000000000000000000e+04
1.257329895815526011e-01 2.637760954327460217e-03 3.162277660168379394e-03 1.000000000000000000e+06
1.257312519589099675e-01 2.636700522414152370e-03 1.000000000000000000e+00 3.162277660168379043e+03
1.151249047939125331e-01 2.539883297239490124e-03 3.162277660168379394e-03 3.162277660168379080e+05
1.151229271982933122e-01 2.538932265335420123e-03 1.000000000000000000e+00 1.000000000000000000e+03
1.093494842186854693e-01 1.541594679127664775e-03 1.000000000000000000e+00 1.000000000000000021e-02
9.421555238582880742e-02 2.110952094305669751e-03 1.000000000000000000e+00 3.162277660168379043e+02
9.420999541598426563e-02 2.112013463477291960e-03 3.162277660168379394e-03 1.000000000000000000e+05
8.340122417574316604e-02 1.990315751451373662e-03 3.162277660168379394e-03 1.000000000000000021e-02
8.337312189468804036e-02 1.974068715765045588e-03 9.999999999999999072e-11 1.000000000000000021e-02
8.337312121315382241e-02 1.974065575901626842e-03 3.162277660168379191e-08 1.000000000000000021e-02
8.337300292262092571e-02 1.973339115694720466e-03 9.999999999999999124e-06 1.000000000000000021e-02
6.895127527208635976e-02 1.578882300134248819e-03 1.000000000000000000e+00 1.000000000000000000e+02
6.892137312661239523e-02 1.578901433917805942e-03 3.162277660168379394e-03 3.162277660168379589e+04
5.103390439134791734e-02 1.253407516504259070e-03 1.000000000000000000e+00 3.162277660168379612e+01
5.099577773491376087e-02 1.250965276941084798e-03 3.162277660168379394e-03 1.000000000000000000e+04
4.051523451256448805e-02 8.800047410657639698e-04 9.999999999999999124e-06 1.000000000000000000e+06
4.051484439587139941e-02 8.800349996499131104e-04 3.162277660168379394e-03 3.162277660168379043e+03
4.041014583230388701e-02 8.871679512321656389e-04 1.000000000000000000e+00 1.000000000000000000e+01
3.207434653352423531e-02 6.410020066164427450e-04 9.999999999999999124e-06 3.162277660168379080e+05
3.207013994268292922e-02 6.410047293265082888e-04 3.162277660168379394e-03 1.000000000000000000e+03
3.146396882570984960e-02 1.692418200944630947e-03 1.000000000000000000e+00 3.162277660168379134e-02
3.119880331412876531e-02 6.463957303271401474e-04 1.000000000000000000e+00 3.162277660168379079e+00
2.556542009026604306e-02 4.885941611736610785e-04 9.999999999999999124e-06 1.000000000000000000e+05
2.554018765363792048e-02 4.893427563279637233e-04 3.162277660168379394e-03 3.162277660168379043e+02
2.344891102447346082e-02 4.785082189467459806e-04 1.000000000000000000e+00 1.000000000000000000e+00
2.295831333533318586e-02 1.439258434456442293e-03 9.999999999999999072e-11 3.162277660168379134e-02
2.295830769323884205e-02 1.439240512532285110e-03 3.162277660168379191e-08 3.162277660168379134e-02
2.295712717532974456e-02 1.435698481391217479e-03 9.999999999999999124e-06 3.162277660168379134e-02
2.281904884927498517e-02 1.446030984074399501e-03 3.162277660168379394e-03 3.162277660168379134e-02
2.164368489258094649e-02 4.861917314480106340e-04 9.999999999999999124e-06 3.162277660168379589e+04
2.151549526194440620e-02 4.824528782681550016e-04 3.162277660168379394e-03 1.000000000000000000e+02
1.970206856018824615e-02 5.521101001056036815e-04 9.999999999999999072e-11 1.000000000000000000e+04
1.970121333238070496e-02 5.510452770605363043e-04 9.999999999999999072e-11 3.162277660168379589e+04
1.964791360622007016e-02 5.462917183782768594e-04 9.999999999999999072e-11 1.000000000000000000e+05
1.964626041540695062e-02 5.526504218782558701e-04 9.999999999999999072e-11 3.162277660168379043e+03
1.950406688608430708e-02 5.398702514188455067e-04 9.999999999999999072e-11 3.162277660168379080e+05
1.948304792363515087e-02 5.557713260398098850e-04 9.999999999999999072e-11 1.000000000000000000e+03
1.932598056275642781e-02 6.023107784175563226e-04 9.999999999999999124e-06 1.000000000000000000e+04
1.925715225921833043e-02 5.454740603778533269e-04 3.162277660168379191e-08 1.000000000000000000e+03
1.920957707919912494e-02 5.398407634330221845e-04 9.999999999999999072e-11 1.000000000000000000e+06
1.912839085627702704e-02 5.692979447586693758e-04 9.999999999999999072e-11 3.162277660168379043e+02
1.912742842234575052e-02 5.424190457663431199e-04 3.162277660168379191e-08 3.162277660168379043e+03
1.904450710156278120e-02 5.643780916560439025e-04 3.162277660168379191e-08 3.162277660168379043e+02
1.886392063368276875e-02 5.166733946936778515e-04 1.000000000000000000e+00 3.162277660168379412e-01
1.882547061395536264e-02 6.103356671774461464e-04 3.162277660168379394e-03 3.162277660168379612e+01
1.868252440788162327e-02 5.654870496895010373e-04 3.162277660168379191e-08 1.000000000000000000e+04
1.856636847242130323e-02 5.770345852631037463e-04 9.999999999999999072e-11 1.000000000000000000e+02
1.853849256344340321e-02 5.753181359058429046e-04 3.162277660168379191e-08 1.000000000000000000e+02
1.804136471960841523e-02 5.938253921418455532e-04 3.162277660168379191e-08 3.162277660168379589e+04
1.793016571458436528e-02 6.603128626815950265e-04 3.162277660168379191e-08 1.000000000000000000e+06
1.791822389820270367e-02 6.604676647319197673e-04 9.999999999999999124e-06 3.162277660168379043e+03
1.783180097569469352e-02 5.533266696066283180e-04 9.999999999999999072e-11 3.162277660168379612e+01
1.782385489677593832e-02 5.532546733179465222e-04 3.162277660168379191e-08 3.162277660168379612e+01
1.780830187660539105e-02 8.532840783020066407e-04 1.000000000000000000e+00 1.000000000000000056e-01
1.747257293574875844e-02 6.200075544302111616e-04 3.162277660168379191e-08 1.000000000000000000e+05
1.734835597420283926e-02 6.462179799533895224e-04 3.162277660168379191e-08 3.162277660168379080e+05
1.728551176753062232e-02 6.468970942157124988e-04 9.999999999999999124e-06 1.000000000000000000e+03
1.720705673209490041e-02 6.003643485698067399e-04 9.999999999999999124e-06 1.000000000000000000e+02
1.719849688338146929e-02 6.172019348479152812e-04 9.999999999999999124e-06 3.162277660168379043e+02
1.701910089577580304e-02 5.543531852682593349e-04 9.999999999999999124e-06 3.162277660168379612e+01
1.699597918649643075e-02 4.887237759108053765e-04 9.999999999999999072e-11 1.000000000000000000e+01
1.699342370758141069e-02 4.884392082428295730e-04 3.162277660168379191e-08 1.000000000000000000e+01
1.666267398271161285e-02 6.606106474637327532e-04 3.162277660168379394e-03 1.000000000000000000e+01
1.660790388449575467e-02 4.741356579806421797e-04 9.999999999999999124e-06 1.000000000000000000e+01
1.609647428504954597e-02 4.024905121023551811e-04 9.999999999999999072e-11 3.162277660168379079e+00
1.609568546489596741e-02 4.021255311340515381e-04 3.162277660168379191e-08 3.162277660168379079e+00
1.594865361620764060e-02 3.966275009285080743e-04 9.999999999999999124e-06 3.162277660168379079e+00
1.521351500071377316e-02 3.312300053775823431e-04 9.999999999999999072e-11 1.000000000000000000e+00
1.521327683312746412e-02 3.307878202107322621e-04 3.162277660168379191e-08 1.000000000000000000e+00
1.516563009513213767e-02 3.196529197671315117e-04 9.999999999999999124e-06 1.000000000000000000e+00
1.504385528134347116e-02 6.135835169573640793e-04 3.162277660168379394e-03 3.162277660168379079e+00
1.476145853704067222e-02 4.991157267703489340e-04 9.999999999999999072e-11 1.000000000000000056e-01
1.476143889051395076e-02 4.990839169198685830e-04 3.162277660168379191e-08 1.000000000000000056e-01
1.475806898846512491e-02 4.963061798843292896e-04 9.999999999999999124e-06 1.000000000000000056e-01
1.447098788994993779e-02 5.486417102634460335e-04 3.162277660168379394e-03 1.000000000000000056e-01
1.446895245176516541e-02 3.461443747771007361e-04 9.999999999999999072e-11 3.162277660168379412e-01
1.446888911410789715e-02 3.459591165598017537e-04 3.162277660168379191e-08 3.162277660168379412e-01
1.445572430794794284e-02 3.360558891807047949e-04 9.999999999999999124e-06 3.162277660168379412e-01
1.422224934399511642e-02 4.787389760686689062e-04 3.162277660168379394e-03 1.000000000000000000e+00
1.392547983394571212e-02 3.945053221093950020e-04 3.162277660168379394e-03 3.162277660168379412e-01
