1.317877161016197951e-01 2.488434646152623466e-03 1.000000000000000000e+00 1.000000000000000000e+06
1.317559467942110707e-01 2.488415127548220147e-03 1.000000000000000000e+00 3.162277660168379080e+05
1.316556313662141653e-01 2.488350662226392496e-03 1.000000000000000000e+00 1.000000000000000000e+05
1.313399744048630025e-01 2.488082241472517730e-03 1.000000000000000000e+00 3.162277660168379589e+04
1.303574610752278873e-01 2.487615053343958469e-03 1.000000000000000000e+00 1.000000000000000000e+04
1.274057840188534407e-01 2.481881811971769786e-03 3.162277660168379394e-03 1.000000000000000000e+06
1.274045573935504438e-01 2.481430299787835362e-03 1.000000000000000000e+00 3.162277660168379043e+03
1.193912724550927756e-01 2.462419250646052070e-03 3.162277660168379394e-03 3.162277660168379080e+05
1.193895425612635924e-01 2.461917471825181020e-03 1.000000000000000000e+00 1.000000000000000000e+03
1.025973347162656146e-01 2.470426176765632906e-03 3.162277660168379394e-03 1.000000000000000000e+05
1.025961441472890145e-01 2.469926657593019426e-03 1.000000000000000000e+00 3.162277660168379043e+02
8.032410963458645747e-02 2.282522855170819511e-03 1.000000000000000000e+00 1.000000000000000000e+02
8.031983628822236820e-02 2.283085307125572172e-03 3.162277660168379394e-03 3.162277660168379589e+04
6.295067770881526692e-02 1.737616377524564115e-03 1.000000000000000000e+00 3.162277660168379612e+01
6.293994729142213251e-02 1.736967016632864425e-03 3.162277660168379394e-03 1.000000000000000000e+04
5.167628207149786712e-02 1.460405205154060096e-03 1.000000000000000000e+00 1.000000000000000000e+01
5.165027269716737646e-02 1.453593423237781830e-03 3.162277660168379394e-03 3.162277660168379043e+03
5.165019444169934720e-02 1.453569711667181824e-03 9.999999999999999124e-06 1.000000000000000000e+06
4.268476629793999805e-02 1.140458608763627191e-03 1.000000000000000000e+00 3.162277660168379079e+00
4.262798086741757114e-02 1.089102081442559072e-03 3.162277660168379394e-03 1.000000000000000000e+03
4.262782921324199947e-02 1.088920469299762194e-03 9.999999999999999124e-06 3.162277660168379080e+05
3.492213578557376574e-02 8.512350129939511749e-04 9.999999999999999124e-06 1.000000000000000000e+05
3.492149372247133066e-02 8.517487752096059711e-04 3.162277660168379394e-03 3.162277660168379043e+02
3.482944723688307515e-02 9.377873931766093647e-04 1.000000000000000000e+00 1.000000000000000000e+00
2.889258302240670442e-02 8.380531560022908997e-04 9.999999999999999124e-06 3.162277660168379589e+04
2.888620090378780578e-02 8.387296443354193016e-04 3.162277660168379394e-03 1.000000000000000000e+02
2.817677472644039560e-02 8.651772399766980868e-04 1.000000000000000000e+00 3.162277660168379412e-01
2.406837402155402941e-02 7.919341836930433040e-04 9.999999999999999124e-06 1.000000000000000000e+04
2.403371864491372217e-02 7.917947645016661443e-04 3.162277660168379394e-03 3.162277660168379612e+01
2.307857831833584270e-02 6.822947592549253801e-04 1.000000000000000000e+00 1.000000000000000056e-01
2.247374813824269679e-02 5.678576778052961101e-04 1.000000000000000000e+00 1.000000000000000021e-02
2.023460661494898283e-02 5.027807149046327603e-04 1.000000000000000000e+00 3.162277660168379134e-02
2.012877202794334172e-02 6.362221334046608886e-04 3.162277660168379191e-08 1.000000000000000000e+06
2.012827577925709044e-02 6.362104538209542408e-04 9.999999999999999124e-06 3.162277660168379043e+03
1.999768488918690287e-02 6.338080287707956693e-04 3.162277660168379394e-03 1.000000000000000000e+01
1.729067404728315549e-02 4.681153122450455880e-04 3.162277660168379191e-08 3.162277660168379080e+05
1.728870167350762127e-02 4.680249674861821957e-04 9.999999999999999124e-06 1.000000000000000000e+03
1.693224893662695005e-02 4.687510844064809350e-04 3.162277660168379394e-03 3.162277660168379079e+00
1.586067002890163488e-02 4.685373800548309664e-04 3.162277660168379394e-03 1.000000000000000021e-02
1.584717677399696129e-02 4.674467446704346873e-04 9.999999999999999124e-06 1.000000000000000021e-02
1.584715406729545611e-02 4.673894009483952196e-04 3.162277660168379191e-08 1.000000000000000021e-02
1.584715399398285013e-02 4.673892114633115629e-04 9.999999999999999072e-11 1.000000000000000021e-02
1.556312790061203585e-02 3.665924747803437321e-04 3.162277660168379191e-08 1.000000000000000000e+05
1.555551799136491511e-02 3.664557957802259632e-04 9.999999999999999124e-06 3.162277660168379043e+02
1.536321146154770445e-02 3.601424919639711702e-04 9.999999999999999072e-11 3.162277660168379043e+03
1.536213720419425319e-02 3.595559482307168829e-04 9.999999999999999072e-11 1.000000000000000000e+03
1.535924284846265989e-02 3.614296894119756664e-04 9.999999999999999072e-11 1.000000000000000000e+04
1.535375719618229697e-02 3.591249520925406027e-04 9.999999999999999072e-11 3.162277660168379043e+02
1.534837344214363963e-02 3.643307370988116238e-04 9.999999999999999072e-11 3.162277660168379589e+04
1.532790421385498911e-02 3.586869000056295805e-04 9.999999999999999072e-11 1.000000000000000000e+02
1.532040600690494012e-02 3.698275961906253326e-04 9.999999999999999072e-11 1.000000000000000000e+05
1.530934926279030675e-02 3.634592661957747372e-04 3.162277660168379191e-08 1.000000000000000000e+02
1.530726421422684211e-02 3.693847182380538292e-04 3.162277660168379191e-08 3.162277660168379043e+02
1.525839439528339780e-02 3.578757179898259169e-04 9.999999999999999072e-11 3.162277660168379612e+01
1.525494355515039438e-02 3.798990131721458855e-04 9.999999999999999072e-11 3.162277660168379080e+05
1.525095782274133241e-02 3.594927956460516947e-04 3.162277660168379191e-08 3.162277660168379612e+01
1.525074651713564933e-02 3.797597489613719463e-04 3.162277660168379191e-08 1.000000000000000000e+03
1.512061106834207760e-02 3.969035546441101992e-04 9.999999999999999072e-11 1.000000000000000000e+06
1.511928268810228126e-02 3.968999062759901082e-04 3.162277660168379191e-08 3.162277660168379043e+03
1.511471070235722615e-02 3.636185340674520606e-04 9.999999999999999072e-11 1.000000000000000000e+01
1.511199779732005054e-02 3.640783004660502536e-04 3.162277660168379191e-08 1.000000000000000000e+01
1.494046892368542344e-02 3.845753981859589875e-04 3.162277660168379191e-08 3.162277660168379589e+04
1.493799978730276160e-02 4.161350752091859785e-04 3.162277660168379191e-08 1.000000000000000000e+04
1.491230803211817703e-02 3.858036392278600354e-04 9.999999999999999124e-06 1.000000000000000000e+02
1.487601047827319736e-02 3.998910930844893729e-04 9.999999999999999124e-06 1.000000000000000000e+01
1.485240515006462994e-02 4.081608480690749490e-04 3.162277660168379394e-03 1.000000000000000000e+00
1.485052698791005689e-02 3.787880066959715421e-04 9.999999999999999072e-11 3.162277660168379079e+00
1.484960095006820392e-02 3.789116587122178057e-04 3.162277660168379191e-08 3.162277660168379079e+00
1.484283000402538723e-02 4.120079247228609887e-04 9.999999999999999124e-06 3.162277660168379612e+01
1.474388456556320962e-02 3.966491907582147831e-04 9.999999999999999124e-06 3.162277660168379079e+00
1.445082988468910160e-02 3.928669262621933725e-04 9.999999999999999072e-11 1.000000000000000000e+00
1.445055787369307898e-02 3.928911217978990535e-04 3.162277660168379191e-08 1.000000000000000000e+00
1.441107054003654478e-02 3.998036469298916085e-04 9.999999999999999124e-06 1.000000000000000000e+00
1.391045442230870108e-02 3.660856071083036685e-04 9.999999999999999072e-11 3.162277660168379412e-01
1.391038698321108227e-02 3.661055547429656809e-04 3.162277660168379191e-08 3.162277660168379412e-01
1.389854545307570369e-02 3.688695461784706909e-04 9.999999999999999124e-06 3.162277660168379412e-01
1.381511703283370626e-02 3.872629327601779408e-04 3.162277660168379394e-03 3.162277660168379412e-01
1.354753092924309774e-02 3.446843188196258055e-04 9.999999999999999072e-11 3.162277660168379134e-02
1.354752896883058833e-02 3.446864558708664732e-04 3.162277660168379191e-08 3.162277660168379134e-02
1.354696134356660718e-02 3.452929660186326811e-04 9.999999999999999124e-06 3.162277660168379134e-02
1.351789113274644641e-02 3.602982038896297332e-04 3.162277660168379394e-03 3.162277660168379134e-02
1.347438691476154568e-02 3.138209382976288038e-04 9.999999999999999072e-11 1.000000000000000056e-01
1.347437622241438003e-02 3.138267187039396372e-04 3.162277660168379191e-08 1.000000000000000056e-01
1.347193381224853423e-02 3.150903873693252223e-04 9.999999999999999124e-06 1.000000000000000056e-01
1.339358304505503493e-02 3.306315756171904273e-04 3.162277660168379394e-03 1.000000000000000056e-01
