-0.4828675859370417	-0.4785924706934157
-0.16199507402987656	-0.15211162727678282
-0.13194589738285245	-0.1520205985381104
-0.14035217923077248	-0.18543377936534589
-0.0617339408009272	-0.06752077694244053
-0.2977142209168857	-0.29916888509312284
-0.4545817101692382	-0.45257492414787653
0.04844165291927727	0.03846791789846443
-0.39992918407706934	-0.34341878692245603
-0.2166817387137865	-0.16795256718228177
-0.015989430347980615	-0.013441629173358833
-0.34026959445039395	-0.3318872435487438
-0.1791138536677046	-0.18051296956252505
-0.4598280799933878	-0.46133829073140825
-0.48238284472945914	-0.48464914128565095
-0.35098765364206574	-0.34192065937090854
-0.08178869756038942	-0.04177724339857499
-0.18690004524529424	-0.21157053151179703
-0.16146850552226422	-0.17647548599627008
-0.22112229571474895	-0.21505485619738068
-0.38050569731313644	-0.3844228394172488
-0.39257315485327915	-0.4302491254983061
-0.19200151428875856	-0.23869824348478177
-0.129172931400638	-0.1341922425533591
-0.22339434640674405	-0.17936013720003688
-0.07381706818416589	-0.12715167902668975
-0.17552420390152967	-0.1807590581103519
-0.13446935533986348	-0.15618799289572907
-0.19097974664439654	-0.1727787714427575
-0.4411963071594238	-0.4494638807480528
-0.22404172072571793	-0.264660621216371
-0.17686885348243653	-0.15645144824921484
-0.1960583323965288	-0.15544463495858304
-0.10110752992470129	-0.09870502391146081
-0.0823136037545158	-0.08478126881048992
-0.6127747515258406	-0.6049906350202995
-0.23176505228126132	-0.18834867725442575
-0.34346001440861684	-0.317726441227634
-0.04170942843474634	-0.04784641229666379
-0.2352177849463546	-0.19619650562306223
-0.2716641179253063	-0.2908396261878244
-0.11743246634477522	-0.14423148801188662
-0.06015158396033016	-0.06295716843945581
-0.4529208155579756	-0.45221274320251
-0.11088396970995973	-0.10596491384947107
-0.42949862228948543	-0.4293163916754643
-0.42628270829403636	-0.43234850756840226
0.0023907906951290414	0.013489085352105568
-0.3759963003048359	-0.3553315752979943
-0.630910568700715	-0.6306643116794116
-0.19354949236154795	-0.18664058547329282
-0.36447936237629364	-0.36875342658848
-0.3526872060999722	-0.3618703968651532
-0.5145767457977177	-0.5051910279563094
-0.007329768761264788	0.008592230342613173
-0.26489974537379357	-0.28773685409071414
0.024901766666347136	0.047389898549987076
-0.5414372843672375	-0.5355384196362211
-0.338187887113806	-0.32971871685830034
-0.32737812568978075	-0.270498132868441
-0.2508810532744743	-0.2607206828932311
-0.34162566940171857	-0.37351068640501445
-0.16605569962173394	-0.16699814992841402
-0.15279173260138101	-0.14767590435204841
-0.2520654545854386	-0.19877886128464403
-0.10898324123124148	-0.10827795115044457
-0.01908340929131569	-0.013769915336300472
-0.35733510551111713	-0.3550051515171951
-0.18402879401157612	-0.15238110202079944
-0.36534120578111207	-0.37203940148165693
-0.020839762294871278	-0.004124560592657008
-0.3780944051855446	-0.3755791653717949
-0.18103998104718144	-0.13155471080276296
-0.13478383510519798	-0.13494999175087594
-0.3993314550383875	-0.4100306235034197
-0.5463038206974069	-0.5444294960928695
-0.2801763383317173	-0.24903022257361868
-0.2484996154274235	-0.237592527583552
-0.21345953050534483	-0.21665926815884295
-0.45137886562595675	-0.46429034844975253
-0.23372657805268116	-0.2542377799328021
-0.277678270074011	-0.29695482892928515
-0.4274443507788739	-0.4218587450549705
-0.2599332042220768	-0.26719367801382987
-0.18904855214529626	-0.19188264108440456
-0.3276099211745276	-0.3298568348753934
-0.18921248386563683	-0.21448061987450875
0.05047903581645574	-0.02362720376003019
-0.33591631259105803	-0.3391055341800373
-0.4685740171262891	-0.4813746829163339
-0.26602571642155937	-0.2595540935330641
-0.09596153976510724	-0.12536390438065959
-0.0840423122566678	-0.05283917678735356
-0.09534057693003462	-0.09561987712247996
-0.08042033980349128	-0.08925908201174
-0.43849330913023365	-0.4395491042833248
-0.08852040069493139	-0.0938210400888217
-0.3247509294455675	-0.30633432613119915
-0.18152448195641746	-0.13766766698243227
-0.3348392948046284	-0.2999810015596656
-0.2566004757586011	-0.21548423543752937
-0.21330793298700446	-0.21460590427889342
-0.297580712631226	-0.29071087956440245
-0.07531482280018409	-0.09060363897086472
-0.5483270118566068	-0.547047068493191
-0.4989787786454132	-0.4980557840457071
-0.1767983073195687	-0.18225877099232185
-0.2857812668333439	-0.2822147778029522
-0.26427735626461235	-0.28098635009807243
-0.3441890686925575	-0.33934089387535427
-0.1567750881389811	-0.12434989203726518
-0.14916253643449728	-0.16795444991439407
-0.13283303672990243	-0.13444488959173648
-0.3765669821773212	-0.3740345216118573
-0.1291335417641042	-0.21303674320038807
-0.3324551365590702	-0.33358226821104553
-0.16374695698766573	-0.12062595782335538
-0.23863511266672077	-0.24421503778451634
-0.06350996966564182	-0.04510968355117595
-0.14124853667599524	-0.13194248117454985
-0.12451322680966914	-0.12626403573670014
-0.33131222254761994	-0.33365527924144517
-0.1803704425861543	-0.18423492774165987
-0.4524226680687242	-0.4583343444012146
-0.31493322546499947	-0.32522251663948815
-0.32283821312205596	-0.3289554319747817
-0.38446858381846294	-0.3656540056846709
-0.15818522286345704	-0.10298028744930038
-0.020884412604242897	-0.01550166510219793
-0.5234574814578759	-0.5260818429146579
-0.15898107926017957	-0.16554705848893586
-0.5068477157759972	-0.48747845165570075
-0.4508178127400351	-0.46238931322887067
-0.1306835102671915	-0.1258468330447011
-0.19218755176070879	-0.1376758415285018
-0.2292413821811845	-0.21431855664897495
-0.45660984376285185	-0.4379666425816313
-0.04630489571346619	-0.13974314301060328
-0.29547683478906883	-0.29063486347992773
-0.054168162811630616	-0.05471672039435256
-0.1907062142998246	-0.17973573943630494
0.0024683235844760176	0.0069256086099579615
4.814404142639006e-05	-0.03418171114924069
-0.3808389237798533	-0.3759557370290626
-0.5647357493808292	-0.5608309891396056
-0.13089692025266153	-0.15420092797775417
-0.09951911503886457	-0.09841972449528656
-0.3438646144850299	-0.332477976717743
-0.05956967052166462	-0.08308013659972553
-0.3458133217361796	-0.36435752309328306
-0.3389999439203688	-0.33520867519963804
-0.34020336203944623	-0.3313596742267318
-0.3391556260061588	-0.33607102278478357
-0.3350038269195208	-0.3355640107611805
-0.09603940438434222	-0.09810312277935451
-0.2180474723224357	-0.23813904283606413
-0.07831572902971207	-0.0655043565243108
-0.4957466597629985	-0.5012137401044369
-0.38990640029125245	-0.3910677406545317
-0.33552083276396516	-0.3526420684386329
-0.3511883173423662	-0.3476955324531283
-0.314356624181106	-0.29496126858475064
-0.20489340048136384	-0.22862983064836462
-0.07533655923800708	-0.09932002286468856
-0.37008033747855507	-0.3593900942803904
-0.29243862132724097	-0.29611246721377915
-0.3680811398319772	-0.38511660290561467
-0.19488365920616246	-0.19309464948527388
-0.10917529687637462	-0.11667075601335622
-0.28713108966904066	-0.3232610165608618
-0.45191937328155163	-0.44739316646182414
-0.28333179389152363	-0.285974518386954
-0.31073001502601816	-0.325713933623493
-0.10021062271011338	-0.09805985214647367
-0.05996143748151539	-0.058763171644164225
-0.23679905835380666	-0.23994431990424914
-0.28501789536959343	-0.29246502030187477
-0.38956057504069364	-0.37370943109242566
-0.507569567788325	-0.5017757259848102
-0.2853694432793734	-0.15999341075298015
-0.28534843090604234	-0.2846170039270928
-0.4517429439788714	-0.46109315608826207
-0.12703351826372167	-0.12370494993064725
-0.05446828057495612	-0.07101215290041935
0.03661476070598013	0.022867319666806437
-0.2808063244760728	-0.30037173124182054
-0.18922400042059184	-0.19730138596625732
-0.4614007417007393	-0.4616194442996439
-0.2580173686326592	-0.2953067366901245
-0.34921508710534255	-0.3282640447740183
-0.11039973055112196	-0.10714958910351989
-0.15552714291151482	-0.14602634593674513
-0.19936358666658904	-0.22152717750345455
-0.29337117150711034	-0.29722700427088156
-0.1807825712088036	-0.17801243982020917
-0.25276726293899987	-0.24335858751537334
-0.2718748125022721	-0.24862149000103245
-0.4799985835258891	-0.46808125787275934
-0.4792308256421638	-0.4856439073168081
-0.3973704698208369	-0.3955081883250524
-0.3337474816770918	-0.3045120014740665
-0.3775903088397943	-0.355070786369092
-0.3668472317504534	-0.3772565156704483
-0.04400337343557226	-0.050908189582566855
-0.10996079693271454	-0.1548150454642715
-0.4705354508601767	-0.47317091366806824
-0.14167611520645362	-0.14465925775005148
-0.16918322132100272	-0.17473807397765906
-0.4617275017789737	-0.45243709906836593
-0.17662268038861484	-0.17371469623222788
-0.29191885852426047	-0.28958717971052467
-0.08269077549053172	-0.048433127912824
-0.2968259612666291	-0.29875228138146553
-0.5049195304413203	-0.5114509157066344
-0.41642348956956443	-0.41984394916239764
-0.08464306672565058	-0.0937549498464067
-0.23137413246865535	-0.22958253021723943
-0.09145750139196629	-0.12511200420421795
-0.3049003312751015	-0.3018513229647782
-0.14368166664845816	-0.14033002964528715
0.20407032979768402	0.22696029492159472
0.06490492549919402	0.05704494353059263
-0.20430464367223067	-0.23284145568174258
-0.3856288781884665	-0.40629977901398
-0.026766646325739885	-0.02411452040646255
-0.30063824670036876	-0.31910483164633435
-0.46149723041646595	-0.464942087726107
0.21487282532628704	0.21105985313443285
-0.2971781951325969	-0.3035141259906095
-0.12495993399908478	-0.1278831462395641
-0.21374839964905057	-0.19973888202714207
-0.12819565589995108	-0.11815717006490661
-0.2681552126274944	-0.21095071365030366
-0.4609832595621919	-0.4531852554051261
-0.4825177934290439	-0.4921993506782793
-0.07974298961147763	-0.0883144226891823
-0.13252141431763054	-0.1406338793924776
-0.3014598193518765	-0.2744439836131262
-0.06007594674152461	-0.034429367311366955
-0.31818844776668875	-0.31420947421351436
-0.4424544177319527	-0.4365701728427215
0.0671118670789248	0.05638489308271759
-0.28823259844056004	-0.29538390820041
-0.15245367132907361	-0.14201614761494857
-0.17292301153197798	-0.23069289053247896
-0.1621764452200516	-0.20391286141773637
-0.46737840158361266	-0.48041908285343426
-0.07965036792498559	-0.10331406890677923
-0.5640692218765162	-0.45468956242111597
-0.09482738411434966	-0.0911654639316771
0.08248343828106819	0.08616282013376456
-0.22870024366851638	-0.23315801555814664
-0.43618819179215684	-0.42057105624708374
-0.2929346390174352	-0.2903038412051438
-0.09435626988674617	-0.09789392865191814
-0.08341391395165765	-0.07834827662539426
-0.09834951534039504	-0.10431400919891923
-0.39026960193804694	-0.41358827789454566
-0.48347001409070334	-0.49578686880117306
-0.07948064230140339	-0.09352647168743143
-0.37546440250643087	-0.3999194357317829
0.024356986926823865	0.027714027652438265
-0.12373640611839054	-0.1108784450476913
-0.19336938018767036	-0.19635000484578904
-0.05647946436173967	-0.06079875203743147
-0.2779771420664181	-0.2609534214513486
-0.19566595294888423	-0.20265887093874432
-0.2262740758624462	-0.2354240165779727
-0.16760109496845388	-0.1677734179225719
-0.06070174300308562	-0.07234998487313365
-0.31637051878228384	-0.3172270024737606
-0.28393345660837	-0.29070475805189844
-0.43856874363542264	-0.43052687501292036
-0.07994083345054825	-0.07735006497426504
-0.2318769935213627	-0.2089620772460026
-0.08771036463757564	-0.08689569386813237
-0.31186736337297205	-0.2954318909503936
-0.03368216364398968	-0.03478395621175484
-0.17943708590737995	-0.20044732812227953
-0.17621720396741658	-0.16938858457090067
-0.254547253425768	-0.26398179186330323
-0.21007916936054016	-0.1654896397756097
-0.06173643494326697	-0.058778233251987916
-0.3542530251519249	-0.365523533034133
-0.16752326768943604	-0.18817891574221202
-0.34757155845985643	-0.33979369639131235
-0.0642519740999008	-0.05493313344992451
0.011509682075903527	0.01620468964364944
-0.31345004095411966	-0.3004229185701129
-0.18783778182601374	-0.19007621414913464
-0.1306375757832896	-0.13066172425042044
-0.29371471034214913	-0.2918025183463904
-0.11939399319247457	-0.1139833749649836
-0.13638256429232598	-0.120537306653389
-0.2659788051466059	-0.25952515684567623
0.0755643692887551	0.10113664939739238
-0.256506370286683	-0.2570331255759254
-0.5170471954431122	-0.5225005241297035
0.13648495551826834	0.12227442521827318
-0.1713244301970267	-0.20792989832486125
-0.35963051559202164	-0.3374112376406193
-0.17753478808314682	-0.1800966943802126
-0.37303782929042484	-0.364955765400856
-0.10794156033149704	-0.13073536622231077
-0.39090160556729714	-0.3779290910214019
-0.2447705983980928	-0.2505449352497716
-0.10945705578562137	-0.10182786610682122
-0.5206022740659879	-0.5028989081501937
-0.10148185551234334	-0.07897923090361116
-0.6061522961955887	-0.6098647691690627
-0.2834681316770933	-0.24754189750510786
-0.029893874193620995	-0.04140592386252469
-0.29135436403258375	-0.2762369389973741
-0.4909345271146375	-0.5458502941790915
-0.33737685636913994	-0.3360526316015769
-0.4390052279066836	-0.4435667339405705
-0.09941654386835452	-0.09942671197760164
-0.3735876898353583	-0.38155239148665865
-0.4184264195774663	-0.4287297434802259
-0.2712066261126349	-0.2757961713014407
-0.45990594922153427	-0.4677230604043485
0.10080166597995088	0.09629297102390748
-0.4940024525850948	-0.4992848328873235
-0.177293431321222	-0.18533444275908817
-0.2997252235614445	-0.2810483053393857
-0.14645466188302336	-0.14948130078948407
-0.03604634468715773	-0.03634876541733007
-0.142184650806235	-0.14042876732678017
-0.3389279897061197	-0.3305476900136856
-0.16177190522759055	-0.1655132582081745
-0.2926494058322646	-0.3102788795438346
-0.13127767528009127	-0.12182641786906312
-0.47669718048364906	-0.4803155993358011
-0.056841670350154416	-0.04944383544186193
-0.1828593216348544	-0.17437863871373818
-0.3604249068257994	-0.34367175185882726
-0.30203239543321025	-0.2752982496464106
-0.4930098287777014	-0.4946155698273248
-0.046265796707912976	-0.07720840506175826
-0.11707427974183027	-0.12425553400022459
-0.2816434065162081	-0.2672018942082485
-0.18503934745668715	-0.17449011346167062
-0.07487885270286743	-0.06954381216320203
0.023128478582048473	0.004292123944842318
-0.21405987182571096	-0.22940429336009488
-0.23203765160956014	-0.2334904717714017
-0.09872678997862927	-0.10473059602274687
-0.26095264777854243	-0.24443432539592294
-0.26726946606184665	-0.13684942978449308
-0.029399980763095357	-0.017342174456984272
-0.49395445951937056	-0.45025746985175186
-0.04506921302859723	-0.05494323866530939
-0.20582899918291986	-0.19234379014328562
-0.247342821394696	-0.23928617713555045
-0.42623198649414107	-0.4298422041632791
-0.40451278634492027	-0.4157380193825485
-0.1605582250300026	-0.1452897490950793
0.0028463585392550783	-0.006636264976461716
-0.30904595675223856	-0.32067549755754277
-0.2508778273883454	-0.2523344144718322
-0.2662459558639334	-0.2626822746781623
0.00023361436540092484	-0.014216281906068039
-0.18239296687414353	-0.20149920808857674
-0.32527005041628687	-0.29265985385411686
-0.034343151480440426	-0.05337315118387429
-0.48233017897269903	-0.42403610033178474
-0.5130833453929657	-0.4613102803812339
-0.09687235091552537	-0.09683283271096721
-0.447219145661391	-0.45653627267760977
-0.3107123181614	-0.3025327296101494
-0.3675876526294033	-0.35543493298438117
-0.30055205855140876	-0.3012105179977426
-0.4157364732275015	-0.4125650027877176
-0.4216855453171311	-0.40496414968679334
-0.11921425845578959	-0.19086264625661972
-0.6138535147397226	-0.6191464293050618
-0.09755727128312586	-0.07993352144046502
-0.3538911974084922	-0.3538786923690184
-0.05583043019444922	-0.06231303256023832
-0.21816511074761813	-0.24844152275187925
-0.32593120462951397	-0.31843317937594023
-0.3398704448701988	-0.31925540563142213
-0.44593623919066605	-0.43927401854263365
-0.27382939556888175	-0.2721449388291149
-0.24111515074687695	-0.22545290655337874
-0.32639854218610154	-0.3202197554076886
-0.25437587463726175	-0.24807280731242243
-0.28069419896724845	-0.2876046557361698
-0.28821985937802985	-0.24628030918378802
0.09056078780928978	0.09000953830147382
-0.5350739625643985	-0.5387779214621045
-0.43554298231268884	-0.4348152764479389
0.08313026124872014	0.09624372367738383
-0.27934184804863804	-0.28015626458222925
-0.28867819801646455	-0.2747709802525462
-0.27704369941334317	-0.28494401909455014
-0.11961699044597829	-0.13593369082144863
-0.04222845079558191	-0.04736367878150478
-0.1515081102171152	-0.15121376635820424
-0.09281879371601676	-0.08918629371294197
-0.13973873236829526	-0.1373016319426732
-0.36626754297932784	-0.36608779740293906
-0.12341146964145988	-0.14723761704140503
-0.32787724099271465	-0.319588299956083
-0.10377138715022927	-0.10096868611340916
-0.2451504175933792	-0.21378876335631677
-0.11853699374758264	-0.12833635302501112
-0.12223320717488484	-0.13406213712918924
-0.4602570795134113	-0.4688900421402909
-0.47438401617337433	-0.4886222973776347
-0.17176074603279723	-0.17241947987383574
-0.4938454098148295	-0.50885434618968
-0.03435875245336284	-0.04607999980871097
-0.3489909562409492	-0.36359948878176296
-0.026109259678211316	-0.03338529499363161
-0.22664034421718604	-0.2499303906481503
0.07784598923730535	0.061970135063833996
-0.16160292408657995	-0.16928851967888509
-0.513721343698851	-0.5239037556448061
-0.3116583682919378	-0.3125015155476537
-0.47338287147731783	-0.4713406412532689
-0.15124559400410043	-0.14582343465530365
-0.47256233457137053	-0.47343540589374916
-0.36165557785978386	-0.3542608861510201
-0.5109585308990399	-0.5013795217303161
-0.32029677174248317	-0.32125783667605934
-0.46195253275684856	-0.455771406188309
-0.33167277068585577	-0.33032991980760107
-0.4713995621692959	-0.4857040632481839
-0.5409753507078134	-0.5439725986513118
-0.35813111092919936	-0.3587486375978143
-0.14060377064845397	-0.18436869862964325
-0.49412654394965116	-0.5050369079966321
-0.18852108028713843	-0.1935527212944235
-0.2238447720242034	-0.22399813459751122
-0.058455053715352534	-0.07958151814249369
0.0684863417305861	0.05944910841269079
-0.27309411871044276	-0.25687402865822057
-0.3773105312211449	-0.37662525686709064
-0.3417171688878504	-0.34450983053402995
-0.3094390147493744	-0.2966533703023311
-0.13151599010742743	-0.16858358479047
-0.17266337248970842	-0.17877963840943725
-0.07116763298709472	-0.07976756942483584
-0.1447300622187342	-0.14471462249568917
-0.10393593182102023	-0.12514911206363272
-0.5029096809092923	-0.5001363767054667
-0.5193526833244944	-0.5173592363138317
-0.13641951597920787	-0.13622490089134454
0.07628435176180837	0.08998861534515665
-0.11368420931318468	-0.12331297403255345
-0.169445581305542	-0.18340448623198682
-0.3286628660636861	-0.32453600542861183
-0.1915006704560538	-0.19041676109515535
0.06769926578112173	0.06675390217968122
-0.09266923694558038	-0.10293056261698551
-0.2008329816455987	-0.19270100958698397
-0.3039296326465397	-0.3028442965715399
-0.36980854348500714	-0.3835178656058101
-0.27898875277407775	-0.2820526976923796
-0.01121312410592612	-0.01923147796457089
-0.25043469496269655	-0.2573835139388333
-0.06819530060094703	-0.072650758725865
-0.34120846412138484	-0.3246932004477949
-0.27760523650837143	-0.2804037300257153
-0.43296576681882293	-0.43106411189988525
-0.5021511246067973	-0.5080332482901793
-0.31747217773287684	-0.32231251927062227
-0.35990266855720243	-0.3352134689745655
-0.4705993390551857	-0.4747283829283866
-0.3939830708754304	-0.3735605335455906
-0.3195496427231239	-0.31757993380489874
-0.2591235671936367	-0.19070300553844513
-0.2994068678782149	-0.320160040575991
-0.16090690941272356	-0.16063970031080507
0.008743428420618926	0.08218579791730359
-0.194111780673909	-0.21249525332824867
-0.31676079438656046	-0.31160582775220347
-0.44459800887319556	-0.4403050234825455
-0.20452063305311619	-0.20540966155651222
-0.36762865786768906	-0.3454862591844305
-0.49500189421699403	-0.5004990477314112
-0.27883284867691316	-0.2830823848254912
-0.23769030637063082	-0.21261046985213805
-0.45035065263607343	-0.4319767301091362
-0.11847911037600589	-0.10437581487575001
-0.34190197849700876	-0.3745372662137256
-0.3358287886456228	-0.3753998242521753
-0.3307955176893831	-0.30769707761101994
-0.2235203181777088	-0.21680223532272214
0.054643102735848714	0.025140892242949846
-0.17684729803923904	-0.17503072764570496
-0.4661632857520388	-0.46311640819753014
-0.26972046245949066	-0.26398242101414054
-0.11891242904032673	-0.11520047238840508
-0.3935022154826697	-0.4090379263319231
-0.08835547656724074	-0.0874875392777038
-0.09872035109273902	-0.10170877841633502
-0.4233932294603475	-0.4191921979559039
-0.27879300762521453	-0.28188010733197444
-0.5161436713890506	-0.507773361644667
-0.2512587957779928	-0.2942058353703482
-0.2880900119454166	-0.26949255337197914
-0.5111609662470329	-0.49417603494815826
-0.12212181672340261	-0.11537633631078222
-0.14438724334288366	-0.1726632530228275
-0.08806291946168265	-0.08609051491089277
-0.07499973688398054	-0.07880409982462744
-0.5050711060078585	-0.4994169988025037
-0.11952853326450885	-0.12395503189395198
-0.36049277501678656	-0.35769846282387546
-0.10714146176645478	-0.10853672512349331
-0.11613916425740989	-0.12531096519739263
-0.09902784697033962	-0.0865053680470048
-0.6163797249252063	-0.6358081207075311
-0.1295890313412471	-0.12321089910319152
0.05330421275037445	-0.05220111721191246
-0.2331941589456763	-0.1434911909807823
-0.41735483788553474	-0.4125538682778795
-0.47483868651758865	-0.4661558279590268
-0.11244078249178457	-0.11727039369066056
-0.12166906687169288	-0.18008674475169054
-0.04262274653358755	-0.04714871393243354
-0.3600665916881818	-0.34294844799405205
-0.2791850115902914	-0.2895826537356069
-0.32424366908013447	-0.3509448362277067
-0.14547286692772854	-0.12183878173023432
-0.07976394539389275	-0.08451984898348251
-0.21874566992157884	-0.20541643867538112
-0.32195877571687426	-0.3797027129123941
-0.15200522334748268	-0.14368540591924495
-0.2974240737398439	-0.30122511841967975
-0.05266440453988075	-0.049928774649886154
0.03688049266877247	0.025186271339903105
-0.20023639216710265	-0.19710941565759899
-0.19805517811030615	-0.2040526694074717
-0.32503295883741856	-0.3394752035373013
-0.20833603417569968	-0.2191305625793401
-0.44935000687303095	-0.45894215466952637
-0.016489666837146366	-0.008575031356191315
-0.26709921213005305	-0.22766413713471567
-0.04008728139688866	-0.06625494307865759
-0.3271723174512502	-0.287829761829562
-0.4451962488770569	-0.46241064995224745
-0.26491762392420704	-0.23427694855369632
-0.14814330409663246	-0.1500763294217056
-0.13775878848476708	-0.12382436217104878
-0.15102255820845567	-0.1387138379327384
-0.2257345738174994	-0.16470503529014638
-0.25719951832236987	-0.2688352051395988
-0.10282828662652488	-0.09806593624365018
-0.43578801305404546	-0.43857140028718034
-0.6326443759786233	-0.6201422461488525
-0.21723859685418923	-0.16834875849601927
-0.3513177958106084	-0.3528705450867282
-0.14314056797565833	-0.17291513472837147
-0.27194593408431356	-0.2671633354079817
-0.25656174030660495	-0.25079142422389344
-0.44364673460502857	-0.44495280196724446
-0.1790576240346784	-0.16165041319130238
-0.21156591944010295	-0.16037428245961044
-0.27801948336218807	-0.26627006750047305
-0.4936334523556347	-0.493365493944345
-0.3214063654719972	-0.3110388376472402
-0.28599329235399473	-0.24713151155542523
-0.6316440525677187	-0.6438216587219198
-0.25956530252325294	-0.2490131554076409
-0.06608550570039284	-0.06972816850609523
-0.26103235437677696	-0.28139754515925686
-0.49158745327611975	-0.5007726023786765
-0.4699822689733004	-0.45805623531074596
-0.21839296705532796	-0.2000964021411104
-0.30910766992116123	-0.3478900421671595
-0.4755846285818528	-0.4834317782999953
-0.12292043857936452	-0.12361544653859423
-0.279665113563766	-0.2591135854612261
-0.15011801862895524	-0.1623367689436483
-0.16932878052981337	-0.155561154354743
-0.052446700926854106	-0.06416495810291253
-0.07980577584214288	-0.09660105396864051
-0.01067795861488463	-0.018956814118892086
-0.10317258660173945	-0.1033784792238755
-0.08783138270197455	-0.10277014330624085
-0.3058472374741381	-0.30782104407242866
-0.2769474207571978	-0.2908834491697951
0.05655902849878913	0.043312209337385284
-0.25422392234620617	-0.25191447841343
-0.42934217876331715	-0.4324525907701489
-0.10961601068228166	-0.12322366553071924
-0.14498698894628426	-0.1091246907637482
-0.22261240602210464	-0.20287634780750133
0.03791483989365396	0.04594544261025971
-0.32070382321438196	-0.3228865092459091
-0.3963005523216854	-0.38089357570000126
-0.24392991866055524	-0.26995499516552846
-0.20948115887974872	-0.2088747310290382
-0.5054129331796151	-0.5152562862490798
-0.22178412140243609	-0.2168846273662725
-0.16558877408544248	-0.1647732908419684
-0.1171533109934213	-0.11131644013385049
-0.34165324706742783	-0.3386912836769434
-0.2497593241610856	-0.24430801419099285
-0.11888855467971293	-0.12205144396448117
-0.09157334941332529	-0.10450381282642798
-0.1468144213341951	-0.12964202081647574
-0.30417811059704025	-0.29956074997224535
-0.27327545295968836	-0.29024524050070954
-0.5060908787805651	-0.5120531556062106
-0.29897352520991305	-0.3001122822356042
-0.12773293623742	-0.10320051918120753
-0.21850284997243286	-0.2353058714378492
-0.0823346385184145	-0.09527049423242062
-0.19106429983061624	-0.1713783022065313
-0.10478372958700177	-0.10077770659181359
-0.3970639611068183	-0.39703447447892937
-0.08362681042863063	-0.06570160778429725
-0.4401446176599775	-0.4196094263111361
-0.5625219769835645	-0.5429933907275308
-0.09958361104860636	-0.09194447396544098
-0.45533932706033653	-0.45532243077604406
-0.323227100211116	-0.3300019307615509
-0.24216583034085115	-0.24118709747257056
-0.03896318749903216	-0.040380396157346614
-0.2684175001188187	-0.2650039838192076
-0.22178281258103638	-0.23290060859927347
-0.19715112894175135	-0.14309646543621127
-0.29378880724431333	-0.3397407022256722
-0.1418211419974149	-0.15564180025477314
-0.4128956831953525	-0.4098317527541407
-0.41926401053039264	-0.4384203461234756
-0.19974797473225614	-0.23779460731706606
-0.4565764256260856	-0.4605051969179823
-0.3330054667382729	-0.3375831715765541
-0.34191581860629316	-0.3490858501778974
-0.09659156606951669	-0.0848455464480183
-0.2102398639019354	-0.22347067574531143
-0.3431404113334775	-0.36837687759585475
-0.3322126900174691	-0.3528767386474077
-0.5557380880428324	-0.5690709840506851
-0.18637836074663738	-0.12511013000265275
-0.2384268943776071	-0.24512642122500466
-0.3281838670008099	-0.3412535294487087
-0.20557986186802957	-0.17341309805806981
0.005666525050783022	-0.00038176984004291024
-0.0647829382368661	-0.06373875057759074
-0.3303890586477696	-0.35001720043594603
-0.2351155674732608	-0.2552332144761838
-0.06256559352821611	-0.05441674414126525
-0.13127910483348337	-0.14469805687693446
-0.3577411074218322	-0.3204890251153492
-0.19313821337832238	-0.15341179061727125
-0.2517189649887275	-0.2479741468809547
-0.37279119627540513	-0.37516279763164107
-0.28420910575943825	-0.29289497425585037
-0.24248088827620684	-0.22367461818483464
-0.3434122416134233	-0.3546344247659106
-0.06226019473012734	-0.07169972121034698
-0.22570219439529282	-0.2200097516295805
-0.18367396703410588	-0.18393175230466896
0.08355165337412807	0.05869565872453852
-0.004674451746959463	-0.028704408976944783
-0.5499117468286112	-0.5416168607369363
-0.628229214438079	-0.5428897356362883
-0.17276640967446966	-0.16099113036333665
-0.08776414381823372	-0.09772741768484343
-0.12346489994637189	-0.1729509541106689
-0.2657351853362879	-0.25430801781514756
-0.17776533848226173	-0.17710066762760435
-0.25813587981000374	-0.25237824501506
-0.28514715786772804	-0.28772956858495513
-0.46839084813769816	-0.4777978109822112
-0.615277154082051	-0.6287768304907327
-0.43949552535762315	-0.444157971664508
-0.28689326283246785	-0.30173941812981087
-0.2292154272630995	-0.24420873515403077
-0.524355799774959	-0.5189083855541112
-0.2453154255950647	-0.25991052150632754
-0.15544264668294083	-0.13625533874623852
-0.1973612559328597	-0.16190559928542056
-0.07168499477835599	-0.07304518531485871
0.09185996229915006	0.08537789514722265
-0.19857619768173507	-0.20434347297538935
-0.08064035470598263	-0.08532930405129366
-0.26719760709555906	-0.27761594060619643
-0.08801190022095362	-0.07682610411202895
-0.26782366601006835	-0.27873435006509645
-0.2010461468061866	-0.2055109730871775
-0.3318323526174911	-0.3777711131142939
-0.10993745446351966	-0.09699581870156547
-0.13008761301996508	-0.12171700016057309
-0.1929129471389146	-0.1893064169524154
-0.22110199532474617	-0.22186837499493664
-0.3728716891156978	-0.3897639945313988
-0.5198654612094753	-0.5130898878312754
-0.17651042083454271	-0.16835968293921402
-0.4554621040873936	-0.4664274460891659
-0.1990337072355297	-0.19477179370269165
-0.12851618762699957	-0.13399122490849186
-0.5163531441886775	-0.5111564860140251
-0.2958772499569733	-0.304276845438059
-0.06814969737950882	-0.058573041991352416
-0.2999834791568077	-0.29190819163386417
-0.15680789997171551	-0.1898509054681671
-0.331553994806546	-0.28774430854304256
-0.4367489614087896	-0.4318283215373801
-0.4749088691820287	-0.4589864508043556
-0.2704812777932357	-0.28128948752648386
-0.28959638723178216	-0.2728999309033929
-0.23668494464633483	-0.2425741375914068
-0.5132116548127801	-0.5127715194709951
-0.45931029941169754	-0.4583289416647828
-0.23641743548971128	-0.2172520425269377
-0.1265045412333059	-0.1256562031903939
-0.07199813035541958	-0.06524808066874943
-0.44670828878387603	-0.4478302660964438
-0.11516441318105741	-0.1229926840110883
-0.13971183416162525	-0.13747936658558663
-0.6126681152646416	-0.6145980900646946
-0.3695302250488064	-0.37082058422432224
-0.5366246797720002	-0.5307215990944847
-0.2966707747158548	-0.26854410824176594
-0.11409753825713942	-0.10954700205351396
-0.14411808983293817	-0.14756706283807056
-0.19765304666994687	-0.3232996495368267
-0.49824600664215524	-0.49704123441429654
-0.4959178312795327	-0.4913367329799031
-0.07679712134765015	-0.07668495328863786
-0.1530561946529163	-0.1371669038051893
-0.36737803404165703	-0.3714161223370767
-0.537021496751418	-0.5410855937983552
-0.41404321685237555	-0.40781252176130656
-0.3885234237214492	-0.3840453641525472
-0.33690467194671214	-0.4036239503963077
-0.21373238483858437	-0.29725259512694263
-0.170373151310919	-0.17455255476040604
-0.39779645854806844	-0.39726500413059523
-0.4629797651865255	-0.4662961919715854
-0.3398825459686261	-0.32481573808228
-0.3351740462839654	-0.34729092366585956
-0.15267065794829282	-0.16080851232288168
-0.37268780302775006	-0.3663436190163239
-0.2622859519838521	-0.26670132405227887
-0.13795349565856796	-0.1407104931620544
-0.14311444575275	-0.1328660052783759
-0.30042077077938867	-0.30577875417058503
-0.11410641069314931	-0.13289019226708668
-0.3871055255212337	-0.4479125745456481
-0.2729098474364342	-0.33597321971864125
-0.19029512523132475	-0.20183869567155419
-0.23313703181810563	-0.2608491116114777
0.007835611674757104	-0.01078149370229515
-0.4181675545123582	-0.41711789968408
-0.15687665346938928	-0.17723007866287296
-0.4169140819424202	-0.3976101305749982
-0.3465445229008868	-0.3166756471682365
-0.09910468475377421	-0.11374757468122021
-0.2492069570743265	-0.2507783315851314
-0.2465199095401509	-0.24617286186573134
-0.3931039357257866	-0.4236203524346266
-0.18800455264533866	-0.1948286978218443
-0.13408324036988173	-0.1413393202978768
-0.2691238774031266	-0.28309592990945465
-0.14453607343251385	-0.14309069531240454
-0.1466912284499058	-0.09947534364600671
-0.4776983345339989	-0.44331684051324777
-0.43992205940768603	-0.4457526153624782
-0.37051543707411483	-0.3740075046581963
-0.47302572012037913	-0.4797995768500676
-0.26902570785300917	-0.27198688839963153
-0.28583518357932647	-0.28966835774184735
-0.10191576863954843	-0.16390834178254435
-0.49308051186297597	-0.49214376826373646
-0.47936348268981543	-0.48164779515447503
-0.474651387029807	-0.4797426230084949
-0.19576031921140036	-0.1581656524378836
-0.12730510521974736	-0.12919087084897096
-0.2120549757363328	-0.1795038299067408
-0.05356071664532358	-0.06364373084963008
-0.6180948891722569	-0.6013689817590256
-0.3376232982314402	-0.29315838998222593
-0.11209183141478896	-0.11748066295885888
-0.33852264334708515	-0.32808002151651583
-0.3188848692163555	-0.27245101313017617
-0.5990749308362187	-0.5640041688345376
-0.12946946774977608	-0.13059332511191477
-0.3133007143262727	-0.23105112999382665
-0.5511576695773712	-0.5568547033517086
-0.05146731482216538	-0.06659313828559191
-0.36412320433742984	-0.3489139044914669
-0.2509482614822094	-0.23463242654151847
-0.2210344297729403	-0.20379535527208106
-0.18245008677730645	-0.18066063782089992
-0.4134038105587585	-0.42255452416741945
-0.14508037392905848	-0.1359354101448863
-0.4787870336250366	-0.4830362385899243
-0.347717697800479	-0.3411747560158406
-0.41891109392743253	-0.42282220470261467
-0.5450167022590762	-0.5315319603521457
-0.2998346420345861	-0.30668002734268135
0.07757902166869801	0.07669134955817664
-0.6186313110310913	-0.6103558138286101
-0.0482857106198713	-0.045377983858474004
-0.2802146226532063	-0.2609651866989203
-0.07122141987786001	-0.08322473543467773
-0.15930233673198746	-0.15597399318105937
-0.22509073576144978	-0.23291766043228157
-0.40316395275049466	-0.40302522604983654
-0.11216290676804519	-0.17590490749007043
-0.2876269165570875	-0.26886533379760025
-0.563213667007405	-0.5511413434416058
-0.1094408215600069	-0.10179904705924561
-0.050715094093722435	-0.04393171676014866
-0.38996101180888854	-0.4044674350352985
-0.25900437226282147	-0.24902221294894775
-0.19905028413520842	-0.201161732504235
-0.13793854930739435	-0.17169848918260874
-0.20062712805264216	-0.19163976798355317
-0.2093646093173369	-0.21307529982453105
-0.08899737600667912	-0.07894855205577839
-0.32345288655178983	-0.28959663454587087
-0.1787571424786698	-0.18375603225517123
-0.308337658893322	-0.30410793660761065
-0.2833822790039804	-0.24317660669090035
0.009053070629000182	0.01904243870028452
-0.12931128465414954	-0.12770594127022805
-0.3718454942331064	-0.3745694012131856
-0.17186286759320524	-0.1451467624090112
-0.13853783860448132	-0.1337143234002154
-0.46323462908665825	-0.46950501036555337
-0.07824178950089955	-0.08025667271061009
-0.4754876908308052	-0.4757896136902102
-0.4637034269055835	-0.466777654826809
-0.29252837596501635	-0.27897289868135144
-0.17743385126040145	-0.17659966174525263
-0.18335329481458018	-0.1806503563153359
-0.5443307828426063	-0.5418223637992924
-0.18949697523795184	-0.20244605776631971
-0.15920460236759748	-0.16151501355482634
-0.4473337282718255	-0.4398377720522489
-0.4096366083224421	-0.4149313933449543
-0.2870170310602713	-0.2930986684321318
-0.4123434187251407	-0.4163999195287184
-0.008396048514446974	0.005601363415844549
-0.22940360315067565	-0.21543992026566738
0.08905185194435994	0.07841332519857884
-0.06638280679966702	-0.06419425968041954
-0.5931914869359858	-0.5982878447066035
-0.04348755704757856	-0.022166227953061366
0.034695807033344295	0.02188155420521816
-0.6163823807123627	-0.643398036219448
-0.17753340947348484	-0.17877090158405853
-0.0025805761274408923	0.0020110625413811106
-0.14226197793804918	-0.11219023381757322
-0.5058832367362935	-0.49664664794456903
-0.5219339250913775	-0.5107627114812131
-0.06122117818272432	-0.06763866542887419
-0.04814673294467475	-0.03519819462290663
-0.4188600716931017	-0.42505358411452354
-0.1270044099135763	-0.09086936789518613
-0.31983495860874633	-0.2901156050848527
-0.04286092010588227	-0.04809620337614143
-0.35967085834127843	-0.3852989745664331
-0.1759404412140544	-0.23163430970007837
-0.10317748728900789	-0.10984661117083344
-0.26305374449898977	-0.24678903091186496
-0.2273571026968897	-0.238545263382259
-0.47105270090836626	-0.4438113730962542
-0.3158676942956058	-0.3187465672792419
-0.46723225670384405	-0.4738726337557921
-0.23242296783477734	-0.22892884716140366
-0.2555725803832809	-0.31160008593212807
-0.48272741005039954	-0.4819639320654546
-0.2885943732197429	-0.2836132628969643
-0.4031972065349425	-0.3941002260790567
-0.24119682321312386	-0.2361778845769048
-0.44153385469547146	-0.4401414925763808
-0.37714963299048954	-0.3801012180723928
-0.07404351500382411	-0.06602692047942683
-0.28686724451473644	-0.29030764180317253
-0.3424944780329726	-0.30103436014434576
-0.2761779594243343	-0.2747833405970314
-0.14675048865384355	-0.14188776451269244
-0.4540549478964806	-0.4608166932046305
-0.22351494301457642	-0.18233260067973303
-0.19304149582753727	-0.42386908722556804
-0.21815225121280513	-0.23986547757278387
-0.25893751334749915	-0.2510528664191545
-0.49496567477218	-0.49362156376808125
-0.31411326473846035	-0.32934745387961245
-0.022298659486212458	-0.028003930053995398
-0.009141931668448677	-0.012542345375664893
-0.05998026322761163	-0.027638424066095284
-0.37229736803475255	-0.3409794983191774
-0.37831420001840677	-0.37216733217777065
-0.4513337521690932	-0.4610445921573525
-0.13223401226262332	-0.13072334705415636
-0.3346685210663125	-0.31943208168629217
-0.42998919613588704	-0.4233777859115975
-0.34655723265976945	-0.321168754477474
-0.12218260398696046	-0.12684458535543744
-0.3005995426693584	-0.2789441427296609
-0.1746369649048365	-0.1769671380183954
-0.5999688935997298	-0.5947820603565498
-0.1413644077595162	-0.14807741669157792
-0.18961207438427152	-0.18487112463777106
-0.33312331118684035	-0.3133887330206487
-0.33963470665673157	-0.3373719997303608
-0.13248876265386933	-0.14527286935484546
-0.16412246317986146	-0.17938245453546287
-0.2871442008915972	-0.2905244448460057
-0.26340950581893274	-0.2568731883683761
-0.42450805509313483	-0.4190416555487444
-0.14270812295359825	-0.13592359943256763
-0.2000248262254818	-0.15252886733306106
-0.31388853401990335	-0.3234522760992388
-0.05677370662645487	-0.06973851384590454
-0.5128355155999813	-0.5106627663095319
-0.49941725832111317	-0.48224515838308163
-0.4689233492474765	-0.4678097277935824
-0.04835830874153135	-0.030718597314106946
-0.08925646667707277	-0.14100182248324772
-0.31953244401564174	-0.32062132490928436
-0.004669672396683033	0.0037687059419324936
0.040948561412958995	0.040226920584281047
-0.4336228347731055	-0.43660900358910737
-0.11185301089983479	-0.12077112483401915
-0.2324297731904723	-0.235533917740259
-0.2686379653790105	-0.28440579522884074
-0.4490999282259063	-0.4452184407642124
-0.4812233232695142	-0.482879859767129
-0.06865554321340817	-0.05771490181521136
-0.05177366439662112	-0.009939443122407262
-0.5025306248275765	-0.4540033775440114
-0.08435122734455014	-0.093990559392379
-0.0723906470438056	-0.08574209531934593
-0.09451952133096775	-0.0790474293224645
-0.19948266084914934	-0.20418728109917786
-0.2931213743751737	-0.25790921111257475
-0.117768948971821	-0.11210201556818958
-0.4129728280840652	-0.422379271853139
-0.29678652974244457	-0.2919473408118638
-0.16585595083182536	-0.1543289022052423
-0.14904542235635088	-0.18967683120486648
-0.13306843937560764	-0.18415619764122484
-0.45223463410231624	-0.45846349645100337
-0.5500724401493855	-0.5474695997657184
-0.13896870109788395	-0.13629453694151525
-0.07339107284868795	-0.058418233124687954
-0.19055094162706787	-0.1685356536867725
-0.17614326513517575	-0.1708285448014967
-0.4991759131421265	-0.49830004386636256
-0.13813659140385504	-0.1375128642134212
-0.19150039235316552	-0.14587316535219094
-0.10165582899295522	-0.0867817520503199
-0.4386911253066632	-0.4404841989049277
-0.5695284367025266	-0.5800484070579383
-0.21714875239931608	-0.20615543430468453
-0.24094289471854324	-0.24095860009959857
-0.10748993966264386	-0.10539761610636551
-0.44177937516975696	-0.4341599038987065
-0.13162304107962797	-0.1360388025903384
-0.4642499480581197	-0.470957142706317
-0.18470132249207438	-0.1422686940784104
-0.40828012049302664	-0.3839103586568221
-0.10283549923088842	-0.19406934688064367
-0.6131461562264828	-0.6309670273115896
-0.4904903164802752	-0.4782179304774373
-0.3528653349168014	-0.27128712164474245
0.005200695480344741	0.008513561746671654
-0.39957000421518707	-0.4108024706983205
-0.2817659080736714	-0.24534009416263658
-0.07942867927111674	-0.07318851387925505
-0.08759522912899875	-0.09648014283491209
-0.23786754605403004	-0.2301989512441372
-0.009209474905681247	-0.004944610559776849
-0.3236766337792609	-0.33144537186077816
-0.13128027202865766	-0.15844829788672415
-0.2294735425656631	-0.21709213040416192
-0.43954656028945127	-0.44856361878507456
-0.2987517896077776	-0.3023052947717147
-0.09453451777098998	-0.10799566385646724
-0.28116845142847957	-0.270813625012893
-0.26399297688458123	-0.17018655186132117
-0.2769177172377244	-0.2570589903467986
-0.26644883095929295	-0.2814133766600738
-0.11222734656666411	-0.12001212708393813
-0.16422651183533699	-0.18220606729648084
-0.04443863355551869	-0.04321128983894162
-0.32399571316220843	-0.31813214240736476
-0.4333840316660549	-0.4427275053214185
-0.056365495775237306	-0.06305579669794349
-0.11872455245362268	-0.11344036537340216
-0.16452881905667915	-0.16242920081082726
-0.11476369104374129	-0.1092578299323328
-0.6132238032015849	-0.6279779189541318
-0.3731594618421603	-0.37213381529611544
-0.08817450783541858	-0.11325639568654114
-0.30394366083987734	-0.3281257613165535
-0.18608901495366403	-0.18280617524966739
-0.48832539758917726	-0.49217470008262304
-0.4295982426597025	-0.42595235878937715
-0.5202464763350569	-0.5133456049750572
-0.4804202046561201	-0.4892847608030665
-0.4887596508132308	-0.48200252496145946
-0.08087516345743495	-0.08661016815643037
-0.4830020812899587	-0.49752161837550946
-0.19939507601206685	-0.22187343625708864
-0.2518239230725312	-0.25054350458338775
-0.10857319053213921	-0.11004085168702667
-0.07446622670013525	-0.07135679257527475
-0.2763248021643179	-0.2877617413016364
-0.06029866709882814	-0.07452282432877581
-0.3285255552084081	-0.3679601751012212
-0.26310026933567787	-0.26965994762045953
-0.40747859827013855	-0.4023937355932328
-0.27159677582667374	-0.2618658321956977
-0.35947451650062767	-0.3658434059709689
-0.2672562583449265	-0.22512882382428556
-0.05083225840161809	-0.05961710961975543
-0.31943851170835913	-0.32351422963386456
-0.6076927298239276	-0.6029010302958258
-0.246567436203037	-0.23794903244620777
-0.1731521628345698	-0.17482774424277178
-0.24233859954906567	-0.24662438425994027
-0.3964867845278004	-0.3901963579455281
-0.21302578213829104	-0.18717087416172148
-0.45382751352209194	-0.4557992360543183
-0.1740480880182238	-0.17416676067862227
-0.2891377003970561	-0.28334493402360394
-0.023644909772126965	-0.025152439293673917
-0.2650376742445797	-0.2683138373525289
-0.2842349575065537	-0.2713505078482668
-0.08841213149270732	-0.07248490196027293
-0.04719783249884202	-0.04234953668326168
-0.34669747795048167	-0.336098856262102
-0.4377934370905683	-0.4544400485051215
-0.2524944266131648	-0.24076560876063324
-0.2640802139995033	-0.23737382996928358
-0.09086910125140868	-0.12415080992662338
-0.3638300155851315	-0.34165909574663955
-0.31422231330650874	-0.30147865320059875
-0.2561507055235692	-0.24133354475105098
-0.262306101710287	-0.2630981410147689
-0.37699107333628756	-0.3729806416503077
-0.5448030646084288	-0.5497856640838896
-0.6001035311613077	-0.5715756544117419
-0.11429760242592835	-0.10958492222589772
-0.2981492356938027	-0.31752510655217986
-0.3355971331796912	-0.18623446625238382
-0.18760130536674335	-0.1984943753490565
-0.39050241525734997	-0.38651460816276173
-0.27937447486578293	-0.2806104920415633
-0.48205816519717537	-0.47382753507386527
-0.10310160220842146	-0.1018428346294966
-0.2589657404466381	-0.2577776115988154
-0.12497885969793199	-0.162831390827725
-0.34018494488979556	-0.3681621929587463
-0.22891533109058138	-0.24498406331784991
-0.23664288515506549	-0.23654526353564645
-0.17680017892299915	-0.1725619018685423
-0.2925750252494339	-0.30068730278831973
-0.19248444220059113	-0.19335073734842048
-0.19800395727981268	-0.20096171744605087
-0.09190519140633402	-0.09878568352891762
-0.4926380686550349	-0.4927704595903865
-0.028752527777998083	-0.11431548466471804
-0.0718774026051765	-0.07298212021738452
-0.4269041828152149	-0.418833820568546
-0.31071277332241554	-0.28087473724976336
-0.414897775637046	-0.4126511924501257
-0.34499078472527245	-0.3300450868715578
-0.34386684905514997	-0.34131450320158824
-0.3193227714594986	-0.3190466289549422
-0.17237994688308067	-0.16883669726107098
-0.329290393177029	-0.340577002963369
-0.4829471636941971	-0.47860265107216887
0.0353750681677365	0.02914256892237713
-0.4070207136379498	-0.39708054377342056
-0.3381345660207611	-0.3055228503057235
-0.12894864837633158	-0.1265966823831872
-0.27419085909384044	-0.2559228335300944
-0.03117642393978315	-0.04202934376164572
-0.49685921347549566	-0.5029581216660689
-0.29061039904971864	-0.29952413252262294
-0.3406545350685306	-0.33783503661969355
-0.269971244733334	-0.28372375986455683
-0.34071618948632754	-0.33519022062756
-0.5228909135307447	-0.517554361127286
0.08588980856223749	0.09805045018958645
-0.3418881857527687	-0.35696539601734584
-0.24053194469721006	-0.22859389488871837
-0.2874639266318324	-0.2971320071962497
-0.11617930262451548	-0.13133470174491924
-0.2496160304359556	-0.2527239415409901
-0.2841754850299676	-0.302864298443938
-0.4125825981008413	-0.40474069493443066
-0.20020514612453066	-0.22556782800566733
-0.12311135943159357	-0.12484608379726239
-0.08681350063271331	-0.08362185507448168
0.022940459842677896	0.010944381058142426
-0.09852556849997463	-0.13645627491428455
-0.36758742856658433	-0.36453848240822156
-0.15030724875615853	-0.16312262253615725
-0.6103360530729462	-0.6140037113913107
-0.33281723122942886	-0.32616341871180676
-0.054425068693266354	-0.0526705219675579
-0.02575105339379391	-0.1601564399540809
-0.2865303343278782	-0.2918631942678701
-0.13247049999304128	-0.12206154094959068
-0.30299676190481506	-0.2788861225800477
-0.26062236065929323	-0.22832593377441604
-0.15001766364986402	-0.14417768950304807
-0.3076235763745121	-0.31294279220821675
-0.013826297469938353	-0.012105399476549211
-0.03921401258950752	-0.0432157237368573
-0.17018084274784506	-0.15528632584618937
-0.4428278161553001	-0.43424304355951643
-0.18309140052439687	-0.18687006391026342
-0.17532266611606495	-0.1747680078286656
-0.1804770624623373	-0.1438813551462597
-0.47024302709093213	-0.48240089628158656
-0.04023022603995585	-0.0353381729622979
-0.3152396269709179	-0.31876025870086316
-0.16350706601643505	-0.16641625390979095
0.017646989225097442	0.012996592377572986
-0.17924376320604374	-0.17637940115886253
-0.1325647631795821	-0.044643066769620016
-0.5038109399838602	-0.5091286422500458
-0.176835682777309	-0.16740407169186577
-0.42310098498589976	-0.42935551576407444
-0.29555655087371413	-0.30887069929648586
-0.507826911027605	-0.5120513412971341
-0.5126836399886603	-0.5177836762966631
-0.5216401667783117	-0.5144593227369966
-0.2733301944227211	-0.2657352703002134
-0.512306552612106	-0.5101554028028323
-0.3146866093821288	-0.32335095008825876
-0.09242465991621884	-0.08182126972178734
-0.12028570180988041	-0.12235869640470708
-0.20162986811563144	-0.21398057267549606
-0.45923648488307656	-0.47022154184120424
-0.11966545212976065	-0.10849840552503753
-0.17286421637157012	-0.16325682079332726
-0.25286837203956036	-0.2637282788573955
-0.5562170558738115	-0.5538155803913951
-0.5064450828395035	-0.45498212433226165
-0.34591348899668617	-0.3656544092617273
-0.3124335672888927	-0.3082473812011557
-0.43836594902187187	-0.4337487822977011
-0.18665928857792657	-0.19321356102149573
-0.005847960364021354	-0.013719681308576346
-0.3358331648199986	-0.3470649927104874
-0.44578693116606516	-0.4441743760991975
-0.5053295024438418	-0.49527667321087737
-0.08660681068795917	-0.08708668245257159
0.06372142054290819	0.039324138812881125
-0.42577522776261034	-0.4336591226299786
-0.38530282547746175	-0.3842593528754042
-0.09626411138564261	-0.08490138019776508
-0.21410781477666774	-0.2146056691733771
-0.18363785703631752	-0.1975333476699681
-0.1787867992558958	-0.17986907436352975
-0.29893809205417377	-0.2934047395844151
-0.47127886763772153	-0.4751315040508368
-0.6267998580838672	-0.6265295044361535
-0.36123113599729884	-0.361979778309234
-0.2839735936835659	-0.2823815079184766
-0.29613110725369296	-0.29375858784990067
-0.33705840593538916	-0.33389810209943965
0.02443019992286999	0.008735419549027942
-0.3484741470390711	-0.3394113601137631
-0.022190251267049987	-0.019887820772415427
-0.18225649830633905	-0.18270916846391136
-0.31711179455059835	-0.24844259598044535
-0.06393341788761919	-0.05841024690083168
-0.5443923904762187	-0.5572793864880226
-0.41843402051033074	-0.4175350761546698
-0.13785143539707967	-0.13580023314117776
-0.3097716804508588	-0.3154232415050508
-0.2797780054770538	-0.2632500845357022
0.025578512587653535	0.027749536057390688
-0.06847762303200788	-0.08321263314579613
0.19359283839289354	0.07490359163063977
-0.466817492215295	-0.4690111406199967
-0.20172469298068485	-0.18523231156726505
-0.27434622012713206	-0.2586781042942158
-0.08787988710703853	-0.08620967598564759
0.0669559744352286	-0.011540517840640897
-0.18486592091679555	-0.18415161152673842
-0.27634102774394975	-0.277662243487352
-0.4681484891336609	-0.47314129657592113
-0.3319558424216513	-0.3254439750947557
-0.03928903515366766	-0.008002074840405157
-0.4287815575290512	-0.4239806894600292
0.012121957971217512	0.0117670951863866
-0.43204114353047274	-0.4290524983695924
-0.16667675201673582	-0.1540808444514919
-0.2673498355909665	-0.25453955423583186
-0.26161970675904733	-0.2568920949723866
-0.08911692067460031	-0.08188063907323344
-0.1003347440379736	-0.10273374138717575
-0.49455488135949466	-0.4969791087376237
-0.6349689069822588	-0.6419515372384202
-0.31901473601149277	-0.3132706436124651
-0.03338107414920266	-0.07550789551203298
-0.26724196490548735	-0.286027811056357
-0.2939780335565896	-0.29196148176643344
-0.26586963649897033	-0.25812793972489056
-0.09699420159819461	-0.09666412379856104
-0.009504250330856223	-0.023652539165139475
0.07920586767861515	0.037913798203410023
-0.04628280784499594	-0.07202982941379946
-0.11820852194149367	-0.16128406689995298
-0.27151850248474574	-0.2835728235667736
-0.19473009968791732	-0.19315659937904245
-0.44648940164929307	-0.43418998756724336
-0.16221777461524134	-0.17973958999593886
-0.41172746718042585	-0.42328177941461403
-0.08236535400434875	-0.09667123334504847
-0.3095265182931337	-0.3078785622922022
-0.26459552486410054	-0.2241661278707341
-0.2970950189140815	-0.2923884488235725
-0.47011040380630664	-0.47259544143714577
-0.043626325561213264	-0.041088440497296264
-0.1305523768193062	-0.07636978542159471
-0.5496718298357015	-0.545114879785168
-0.3157411516841737	-0.31896859127803706
0.016169187095140813	0.013035862740520359
-0.3336914978899461	-0.383915283847524
-0.3283386485377937	-0.3706530720564005
-0.3016205645727945	-0.2995321217848819
-0.3792425641148416	-0.3860130233675805
-0.5506123430535226	-0.5421145390092019
-0.005981470756673879	-0.01065906385170957
-0.6354022171380329	-0.6202255707467278
-0.03996472571215648	-0.049740737555979304
-0.1445394708449843	-0.14056048522835757
-0.30470917062303826	-0.2861506632475148
-0.4748634416149411	-0.47986370077974977
-0.14852777201359935	-0.14958774384411636
-0.3368550530602592	-0.3081118688209627
0.03183363752764379	0.027585441646110306
-0.48897016235993274	-0.4892366171954244
-0.3433200070490088	-0.3468275440884517
-0.03828417720362154	-0.05534107022101974
-0.48411909271012554	-0.5032401670614018
-0.3291131666178648	-0.2938943401640072
-0.1064034561396241	-0.13586687028054564
-0.2187948159062989	-0.2153430401491669
-0.2453476180673677	-0.2558707815873089
-0.36720690243451326	-0.3818914226567575
-0.49355209056503924	-0.5007846534401545
-0.18681277210314917	-0.15820407332247452
0.03235900874104125	0.032152810616626386
-0.45101531688823293	-0.45519179723864367
-0.032939947179632334	-0.021741537518910673
-0.414763239453082	-0.39314853262550375
-0.44320899959557103	-0.43780441384407415
-0.20763764941618668	-0.24372033891417533
-0.09613044618676625	-0.09025734663467597
-0.38453733520869626	-0.39125487537027287
-0.20727551548811896	-0.21855202983732813
-0.3270329824042406	-0.3237815067647421
-0.03170400418560604	-0.03637544155396751
-0.32964878504865514	-0.30998825068025376
-0.20295939139311692	-0.18669324073995097
-0.37016233460748893	-0.34845798828221325
-0.3434881209623821	-0.3108050786759235
-0.2836849620501809	-0.28957930280810423
-0.5034273313878099	-0.5044018026693905
-0.15188767701899053	-0.16667623598008846
-0.6127349074284316	-0.6238337545377767
-0.16047020919345556	-0.17446107887412043
-0.2624145926497752	-0.24532909026275773
-0.2971159368134071	-0.3101598615989194
-0.3997766660992763	-0.3911045802811661
-0.3954277232929275	-0.3946827343891653
-0.592553038140391	-0.5947055220333175
-0.08190327560864041	-0.08981524554199466
-0.3515697582155184	-0.3037398473859374
-0.00985477965820536	-0.0002929388347534056
-0.21537198210829267	-0.22086147377577628
-0.0012606501544958348	-0.006425624266640685
0.03617582250416618	0.0074562042439246055
0.043093481044570225	0.034275640805107914
-0.22428160480396198	-0.22097219460769074
-0.2755187566525903	-0.27921784070703537
-0.293449940138494	-0.2938158074836271
-0.5355751924617405	-0.5450523078985229
-0.5521647600036896	-0.5432018275699178
-0.1638443549570674	-0.14448898740461383
-0.45317584368459585	-0.44195585585988517
-0.27983850764866425	-0.2811077013538328
0.015665982970632264	0.012042753436056479
-0.12640952447567066	-0.12730721569042577
-0.30304088304834753	-0.2929244872289304
0.00010090616721747381	-0.0012312111753274002
-0.3712253249428654	-0.36769616509037517
-0.17043230832570622	-0.17166963277229752
-0.32225627620856123	-0.3406624180423066
-0.3034460254712066	-0.2992166124475765
-0.4128748091941299	-0.40985889989743257
-0.0874504837531882	-0.06936268897414258
-0.4136029576355824	-0.4083586460581689
-0.17971889036878874	-0.17229881227325933
-0.433240664499011	-0.40501950779409457
0.2139293936579687	0.1624145133391968
-0.2311171689362128	-0.16637616046701043
-0.22941508718311443	-0.2568092371141821
-0.422598701203289	-0.41429238483986675
-0.32194392640474945	-0.32713520941654906
-0.1726792986104897	-0.16371022016823739
-0.25608839319522847	-0.2552536122779952
-0.11593270446673465	-0.15327893834490153
-0.2247154757796217	-0.2525336671157333
-0.09632084705654265	-0.09378985822203333
-0.24085699115496872	-0.2327187215746482
-0.22761951167111416	-0.2646244934147975
-0.47233062110731794	-0.46786273963776437
-0.2840906743309395	-0.27943696815133223
-0.12419437286064738	-0.15715338261245607
