1.319015564494527282e-01 2.300205716215295015e-03 1.000000000000000000e+00 1.000000000000000000e+06
1.318577430597887290e-01 2.299683661438190526e-03 1.000000000000000000e+00 3.162277660168379080e+05
1.317194399623266010e-01 2.298035747520012825e-03 1.000000000000000000e+00 1.000000000000000000e+05
1.312849044590603531e-01 2.292638536188042805e-03 1.000000000000000000e+00 3.162277660168379589e+04
1.299404945171774295e-01 2.274882988904420797e-03 1.000000000000000000e+00 1.000000000000000000e+04
1.259434893008686274e-01 2.219110406861268033e-03 3.162277660168379394e-03 1.000000000000000000e+06
1.259412554634267156e-01 2.217788510904102929e-03 1.000000000000000000e+00 3.162277660168379043e+03
1.154072709949201803e-01 2.078266229525932603e-03 3.162277660168379394e-03 3.162277660168379080e+05
1.154048867901646264e-01 2.076688701784134856e-03 1.000000000000000000e+00 1.000000000000000000e+03
1.085254522770622981e-01 4.272791334263097845e-03 1.000000000000000000e+00 1.000000000000000021e-02
9.456870760537172682e-02 1.826153459041306984e-03 1.000000000000000000e+00 3.162277660168379043e+02
9.456327756965451914e-02 1.827166009125986285e-03 3.162277660168379394e-03 1.000000000000000000e+05
8.223498659685105072e-02 3.597231019566870473e-03 3.162277660168379394e-03 1.000000000000000021e-02
8.222996546086960845e-02 3.570662063956211475e-03 9.999999999999999072e-11 1.000000000000000021e-02
8.222996268428153788e-02 3.570663929427530560e-03 3.162277660168379191e-08 1.000000000000000021e-02
8.222913881330876085e-02 3.571181950529184537e-03 9.999999999999999124e-06 1.000000000000000021e-02
6.905164615703182629e-02 1.234412754308520429e-03 1.000000000000000000e+00 1.000000000000000000e+02
6.902103656752643646e-02 1.233204690009416255e-03 3.162277660168379394e-03 3.162277660168379589e+04
5.086071784912453431e-02 8.926951614612636202e-04 1.000000000000000000e+00 3.162277660168379612e+01
5.082241739742280467e-02 8.915845295910642060e-04 3.162277660168379394e-03 1.000000000000000000e+04
4.036015777326747850e-02 1.020020559160155415e-03 9.999999999999999124e-06 1.000000000000000000e+06
4.035975120500460978e-02 1.020004674574221922e-03 3.162277660168379394e-03 3.162277660168379043e+03
4.025151872344400611e-02 1.015034388545755844e-03 1.000000000000000000e+00 1.000000000000000000e+01
3.187627619146595620e-02 1.034698676489271196e-03 9.999999999999999124e-06 3.162277660168379080e+05
3.187194832860687499e-02 1.034401957367420046e-03 3.162277660168379394e-03 1.000000000000000000e+03
3.122067351843811275e-02 2.007824622975163276e-03 1.000000000000000000e+00 3.162277660168379134e-02
3.099863695005470460e-02 9.443635675678721877e-04 1.000000000000000000e+00 3.162277660168379079e+00
2.538103603661711130e-02 9.311907615999383140e-04 9.999999999999999124e-06 1.000000000000000000e+05
2.535541866860541171e-02 9.290905248491872605e-04 3.162277660168379394e-03 3.162277660168379043e+02
2.330389414522627406e-02 6.611910993593288080e-04 1.000000000000000000e+00 1.000000000000000000e+00
2.267391386198878978e-02 1.349726416078333774e-03 9.999999999999999072e-11 3.162277660168379134e-02
2.267390124215426517e-02 1.349728357296113394e-03 3.162277660168379191e-08 3.162277660168379134e-02
2.267034247895197141e-02 1.349897527130209784e-03 9.999999999999999124e-06 3.162277660168379134e-02
2.252065627276619852e-02 1.380941539910532411e-03 3.162277660168379394e-03 3.162277660168379134e-02
2.144564906235556928e-02 7.448579138589423235e-04 9.999999999999999124e-06 3.162277660168379589e+04
2.131705874983732402e-02 7.370075576759656548e-04 3.162277660168379394e-03 1.000000000000000000e+02
1.913489515036465374e-02 6.092379501099191201e-04 9.999999999999999124e-06 1.000000000000000000e+04
1.883219945934009459e-02 6.705511214558743539e-04 1.000000000000000000e+00 3.162277660168379412e-01
1.878121755652744501e-02 5.006890415322665750e-04 9.999999999999999072e-11 1.000000000000000000e+04
1.876838583238904512e-02 5.143622966974419845e-04 9.999999999999999072e-11 3.162277660168379589e+04
1.874465013101247329e-02 4.930824895368417747e-04 9.999999999999999072e-11 3.162277660168379043e+03
1.871121288627023913e-02 5.346462571168906618e-04 9.999999999999999072e-11 1.000000000000000000e+05
1.862122939287026019e-02 5.952620532380224370e-04 3.162277660168379394e-03 3.162277660168379612e+01
1.862090377118575529e-02 4.882033725130613465e-04 9.999999999999999072e-11 1.000000000000000000e+03
1.859453655245833781e-02 5.667070836432825743e-04 9.999999999999999072e-11 3.162277660168379080e+05
1.840229880912425120e-02 5.620812846010679468e-04 3.162277660168379191e-08 1.000000000000000000e+03
1.835979794679785254e-02 5.934903795069649277e-04 9.999999999999999072e-11 1.000000000000000000e+06
1.834850928638829398e-02 4.894623300515611383e-04 9.999999999999999072e-11 3.162277660168379043e+02
1.829390520420700120e-02 5.918994211546976022e-04 3.162277660168379191e-08 3.162277660168379043e+03
1.824510655876426801e-02 5.305683569845647722e-04 3.162277660168379191e-08 3.162277660168379043e+02
1.794085183459869989e-02 6.045767062664694682e-04 3.162277660168379191e-08 1.000000000000000000e+04
1.789185677256594983e-02 4.888376592921302166e-04 9.999999999999999072e-11 1.000000000000000000e+02
1.784945207518252516e-02 5.080075024982592469e-04 3.162277660168379191e-08 1.000000000000000000e+02
1.770150499201321795e-02 6.022885748587723234e-04 3.162277660168379191e-08 1.000000000000000000e+06
1.769000536736808904e-02 6.025295299525784340e-04 9.999999999999999124e-06 3.162277660168379043e+03
1.767662258046563337e-02 8.114382010987650738e-04 1.000000000000000000e+00 1.000000000000000056e-01
1.744528936466769459e-02 6.336132927728623703e-04 3.162277660168379191e-08 3.162277660168379589e+04
1.727836265291986945e-02 5.093112945388971000e-04 9.999999999999999072e-11 3.162277660168379612e+01
1.726384639248163683e-02 5.163189091243558602e-04 3.162277660168379191e-08 3.162277660168379612e+01
1.703569580026765423e-02 6.680136295942652475e-04 3.162277660168379191e-08 1.000000000000000000e+05
1.703084638891884037e-02 6.674359393139616499e-04 3.162277660168379191e-08 3.162277660168379080e+05
1.697274343957666520e-02 6.677921649683712718e-04 9.999999999999999124e-06 1.000000000000000000e+03
1.678805632933910719e-02 6.669846515211244001e-04 9.999999999999999124e-06 3.162277660168379043e+02
1.674997117196722063e-02 6.153772763530361177e-04 9.999999999999999124e-06 1.000000000000000000e+02
1.656301468082856457e-02 5.769387133674044659e-04 9.999999999999999124e-06 3.162277660168379612e+01
1.653235050906963835e-02 5.827996272320371983e-04 9.999999999999999072e-11 1.000000000000000000e+01
1.653019857247401553e-02 5.889468953862457470e-04 3.162277660168379394e-03 1.000000000000000000e+01
1.652794370530116796e-02 5.849794944581403503e-04 3.162277660168379191e-08 1.000000000000000000e+01
1.617226599881860585e-02 6.305695011226809896e-04 9.999999999999999124e-06 1.000000000000000000e+01
1.571383898921521055e-02 6.664761641498804763e-04 9.999999999999999072e-11 3.162277660168379079e+00
1.571240733312680160e-02 6.673311232194645368e-04 3.162277660168379191e-08 3.162277660168379079e+00
1.554822688551847978e-02 6.997367189679602100e-04 9.999999999999999124e-06 3.162277660168379079e+00
1.488675614775161402e-02 6.277021084498270826e-04 3.162277660168379394e-03 3.162277660168379079e+00
1.486828511970809952e-02 6.722804987890901437e-04 9.999999999999999072e-11 1.000000000000000000e+00
1.486782771079800392e-02 6.725885195424561539e-04 3.162277660168379191e-08 1.000000000000000000e+00
1.479071342830393619e-02 6.866775314046778692e-04 9.999999999999999124e-06 1.000000000000000000e+00
1.462136824003368654e-02 5.790105160788503640e-04 9.999999999999999072e-11 1.000000000000000056e-01
1.462132581905649722e-02 5.790196161767721022e-04 3.162277660168379191e-08 1.000000000000000056e-01
1.460990568651860354e-02 5.793240195565533017e-04 9.999999999999999124e-06 1.000000000000000056e-01
1.433271665174018147e-02 6.113629570957103626e-04 3.162277660168379394e-03 1.000000000000000056e-01
1.427330470061242453e-02 6.380417090755645393e-04 9.999999999999999072e-11 3.162277660168379412e-01
1.427316624164474447e-02 6.381333265873484571e-04 3.162277660168379191e-08 3.162277660168379412e-01
1.424102926900971955e-02 6.456510836183600817e-04 9.999999999999999124e-06 3.162277660168379412e-01
1.407933943571183268e-02 6.731642905648274828e-04 3.162277660168379394e-03 1.000000000000000000e+00
1.379104742371504988e-02 6.682954296050122199e-04 3.162277660168379394e-03 3.162277660168379412e-01
