[(29, 0.04483800890440241, 0.0), (59, 0.0381700733792975, 0.0), (118, 0.03485153091323009, 0.0), (177, 0.030123310052292573, 0.0), (236, 0.026493150279665027, 0.0)]
(array([8.24521509e-01, 1.79898927e-01, 8.82173415e-01, 4.18221437e-01,
       4.35278879e-01, 1.77561357e-01, 1.73822466e-01, 9.66396635e-01,
       3.75363285e-01, 4.41788735e-01, 8.80308527e-01, 9.49826333e-01,
       2.01840983e-01, 2.57648111e-01, 4.84998671e-01, 4.30013991e-01,
       2.08458832e-01, 1.13482936e-01, 8.76737279e-01, 1.61244390e-01,
       6.79239902e-01, 8.24950215e-01, 4.55249671e-01, 2.46064769e-01,
       5.39197081e-01, 3.45946673e-01, 4.61736585e-01, 1.23044585e-01,
       8.21541528e-01, 2.78992985e-01, 2.25668525e-01, 2.26804716e-01,
       1.53927495e-01, 2.47415259e-01, 8.15794215e-01, 9.93770891e-01,
       1.58172225e-01, 9.91581900e-01, 4.47280216e-01, 1.40478580e-01,
       2.22146230e-01, 2.28402871e-01, 1.66124715e-01, 1.09025417e-04,
       4.39644843e-01, 1.81097892e-01, 1.38964784e-01, 3.19933914e-01,
       3.89989957e-01, 2.32133826e-01, 1.06269374e+00, 2.31073910e-01,
       9.83295469e-01, 4.64923900e-01, 3.67492514e-01, 4.88662050e-01,
       1.13852842e-01, 2.81401614e-01, 4.32496768e-01, 3.97860913e-01]), array([0.80072996, 0.18139081, 0.90853319, 0.3546651 , 0.47374501,
       0.1972792 , 0.18552404, 0.95597139, 0.39822048, 0.40799465,
       0.89948226, 0.9509889 , 0.20318932, 0.22276313, 0.49733887,
       0.41197761, 0.20825851, 0.13811016, 0.91060457, 0.16181217,
       0.66356341, 0.87287133, 0.41512388, 0.21153056, 0.50837969,
       0.36060538, 0.45005971, 0.09847623, 0.78375324, 0.26152166,
       0.23135733, 0.24839839, 0.17921709, 0.25481171, 0.78968575,
       1.00851662, 0.11604415, 0.99337773, 0.37722034, 0.15560436,
       0.23042598, 0.25313636, 0.21413296, 0.2343688 , 0.45083355,
       0.19529274, 0.16721256, 0.320135  , 0.40151594, 0.21622672,
       1.0567456 , 0.21428524, 0.98891509, 0.39390628, 0.46508715,
       0.45276298, 0.13002761, 0.30542452, 0.42027547, 0.40207517]))
