1.318391203910155018e-01 3.321473962427756981e-03 1.000000000000000000e+00 1.000000000000000000e+06
1.317948970456020441e-01 3.321000237734395271e-03 1.000000000000000000e+00 3.162277660168379080e+05
1.316553009582815126e-01 3.319504069151583362e-03 1.000000000000000000e+00 1.000000000000000000e+05
1.312166993523951886e-01 3.314878787524673347e-03 1.000000000000000000e+00 3.162277660168379589e+04
1.298553465011158814e-01 3.300995582492974572e-03 1.000000000000000000e+00 1.000000000000000000e+04
1.258135771666378244e-01 3.257964198587435037e-03 3.162277660168379394e-03 1.000000000000000000e+06
1.258114567926013894e-01 3.257167434917010874e-03 1.000000000000000000e+00 3.162277660168379043e+03
1.151732597933939894e-01 3.138846015675862775e-03 3.162277660168379394e-03 3.162277660168379080e+05
1.151709934500290550e-01 3.137932946864886372e-03 1.000000000000000000e+00 1.000000000000000000e+03
1.082157388826363309e-01 2.629761905898091775e-03 1.000000000000000000e+00 1.000000000000000021e-02
9.422064649953842963e-02 2.683868801953949272e-03 1.000000000000000000e+00 3.162277660168379043e+02
9.421519562615775223e-02 2.684145337428118627e-03 3.162277660168379394e-03 1.000000000000000000e+05
8.211429129482464284e-02 2.669669167212654261e-03 9.999999999999999072e-11 1.000000000000000021e-02
8.211428352946051334e-02 2.669665161622211593e-03 3.162277660168379191e-08 1.000000000000000021e-02
8.211199802011827364e-02 2.668545980966959170e-03 9.999999999999999124e-06 1.000000000000000021e-02
8.209766158609435593e-02 2.669783336185561819e-03 3.162277660168379394e-03 1.000000000000000021e-02
6.883446398412119971e-02 1.922132268303707384e-03 1.000000000000000000e+00 1.000000000000000000e+02
6.880436224702382586e-02 1.921903674508174554e-03 3.162277660168379394e-03 3.162277660168379589e+04
5.086224406409456389e-02 1.287306971521371161e-03 1.000000000000000000e+00 3.162277660168379612e+01
5.082521984840404627e-02 1.283924019117616650e-03 3.162277660168379394e-03 1.000000000000000000e+04
4.057202436758659825e-02 9.713990165282752366e-04 9.999999999999999124e-06 1.000000000000000000e+06
4.057159958645412123e-02 9.714186136302098385e-04 3.162277660168379394e-03 3.162277660168379043e+03
4.045340698758224246e-02 9.760278731448978262e-04 1.000000000000000000e+00 1.000000000000000000e+01
3.211911062226838892e-02 8.306316885159032229e-04 9.999999999999999124e-06 3.162277660168379080e+05
3.211468292333213154e-02 8.306411649832323892e-04 3.162277660168379394e-03 1.000000000000000000e+03
3.122363165678199159e-02 8.555499254735977584e-04 1.000000000000000000e+00 3.162277660168379079e+00
3.102072821136227579e-02 1.629220704119057131e-03 1.000000000000000000e+00 3.162277660168379134e-02
2.564961156038688544e-02 4.864562023432310572e-04 9.999999999999999124e-06 1.000000000000000000e+05
2.562220315334826082e-02 4.862227191172925362e-04 3.162277660168379394e-03 3.162277660168379043e+02
2.352225183815579573e-02 6.323151957649044428e-04 1.000000000000000000e+00 1.000000000000000000e+00
2.241469373313615884e-02 1.072939198997622167e-03 9.999999999999999072e-11 3.162277660168379134e-02
2.241466537681358062e-02 1.072920273730061181e-03 3.162277660168379191e-08 3.162277660168379134e-02
2.240713424322603176e-02 1.068546003825914708e-03 9.999999999999999124e-06 3.162277660168379134e-02
2.224603083624137473e-02 1.079885260251431129e-03 3.162277660168379394e-03 3.162277660168379134e-02
2.175363255810896720e-02 3.155754385338220081e-04 9.999999999999999124e-06 3.162277660168379589e+04
2.161524122614244536e-02 3.165598502673804861e-04 3.162277660168379394e-03 1.000000000000000000e+02
1.986809642496664696e-02 2.082102786098279036e-04 9.999999999999999072e-11 1.000000000000000000e+04
1.985019196667966307e-02 2.054999127616950760e-04 9.999999999999999072e-11 3.162277660168379589e+04
1.983267152219196292e-02 2.076966880378795983e-04 9.999999999999999072e-11 3.162277660168379043e+03
1.978361196037332209e-02 1.977545610005184643e-04 9.999999999999999072e-11 1.000000000000000000e+05
1.970171074328658581e-02 2.076210610561327616e-04 9.999999999999999072e-11 1.000000000000000000e+03
1.964828491147669470e-02 1.815117360898014479e-04 9.999999999999999072e-11 3.162277660168379080e+05
1.946745598195877974e-02 2.262130045166159875e-04 9.999999999999999124e-06 1.000000000000000000e+04
1.944388361452486363e-02 1.778182852936386726e-04 3.162277660168379191e-08 1.000000000000000000e+03
1.940651968329220461e-02 2.174360674281761846e-04 9.999999999999999072e-11 3.162277660168379043e+02
1.938334470121481218e-02 1.634080805051452796e-04 9.999999999999999072e-11 1.000000000000000000e+06
1.931531089485106351e-02 1.609196500126318092e-04 3.162277660168379191e-08 3.162277660168379043e+03
1.928098268638169313e-02 2.019667869491733984e-04 3.162277660168379191e-08 3.162277660168379043e+02
1.902604368041727056e-02 4.522922529930460266e-04 1.000000000000000000e+00 3.162277660168379412e-01
1.893766769632658498e-02 2.248985215225765219e-04 3.162277660168379394e-03 3.162277660168379612e+01
1.889153298079045834e-02 1.377892841299267041e-04 3.162277660168379191e-08 1.000000000000000000e+04
1.889005442020144643e-02 2.166879599068265996e-04 9.999999999999999072e-11 1.000000000000000000e+02
1.883252963092437934e-02 2.074792079865138861e-04 3.162277660168379191e-08 1.000000000000000000e+02
1.823830116974926863e-02 1.255975746752441833e-04 3.162277660168379191e-08 3.162277660168379589e+04
1.817297412071705934e-02 2.060397764312048492e-04 9.999999999999999072e-11 3.162277660168379612e+01
1.814827717454493144e-02 2.014682396328252505e-04 3.162277660168379191e-08 3.162277660168379612e+01
1.808176860556877028e-02 1.437527056914060834e-04 3.162277660168379191e-08 1.000000000000000000e+06
1.806969652523994149e-02 1.442484210767527354e-04 9.999999999999999124e-06 3.162277660168379043e+03
1.784567260227093097e-02 5.240010835233842399e-04 1.000000000000000000e+00 1.000000000000000056e-01
1.764500209266180869e-02 1.604746046318554021e-04 3.162277660168379191e-08 1.000000000000000000e+05
1.749740339516166893e-02 1.351947115841937975e-04 9.999999999999999124e-06 1.000000000000000000e+02
1.749165752199004220e-02 1.641635216893451454e-04 3.162277660168379191e-08 3.162277660168379080e+05
1.742949425173377295e-02 1.660924003878777274e-04 9.999999999999999124e-06 1.000000000000000000e+03
1.738789088891406001e-02 1.604287739220858168e-04 9.999999999999999124e-06 3.162277660168379043e+02
1.736442568903138334e-02 1.597471335366640809e-04 9.999999999999999124e-06 3.162277660168379612e+01
1.725255598755365966e-02 2.121669072990988488e-04 9.999999999999999072e-11 1.000000000000000000e+01
1.724316216267780463e-02 2.094507594104575007e-04 3.162277660168379191e-08 1.000000000000000000e+01
1.685116909298087912e-02 1.920366807579234507e-04 9.999999999999999124e-06 1.000000000000000000e+01
1.684452525063251382e-02 1.935464282072231587e-04 3.162277660168379394e-03 1.000000000000000000e+01
1.621791796423855889e-02 2.553609994564982433e-04 9.999999999999999072e-11 3.162277660168379079e+00
1.621476959400157403e-02 2.545531166859556303e-04 3.162277660168379191e-08 3.162277660168379079e+00
1.602526461328299123e-02 2.434882842381287584e-04 9.999999999999999124e-06 3.162277660168379079e+00
1.522812450411779525e-02 2.644417042646852773e-04 3.162277660168379394e-03 3.162277660168379079e+00
1.518738586272378246e-02 3.294066614108555249e-04 9.999999999999999072e-11 1.000000000000000000e+00
1.518644281089481449e-02 3.293513616876578764e-04 3.162277660168379191e-08 1.000000000000000000e+00
1.509485428976987086e-02 3.237147055120141097e-04 9.999999999999999124e-06 1.000000000000000000e+00
1.464368988907652561e-02 4.533369180022764474e-04 9.999999999999999072e-11 1.000000000000000056e-01
1.464360099072713715e-02 4.533173628436586123e-04 3.162277660168379191e-08 1.000000000000000056e-01
1.462478945012377074e-02 4.502266531133767712e-04 9.999999999999999124e-06 1.000000000000000056e-01
1.439945516034078256e-02 4.088877029543370773e-04 9.999999999999999072e-11 3.162277660168379412e-01
1.439917418435202566e-02 4.089230049816743626e-04 3.162277660168379191e-08 3.162277660168379412e-01
1.435780946205342766e-02 4.409227796571009287e-04 3.162277660168379394e-03 1.000000000000000056e-01
1.435777121334347664e-02 4.098321339215304972e-04 9.999999999999999124e-06 3.162277660168379412e-01
1.435088916776322901e-02 3.018725707610904756e-04 3.162277660168379394e-03 1.000000000000000000e+00
1.395148881145446586e-02 3.832572243326483438e-04 3.162277660168379394e-03 3.162277660168379412e-01
