-0.4935105439605465	-0.4750717086892227
-0.1377784372589419	-0.13631785787879022
-0.052446700926854106	-0.06617919548912357
-0.29571896508917916	-0.30426272849009656
-0.42288576147677137	-0.4108806036152778
-0.22223717689868927	-0.15168338196606826
-0.6241905902952478	-0.6324542221723436
-0.0824886891406118	-0.08991449570038729
-0.48055202390371043	-0.4918016219832463
-0.1052200823558076	-0.09461579134592671
-0.34386684905514997	-0.33958422556349366
0.0841647087020636	0.07467231406833032
-0.20856405664492428	-0.1706125008291582
-0.6040538987783339	-0.6189304795595344
-0.21639500707134918	-0.2489512910524542
-0.2700750110548018	-0.24723627650814492
-0.141410373951671	-0.16698168113810646
-0.3851682788447581	-0.39344805455433607
-0.17148519167047027	-0.16495270006237037
-0.19939507601206685	-0.21858156979028318
-0.14718513559797053	-0.1541593032091967
-0.3333000612597008	-0.3443400807372782
-0.28240282706307873	-0.26003020802854193
-0.31339985300019	-0.3136976049109756
-0.23624891651885083	-0.257987894352627
-0.09933889630740822	-0.09712885756115597
-0.1666795567147492	-0.1904226326201788
-0.4195428212647343	-0.42552129623879026
-0.3317581862294787	-0.3268654091318406
-0.5087530763254318	-0.508043778618525
-0.30299676190481506	-0.27954006944262594
-0.29642954214855877	-0.3036271108318305
-0.4997446621326871	-0.4926708623505474
-0.012218585694864004	-0.02622975295381454
-0.11857815616299128	-0.12440626601813051
-0.11848326541219478	-0.11708167612225338
-0.36980854348500714	-0.38375743859738426
-0.4125825981008413	-0.40169161288132466
-0.35469480714629054	-0.35770360917080346
-0.04348755704757856	-0.017873552138156112
-0.30509671827053353	-0.32416414962173445
-0.09603940438434222	-0.09791581692030443
-0.46995572678500963	-0.47750293407761274
-0.08389006396835441	-0.058855072773908654
-0.2496160304359556	-0.2537660108637367
-0.19733615333737475	-0.18764719694449192
0.0755643692887551	0.09559059064853874
-0.08577117121899391	-0.16004425456230603
-0.2793306996021556	-0.2569258812335687
-0.26258212580331985	-0.2568994191800077
-0.3389999439203688	-0.33336974701360816
-0.256506370286683	-0.2579241888522856
-0.630910568700715	-0.6322868839873644
-0.6126148997178227	-0.6086887274997521
-0.46149723041646595	-0.4628079860375289
-0.3276374758307199	-0.3224576087625009
-0.299858157607531	-0.31002616165973323
-0.16491205567323952	-0.15720354353111443
-0.20299984331676413	-0.16504113101070533
-0.07076980901010721	-0.11579603494628415
-0.07642405306911026	-0.062324099948820225
-0.14995453760284327	-0.15896950159052517
-0.21253447902776124	-0.19929135223993794
-0.608216382823568	-0.6064882963647499
-0.05819560749238839	-0.03585533517822988
-0.24721258160650716	-0.23978096253725228
-0.5233110632180207	-0.46828382310524724
-0.09266923694558038	-0.09904211651170805
-0.3630213454557829	-0.37917184249498137
-0.13813659140385504	-0.13871883590342804
-0.01876877965971957	-0.05353594628050918
-0.2665947048002959	-0.26386100967408477
-0.12373640611839054	-0.11267076091464193
-0.3299277456741905	-0.3177367385949375
0.04710674985177121	0.03403728342410433
-0.1621764452200516	-0.19404334395102754
-0.3292101526224638	-0.3216220177321079
-0.4525552939136652	-0.44544052753113994
-0.0682157570445705	-0.07146159611930997
-0.3419244838759763	-0.3359752097110006
-0.48426703258210146	-0.4903996912306428
-0.1358036645669971	-0.13262421484453502
-0.23975610242988843	-0.2318726193630484
0.004917638480842257	-0.020491225807411292
-0.3287500793022389	-0.2860931971618131
-0.05136339548630087	-0.054391791959842166
-0.13641951597920787	-0.1262093600790741
-0.22620551947428247	-0.22633212994407345
-0.2515189093925443	-0.2288385383802458
-0.47936348268981543	-0.47920000762899745
-0.3323877360593306	-0.30794305002667716
-0.12865501991639938	-0.13594331264900883
-0.17297266323313032	-0.1785740771794594
-0.4525392732917872	-0.45935953837502846
-0.15599449057195525	-0.16547099370784774
-0.2930566571607969	-0.22800729846117945
-0.28999482081784755	-0.29090569190396454
-0.15322237881898726	-0.1560587785657005
-0.221474402815236	-0.27019331588491113
-0.09969337192154448	-0.08827643403784023
-0.5511576695773712	-0.5585832169998882
-0.34306715498248685	-0.34013104264344357
-0.28894618292292584	-0.2658637351701208
-0.1498648206725468	-0.15402787622229247
-0.4928607863664318	-0.43878791048997684
0.0848132144544298	0.09042342757566096
-0.3434122416134233	-0.3430436241018383
0.07384980194698088	0.09815428477003733
-0.254547253425768	-0.2609053453077912
0.027607986420961517	0.026864949163623923
-0.1855795586227691	-0.19087037396730222
-0.39257315485327915	-0.42718001718523385
-0.2447705983980928	-0.24794272909139378
-0.30997367397466924	-0.2927638159293299
-0.413626218791733	-0.4152930130987786
-0.1788933668592545	-0.17934896128177222
-0.3436521503939085	-0.33643637328707404
-0.2408264561488771	-0.23791526350558476
-0.4617275017789737	-0.4580679648507774
-0.42540081533700036	-0.39473657387588096
-0.1782651305319778	-0.18080366317176663
-0.4776983345339989	-0.3996200275153498
-0.27616388141722936	-0.29688065517477474
-0.26654426915266605	-0.2679506918924682
-0.375291355519046	-0.3718545429037449
-0.0718774026051765	-0.07400299594589806
-0.08652269565042392	-0.08098012896188408
-0.08535244543672693	-0.08460166344868286
0.03322530334136964	0.03638486495994516
-0.3755502649163649	-0.3840687853651637
-0.16605569962173394	-0.167767902406868
-0.12278239517953793	-0.12345175048620614
0.00546096234474458	0.016550920082776387
-0.07948064230140339	-0.08677063037520819
-0.31118043681139973	-0.3044959952644775
-0.14021695610040208	-0.1504159708571044
-0.3373787810271356	-0.34144447985795184
-0.32894736386809065	-0.322923586064345
-0.23896700535480697	-0.25506269852693086
-0.30494534613657187	-0.3082288788183157
-0.3548063386952762	-0.3452944532303542
-0.22692070438660217	-0.1598013602594265
-0.43618819179215684	-0.4179851568350174
-0.32399571316220843	-0.3196664572794826
-0.5990749308362187	-0.5674193809310798
-0.08866705527144703	-0.07339975344300095
-0.1410356575304359	-0.14740230825201564
-0.3194691871451436	-0.3310448196051299
-0.05326061485743239	-0.01898247478378265
-0.2726572797902236	-0.2649585863401683
-0.2257345738174994	-0.17718223387304322
-0.36015385312835235	-0.3448087493060612
-0.11830989575828799	-0.11630910099196574
-0.3755213502915442	-0.37873542630580953
-0.3443638758303642	-0.3283888543374962
-0.46799104339724984	-0.4669384030560298
-0.34652541559817873	-0.3224235225174864
-0.4735184131453618	-0.4732815354096168
-0.16960935949799882	-0.21470619867005042
-0.5514977807417676	-0.5406193472305861
-0.41447748537495777	-0.42655590430280066
-0.08118938776753026	-0.08692664061639337
-0.0743180350380177	-0.07509826891121543
-0.17810961959913563	-0.20202690109383167
-0.36105033172528955	-0.35489866854399005
-0.021933661492793632	-0.04665592508186691
-0.19576263151363005	-0.19239463363875012
-0.06690046735614086	-0.06554072732088549
-0.09860637739673717	-0.13499806291605237
-0.3124335672888927	-0.3090203373637722
-0.046257548905166423	-0.047560126666955464
-0.017333813025940614	-0.04195474876716869
-0.08852040069493139	-0.09690444856281723
-0.4909345271146375	-0.54515435319324
-0.4679989078092177	-0.47285840027558557
-0.33940770855758906	-0.331634994969405
-0.0074559471311896885	-0.016518976198852533
-0.3090303565345991	-0.3185663005655264
-0.13223401226262332	-0.13106807662081404
-0.5654338666078633	-0.5813793683904043
-0.1547458190693547	-0.12579239516989635
-0.17077348668922632	-0.19422582132797134
-0.6309407704585537	-0.6360861359053054
-0.3731594618421603	-0.36901829132252995
-0.10140087105723872	-0.08704487631895311
-0.2232726994113614	-0.17589871375046554
-0.5582402450887702	-0.5758121379211034
-0.27159677582667374	-0.26247162191756557
-0.1980632188434548	-0.21896449158538817
-0.2865303343278782	-0.2886513760602005
-0.12542413882421855	-0.14132217733436844
-0.2745832852898493	-0.2889271011955311
-0.18961207438427152	-0.18417315028494904
-0.3261323825567244	-0.3017346286384266
-0.14916253643449728	-0.16843767767701115
-0.03564142040303153	-0.0529065185060893
0.002600473124260816	-0.027289240062391827
-0.22921366913114127	-0.2396289704857646
-0.22322576007388584	-0.20351430249019298
-0.2784620916049949	-0.2782304781595758
0.04844165291927727	0.03785748163132505
-0.28156807116007876	-0.28541756370439963
-0.339765604496006	-0.3297073539944996
-0.15854345612486487	-0.17655613041074159
-0.07019894991274178	-0.0849891540800469
-0.39026960193804694	-0.4035329816723319
-0.0723906470438056	-0.0869273007131762
-0.1772315090006753	-0.17629732801748832
-0.13323112029750384	-0.14117378338308484
-0.327707460136029	-0.3368063859348916
-0.13496479780573445	-0.1307706173857594
-0.2528043636739117	-0.278962194244816
-0.5347260944543937	-0.5319934068446095
-0.36193135839265	-0.36147413367537495
-0.3104292557020436	-0.32232615048828606
-0.4453489719408097	-0.4379452935851772
-0.3679891393041341	-0.37614351897868875
-0.15912964309124433	-0.17884041511117338
-0.12744282872617063	-0.12058289188816773
-0.3470717434392432	-0.3406602823957043
-0.1928443479050026	-0.18019119108514128
-0.3735876898353583	-0.37595068335302706
-0.017872972288576428	-0.007946883730260005
0.04083763271828822	0.03568015385286751
0.0353750681677365	0.03617974045560995
-0.17835723106610502	-0.14298185094551644
-0.3160909872040678	-0.32651165290476175
-0.1070199930266984	-0.10630930452881089
-0.04618802914670894	-0.04548493552682255
-0.26934461635090834	-0.2732232192265029
-0.33552083276396516	-0.33999218112702334
-0.1931895705729083	-0.15332782279292556
0.00022504533831746443	0.0038382113458974073
-0.19055094162706787	-0.16824371727788914
-0.05996143748151539	-0.06116556798553892
-0.15218511661174894	-0.15081769170515602
-0.3667906302940338	-0.3580033043574868
-0.34396498913011	-0.33566243211354263
-0.05368565128290914	-0.042866750523848696
-0.3649232051655771	-0.35883135770200897
-0.14689802206467206	-0.14536452613949616
-0.42706120814716364	-0.4325152049068374
-0.11416712907386373	-0.11570122218326413
-0.046469095018437656	-0.040741368230043554
-0.20582899918291986	-0.19274964875654715
-0.18462613341534695	-0.18291259700668308
-0.4962984831459476	-0.4817013317687425
-0.2994068678782149	-0.3127020145704406
-0.20701929748554537	-0.18385977816263172
-0.21683705342236514	-0.2065310679582002
-0.5004808426741203	-0.4974238069456507
-0.48123261186785093	-0.4837691121939023
-0.27308129696401195	-0.2725054134730937
-0.34270637571782103	-0.33406771258644863
-0.1265205352547376	-0.14014714292667316
-0.3916146737201265	-0.317492765730259
-0.49393531068687047	-0.48603364381952446
-0.29948754655070253	-0.30894759908675556
-0.13638256429232598	-0.1189029707012788
-0.31015239213479084	-0.2428147249656316
-0.17018084274784506	-0.15788961062462856
-0.20707781272694703	-0.22298466113074336
-0.38290687064023743	-0.3816782304036278
-0.24422004003126396	-0.2205898055124585
-0.08899737600667912	-0.08403192077944933
-0.23047507917929622	-0.24297715976153858
-0.12187274797516068	-0.11981852782407476
-0.3120516484742808	-0.35047463889163744
-0.5234731981366689	-0.5131791961690373
-0.33245685242351275	-0.3383749368490666
-0.11436801913732353	-0.1096931363753436
-0.21540532493749076	-0.23579391606891045
-0.050391077483363134	-0.04950069471300242
-0.5634877316092313	-0.5487440667878227
-0.43992205940768603	-0.4417782919741077
-0.3675876526294033	-0.35516094954586586
-0.07531482280018409	-0.09344943668551822
-0.32194392640474945	-0.32923320759782554
-0.05883852253098709	-0.05450227581674484
-0.2773193854750504	-0.2708463497064822
-0.0831633895262236	-0.08493325170049158
-0.08847554354207965	-0.09007856014567729
-0.2467740500049942	-0.262465836977604
-0.1528357641803577	0.01120786088606944
-0.005736124896044359	-0.011769182857763365
-0.47969367905954563	-0.4742911539098965
-0.3294967711795902	-0.3366630699472998
-0.04719783249884202	-0.04847992429339514
-0.12716336357397395	-0.11493811351124625
-0.18783778182601374	-0.19266592493080445
-0.16293120376620251	-0.17168542575594142
-0.013826297469938353	-0.004794822042470796
-0.2312369164255852	-0.19456096221599484
-0.26976740542758115	-0.26785028633258484
0.07429451032251322	0.08601604270988644
-0.23769030637063082	-0.20679695761461395
-0.23535680720129193	-0.20399815574697397
-0.05851314474535663	-0.08673998513697463
-0.1783142055016178	-0.19359806579183414
-0.2566004757586011	-0.2305334828051652
-0.4500588697248382	-0.44154841975750536
-0.09290954250939087	-0.09459044637655183
-0.18490373905773794	-0.17731844936315147
-0.04170942843474634	-0.04760828423047552
-0.5154801271260183	-0.5084688627913689
-0.18993509970996847	-0.2211051488268326
-0.3941537524644039	-0.3783112407084318
-0.2686379653790105	-0.28282001783998145
-0.3318474509603355	-0.32800538159558956
-0.26160171131816057	-0.2410610944678858
-0.49502346925557283	-0.5033502292022549
-0.22142627016876926	-0.17718559836865283
-0.4061450341931847	-0.3977402404269367
0.007835611674757104	0.0022888964649849597
-0.3434881209623821	-0.30793653662815695
-0.5117570962310314	-0.509492759776533
-0.30755375538193963	-0.308916336926074
-0.48233017897269903	-0.4169358002916432
-0.2253277563523035	-0.19919689441772448
-0.042480521334102406	-0.051053760089869005
-0.23301967303850546	-0.22490628402867427
-0.2675539008895873	-0.26486351223724164
-0.3750606914677075	-0.37644443120845605
-0.09038337093660864	-0.16028219168011376
-0.28468628822676934	-0.29255384396393647
-0.5450230364910134	-0.5451686590574572
-0.33167277068585577	-0.32648156634507475
-0.2729961910517007	-0.27965546330928376
-0.19375320177357036	-0.1837495525815484
-0.3165271112044321	-0.30138713692030045
-0.12025850757799272	-0.11530107434310063
-0.43296576681882293	-0.4312017269846108
-0.21808324308168814	-0.24395501737788022
-0.16098897861264305	-0.1737585826914922
-0.32276490423228044	-0.3053844053560962
-0.30629364243250023	-0.30513977973810374
-0.2718224228775128	-0.2738331739624591
0.005666525050783022	-0.0022746336529886075
-0.4411963071594238	-0.4489602084674696
-0.11983107927926806	-0.12099818530240705
-0.19212533162746492	-0.21296851027476973
-0.149152223900348	-0.16123552479877648
-0.4808037327721948	-0.4764650551967392
-0.2569460111477415	-0.2509230299312595
-0.31252266565849496	-0.18239698036696783
-0.03684735501929204	-0.03246644628382081
-0.11827075410031274	-0.1295650678775437
-0.19151544814382948	-0.17858697307855084
-0.34179486703776085	-0.3244025118308787
-0.17943708590737995	-0.19760421966510244
-0.3040936757662651	-0.3001401941732316
-0.13478383510519798	-0.13324765006051426
-0.3128032861267904	-0.33047986529868384
-0.3016205645727945	-0.2991729771953832
-0.0025995431871965735	0.0021697711244148318
-0.5190499234654711	-0.519935842263013
-0.347430198580545	-0.3357990705051652
-0.17614326513517575	-0.1773837967035578
-0.14567742762893054	-0.15795083061934442
-0.19547405003091622	-0.21565251259770649
-0.30979324878166103	-0.3228602966332241
-0.170373151310919	-0.1744453794874572
-0.04334891658332296	-0.04380463838561228
-0.11130998832330086	-0.08019189310254363
-0.10451536235778658	-0.10221824749054433
-0.2345192233722928	-0.2808447436011976
-0.3157411516841737	-0.32743394865794406
-0.07277952084094785	-0.07485117269098111
-0.22423318060539899	-0.20498587936108506
-0.2697977340417088	-0.27012691052135535
-0.03117642393978315	-0.043529225357318034
-0.40739403263134033	-0.41452688348125444
-0.2624039298667036	-0.24640261312806333
-0.15598385982782137	-0.15689951632620755
-0.288888146355756	-0.2959148343384577
-0.47943264461962887	-0.4772147690569254
-0.45491656333674335	-0.38104025861833984
-0.10996079693271454	-0.15572189409931766
-0.4139785176568287	-0.4249871798621185
-0.017719941358950386	-0.015543034713872191
-0.4265709158081652	-0.4495276865069696
-0.44578693116606516	-0.44366472550380115
-0.29788484450040187	-0.33085825685502535
-0.5608735460809591	-0.5565709383100669
-0.0026377357024109926	-0.008055313725829356
-0.12800504781552657	-0.13225156209110553
-0.07620908400417292	-0.07763947593005269
-0.4554621040873936	-0.47402348138742906
-0.3274806317819472	-0.3223048843827117
-0.49072906177597275	-0.4777766545497189
-0.4584646092677289	-0.442199184211057
-0.16255035429061415	-0.162632473991391
0.009053070629000182	0.025522988915328174
-0.13231368249023667	-0.12480009857337372
-0.32492819853930044	-0.31681140331978513
-0.05424403979792913	-0.05288352280350916
-0.34071618948632754	-0.33892813563441926
-0.06185447043594294	-0.08991708164312334
-0.12706120644047036	-0.12092188156799007
-0.17301399283438545	-0.1798739088544563
-0.5245742885765257	-0.5257167339296019
0.005495146693183628	0.0028070949759475047
-0.12741010832474675	-0.11040808602478823
-0.3346955840799932	-0.3363201565603575
-0.09605334788101239	-0.06063255463563869
-0.3266918110031778	-0.3404056079179036
-0.19419456738821772	-0.20260348177059065
-0.02128642880459708	-0.006514445719742447
-0.15480934884398678	-0.20045319511582646
-0.26645856915681954	-0.2574392739997024
-0.16316358513700457	-0.14906139471006907
-0.1246710421367796	-0.11486787000844399
-0.5350739625643985	-0.539711116940852
-0.31864220065079607	-0.3184066260768555
-0.33354779520806677	-0.2645189114536965
-0.07381706818416589	-0.13413476845189706
-0.4077329231585498	-0.41856050921690363
-0.11488329726529045	-0.1108340108886952
-0.3108454177836766	-0.31564912123204913
-0.1879942599819442	-0.19964492930611763
-0.2566794720001422	-0.24361592038814617
-0.0925049783611156	-0.09363799603902173
-0.3174444619314123	-0.31912099191218407
-0.10926659058707067	-0.11700471337016476
-0.38288385467387265	-0.4206569312914507
-0.14353544469859525	-0.1462371854910197
-0.3933241012331168	-0.3887041761212854
-0.5562170558738115	-0.5508700961059612
-0.18720877067588582	-0.18443037132847437
-0.310188234584059	-0.30257320202377275
-0.1803704425861543	-0.1847449083551959
-0.3081922018255714	-0.32010744333363744
-0.1739407204917498	-0.1777199832741683
-0.17765573841316407	-0.19850984548186457
-0.14368166664845816	-0.13866101656473018
-0.09626411138564261	-0.08213810446196498
-0.466817492215295	-0.47114158166060294
-0.2915757356725255	-0.2984805096842818
-0.1759404412140544	-0.17587648388405305
-0.054168162811630616	-0.049620150242231466
-0.42998919613588704	-0.4001290616290872
-0.17532266611606495	-0.17808402887977842
-0.15062519528351181	-0.155050564686291
-0.21302578213829104	-0.18502046551544485
-0.09437291717297924	-0.11574508713397302
-0.10966542847629235	-0.10716237800250025
-0.08841213149270732	-0.08030507110593457
-0.45580395111619776	-0.4498109742523566
-0.19293308733738357	-0.20555362461076432
-0.03743002793274375	-0.043030748059735835
-0.1605582250300026	-0.14898683055612658
-0.300360925414223	-0.27832713305800916
-0.04238015693342767	-0.02944358369619433
-0.4483069923044152	-0.42861083587165993
-0.20925742142396242	-0.20440003961635012
-0.14311444575275	-0.12445018011207572
-0.11952853326450885	-0.11963944554034402
0.22788299685528912	0.19963066902455398
-0.4796176386077615	-0.4616271170723712
-0.34346001440861684	-0.30893414177324285
-0.14041684176187985	-0.13542781845478025
-0.3134577587819871	-0.31884201878459817
-0.1661880881374831	-0.1553895064169097
-0.6119288270847889	-0.6165158847102893
-0.03896318749903216	-0.03682817022724789
-0.11404739310447631	-0.13571707641062258
-0.4953121956882862	-0.5031212122736404
-0.48393155604128957	-0.4799094864572657
-0.5581701336849925	-0.5586494240573877
-0.10233442771089774	-0.10359129146287634
-0.3491250905348675	-0.33739998979562036
-0.3149409534610488	-0.2906138506735753
-0.052318362566166066	-0.035313485819716633
-0.47302572012037913	-0.47765739030394727
-0.05356071664532358	-0.05019753811335674
-0.27634102774394975	-0.2765384199727592
-0.3549530359715982	-0.34417757485615297
-0.09596153976510724	-0.12151067414109593
-0.3154525916041342	-0.32081296471105325
-0.3776671929713089	-0.37730035700698894
-0.27760523650837143	-0.2820754439213589
-0.17753478808314682	-0.17954087962414628
-0.09451952133096775	-0.08379113039766065
-0.2977306805551754	-0.2997068933527325
-0.31315903304746406	-0.3017840666060141
-0.1790625169812703	-0.18553992901538077
-0.2205497773074203	-0.19890789769928177
-0.5411725610950171	-0.5295231439311457
-0.34020336203944623	-0.31813864271599507
-0.2828343512428493	-0.27477203303599923
-0.18921728365503654	-0.18506369964724448
-0.1707268602264378	-0.17040972216060443
-0.09281879371601676	-0.1141046125263735
-0.22812687590474745	-0.16976495540432493
-0.1740480880182238	-0.1746999533838585
-0.12931128465414954	-0.12727832396708266
-0.2677672827570854	-0.26377599713604055
-0.24804296372477452	-0.24896380230867202
-0.1788094425895146	-0.20128550331354453
-0.18183473877706646	-0.18112684665375067
-0.5060877238984949	-0.4775386862995423
0.017646989225097442	0.005854366872305916
-0.0916353239164085	-0.08927984402059082
-0.26972046245949066	-0.26277181021346924
-0.11147744399541892	-0.14336917616686076
-0.3398704448701988	-0.3214071933356316
-0.06271711398468316	-0.013994912735348888
-0.2120549757363328	-0.18306462000311263
0.21439894906553292	0.2179497791972441
-0.17828783707139628	-0.14554987788998186
-0.12481229366081692	-0.12353529205726498
-0.33316737092915716	-0.34722003290094083
-0.17306706146472273	-0.1781290471126962
-0.49405626308343287	-0.49298590630167266
-0.0948911423923926	-0.09897454934489054
-0.31637051878228384	-0.317236013893546
-0.18390273655426093	-0.1922586944467421
-0.33462387497977986	-0.3377610078970798
-0.18402879401157612	-0.16292017929766606
-0.1689023464620769	-0.1767132642203702
-0.07976394539389275	-0.08253992737802307
-0.2897215578257839	-0.2945545065028318
-0.2591235671936367	-0.17572290095708473
-0.6117679380305159	-0.6246238187939454
-0.5916156424831698	-0.6381023076366615
-0.19364874691213885	-0.17993761988306023
-0.31020054258544505	-0.30918167083758796
-0.26729625168805526	-0.2757969126860512
-0.48841974055010695	-0.4855044641616739
-0.3331043842877275	-0.351868242176708
-0.22509073576144978	-0.2338601543591774
-0.3381033199684431	-0.31445175604326125
-0.3094390147493744	-0.2928614671676762
-0.1622709540349625	-0.15762854645471083
-0.17595757871980844	-0.16074769029556896
-0.08997654944959788	-0.10870986848397965
0.07722045878163097	0.07900131271547738
-0.10803189606142194	-0.10463192991029359
-0.19841699786757694	-0.1943072233204667
-0.18918176462461744	-0.18766962587333588
-0.18356227722915808	-0.1869647042514388
-0.5137323319389999	-0.5078963527758373
-0.29900430568493874	-0.3088161503548683
-0.21878724203068955	-0.21143939152078112
-0.17440098950378058	-0.16142361943809813
-0.1483821739795399	-0.12799348499450527
-0.21654686501122455	-0.19679270865164733
-0.1434848031808782	-0.14400074343811017
-0.247342821394696	-0.24021024905719685
-0.05507125374025712	-0.047932518169977546
-0.3606697882334178	-0.3515400027578483
-0.27303741855635355	-0.27327890326758514
-0.34026959445039395	-0.3352980113648582
-0.3029251593593534	-0.3041532242867938
-0.345076955399108	-0.3365299118050877
-0.4361680401272281	-0.44757001522200884
-0.6172467391532566	-0.6101946340284943
-0.22283883467526167	-0.21914516460955089
-0.17684729803923904	-0.17488963100624766
-0.3087699594513751	-0.3232914983888456
-0.19272207986859868	-0.19114299836001677
-0.4569436806725484	-0.4545378586439059
-0.06741580895471877	-0.07669541588255446
-0.3195491552000753	-0.30016958760122
-0.29378880724431333	-0.31940556766091915
-0.27428318389113393	-0.3018352101141106
-0.06464840270692651	-0.06642999629478695
-8.666376473698278e-05	-0.0014690450453627472
-0.2730015953125058	-0.27979064345839827
-0.33519833422173395	-0.32249911348187754
0.0006765839577624888	0.006402435127226562
-0.5155736040924559	-0.5205658655637032
-0.22232139684431296	-0.20787563893040253
-0.26902570785300917	-0.27053796763147225
-0.16211413294641197	-0.1658019192809625
-0.6258874130500391	-0.6329394574889761
-0.12992735485983786	-0.1584363632486883
-0.3896695939813135	-0.3853420422011134
-0.24294297124890107	-0.2575165093144441
-0.3396048391852631	-0.3297573604213409
-0.5483270118566068	-0.5500195884670002
-0.49017032028061003	-0.49102019987615986
-0.2189615345743956	-0.21310561012917364
-0.26960946612797265	-0.27635212274729265
-0.3871848328016556	-0.40326692862133573
-0.4449108110617246	-0.46107417151077457
-0.10765320304129133	-0.08682219268582922
-0.025249776351683906	-0.041473987533101775
-0.13069347398459286	-0.11599537891672515
-0.2814903073563313	-0.2833232576213225
-0.1892821154718778	-0.19096632112483378
-0.34018494488979556	-0.3691987189803387
-0.6239483675845054	-0.6162560677821466
-0.16136811286688335	-0.16326443120887604
-0.21196953433115873	-0.2170914667387631
-0.3731016907213984	-0.38266703797911605
-0.4333840316660549	-0.43316882615541263
-0.008232811865807932	-0.020810033779328083
-0.47557728393489285	-0.49419638043345077
0.041496087991088615	0.03547050465045896
-0.21374839964905057	-0.19750048108477747
-0.4750971911910753	-0.4603579269697075
-0.26536353944170443	-0.284522236150105
-0.2721283040871265	-0.2556037250687335
-0.13952175751547813	-0.1667212298190736
-0.35574983002946414	-0.3309782987462767
-0.19256642340501884	-0.19940275599891788
-0.486861196964381	-0.45805350920721966
-0.13593168857689975	-0.16116266335478543
-0.32817195448273573	-0.32337080189707296
-0.04262274653358755	-0.0458972380591151
-0.3021008529817655	-0.30458599765087524
-0.30723671283739673	-0.3055489393981197
-0.5054129331796151	-0.5129554926390645
-0.252210874134815	-0.25186456214229963
-0.13183596968701394	-0.12386657567715796
-0.30645699754135514	-0.2994297608825536
-0.32307039913956803	-0.35228414837897626
-0.382304652009374	-0.37125538171385325
-0.1952230504076775	-0.2084991796657275
-0.2638736681710725	-0.26336027712879856
-0.48810195539723367	-0.48563139227497454
-0.19187920263259173	-0.19943114478099233
-0.4645687793706301	-0.43208531190943267
-0.35239154608717094	-0.34298313510353706
-0.08321308360459945	-0.2147565860532235
-0.24085699115496872	-0.23502122209365778
-0.1290462272656132	-0.11354384888544336
-0.2524557935367735	-0.2585908490565644
-0.3146866093821288	-0.3201603632962343
-0.3970639611068183	-0.4160920115728051
-0.004663166951347719	0.0018772481311243798
-0.24111515074687695	-0.21993998118678731
-0.5176045486906746	-0.5217394866152368
-0.13710920266562177	-0.14644086153376626
-0.037259421199714815	-0.033236622044621224
0.06402405317260751	0.0651166239450828
-0.5400771065895977	-0.5377777461345705
-0.13426801134727206	-0.13465694799266117
-0.10840224180095959	-0.11324025597483466
-0.5302068125622084	-0.5133689852226617
-0.18291434386764927	-0.18485848995791185
-0.16577093827928113	-0.16408333781489054
-0.09362707191718656	-0.10841912953205778
-0.15809145540808256	-0.14047881854977454
-0.5364870453757646	-0.5330219968915273
-0.0742440160214839	-0.06427711959727618
-0.2963597634914832	-0.29453507097222564
-0.2771350807582511	-0.29769623129441225
-0.10522980809391136	-0.09429224288706706
-0.29306560522663716	-0.3264018697935861
-0.2713939046553637	-0.262169345334953
-0.168203691321966	-0.17768147081128585
-0.15452150579904078	-0.14193510304095766
-0.24515620758968737	-0.2694144932279442
-0.026626958840498816	-0.024154854760449512
-0.2712066261126349	-0.3020102639926715
-0.41151391548433125	-0.4060501001408919
-0.09870207586152446	-0.09800606051472781
-0.24455142113217043	-0.23004276883331956
-0.07367852700617927	-0.1063666085252962
-0.07116763298709472	-0.08153510598371058
-0.06010627434623039	-0.05099359433963425
-0.3513177958106084	-0.35825805129585053
-0.5450946574077795	-0.5454785929120847
0.04821667388339712	0.05838932544345228
-0.0942964859872717	-0.09413285669314939
-0.35098765364206574	-0.3372810056030066
-0.1763906267196962	-0.18176622883598947
0.040948561412958995	0.03901791047605842
-0.38453733520869626	-0.40142116888440543
-0.048360986092417235	-0.05102772362356503
-0.09889160245980833	-0.10408203361205402
-0.4911694299551579	-0.4876447330938659
-0.47011040380630664	-0.46934052036713847
-0.16690525679750046	-0.17584404243843563
-0.22287562033544184	-0.24557107156067465
-0.17677861635959768	-0.173923281667871
-0.3188822592829421	-0.3367735693491522
-0.2985284272622808	-0.30092638589198345
-0.36720690243451326	-0.3825245423960973
-0.07221926174304816	-0.07890735809586495
-0.09127789627447669	-0.10985048719359405
-0.18239296687414353	-0.22044078656355273
-0.29595046175872497	-0.28933014024996967
-0.2639255872040751	-0.26248235725769714
-0.19357512277814148	-0.18080669634438412
-0.6035195866141194	-0.5641447320270156
0.051148227414683944	0.046937614936724936
-0.22403511940766663	-0.2393049558645901
-0.5289990701275835	-0.5351920144185098
-0.2628825752257047	-0.2532764906232613
-0.3357533494151319	-0.31930009307126006
-0.3092063533299054	-0.29602638684327026
-0.3482189178981372	-0.3410717193066455
-0.14745356238809926	-0.171909596995906
-0.14035217923077248	-0.18321590347739525
-0.32004898937265835	-0.31212527640135096
-0.13697706706375623	-0.11853761920009713
-0.08759744039578177	-0.08467729454185931
-0.26883072522737805	-0.244266952183326
-0.28583518357932647	-0.2937521246619159
-0.3033021919465799	-0.2940277338178646
-0.32424366908013447	-0.3483789778642687
-0.49458294879847653	-0.4853650445639958
-0.25719951832236987	-0.268463300324778
0.0336012717226124	0.03381936142007711
-0.14598918837990382	-0.12444745005709763
-0.4573206883411842	-0.4557268193624158
0.034577354358702905	0.033066639538218943
-0.052345222894381926	-0.06692345279160763
-0.5055118882884502	-0.5027422581141747
0.012792992655155544	-0.014311848777677954
-0.06328816717536423	-0.06814105744082818
-0.23881019507264156	-0.22410698716270874
-0.08451286955560011	-0.033606626162876914
0.008816431648311251	0.018655581286542107
-0.4716420711861087	-0.4846324094620299
-0.01121312410592612	-0.022519651409809528
-0.47800592337674086	-0.46690479595508505
-0.6344656763295511	-0.6139158413608984
-0.4763981641541353	-0.4829490410122211
-0.2643340236387708	-0.24682643749755281
-0.0956279879755666	-0.08719682772699337
-0.1710766400627275	-0.1745477618627782
-0.41404321685237555	-0.41291775374001216
-0.6070011182698636	-0.6043458985132583
-0.44079161551209367	-0.4383303349228305
-0.17815854829391853	-0.178814416062671
-0.3997766660992763	-0.4018317308560627
-0.43743049607501483	-0.4384750221445944
-0.6340185991322516	-0.6133233400996031
-0.5255673206270082	-0.5315520764837223
-0.2605340871910382	-0.26711695015269643
-0.568539135374051	-0.5635503991232694
-0.596292177816105	-0.572691037902239
-0.13545574592049547	-0.12957580647312997
-0.29896982100646063	-0.29544063781308627
-0.14883675964429433	-0.0287639342536858
-0.1350386470863203	-0.14176379319119597
0.0795585809064443	0.10418343939713355
-0.36682853824328276	-0.363354916024962
-0.3713087868205722	-0.37707094721536316
-0.14310843580067178	-0.13924137989129234
-0.370680700069542	-0.34145917205557447
0.0684863417305861	0.04989978814049444
-0.3441890686925575	-0.33668306530090714
-0.36779319026301316	-0.3468748472689643
-0.19488365920616246	-0.1943163147827689
-0.2533955839523774	-0.2641594288493262
-0.49972810968494574	-0.4932155120559605
-0.27725370579682185	-0.2729041343234248
-0.20014958664406102	-0.24106545996754516
-0.40828012049302664	-0.3895998433613419
-0.16650521693056852	-0.16777344778595946
-0.05446828057495612	-0.06538969991299351
-0.4042136023324705	-0.3855517664784896
-0.13455707641198522	-0.14668012942338565
-0.40674163436153066	-0.41115266971766384
-0.11558452414133935	-0.10956343392293881
-0.10410710416931757	-0.10233851645591893
-0.2315478312689523	-0.2558090929783516
-0.16890135280893315	-0.19459163985405398
-0.317951118893669	-0.32739381458543
-0.2961497295206721	-0.3070431104114866
-0.11567112908638322	-0.12464613410918378
-0.4134038105587585	-0.41730821136125607
-0.41926401053039264	-0.4380420857828038
-0.5036348910411927	-0.5114229526367492
-0.06750199253141709	-0.07423130820375311
-0.37016233460748893	-0.3452345140958042
-0.4208782150999184	-0.4265630926518958
-0.41496244478045696	-0.39387244687076867
-0.5975421528522116	-0.6019497014229248
-0.19088239513432015	-0.19094718585066733
-0.4841781088066295	-0.4809604738645668
-0.13191866374883343	-0.13177235653252622
-0.25532915184488836	-0.2502279952454422
-0.12536981391155688	-0.13579982346763333
-0.3484805393564576	-0.34673185847715987
-0.19066966203336122	-0.16843458204116366
-0.2871442008915972	-0.28675862457193096
-0.2102398639019354	-0.21916119709508317
-0.1304306269197184	-0.13460889270864343
-0.01794530501505598	0.005395156358031041
-0.17313667004698452	-0.1745869552886053
-0.5095213507753824	-0.5172325778251495
0.0627733825338943	0.05836809627006459
-0.2451504175933792	-0.22222267992133418
-0.2290680522794215	-0.15876105262945944
-0.21570850959906895	-0.2073783073304735
-0.3940024941414224	-0.3941877589130522
-0.17573593567196966	-0.1833131442071024
-0.6101720974406426	-0.6112136469942075
-0.1990337072355297	-0.19589060326085178
-0.010688601632099726	-0.009026988312032058
-0.1943137555866894	-0.18283175081840103
-0.13374546388195796	-0.13243572644812318
0.13681362323591983	0.13921406372311718
-0.2192220126600848	-0.1721665504050907
-0.45706827859173416	-0.46277815621248863
-0.10364513775640027	-0.11140996821939513
0.010543160787424455	0.004404712189364702
-0.1257614411484962	-0.12982716182390708
-0.1708632101432439	-0.172785508895498
-0.05096347518913369	-0.06076464383486276
-0.4667576199034018	-0.464751584703095
-0.1754216641840447	-0.18569069726393125
-0.06440137332636198	-0.056073814069084224
0.03574939080264716	0.029788442355411934
-0.15010868067061	-0.19128343165517553
-0.41887033811959995	-0.4273161333921768
-0.2064983614443996	-0.16559034461012942
-0.31912264878956975	-0.3151195200262012
-0.3545692130526277	-0.3541117044160608
-0.06343448702784471	-0.0369825462645966
-0.08882923595256642	-0.09197506070168462
-0.211993051932712	-0.21913395999705224
-0.08653968081937435	-0.10487662564652528
-0.37827658310327195	-0.37391266517001787
-0.21330793298700446	-0.21992648440113327
-0.31388853401990335	-0.3223215056183764
-0.1804770624623373	-0.1461358831105951
-0.2870874833513888	-0.2890899314005946
-0.5371516469731255	-0.5449867473254718
-0.4028370194869506	-0.4051433290922153
-0.3856429706420208	-0.38726859344099823
-0.046265796707912976	-0.0677425836381753
-0.08831531242676505	-0.09218247150060441
-0.15659788165229216	-0.16402284212038673
-0.0642519740999008	-0.053140523161305145
-0.20684143375819541	-0.24033614017857707
-0.1362657348684948	-0.1285322994619674
-0.308337658893322	-0.3022964943119238
-0.20972502705475726	-0.20783194906647404
-0.14225603089447958	-0.1523393994855286
-0.1837508239637824	-0.22031465171260645
-0.11318006114042234	-0.1104055420914663
-0.3492813086565292	-0.37966959229811137
-0.6132238032015849	-0.626853494411561
-0.06375352296231895	-0.057340265798611845
-0.6090219980751943	-0.6124075099899217
-0.18132240101571995	-0.18331987610990072
-0.5695284367025266	-0.5770159135613929
-0.20763764941618668	-0.2270789680988778
-0.26564334268278067	-0.26774280367334835
-0.5049195304413203	-0.509260946268641
-0.3421196756993936	-0.3335638441191951
-0.12888485792983317	-0.1594733830535557
-0.4880748053290134	-0.48048814054146505
-0.42885132900081135	-0.42218323016880493
-0.30621694682406364	-0.2923862682236016
-0.1558738120575116	-0.17025001516378044
-0.3410639109305018	-0.3350833520901273
-0.5184830035833947	-0.534753053046286
-0.5482649982507155	-0.5381383032162246
-0.3801532730539847	-0.36801774544827964
-0.16998882814394456	-0.161142644277417
-0.17185278557959638	-0.17275147014819323
-0.007528615023773	-0.0008149889192756554
-0.29807287543219196	-0.2907542884572405
-0.22404172072571793	-0.25835912942691136
-0.31411326473846035	-0.3268418646227395
-0.03323059580704246	-0.02453978453817182
-0.3776258757611206	-0.36858314472093073
-0.2777668703263032	-0.2851330575219988
-0.438425024281468	-0.43627147731943217
-0.5854585525427307	-0.5523224999628459
-0.5355751924617405	-0.5478795837228208
-0.34758144994063933	-0.345418525288784
-0.24902603591165828	-0.2450465138280409
-0.3718454942331064	-0.3662737773372752
-0.11491196906598233	-0.1706410179830315
-0.37040632502148974	-0.36917784314985647
-0.08660681068795917	-0.08952304549568421
-0.563213667007405	-0.543271912126708
-0.18922400042059184	-0.1996155569576982
-0.4658454168466317	-0.4752544240453405
-0.15748043364021136	-0.16590789380591045
-0.2654870415125199	-0.25599634651175335
-0.04503325534951763	-0.04738632977525891
-0.4637034269055835	-0.4728361431942086
-0.12069012499420317	-0.16625273247152364
-0.14692675057396976	-0.15643496102028512
-0.2724596538432973	-0.24149810520901718
-0.6127157270157539	-0.5987392115935265
-0.26261292057279917	-0.2546529854506834
-0.08610685904076298	-0.10264677485259206
-0.27254755559859234	-0.2862786922426211
-0.22790161332937764	-0.18329214391034043
-0.4128748091941299	-0.40490693076157536
-0.1798206452149813	-0.16078094219803024
-0.23693751494734983	-0.22976086363158824
-0.47545165351314367	-0.46771271177217355
-0.35396617952156717	-0.3460237471258447
-0.34850059105489173	-0.3481223668677273
-0.6104855930092397	-0.61969834510876
-0.4490999282259063	-0.4485109996886126
-0.07762817571496328	-0.07180699680391178
-0.1547995019578563	-0.15043514869873342
-0.2880751055744213	-0.28449522213154416
-0.22941508718311443	-0.2551983736382554
-0.537021496751418	-0.5420118405985802
-0.24586611869626562	-0.24622406560027482
-0.42490800044881816	-0.4343475895695497
-0.42440983357526996	-0.41905560497576155
-0.4804202046561201	-0.48789648183432105
-0.0989286923700794	-0.12056891170582403
-0.19379285447202843	-0.1937865830193249
-0.5163118862123834	-0.49955000546331857
-0.15798657581614428	-0.1345845701557276
-0.45660984376285185	-0.43566241284633206
-0.4827103746698578	-0.3985692197184601
-0.5010869062745966	-0.4965214509945507
-0.5165408481839986	-0.5165098727010293
-0.17651042083454271	-0.16579572846372154
-0.23185708704886387	-0.2450221408109749
-0.43849330913023365	-0.4388503772064651
-0.18716402965765688	-0.1687354806983148
-0.18586106368750777	-0.21803781924876448
-0.3217904377142826	-0.2956975342167913
-0.315224076383541	-0.3168386791978046
-0.3284847745429831	-0.3266947589468497
-0.3378208515442367	-0.2705973443299623
-0.2599927223770031	-0.2217016485546168
-0.61799486297447	-0.6090653384208735
-0.2150626355257872	-0.23086818860997907
-0.08281861652625544	-0.06329053685267867
-0.4617210044707267	-0.4790743227464824
-0.23625109627062812	-0.23673015444783693
-0.42539962838486467	-0.43755876131826976
-0.07335302065355975	-0.06698881900186905
0.03688049266877247	0.024817631126515294
-0.16601300394649776	-0.1742298689459657
-0.22115946748989312	-0.25753279796296896
-0.10945705578562137	-0.10583756090741792
-0.12485339617725444	-0.11647315436041951
-0.3004078950509186	-0.30775785979445175
-0.626047862346109	-0.6317716199322845
-0.36769183804852634	-0.34995976265038187
-0.043463019013369575	-0.045688063967512
-0.22112229571474895	-0.22010900593821267
-0.2981492356938027	-0.31526168612673455
-0.4362275513343814	-0.44197130071363544
-0.45440983413717717	-0.4598911543456471
-0.016489666837146366	-0.004562502580150006
-0.08801190022095362	-0.07854304681208607
-0.27994522676802536	-0.2707030074418407
-0.3484741470390711	-0.34170945275438863
-0.2704812777932357	-0.2802909246487451
-0.330935344600074	-0.26036903904052283
-0.047533010029289	-0.04887286327994571
-0.4787870336250366	-0.48078269196980905
0.052509480367725736	0.004461355031694234
-0.14807727112771296	-0.15284796041365573
-0.06515455854256391	-0.06611204287079822
-0.4017853661173536	-0.4019239714193912
-0.1923470543216501	-0.19122520259746636
-0.6050796051088341	-0.6213024182697312
0.016169187095140813	0.012132398752236933
-0.588559310843829	-0.5482098583417901
-0.1432448497713752	-0.1513357845830818
-0.18749288558436383	-0.18566230214325366
-0.33107802116922525	-0.32636358002099525
-0.42522569163925183	-0.4510691960920992
-0.3424944780329726	-0.30171465655519913
-0.29100506952683425	-0.2889195606231156
-0.17753340947348484	-0.18108187572724124
-0.442734073701617	-0.4545100670126225
-0.4940024525850948	-0.49824314928778124
-0.004162602781960345	-0.012682090894773452
-0.29468178397528	-0.28949821490176536
-0.49452800396492247	-0.4876061314288181
-0.33146314946936606	-0.33887748869570644
-0.020625841429503744	-0.03969607180742003
-0.3338634877285944	-0.31270987569691794
-0.1633262460001017	-0.13510852008910482
-0.5167858792810787	-0.5165822194332033
-0.4925540424708359	-0.49188376842595666
-0.025496241996575186	-0.0401461682249018
-0.23239365400184475	-0.22763820772029092
0.03666106133403346	0.029076059612455265
-0.2492069570743265	-0.2527785332862447
-0.3056614468813059	-0.3090235357770377
-0.06799875637280817	-0.07156383113181498
-0.32840043240574524	-0.3290133538078663
0.0555182739041955	0.050224716776146844
-0.48897016235993274	-0.4886083979525108
-0.3128578018982857	-0.31068640973372086
-0.07487885270286743	-0.06864321419392368
-0.1269518268640395	-0.11478010672474522
-0.5310550256064523	-0.5264924491079632
-0.18814733690705587	-0.18384619762977578
-0.3601688757841792	-0.3472364269565631
-0.08190327560864041	-0.09128719384365387
-0.46884605825372994	-0.4685368594197946
-0.044944313180135254	-0.022683114937294684
-0.3489201544475442	-0.3769906170993649
-0.321945807773683	-0.3258892591810083
-0.3078449631054827	-0.30490673980971833
-0.3774510149203101	-0.3678081283421142
-0.20172469298068485	-0.18724512357429382
-0.048322346163885754	-0.06143256386606702
-0.266441604667933	-0.26643240256009876
-0.17776533848226173	-0.17609599020769534
-0.19512809182234747	-0.2016836701778347
-0.2351155674732608	-0.2567483950176021
-0.09910468475377421	-0.10792727499352474
-0.009497900255592384	-0.012765123258432754
-0.36743334195426236	-0.37166636969027195
-0.19202292701405543	-0.15835987870206725
-0.1973287329974367	-0.18067898420702813
-0.4512522892145485	-0.45342545532515177
-0.12546028498647388	-0.1339353123782215
-0.17233829921305954	-0.17604094984974822
-0.352465743745773	-0.3560096455248089
-0.03921401258950752	-0.04327821725031283
-0.25608839319522847	-0.2563512802975261
-0.0180138378232364	-0.00040828463861399293
-0.30100367727063126	-0.30956080961871363
-0.05920716046950414	-0.055076395144249356
-0.1369500704033051	-0.13873310648555745
-0.2845735313297135	-0.2521394410986598
-0.36412320433742984	-0.3528944730115351
-0.11694770670040366	-0.09836049773933887
0.022940459842677896	0.010742903119363167
-0.5109585308990399	-0.49932434043659046
-0.1171533109934213	-0.11155176001607399
-0.19669940372319417	-0.20279169802686575
-0.26797947791379073	-0.28165874900569593
-0.13497813858937313	-0.12666092746713792
-0.25276726293899987	-0.23351732082438104
-0.0977899118150587	-0.0871537208623747
-0.24347264221111864	-0.19719667956352915
-0.47739705573245406	-0.4881874463767175
-0.5206022740659879	-0.5076102004393362
-0.17377924444596182	-0.16800269734018017
-0.44364673460502857	-0.4435155090649697
-0.30568230145795106	-0.3112727090161744
-0.16374695698766573	-0.15761118389269776
-0.2971159368134071	-0.3099205613435781
-0.1569350260851845	-0.15791676359001952
-0.5002914278546609	-0.5076396358509082
-0.38340579158474863	-0.382215484383464
-0.20106986398350823	-0.20650094908861594
-0.022961809064995897	-0.02090748050048304
-0.3080954802982703	-0.29859730523505035
-0.07776580816631196	-0.03684567556324076
-0.31292604877468655	-0.31744579780736837
-0.5346069325826033	-0.5221192555423507
-0.6267998580838672	-0.6208520642818467
-0.3278680004493726	-0.31531193500974586
-0.19228834650861337	-0.19406387232724975
-0.16295408330791972	-0.16799243526645824
-0.20258174260629858	-0.18412310581282487
-0.1973612559328597	-0.16999994519775968
-0.17480567313304363	-0.1772422805270352
-0.45287281655170375	-0.45093205438657114
-0.13142170131189435	-0.1334201748363936
-0.2991979487666949	-0.30532288663913043
-0.22729288240104495	-0.2402382070637162
-0.2927458435149344	-0.2859615813936626
-0.13222842759637388	-0.12684088776513508
-0.27828647078063806	-0.2701947088979572
-0.14139115509952838	-0.1428807605580266
-0.04687938554999871	-0.045096234100998674
-0.1896473471354554	-0.14228016432520457
-0.4136029576355824	-0.4037902089753458
-0.355433999950888	-0.3063812373048265
-0.16047020919345556	-0.16303186787412596
-0.501316920038855	-0.4849252360874124
-0.14707706220729566	-0.17187103348577853
-0.4346365127676073	-0.4436374062580607
-0.1728864360354132	-0.18076538847018675
-0.14032256190853598	-0.13841560448677628
-0.4386716541054909	-0.452133312716474
-0.06070174300308562	-0.0724712868342216
-0.3240887753950963	-0.30650618255686973
-0.465296311510464	-0.46852381592295417
-0.1031145967497249	-0.12856723112403023
-0.5501105005088478	-0.5647921347931452
-0.19210411823573104	-0.20672572398908526
-0.3281131487652935	-0.3307481449187118
-0.14060377064845397	-0.18070223790727707
-0.43703337779921103	-0.4425001949482271
-0.25437587463726175	-0.24862473333895418
-0.35020424316076415	-0.3535482971178661
-0.29897352520991305	-0.29762137608107575
-0.5134596302662242	-0.5098710237195959
-0.1262517070765341	-0.12035910817900082
-0.23103929876029738	-0.21523344065423294
-0.5944955979813589	-0.5952928035886513
-0.14904542235635088	-0.19774605199027162
-0.3121737320056397	-0.348605541322454
-0.46900203245620276	-0.4725581044848334
-0.09157334941332529	-0.10453325547787846
-0.1915949639536958	-0.1753749813400054
-0.08850873282667493	-0.16031647471011654
-0.17555303873119854	-0.1652283441505373
-0.314356624181106	-0.28421604945013906
-0.3905432458663842	-0.4012018938826101
-0.17992425301659676	-0.17469621208729816
-0.5692769449759592	-0.5389579323421954
-0.253420010753004	-0.2538653933118311
-0.4540549478964806	-0.45543173368516654
-0.4891061760767279	-0.49087246501362075
-0.08048233076245026	-0.08299699588047456
-0.2547417830611698	-0.2641552284177144
-0.299688686908798	-0.2984350123542973
-0.33840092302981617	-0.32188056857985003
-0.3396422941647428	-0.32143694943077566
-0.02778346431679246	-0.012629705365167129
-0.4605613795815069	-0.46787612053594313
-0.2901816482263735	-0.30146446686818823
-0.18435591001740548	-0.18281930448176295
-0.20786997285364084	-0.20530637575424712
-0.057616960236384074	-0.05452352381576484
-0.28821985937802985	-0.2478062140787969
-0.2729893605011835	-0.2629808683507229
-0.2896335017562599	-0.3018709972745853
-0.1284754129278074	-0.11187129699198138
-0.5140077144121982	-0.513253341220672
-0.16528805076967235	-0.16210756293655038
0.08722741362355357	0.07760221089082057
-0.47669718048364906	-0.4840063687804561
-0.13148596918702804	-0.12875673038739113
-0.2516031198734101	-0.24313607903003612
-0.16752326768943604	-0.18757165885944233
-0.4799988912968951	-0.46011736771409695
-0.17411503519519567	-0.17544274828659517
-0.300589160833443	-0.2742760867071302
-0.2379274820032613	-0.23398684961406369
-0.07007562187404304	-0.0729538015660579
-0.3123830526202642	-0.2968132243189489
-0.49067503682675717	-0.4910346965792107
-0.3063950149466743	-0.3015171741346524
-0.07769868447884498	-0.07858786499539511
-0.48247973151550383	-0.48349311108603876
-0.29459406940056354	-0.29659723170958935
-0.46723225670384405	-0.47722170210438003
-0.2891177457372791	-0.29021654260355395
-0.3216707252452444	-0.32382763938667314
-0.04075799352640708	-0.0697215032536769
-0.3778972456753351	-0.37924412855731365
-0.1058691700166765	-0.10721520797115998
-0.10836263898938903	-0.11266924271157111
-0.24809551927974205	-0.26298529401213666
-0.3085724783820041	-0.28154014673542804
-0.17323067868052178	-0.17719908049893818
-0.3751467354732245	-0.3966715348921203
-0.10547774356702799	-0.1046087173582677
-0.43691636630720154	-0.4510105439160694
-0.225741420113442	-0.2280264120487335
-0.05869228947282057	-0.06286921409037952
-0.45923353650981547	-0.46339221518964185
-0.47338287147731783	-0.46970047172037066
0.2512967149770615	0.2304206671136351
-0.3952449163622447	-0.40978947387372516
-0.4001169046482893	-0.40792587993256374
-0.13186197266490396	-0.11817745431781539
-0.5407742780664329	-0.5457922364943625
-0.17621720396741658	-0.17469390528853382
0.030018237334656916	0.027593933188605868
-0.3414887371981017	-0.3373937143428657
-0.1831278525875284	-0.16779032049755763
-0.4528779289933613	-0.4413439380555029
-0.3666185385481908	-0.35637682425286893
-0.28244233399698526	-0.2959147706017116
-0.6076734773735915	-0.5736316823794344
-0.4097707738291785	-0.4297860037572439
-0.1095435920433081	-0.08633321817714597
-0.3247566002223703	-0.3340854909097534
-0.4670602971535125	-0.47468018852654414
-0.18245008677730645	-0.17273355983617153
-0.4576047380397057	-0.4579182313223967
-0.20513614293485105	-0.206649085410215
-0.22213678709085194	-0.21738132020032802
-0.5872782371029066	-0.5996315384843851
-0.06949125781624232	-0.07587343503140805
-0.27646272967787944	-0.27057331048272687
-0.18846778969917555	-0.2052710245263335
-0.2294735425656631	-0.22304657989484
-0.18469280677120103	-0.18746387829979402
-0.49308051186297597	-0.49220580874685743
-0.33705840593538916	-0.3249728026571267
-0.34120846412138484	-0.3273814044799559
-0.13191740382212647	-0.0931648670472571
-0.2140779684793621	-0.1976988309325454
0.03525863732449164	-0.0005247794246198548
-0.21821428955458888	-0.20612038917734024
-0.09593727105787941	-0.10302427221001184
-0.5999906856537791	-0.599288512635563
-0.045916871713586715	-0.04831233491346913
-0.04490962701161649	-0.037086728331722815
-0.2462671338759863	-0.22380661622152476
-0.399961864781158	-0.3878211575506391
-0.33690467194671214	-0.4189770995227535
-0.16388029095392742	-0.17314959093622612
-0.30394366083987734	-0.33592467683325344
-0.18163627244524605	-0.1752725800839035
-0.02673200225896455	-0.02195297318888191
-0.03636900790939368	-0.03475942060129716
-0.04911969753169565	-0.05734611546460288
-0.4678453418910511	-0.4726339531121568
-0.4404955526574774	-0.4369031181841449
-0.2229084038060769	-0.25231618660012706
-0.5231872546941609	-0.5178019947491972
-0.3455511582140307	-0.3416057038694621
-0.3386594342194993	-0.3300010165935935
-0.4598873750187593	-0.4601742182385193
-0.2976816286795074	-0.3056529452554286
-0.1731521628345698	-0.17267729389037526
-0.2548494613161374	-0.2581526036582023
-0.3552357067753764	-0.3602575795329281
-0.6131461562264828	-0.62721877203042
-0.19925727959698758	-0.20198323079572364
-0.3232427940992153	-0.2557438157127439
-0.1827360991329261	-0.1941494812069822
-0.1238314784102501	-0.12778434532517785
-0.3074253229227457	-0.3003612721071411
-0.19628240347113923	-0.19592332339752766
-0.24640814513113796	-0.2588387663531886
-0.32859498738741877	-0.3345659523533607
-0.58701842513985	-0.5933413499065082
-0.3591701010758275	-0.36252433758911967
-0.17992811246666562	-0.17164956205087134
-0.21276588255389228	-0.16576009924602333
-0.28064079877134596	-0.2845467785149486
-0.293449940138494	-0.2943924065420613
-0.14848681607357506	-0.18009301669792527
-0.40158774174791567	-0.4213200460235627
-0.04109577829550748	-0.041079257697095334
-0.248747441861342	-0.246716372602394
-0.21092492067480428	-0.2119902647109145
-0.4443873323911589	-0.45214890496592636
-0.3728716891156978	-0.3890870922144501
-0.4408744486399012	-0.4448416468872573
-0.09279943331122098	-0.2298013141441465
-0.27783391311663763	-0.27272391551829483
-0.10176790352309162	-0.14918562372560948
-0.3453284485973498	-0.3695404222379734
-0.06220977485893364	-0.06957279826978313
-0.2971781951325969	-0.30021280161937397
-0.3939830708754304	-0.3730691082393418
-0.4188600716931017	-0.42689934639694166
-0.25813587981000374	-0.23589173511163739
-0.25175611998679415	-0.2533198839231433
-0.4630166744514135	-0.458229900759323
0.059168891768852205	0.05909816042237824
-0.40562849271914203	-0.39446847062752
-0.5521647600036896	-0.5488231586537612
-0.3049003312751015	-0.3055331982797082
-0.16656791517014735	-0.17510042609887844
-0.18004654815001686	-0.18933047700150696
-0.23303699301617442	-0.23105260806468567
0.03591230703162118	0.021918077217227272
-0.30560466549566456	-0.31986862617939343
-0.29598212359722886	-0.3146625447257167
-0.44670828878387603	-0.4538988155511073
-0.354036007177994	-0.3623176501440199
-0.12571875582617587	-0.13748639828976014
-0.44387183361360716	-0.45286165122120786
-0.507569567788325	-0.5023020645694637
-0.4740929697283516	-0.46453134158695997
0.046548520976459784	0.02583955533523135
-0.2384268943776071	-0.24545153991565655
-0.10010986242939524	-0.10654575568296705
-0.004639600312275505	-0.027997318413229583
-0.40362224284429704	-0.39378640644168045
-0.14159892503738014	-0.13216993136647562
-0.2748553193561172	-0.27447540943809473
-0.49218489179607694	-0.4657648759147422
-0.45596030249384967	-0.46489514045903135
-0.09198452326618511	-0.09091632557066902
-0.108099726973645	-0.12094914214020766
-0.5176100521105029	-0.516927434448617
-0.3592749558791315	-0.3557490353764809
-0.19276454454578662	-0.18635488234408518
-0.13877786061370934	-0.1448354258604689
-0.09453451777098998	-0.10652246528953571
-0.05928166533905532	-0.05289965085417658
-0.4742734184715145	-0.4610823153569789
-0.13088873414129942	-0.13563203752445546
-0.6216505411376696	-0.6339350225830356
-0.5440126910949861	-0.5481056411805697
-0.17266337248970842	-0.18353747649237465
-0.24821165928346467	-0.2407206723216168
0.0669559744352286	-0.007377836359794405
-0.01819893096911329	-0.026676742009063056
-0.1806289667597918	-0.18929470752209143
-0.1728629738325882	-0.18102192675296258
-0.23401572657653702	-0.23759945882866704
-0.09303252116779959	-0.12740303613224085
-0.3419300969233241	-0.33122931132120415
-0.022725182833839952	-0.039431303060539644
-0.42137695642252027	-0.406881058287746
-0.3107078184876553	-0.3097909049523305
-0.10837036364619568	-0.08598783616890797
-0.25956530252325294	-0.2558606513250092
-0.4601192587451033	-0.41584868631550004
-0.32781960107618247	-0.3278221020112925
-0.19566595294888423	-0.1936059602526072
-0.3806158827665964	-0.3673285397576174
-0.44894741312883646	-0.46621535461234237
0.0024018463510051546	0.028867174378017
-0.1339290795395165	-0.1295241823579621
-0.28867819801646455	-0.27354000638853354
-0.06438090694626197	-0.06624928328322928
-0.22575780550624192	-0.26634793805229245
-0.4403931961077623	-0.4504556541540589
-0.1731849521891391	-0.21323408471247657
-0.41673464267813465	-0.41820778945427084
-0.23753964578734355	-0.26413350492833626
-0.46323462908665825	-0.4692531197469465
-0.0674153114285101	-0.05520891029812649
-0.5025614452159441	-0.501130238336815
-0.15867551902323118	-0.1630420268662468
-0.05318097201528538	-0.061020636259638085
-0.010578481824846442	-0.018407591540848464
-0.47161778510783314	-0.46036867092553274
-0.3116583682919378	-0.3101135819058268
