-0.244059329378425	-0.2927783552146175
-0.31719792657012036	-0.2781192030502217
-0.19674476502942362	-0.200528352038108
-0.39246968854679665	-0.2440268736859214
-0.11402165452879665	-0.10560591962348154
-0.35246419419420505	-0.34038693378098017
-0.36582315835825696	-0.32965959802986045
-0.05901872556011867	-0.28421519547864993
-0.3214462031126786	-0.32665417376355665
-0.3713225822895865	-0.36754204750326847
-0.13037464551154088	-0.141326933294413
-0.16488320606444873	-0.24151854560461367
-0.2996993788519191	-0.3042781945252333
-0.5228456288432479	-0.5274329574845736
-0.26333002953690254	-0.28517119167769345
-0.49194657412489384	-0.4848397900013896
-0.047989362664658586	-0.052285286965520164
-0.4096428032131705	-0.35214427063498904
-0.22708614470617405	-0.23150877572955025
-0.2295325132714332	-0.2343140019339249
-0.19851485707324734	-0.2990195775259764
-0.29478983168674944	-0.29401401679622957
-0.3002479158406217	-0.3052890340160769
-0.5373239557962695	-0.5423580937539283
-0.24652922251703657	-0.25718138387262324
-0.27346986174718424	-0.25258963092300035
-0.13955725306967892	-0.15969072660266712
-0.3677273347911285	-0.26736962130310016
-0.33601151813593866	-0.3591927412332169
-0.32375536583430886	-0.3493247854013019
-0.21739613120260337	-0.22287322522567257
-0.20146256423805653	-0.2194217667547021
-0.31482839247915706	-0.3028532997875944
-0.5401041976871515	-0.5279885458538968
-0.25779487437967674	-0.22843162925525015
-0.4236675689151106	-0.3489240293402864
-0.33349962958845936	-0.36774498000945866
-0.3377421934505982	-0.3290894948837446
-0.2626674404880518	-0.2659551667081959
-0.2798041323485574	-0.25843212077363653
-0.3338524662234832	-0.2604753784803479
-0.42030641764208276	-0.425861428287535
-0.23461658715742217	-0.24312980268021178
-0.3041396926257107	-0.2711839698032109
-0.3805748590436302	-0.3787129547165037
-0.33477333132415055	-0.3230244806543907
-0.5332864015629042	-0.5262958364157012
-0.2284386254119255	-0.20199638547794682
-0.49443260561375624	-0.4956699053816926
-0.5522078005180333	-0.5576586070506738
-0.2904585313927406	-0.29433783696169974
-0.35030471781674777	-0.33886178856352667
-0.5382918228102529	-0.546060902091451
-0.3254533001277018	-0.3372384513206504
-0.18907579562930898	-0.19297605868968004
-0.16671759404332143	-0.2671193199874873
-0.38774001096983035	-0.3885358466703951
-0.24250228574691768	-0.2518513016840198
-0.14152642223588785	-0.17966398736445677
-0.4729945464700087	-0.4366711898318531
-0.40396681414762625	-0.3698449136505194
-0.5655873719603282	-0.5596976234307369
-0.3623389384343678	-0.3663071256235783
-0.2693741474829956	-0.26740354576940245
-0.3833053565812765	-0.22303546431972865
-0.2913284777023506	-0.26815242781296805
-0.25314050976433755	-0.2664329625070446
-0.5505589685567003	-0.54421519637562
-0.08055323569266726	-0.0707975168560225
-0.2132271499805789	-0.21979843991574255
-0.09517751522522033	-0.21214169115951526
-0.3884163635579725	-0.390930616129977
-0.12177846830510575	-0.12331266098246994
-0.2460104009589692	-0.2509791644328818
-0.3308148410024394	-0.3188671536610719
-0.35593243342258063	-0.3634914179338607
-0.2367358880699335	-0.2618678708317958
-0.12176903224740343	-0.13578058261146692
-0.2712040262955604	-0.2706927412359668
-0.2013323600572594	-0.07705292871963633
-0.4908825202919971	-0.5072088368522634
-0.12317073693082037	-0.12012228264022164
-0.10571990141469811	-0.33083773250317555
-0.09607693268661599	-0.09902735894716078
-0.5410483940901081	-0.5388019482208598
-0.24498757199197208	-0.23396766311888847
-0.24201413934230054	-0.23693056381756913
-0.1013527673101855	-0.12200317415114158
-0.3189094697590562	-0.3428885640395223
-0.43195628506611783	-0.4245265229162258
-0.2103938756704622	-0.19941119200859275
-0.2699184325283568	-0.23539167619558915
-0.34009714660700574	-0.30785565273928156
-0.34454224244177567	-0.3469432475232393
-0.23971433647836093	-0.24315274492456299
-0.11762324529301083	-0.11762115157023348
-0.4004526702815241	-0.38702885758101346
-0.26766352874633625	-0.2586983747759114
-0.19010447691305465	-0.1911503302560365
-0.2872565155257121	-0.2833079803943843
-0.360272979437541	-0.35256834841763357
-0.2604803614512363	-0.2592929948133187
-0.35362866323273323	-0.34635847576749723
-0.22322960902416966	-0.22358189110832985
-0.49522929434884233	-0.5033695023751863
-0.3661694029219227	-0.34154372684447254
-0.28071400449143624	-0.29843268181780574
-0.4767663936134454	-0.3003072193050963
-0.5528722490715179	-0.5516367288956002
-0.37191401971000815	-0.32535000735588976
-0.23394330083063508	-0.2455410705892973
-0.4596180804484806	-0.4530356931333476
-0.389855306704991	-0.376654911511956
-0.15843535439967127	-0.14449786483528645
-0.24439357136948558	-0.2357609156232274
-0.4267069978720581	-0.4191008728047026
-0.4468819634529666	-0.4385952692732449
-0.42872255783689894	-0.38861461396928837
-0.3227738054068183	-0.27990806194790724
-0.39104233947844236	-0.3847798719524151
-0.5257785756770907	-0.5333321203349545
-0.5554158461341849	-0.5502562136768053
-0.45159406124645507	-0.4472526864902984
-0.3087789924666282	-0.3128044748440923
-0.2788150797741764	-0.28883606814645674
-0.32856729668910667	-0.310722954597526
-0.3421603795617649	-0.3424605283820575
-0.32693923436674943	-0.2778155392929827
-0.10633909708184497	-0.28595648474885904
-0.24181102697524892	-0.24389582280979163
-0.4664611618407264	-0.46253950804518207
-0.12064425142252588	-0.12689002286959375
-0.2631644366719854	-0.2644519184114464
-0.5502831326098239	-0.5563734566913378
-0.0973367614675471	-0.08658622596918297
-0.10923579983729681	-0.10056936712072077
-0.23641061830731047	-0.2340592367680016
-0.1327737432849041	-0.09943929534000921
-0.346938850529245	-0.3482373870347161
-0.3806650497152546	-0.3886034101018604
-0.2838174664171831	-0.29862246496420525
-0.23361888939955655	-0.23559548243592598
-0.24024277921683002	-0.21147541049086377
-0.3934365257903245	-0.3865645477307016
-0.09911879075935204	-0.10017593690295992
-0.3349322437041309	-0.3329945163097988
-0.3567700229519204	-0.17368892865488758
-0.260929645337054	-0.28388458297441305
-0.2786572866574577	-0.23538350423517693
-0.4419385967147207	-0.3854767809191674
-0.5381923722826691	-0.5369608978978906
-0.3616371865680428	-0.29893120459941214
-0.2703054562299432	-0.24993780165619325
-0.414077719932461	-0.3827479228324271
-0.10995126368692709	-0.09307379657738755
-0.4388864797562988	-0.44273712683976696
-0.2970022347672554	-0.28849908267932384
-0.4107401087534903	-0.41332400893974147
-0.39997502040470856	-0.40506235472553254
-0.2554141275629789	-0.2517562657674786
-0.49819286494370374	-0.44805034780325037
-0.27541789449361787	-0.27690503225679436
-0.3051264146531878	-0.31415648245860717
-0.2851771944616601	-0.2442625230397781
-0.2560956324461685	-0.25156663545577124
-0.25794723500042593	-0.2519114103864308
-0.35061360220290716	-0.3721761466843794
-0.09732956867165221	-0.0964841584019813
-0.28896684937168793	-0.2735075193609596
-0.25096873150506127	-0.24544174582999395
-0.24136505627838645	-0.18638422426549744
-0.4205448344481866	-0.3925605473887077
-0.25226231102113417	-0.2648130860552572
-0.3542884393761625	-0.35347317881250956
-0.2545433554074883	-0.25830017419550233
-0.3765736299955016	-0.3208014290255866
-0.4083842451280226	-0.39467722387765103
-0.3510250830423125	-0.3575775695129938
-0.250291347881026	-0.3286206121923647
-0.3965507538209181	-0.3376922463143148
-0.28145748034632234	-0.2806979698272183
-0.2932614529036375	-0.271980355650697
-0.5148042437578226	-0.5108928353474328
-0.31785597613871097	-0.3110427205590798
-0.25930040240307584	-0.25247848111507876
-0.3200713131702102	-0.3171599726578147
-0.2929882219180726	-0.29305364500598663
-0.30665526445979197	-0.30278057783950557
-0.20508177136669303	-0.23874470853901014
-0.3741934897150223	-0.37388273338192496
-0.26744222326138356	-0.26782278147612787
-0.3550597409457623	-0.37628514043628036
-0.20224964355910124	-0.20726442709456497
-0.4029230591668522	-0.4074755299185544
-0.2568533925811014	-0.25649482617315594
-0.5418298601081197	-0.5422438171411068
-0.31023960729302225	-0.30655480217454795
-0.34087340345603323	-0.35311004986448347
-0.34703166468660385	-0.36465441473673144
-0.379089526060989	-0.3580943908396157
-0.2967854336328202	-0.26650013402772127
-0.38668687669895974	-0.3765301137225742
-0.3186224366785524	-0.30676489808902413
-0.33921304845271827	-0.3031289577771878
-0.27049328381151483	-0.29227293801199894
-0.38994675264467915	-0.3844912328315162
-0.5095029918814422	-0.5089882023856434
-0.233104504032152	-0.2424791353158437
-0.3901506037828675	-0.43358121520536363
-0.3049825290847501	-0.30653898961985054
-0.5081128970255406	-0.5068859804937806
0.03699640006815841	-0.11698272866147148
-0.5340779169646872	-0.5374802049528995
-0.3126479026427571	-0.31237070378530096
-0.4930558335248669	-0.4661218198195261
-0.37978935242322187	-0.3561827922001605
-0.25405811216408125	-0.2834802376640173
-0.5426350848344317	-0.5371055788405154
-0.2729689236612298	-0.2718253257727998
-0.5061116767231582	-0.5088328556151875
-0.5098348042793841	-0.5052033809148682
-0.2431494555300162	-0.26673972710516236
-0.28569933708721607	-0.27647807864776885
-0.3662896237973001	-0.3648197029162362
-0.23891022924135008	-0.2540870641518917
-0.35714049817203275	-0.360177677726388
-0.31521517355835726	-0.3358005339561581
-0.5285573495763902	-0.519327594891563
-0.34126723905166756	-0.31340908482091384
-0.26737950247172826	-0.24744353381840564
-0.2576468414121198	-0.2518575844795287
-0.5306965105192702	-0.5257060234150112
-0.40470577928669194	-0.39241461568451647
-0.32001738126496093	-0.4012143251667224
-0.350139635135033	-0.39355388216394044
-0.35795030568807107	-0.4203846392085086
-0.33598976126536506	-0.37563128245259947
-0.26160755010810277	-0.26307380468598207
-0.4194959506561968	-0.424432774909984
-0.38610289989090063	-0.38597174515221083
-0.4175937810072572	-0.3166557873346972
-0.474169205390341	-0.5232666314713754
-0.3701692763690634	-0.37352623283192354
-0.16769023258040505	-0.11760847804379855
-0.5000800254652926	-0.4811891058942643
-0.2816272195118259	-0.29647038473662995
-0.481781142789071	-0.4724463238330308
-0.3330284777698367	-0.36111690182561285
-0.11157115852976318	-0.23513128964424632
-0.2225236345852153	-0.28144718280893827
-0.2714040122270802	-0.23869913883823832
-0.2548529045141166	-0.20712033798302265
-0.2569011041846512	-0.24538101922610686
-0.2736149758324995	-0.2698288607594669
-0.1170757603496213	-0.10856055613575262
-0.24120730564581194	-0.25324213199854206
-0.3888172943062074	-0.38844903761265853
-0.269654116481572	-0.2606595581636685
-0.049803769419115795	-0.2626308367451458
-0.3336594003376039	-0.3311983359902551
-0.14196810560421902	-0.24359311254801733
-0.5279825435633683	-0.5182080570232188
-0.2458123497136384	-0.23416449027988095
-0.4003361770760385	-0.4018252271656978
-0.22913881910159617	-0.22818823686355058
-0.26516640329153773	-0.2792487689430528
-0.28864331716533087	-0.2871742283676242
-0.5436740358929839	-0.543542349603913
-0.4181054523647205	-0.42191057552695893
-0.46968870929076445	-0.3980576865669823
-0.3824896691290576	-0.387984186059353
-0.30538033935187414	-0.2846299378903397
-0.3751355900824862	-0.37339186530898677
-0.27110077699916957	-0.24501352405542157
-0.2329671367951498	-0.22450098871176613
-0.24112862927716705	-0.24761565285125978
-0.2328500631213295	-0.25991947434430296
-0.31089418530526913	-0.3272579721284639
-0.4596621468330291	-0.4267003735940079
-0.3716039218969218	-0.38603474015458555
-0.3482632214301482	-0.34840197579360954
-0.42290547046759386	-0.42077767462501425
-0.4202162393824391	-0.41979237771823164
-0.24897840943460814	-0.25980582636667104
-0.11130308733511285	-0.09780637560366454
-0.20989569882986991	-0.20410119823427933
-0.510611134465794	-0.5192303328178404
-0.29050349665154584	-0.28536194471845805
-0.2537865640433221	-0.2766048886966411
-0.26621781001428246	-0.26119820271445116
-0.2235033000299751	-0.21830929368137564
-0.3185964635448535	-0.2859701592757938
-0.3880662149399363	-0.3737761979955287
-0.4240442928332939	-0.43114003308825527
-0.4951232752961854	-0.33591537856600884
-0.41145130052020207	-0.4005616172473615
-0.10633931465759261	-0.11369633176082002
-0.13985170095876676	-0.16423348144748232
-0.24538175581576382	-0.24696055643349107
-0.2984289224686343	-0.2884843357012048
-0.31472537406603074	-0.30686407024791723
-0.32070471158698055	-0.2555596114132863
-0.2830649161895842	-0.3229674523643544
-0.5300695450158557	-0.5330766660866489
-0.1448369001133596	-0.1319351755773659
-0.16372730851963624	-0.1677482891790841
-0.41587847094901953	-0.41588111772417696
-0.25193264500769885	-0.2568704725105808
-0.31069218576719315	-0.30859182579508676
-0.07561861838301276	-0.08381079918891494
-0.21774747790419013	-0.23080961693674862
-0.38865179352577073	-0.36368339636487707
-0.48985251530312013	-0.4707372829664088
-0.37995006199278336	-0.36873014830082884
-0.4100361550711771	-0.38777185445413476
-0.13507468801697975	-0.10580518341787878
-0.13613213358530274	-0.3122485416568132
-0.41934998756933695	-0.408981381234196
-0.21858657814756377	-0.21887955919286198
-0.34232785778324626	-0.3344320154745417
-0.39840092856309894	-0.3988458309372096
-0.1520328374048674	-0.1749201530211885
-0.27215654453493343	-0.2889979860760201
-0.0935993176483727	-0.12253206530896381
-0.5548404037850467	-0.5665617314178839
-0.22429265723997638	-0.26544577806827313
-0.2832677351581019	-0.2766329539496955
-0.2805307478611656	-0.2777082672709017
-0.21097895389804222	-0.23106786058755352
-0.5226755441791759	-0.530257791645213
-0.08825348698679392	-0.08358110675993
-0.40195553740072754	-0.4002733085640802
-0.28186799419967024	-0.3378321041993782
-0.4295157596537873	-0.4271808145144425
-0.3756742476485666	-0.34835228121129386
-0.3789972745532033	-0.37184336994269995
-0.18690929771817721	-0.20570639743049132
-0.35363065577646324	-0.29723117211902894
-0.32785167851415054	-0.3341091531243321
-0.25724757993924996	-0.24142896209694084
-0.277115792976101	-0.28079059230433356
-0.37856954697299017	-0.22367219947758896
-0.3347567561510232	-0.34492816299012496
-0.3641544071944196	-0.36799619505416203
-0.3422857469289937	-0.30491565308316
-0.39341684257791343	-0.35498614309936244
-0.38863997984372567	-0.3733020327349229
-0.3656489955597806	-0.33681062079209845
-0.3486201739934671	-0.32783489280278755
-0.07669854345889959	-0.16930643522635871
-0.25555567671387003	-0.2687357996403075
-0.39385639770890535	-0.3988454739309219
-0.2683253974389075	-0.28536596241648504
-0.24033832255353715	-0.24014694342502763
-0.10045091455906885	-0.10490637118723292
-0.26421582096300256	-0.2463063744948015
-0.15258601750853096	-0.19637616123707502
-0.264853625255423	-0.23686306634529367
-0.35049023356460296	-0.3473356129877419
-0.2502893894659888	-0.2562938061868073
-0.36428644277129507	-0.30422827265946406
-0.3127133020249424	-0.30018670939806397
-0.4363103706165141	-0.4311669984208774
-0.32309061124412963	-0.2961839865799958
-0.23091529439199476	-0.223050329516601
-0.5066351075585764	-0.5112692363899137
-0.3238037986903599	-0.3418505569104265
-0.15086689761892913	-0.14552328944496595
-0.25965256679198845	-0.2606911654554406
-0.41087691749665467	-0.3948353242937927
-0.2464960559960936	-0.2652233202317234
-0.4429529127448113	-0.4414201801860043
-0.4395703308609278	-0.42204818402267374
-0.3580586843733453	-0.36223907034407193
-0.19303514713151948	-0.2103679473052505
-0.49738038222810665	-0.4906749606600197
-0.14952753201529134	-0.24169370389446534
-0.2687863022954353	-0.2736488337913779
-0.22836778221942566	-0.23921332299718417
-0.2815257266493454	-0.286319499005554
-0.2658881686073773	-0.25898051685356155
-0.1569274473016371	-0.23619170796121675
-0.3279508677828602	-0.3200389303493924
-0.5034917982844505	-0.46659616612100874
-0.2595466535598412	-0.2705708432524323
-0.4324345789909252	-0.43465170107057
-0.2537336127728569	-0.23553271184490907
-0.335407504993146	-0.3385981101383027
-0.283200721823496	-0.31158299362764624
-0.3937001657037271	-0.3988279056018098
-0.46704222744055635	-0.46880082473069845
-0.3701371762236114	-0.38067496887261876
-0.3678658912020083	-0.31143645094408723
-0.3803841585188934	-0.4057762591974429
-0.2564599905731022	-0.30546643778928445
-0.29689266560264826	-0.26249628321603796
-0.3907307461233991	-0.32737892109071387
-0.3492897772319594	-0.3594198996347014
-0.5028912933647192	-0.5106010204869769
-0.31729165142157	-0.31039462871273044
-0.4060405073145432	-0.4032048766812478
-0.3884448988590652	-0.4230529575593839
-0.3690669146841472	-0.3690028772651061
-0.2906565717145	-0.30125979021074356
-0.5529756032983766	-0.5553864963921644
-0.3333983405416703	-0.3604649208502902
-0.2697259888365622	-0.26839804999313066
-0.10664190120018091	-0.11435051907769773
-0.3076424696945175	-0.3033178431881513
-0.2129239731407857	-0.17718652818041922
-0.03581229718830237	-0.05074968765187247
-0.05246729823086227	-0.06747362060565597
-0.2215866906949131	-0.2463112388396811
-0.2569360447495619	-0.2597374601525488
-0.33063020718189406	-0.2979209307683197
-0.3374424751462133	-0.3342620360615756
-0.2868921038338783	-0.2885287758463094
-0.23677667943014669	-0.21927378957086216
-0.5376870105968106	-0.535276477842241
-0.21771102879923276	-0.2212603364824936
-0.4703734661025827	-0.46314979905102444
-0.3892655870323125	-0.3738286606306199
-0.09688852711934359	-0.10878865440563719
-0.2277972665472099	-0.23194335920252995
-0.4498651949314372	-0.4498672480239134
-0.3296507146138037	-0.35144298781260835
-0.36934407541475167	-0.3647985840506238
-0.3448508868625382	-0.3681002434300991
-0.5246929886232596	-0.5131616141274503
-0.24333915774991333	-0.25086413714471184
-0.40518313843075937	-0.3239190504156114
-0.24428160755722672	-0.2425830808697996
-0.238798017230053	-0.24387454704149977
-0.2806932686550212	-0.27812940130013114
-0.10995713775257343	-0.21708232275303668
-0.4217889462948463	-0.43652743905207486
-0.4525986746113375	-0.44724593043555133
-0.4017465404960756	-0.396736972855004
-0.3797640271304452	-0.38148480882598035
-0.21822850085649748	-0.31859552965151094
-0.34995590331569204	-0.347657451764233
-0.1900626009842732	-0.20587720763023384
-0.24899558043960113	-0.249024659790075
-0.24746230343572506	-0.2593712101245173
-0.2778403028775678	-0.2662736346757147
-0.1021467202440487	-0.18217228147660558
-0.2166792503911381	-0.06776937956470531
-0.4203936978937186	-0.4255613773565241
-0.30114128171523546	-0.3084186200223236
-0.39525222767117896	-0.39079157041628726
-0.25599349470088484	-0.2706412096119407
-0.24953413123098578	-0.24886401454626003
-0.28155490350482637	-0.2724377844027005
-0.2518169067391227	-0.29032719715176136
-0.36846079606165283	-0.3567214321649378
-0.36934018814464764	-0.36749759512188374
-0.34464289060086273	-0.3264598471602236
-0.3051232201907368	-0.2888828963675975
-0.3013875937609054	-0.30777688774752604
-0.3665333708616849	-0.3607089655687787
-0.3204956213221237	-0.37742054299478295
-0.33418635991377243	-0.34698236626603024
-0.2415943967175629	-0.24455667071719736
-0.16436794264194887	-0.19382562130077297
-0.4270595095768783	-0.4188663175674462
-0.36562606165050937	-0.33225858218985643
-0.2387805906788003	-0.24852454235701374
-0.5410559195313596	-0.5389672413814003
-0.3362774637310437	-0.2796597981684405
-0.4144604219080108	-0.4229928621359559
-0.14132226340762166	-0.12327528951022915
-0.2494975663572525	-0.2214307972280767
-0.28088473874689157	-0.27963630866479133
-0.13059730853986906	-0.12533714316998543
-0.52428400430769	-0.5238172464177021
-0.37038675247211117	-0.36974812498731363
-0.3906669534206131	-0.3932466819730458
-0.29283823079005344	-0.2858172469367526
-0.23286850073729326	-0.27385469674354407
-0.412160695865321	-0.4117961189481754
-0.30042880330704946	-0.29669187147820253
-0.4184860564262287	-0.41711885521208836
-0.41300350111491113	-0.4144061734666305
-0.3260723443299973	-0.3752234756732856
-0.25815798838924664	-0.27502707411760274
-0.5595352797028923	-0.5530176629406124
-0.4289085764880838	-0.4062708534718546
-0.3736280882850096	-0.3868921495687748
-0.2996732223499521	-0.37360811717141335
-0.38829588553461036	-0.332416490374021
-0.2685132242888404	-0.2638498938603087
-0.3023568102977734	-0.2913145179513167
-0.5271143540240626	-0.5238213804295266
-0.39159368697141517	-0.35096434202304905
-0.23981612915342154	-0.23821065088898002
-0.3605915062237841	-0.287760682653391
-0.46829569758256184	-0.3387218500900472
-0.3409432803002552	-0.3318024103305911
-0.3663943859782073	-0.34248073739060997
-0.2652326139509231	-0.25847720521616424
-0.3368022500449612	-0.32366225172995455
-0.40134882031883734	-0.4060888488835442
-0.3972284046595256	-0.39176926294081926
-0.3738899852789146	-0.3816212606935083
-0.25018818170661916	-0.24721608860769959
-0.5393124057300085	-0.5530024508738317
-0.3221297279062689	-0.32926140518186603
-0.3995035291511222	-0.3964450923898208
-0.31778347543506413	-0.3054594119710836
-0.27595108140599933	-0.27516331433349567
-0.43591000458222595	-0.4355773552486379
-0.09535159654918957	-0.0243312158599809
-0.076312919937509	-0.0906964861651981
-0.19211390250334404	-0.21706578194773807
-0.427482000756811	-0.4212876166072599
-0.38893814897946655	-0.3600445685811129
-0.3966674986727785	-0.39607104187935177
-0.2802964715052134	-0.2907042564459629
-0.229256199644297	-0.23858064194601422
-0.40848568208402725	-0.36917513036627836
-0.08268862150690914	-0.18289224009778463
-0.34993987921548	-0.2921480137854058
-0.3512385424141229	-0.33042247784716916
-0.10368765723792706	-0.23236265742390327
-0.3302381805717651	-0.3431186207606996
-0.21899014502835712	-0.20849805170666574
-0.38002515357034206	-0.38192492434716474
-0.25250367162295007	-0.16868705430848596
-0.35870362266713585	-0.3514734505794395
-0.2103869933311593	-0.20594520712335454
-0.38438743488829097	-0.39311398797579417
-0.24997364821490287	-0.25781748808691735
-0.23623059230017596	-0.2400241339304064
-0.38880403494407645	-0.40804265780351434
-0.2886908583956096	-0.2583136128158491
-0.1531174458819038	-0.14294525520689574
-0.2735574068479849	-0.28100329517275346
-0.20030974903983179	-0.20300375519458871
-0.3699610855616058	-0.3861668605298196
-0.5424544882063742	-0.5504632260397663
-0.39914114901318243	-0.3969013526753104
-0.3360663721315156	-0.34830122866324525
-0.16356367426746843	-0.23428462147623733
-0.23935487603519867	-0.23374209844924068
-0.34791431227204583	-0.29913481986903107
-0.3662927644117513	-0.38538964024575945
-0.4013688002229685	-0.38777167265705925
-0.05204644996758212	-0.2656277603445685
-0.39666257442229025	-0.40518295805435367
-0.26508097696912003	-0.25285287680240126
-0.28213429449025007	-0.2817418848882296
-0.16662539778925556	-0.15206624404911942
-0.35937743293222013	-0.3669577087276426
-0.27943785181613734	-0.28679260752537067
-0.3817416790615642	-0.3781320911674975
-0.045149483536135904	-0.04537024162031778
-0.46068070384664495	-0.4608208392964856
-0.2726043630901849	-0.2696412265539643
-0.34821608905964396	-0.3737517241156285
-0.2646955226354173	-0.2561859812799969
-0.40630152769139016	-0.4111870945636959
-0.364528095934034	-0.3832683176502198
-0.24261871836455384	-0.22960673885590177
-0.27826243187073985	-0.2719804507490765
-0.17542318931599254	-0.17830581021065864
-0.5499179364413607	-0.5514265309659154
-0.07928997843374219	-0.07798905943751593
-0.5543349223200273	-0.552810281688767
-0.23826962665294715	-0.24425366415830194
-0.24274847496450747	-0.24005423987805732
-0.4695217060381385	-0.4726831006027478
-0.38481392916478185	-0.3440123863012023
-0.15152234597367809	-0.1542048838259638
-0.25875226844386034	-0.260213784162107
-0.06402370397460544	-0.0546270932058668
-0.2664404851244626	-0.25510931352464733
-0.2630244874505614	-0.2548097927232112
-0.33440005390026784	-0.3535279058022791
-0.30406991097446046	-0.30946298668387595
-0.07677682223570415	-0.07846571174156099
-0.3725944527563243	-0.37156259986069334
-0.2688393230048227	-0.2687523528021238
-0.5275712914289805	-0.5192549495897447
-0.32778499626891744	-0.4169139092372455
-0.189349083733104	-0.19568693195501088
-0.1996969893845062	-0.225576155135155
-0.37966817916539597	-0.37063481840539253
-0.2891654226209468	-0.29144889415372993
-0.4141435595904106	-0.3993757302908956
-0.028163601270529526	-0.04694356200302292
-0.3735772630437211	-0.3720798662878051
-0.3668255378816099	-0.33641405020164605
-0.2999208726482685	-0.3008625045725274
-0.13578691497047224	-0.1556732734983743
-0.4059931443202647	-0.40721422340447433
-0.28856611647754704	-0.2542980171521856
-0.26998007319289385	-0.2770010403975
-0.23736016197746324	-0.24454557938159296
-0.18582529300748618	-0.21100647776984383
-0.12567517971672082	-0.2746872917541619
-0.29809035268440454	-0.2697397228286956
-0.34776170249587324	-0.337174033219418
-0.24405092465602252	-0.24595601305993595
-0.27637703834385974	-0.27522209883889825
-0.3339623458400105	-0.3290706748989384
-0.510092831773834	-0.5142012791268725
-0.18735768710659073	-0.36067821330281685
-0.23701143482595732	-0.2360511316895495
-0.43890840970848366	-0.4233995023637263
-0.3576622354669965	-0.2977684999678704
-0.10681945750566868	-0.10248985048196867
-0.29815283437536877	-0.2989404369983588
-0.04741120359310713	-0.04668955067254587
-0.2696367922333245	-0.26355210640760784
-0.47334766623487745	-0.47098305754577957
-0.2328204776932985	-0.23501829074861227
-0.42705789327700394	-0.38510191489289736
-0.415794810184849	-0.4126562767658145
-0.38608660500465675	-0.3576999399733118
-0.2680885888771769	-0.25771214559717104
-0.333448430386067	-0.3180325714376477
-0.5291786732448482	-0.5351607966312438
-0.235808989258679	-0.2552169391163778
-0.3708469223217854	-0.3219673144635186
-0.30512646234173957	-0.28070188539662655
-0.09608689662199588	-0.11654661343729182
-0.3199714499598514	-0.34586886764444963
-0.141317203216067	-0.12905171604533064
-0.5356584060444938	-0.5261058872253529
-0.06556611821193314	-0.10191932800003259
-0.2898051671191624	-0.2751621822656038
-0.288418532402936	-0.28799653698253447
-0.2554710684669175	-0.26653508624268507
-0.3688094436885798	-0.3498406406138849
-0.3551113676616442	-0.3862102393048767
-0.2520286861398713	-0.2310297505686723
-0.26678379102364147	-0.2896219936232081
-0.2498610235324321	-0.2501942605514066
-0.4590234142534442	-0.4786211377118728
-0.3080736848644712	-0.3070649908709922
-0.24276353435591247	-0.2058514134099026
-0.2257675009464961	-0.26036367809282096
-0.43231315205850507	-0.31056117943042666
-0.41316166126446063	-0.4118829339889706
-0.3068902677071641	-0.2846886504474651
-0.25784850369508305	-0.27203108690556627
-0.3541102488843144	-0.35237419896457645
-0.4053999281525602	-0.38483299611606864
-0.28246461318918037	-0.2761926826554182
-0.22952249222831256	-0.2578272123958748
-0.3580975191276945	-0.3462166787065207
-0.15714502475535674	-0.1539357441171094
-0.4056658373402975	-0.27463768247993575
-0.5398371332681098	-0.5513335196882947
-0.35963890293933076	-0.3618012665255033
-0.4263507142139744	-0.4073751320492368
-0.26434741060958444	-0.19540251753849677
-0.41059958876334335	-0.40709528362715774
-0.40212799368609353	-0.43235805258997584
-0.3738978343939987	-0.3460589292421305
-0.4537231680513365	-0.472247668837947
-0.25536005095346503	-0.21341656578455942
-0.23897866869875273	-0.14962265360741778
-0.33875473475520934	-0.3133846669933196
-0.24851777493576854	-0.2016503093083045
-0.48964473488438287	-0.4919719535233257
-0.24536307600132368	-0.23750401545485322
-0.30856434769598806	-0.31717235402944244
-0.2577164955719766	-0.2663810881281
-0.3493734200933485	-0.3035855752499575
-0.3140865702605957	-0.3230650720549329
-0.2647929276400447	-0.2424319367669667
-0.24403414846959848	-0.24582229322714597
-0.4146893610375404	-0.40571011941397633
-0.46835106611355215	-0.46791464260400795
-0.36022698750319115	-0.33178576684655015
-0.3684457422760854	-0.35305814908392263
-0.3343935384819563	-0.32162380636045906
-0.35477282425932444	-0.35427076528383195
-0.1664468422690355	-0.17288538613879953
-0.21190849096707964	-0.21962754857392253
-0.5205187724029798	-0.5148401599645044
-0.10368560718332276	-0.11038415051192335
-0.18428263511133913	-0.2570191052107489
-0.3758804481673792	-0.37386945893893553
-0.5519525715947715	-0.5531152341213481
-0.5482347316168319	-0.5540137109736081
-0.4284280360082757	-0.31695803755886753
-0.3035320156281891	-0.40759565022834243
-0.48474412201213823	-0.4903720864407503
-0.3360543932562017	-0.1454221799419054
-0.11445776251031958	-0.24502574857491385
-0.2302635777425479	-0.22237683093225852
-0.2443920404601343	-0.22673874921962886
-0.257220480011636	-0.278589232146653
-0.1103113987018407	-0.10626427188401338
-0.40841387620591085	-0.41264486239375475
-0.5189427357355587	-0.5125801888711005
-0.319575485228512	-0.2736649112209782
-0.13925999507515208	-0.15104072275467068
-0.37787224079483117	-0.38375009274987637
-0.2884437377926865	-0.30394321863075285
-0.26794617799596665	-0.2809420442318822
-0.13279813900732762	-0.1471113408192663
-0.3124593541067391	-0.3036863483934781
-0.3678357594106245	-0.37409954774878423
-0.5601173979254863	-0.5558758936172848
-0.27900709711504845	-0.2705211399925774
-0.30435443932271866	-0.2562774830357324
-0.3444828796630439	-0.3421374162385845
-0.517775868094061	-0.5172330019748446
-0.3723097573880061	-0.37332552264421226
-0.48788948001021737	-0.4920013092537825
-0.3197920452440002	-0.29729285505335445
-0.257095274673766	-0.25241484068339975
-0.04856935530558282	-0.04248455819846593
-0.256631947709117	-0.21435478383150552
-0.2999006136790854	-0.2871389096995811
-0.2684393548471782	-0.24333454108186203
-0.22834631645805104	-0.25222157661344535
-0.4146420542379996	-0.4059099703485731
-0.2599296533695803	-0.26263520773012117
-0.465131624139719	-0.46020328861906734
-0.26956529974495247	-0.29003592634202274
-0.36976152168059073	-0.3832082756792744
-0.27448917411599894	-0.27157975471074375
-0.3048321274219923	-0.3325297107419743
-0.40462657601792884	-0.3998824445888819
-0.24281647813209162	-0.23507490678470266
-0.38519236819276337	-0.3139407293196648
-0.32975951525278546	-0.20313785412639374
-0.47596294069772327	-0.3649112163057056
-0.23690518664240656	-0.22385185703920743
-0.16515475856980366	-0.17316906469238236
-0.36575756632799283	-0.4321678858216709
-0.40479877079154747	-0.4003888145562966
-0.2790758526338415	-0.30077580912239693
-0.36580041575315647	-0.37151226892369726
-0.5449660878661273	-0.481039799973099
-0.24738003581419932	-0.24443325224333176
-0.23966944229650622	-0.19731737452535594
-0.2534204046568469	-0.27147211784540043
-0.14933182637662057	-0.18350810078984178
-0.2185768971103066	-0.22020460967891756
-0.2588456953774312	-0.27272407561059736
-0.07909623845051428	-0.08727716476531382
-0.3615404786085854	-0.3673216462678664
-0.23002554287586818	-0.23591126191014275
-0.13246419926461783	-0.12463638369509482
-0.3329702462899604	-0.3218924903970548
-0.5183882269358122	-0.5119397274161068
-0.27472028151993655	-0.25174701616845097
-0.322259928287421	-0.32720303170910936
-0.36997684430267697	-0.35492247835878565
-0.42957726696925036	-0.42843097635601496
-0.23311993806766296	-0.24102399293061313
-0.5035599745562074	-0.49443401830867323
-0.28139908929132673	-0.34402068685788306
-0.13340507417029812	-0.25254750283677235
-0.3152973738142908	-0.26456571556449493
-0.41677524028111534	-0.42311332288981623
-0.4994786756869427	-0.48882795829317843
-0.43829259209186233	-0.4450245818389379
-0.27360832952691894	-0.2545941549717478
-0.17425481123281195	-0.14960186186228575
-0.3781646284181228	-0.3241532206086306
-0.20063644524289437	-0.20039451387763316
-0.24996975541761657	-0.2639207507414586
-0.21738137470817165	-0.3421403516185479
-0.376714865540972	-0.2822968639621923
-0.3524769635240119	-0.32759511595754437
-0.29838397529843164	-0.31470877605991154
-0.3805737017581663	-0.31074562586783094
-0.27089810424318017	-0.2823376701354531
-0.29125154273723197	-0.25002110941936195
-0.29670223394481	-0.2853688480445825
-0.10797460617753174	-0.12698856471172673
-0.25027221484564777	-0.32811400926381173
-0.38377609980508254	-0.40402426770265604
-0.4732527539673903	-0.4734347145174204
-0.29269124843695593	-0.2935121101828743
-0.17190953564615263	-0.1727942846568333
-0.26902656694687366	-0.26313734368249514
-0.4894747637527672	-0.49393364947105656
-0.4544232890333575	-0.4491388270647443
-0.29053269454549735	-0.2432639491323068
-0.3347802231378765	-0.33847895834667907
-0.02677530760307434	-0.2569585185132776
-0.2561943923278598	-0.23859011548828868
-0.24917009784356736	-0.2612846619021352
-0.07455040563394988	-0.11606411767409879
-0.5155758520066929	-0.525995066864181
-0.3831157295184209	-0.38372789691548564
-0.3622939208919256	-0.3674206225592344
-0.4122973993587493	-0.4190994570242513
-0.3913361395334576	-0.38682595958972277
-0.33934979876867644	-0.3463597915564455
-0.375753942701202	-0.3754462488923332
-0.3116046471817775	-0.31061673332128736
-0.29796968066055385	-0.28372188621597183
-0.3715907007152097	-0.3794387278448086
-0.10981936674417092	-0.10299408523571996
-0.4152728553170153	-0.4102076923676703
-0.4085593641788119	-0.3975270007409827
-0.3660933527661676	-0.3690445046483407
-0.13836238591027694	-0.18134346524579803
-0.35848096408543206	-0.3536950049563816
-0.3223891797260414	-0.2527476680879298
-0.22260247448747705	-0.2582549060321901
-0.3759150512463272	-0.3820579347237863
-0.2416665876051063	-0.22910269300459019
-0.4242384376817423	-0.42446395635318257
-0.3065586079522724	-0.31463318105767485
-0.487641971582347	-0.3909661245751442
-0.40187661504710803	-0.38094457601047865
-0.2527275340175308	-0.24307807814965052
-0.4451696437787689	-0.44310070999988493
-0.4031419402270835	-0.39508596399605983
-0.33316903982123414	-0.33531124508037136
-0.24938452665466926	-0.2532833476948011
-0.3644769976597573	-0.35574333969283994
-0.24589023744771943	-0.21939042030645528
-0.34822092474667343	-0.31313819093507916
-0.42402054516920806	-0.4184504718607893
-0.34200945423629037	-0.3493482684024684
-0.44785667207084856	-0.44357920027415004
-0.13892128851033725	-0.1386047706134249
-0.11333218799569877	-0.1578217238312199
-0.37340586135591813	-0.37574263243631034
-0.35192685641329646	-0.3434729506634752
-0.27917991827137634	-0.2577579943505592
-0.3356746856516537	-0.2720657279832549
-0.16899337129504133	-0.21631872805408026
-0.2932932766510312	-0.27285265406552367
-0.06351157266804464	-0.08945042458237246
-0.27614974856219376	-0.24284658686788818
-0.3865752482140685	-0.3718126523454847
-0.5057209895101202	-0.5068147102190919
-0.38988789729635087	-0.385416678155045
-0.2443538425343199	-0.2767225971269302
-0.13851886498675015	-0.19607601923204032
-0.2187852439617366	-0.2417543340805294
-0.16415562425602204	-0.40822836083331987
-0.1980258792895473	-0.3006223993229119
-0.4016562179422287	-0.3915279648669126
-0.2421527283413205	-0.24447300238058658
-0.37669174144036077	-0.3547986954969523
-0.49383238608585245	-0.5140618236095792
-0.22342304513854572	-0.23287537607628855
-0.08990788759240687	-0.10862143160239686
-0.3743605776208252	-0.35998831260769143
-0.274370039480079	-0.28334386896732155
-0.2623801465758824	-0.2660474300398992
-0.5416200947944603	-0.524483102172762
-0.3081499169291746	-0.3018445299011608
-0.28679422014696954	-0.27391373473529873
-0.41951211871613125	-0.4233130405462068
-0.2815339949943585	-0.268954679705816
-0.26140901153564045	-0.26090879435987885
-0.30537327820852234	-0.2867644485564374
-0.38675782711521123	-0.39223111833388696
-0.4229532576340951	-0.3986546063209462
-0.32280381874650743	-0.13333456681310218
-0.5140056725784241	-0.498170808773967
-0.31624597713287095	-0.3208356898657913
-0.23507675318078824	-0.22274576881435115
-0.2865062290489	-0.25142822720520314
-0.3694140034412463	-0.38192536347787476
-0.14499582499847286	-0.1395815821052415
-0.47004026585095815	-0.4764820153283427
-0.1672903912407726	-0.1577695412940914
-0.437535487789674	-0.43274411492542353
-0.11880410358629412	-0.13276485533037471
-0.19674013685786207	-0.2755473823103344
-0.335480036681151	-0.3628785409600025
-0.2982356611969976	-0.3116347510314398
-0.45526438983520734	-0.4654883740346311
-0.2931782388686557	-0.3025263856347119
-0.4062453715064649	-0.3648317804199467
-0.2840233245940009	-0.2940299134936892
-0.2885718398469699	-0.3036209921191093
-0.3983521362345961	-0.35404166608824794
-0.062403101231653935	-0.14318614053600506
-0.3786130221533064	-0.32901995736704076
-0.3282228135918537	-0.3301845270849193
-0.08642097608249344	-0.06887412447915464
-0.08860774788701065	-0.3357662766689204
-0.38993942734086495	-0.38993290124164626
-0.20008201726228414	-0.25593747664332156
-0.12399364649489897	-0.27371519669441086
-0.3142979788649569	-0.2910923412302597
-0.20026759463540422	-0.21961396487025361
-0.5451831770378224	-0.5477816948384971
-0.4652200561880484	-0.488851400949545
-0.08282422171699189	-0.13037588522462099
-0.16030437828083421	-0.14754667219248105
-0.1573213824293056	-0.16736391026327674
-0.3390205820696046	-0.29393262922639674
-0.4100409841573427	-0.39852550577906054
-0.5312716688606969	-0.5442261055107146
-0.3611733914682098	-0.37459342965038545
-0.46431471779590616	-0.4920323364255627
-0.30333396723354866	-0.23156975767653679
-0.2489547790801403	-0.2797745612710137
-0.4132681715780926	-0.4038062170202154
-0.4037590980817196	-0.3936416708487471
-0.38038238061973395	-0.4104641375831628
-0.3217728247940066	-0.265586241104129
-0.2891183433743887	-0.2675806403813306
-0.17145113416871993	-0.1842647625124778
-0.2903418829062794	-0.24115553755732624
-0.3830738790397561	-0.36048057301174374
-0.05260331177507993	-0.06520142569682914
-0.37473714992863805	-0.37460799716770377
-0.2660638123319998	-0.25209306151120914
-0.42607750494297036	-0.4263468907632815
-0.2950973480062924	-0.29880177743024006
-0.13590056529439387	-0.14692226724427074
-0.3866319806675822	-0.3903078289353843
-0.13287865448143776	-0.12185398634965784
-0.5302882126260862	-0.5176885678223325
-0.31435943503751673	-0.2775890807342456
-0.4159899411672434	-0.4213885607603427
-0.3211546130740146	-0.30459090498229024
-0.3248424760858981	-0.3133281635789972
-0.31267091480154185	-0.30628319746001603
-0.3985616983960547	-0.41009447062127735
-0.15803011493594354	-0.16328721797572257
-0.24814796288206864	-0.3046189695858707
-0.2726513149227916	-0.2922368633929297
-0.14484575582452663	-0.11417156529129732
-0.37605438115333456	-0.34877793931107615
-0.34194283061805386	-0.34033028251664793
-0.2739882443008419	-0.22184811506885344
-0.28354281610246446	-0.2964531887879061
-0.4250302572308229	-0.4223984473276236
-0.4279164795009791	-0.41424572289999495
-0.5005080859508251	-0.5017435770166978
-0.36183901582599276	-0.36825835789927513
-0.43166938300737456	-0.4412210270494061
-0.26892784739202824	-0.23875819797549064
-0.5488950085582545	-0.548784648038467
-0.4285173434710714	-0.3094143861206138
-0.144529968433055	-0.19936258076768384
-0.3837310241107925	-0.3907200456191504
-0.35684749033364227	-0.35938282164441016
-0.35475809003566994	-0.3696438594625033
-0.0786546627694964	-0.11358296543083099
-0.5609666385492034	-0.5717696781846463
-0.4595470699043247	-0.4617669277516907
-0.18720084355590316	-0.13518827157178398
-0.34669802052884435	-0.36475524235812895
-0.05507723478129378	-0.04729767730097335
-0.21763272623103092	-0.3127227074716458
-0.3284146922367377	-0.3126389001572942
-0.21995681947731605	-0.30956959910314114
-0.3313822357388361	-0.3324005746750876
-0.4448366578801277	-0.4487688100265692
-0.3802503608042933	-0.3753549042191055
-0.3687873764861678	-0.37176529626764376
-0.39427454867682954	-0.3968249784816466
-0.2676207936594128	-0.27221364373421253
-0.08741431203979388	-0.0722259959032896
-0.22254556993606656	-0.2593424992098912
-0.31155251073210977	-0.278276746331669
-0.3113269378232193	-0.28948389449041173
-0.18908424153183034	-0.1820286112983687
-0.2826902656132937	-0.3302779273010199
-0.40072273061075236	-0.4038576788582278
-0.5276928416276956	-0.5410955868486006
-0.3172300664649299	-0.30981275813518977
-0.4054458560060539	-0.3991663309264206
-0.262201481462391	-0.24954184860902306
-0.519714627588252	-0.5200053473891554
-0.5013496713118819	-0.47417076727670626
-0.4158102225280018	-0.418960646071906
-0.2614791740530791	-0.2698821867304233
-0.5374282282637726	-0.5303593475626678
-0.4277467283617735	-0.42935864726540807
-0.3452499577608741	-0.36692821658699987
-0.32107975703124225	-0.29688252376944557
-0.420285513641371	-0.4264637542668932
-0.18833457859501834	-0.23399715461265824
-0.31429515879558423	-0.3156481554978544
-0.5219278073732738	-0.500480546899658
-0.3456941661424793	-0.3253294279510171
-0.39556187227196205	-0.399924892622528
-0.31291966673791194	-0.2424903733370788
-0.10637874635933642	-0.13812496483048597
-0.3583597363577802	-0.3701562704576966
-0.2858775424394544	-0.2741982410006941
-0.2539111397314926	-0.24770432259140265
-0.23186204912886055	-0.24366703714670013
-0.40685301020026365	-0.37951854006590247
-0.22034493748221706	-0.2951038464746024
-0.5357600500388422	-0.5303674765686065
-0.4031256570904098	-0.3900995567961764
-0.5438611139595508	-0.5513640085814472
-0.31214442429781286	-0.30131811194024943
-0.5519501415007415	-0.5448074787826956
-0.37728213045662606	-0.38217546704136707
-0.42361201840719254	-0.43225594480550106
-0.32837746833907744	-0.31633649687711785
-0.5198879700669679	-0.3681137261021294
-0.17257961295062074	-0.174516502768768
-0.23193180248108547	-0.22104713277849022
-0.0357661069585653	-0.09777743622237765
-0.2873088572367273	-0.25069116794134855
-0.4694561255177625	-0.4889997871175735
-0.5644007701846547	-0.5504480302537794
-0.17559691656283505	-0.1728516870746273
-0.3772682678314432	-0.36821890333292645
-0.2760259997378043	-0.26834384628659746
-0.3333112597800394	-0.3187867385230385
-0.41059604850552844	-0.43284568683395375
-0.5002496193161221	-0.5053898485183664
-0.2903061145547845	-0.2748078312725009
-0.37606413302951225	-0.3837098891253754
-0.36339321743489705	-0.3682189118466886
-0.26230457453512557	-0.31297266634282656
-0.4515751756632511	-0.4575329100797362
-0.17745232504724484	-0.30511831110012344
-0.33276270537059816	-0.3414829963246224
-0.3673907393527358	-0.402509076893771
-0.47106446866341756	-0.4708097056620305
-0.23033275297923517	-0.23856765897140578
-0.26461080679208493	-0.2844604685557903
-0.3490372363026495	-0.31162255005684975
-0.2770684911470713	-0.28153291758839816
-0.23925979172499545	-0.32902477635330685
-0.13770437293965188	-0.15383854937068442
-0.2539993070894173	-0.26503067230396804
-0.1246366989559533	-0.15976723226336464
-0.3130578720574597	-0.2758110369113433
-0.27467778924216546	-0.259279863099473
-0.5552610815171217	-0.5514895654817479
-0.3422738476297482	-0.3009470352581654
-0.3846178876266819	-0.3972738031884698
-0.3352621897532817	-0.3769526084736334
-0.2872247776943624	-0.2957951591055404
-0.09322037300058206	-0.08737287735898273
-0.2895948865411224	-0.2877319577132693
-0.3879028519559071	-0.3967203830626719
-0.39170908376456914	-0.41362707192981063
-0.5257351771231633	-0.5156614869261951
-0.23690207632749782	-0.2453882540914688
-0.2505887469514274	-0.24718399016895568
-0.24101537026359132	-0.23456531660173968
-0.08490963248709882	-0.061746722101130025
-0.2343832832427566	-0.27508511141120856
-0.32096267865241757	-0.3071278354994711
-0.3619028214222624	-0.3035866075783875
-0.3936770430145682	-0.36115518869907937
-0.3234854335076225	-0.25520974217373443
-0.502658622181098	-0.49901032912320514
-0.42029548126567917	-0.4387333343619946
-0.25817710708035335	-0.289226056872973
-0.27880640911603294	-0.2655867234046419
-0.2919706387769736	-0.27227750287957114
-0.2801187898870907	-0.30595122334934594
-0.18374810973025646	-0.2663149365550382
-0.34305469673715017	-0.35159624837933606
-0.35350501939378276	-0.33648863669055756
-0.41090144318167887	-0.40283216962692947
-0.23668578441919408	-0.2412703677834745
-0.25843405891609805	-0.19824579183977478
-0.39959355369653693	-0.40924011664622223
-0.5266672440547122	-0.4969937710635568
-0.2512975737875216	-0.24442720846079044
-0.3343928009016892	-0.3510905924042763
-0.24458495011670855	-0.2442446460218947
-0.3242578339195674	-0.2980967950247561
-0.32466418475569725	-0.3338286668865812
-0.4700892523945406	-0.46311953625638
-0.41733342026604525	-0.4177027443141399
-0.25850696582616806	-0.27039080443203617
-0.2761334462672558	-0.24270093160300824
-0.34078837320532784	-0.2885654606141915
-0.23937746905983737	-0.2484955158092242
-0.222813531729253	-0.2316293548725438
-0.3876256020950244	-0.356241562888435
-0.08878285188236923	-0.10326481846283317
-0.26199208206378444	-0.269144815246573
-0.11236330739240685	-0.11533336248543913
-0.4072888608676948	-0.40513256678201165
-0.2744998732762749	-0.26694361274806355
-0.2595397919812008	-0.2899156731614452
-0.07925933840730437	-0.22917442020993767
-0.425483216047148	-0.42609456707223425
-0.2075033697371449	-0.1915128097323736
-0.2539168895534658	-0.22281495262159257
-0.4164699233766793	-0.40164791984502635
-0.4028175301424959	-0.40193535410447573
-0.29474321385322	-0.3111155663835317
-0.2810066547943517	-0.33199247750935446
-0.5605718510685627	-0.5476693697589925
-0.20033103370448302	-0.18802951731138315
-0.2626596376331065	-0.2821521264045677
-0.35266273321793307	-0.31939126772172827
-0.555009880425203	-0.5515804986580638
-0.558943081179212	-0.5618705534264286
-0.19692360315301372	-0.20010745689144002
-0.3412909830716977	-0.3567096473231072
-0.31814839181518906	-0.3295910832054863
-0.43168405822497924	-0.4340978999275502
-0.5477703342084546	-0.5549745843580025
-0.5532748276502133	-0.5369188522254561
-0.2870446606199444	-0.27225316576887654
-0.3599202174209637	-0.3336824134149884
-0.28371054487206493	-0.27193177340398583
-0.2163418289852217	-0.2422847020970462
-0.46210798162541344	-0.5380497027662365
-0.38550679328192317	-0.3914875024909391
-0.28826037973187013	-0.3497102936028885
-0.539150331080938	-0.5467028599202879
-0.3318526023145907	-0.3632524482784376
-0.39824470934195233	-0.41211471669878963
-0.22396597024073728	-0.2388080912595061
-0.43763209553449123	-0.4521455803125409
-0.15591960771019586	-0.19773077402778447
-0.4916315445150321	-0.49901598814188597
-0.26744524075631304	-0.2642718241580642
-0.17983590817312134	-0.25120515336875004
-0.3617166821772315	-0.3431963200421125
-0.5601751434921383	-0.5298672199106486
-0.37173566013561654	-0.3701625643128719
-0.49652473424636945	-0.4999315816589867
-0.2511027932831027	-0.26141664585629315
-0.15137575441919182	-0.24588929471594823
-0.33583978643530266	-0.3288118941101778
-0.4018190557386241	-0.39903694473105256
-0.2823001334782802	-0.28117070579042136
-0.253081697464685	-0.25830590692870475
-0.29057949060393184	-0.24900718352214635
-0.3781930451498532	-0.3243215771288437
-0.4094054266806797	-0.41196789762082514
-0.2210343928036309	-0.2437843103794361
-0.5449057388518845	-0.5543047327901138
-0.26089002697673713	-0.25661988271165564
-0.3855154482121286	-0.38523410835292826
-0.33313988011428464	-0.2969158100463395
-0.2396650488845502	-0.24130825674714196
-0.4058806498664449	-0.3766753049642559
-0.14801525529342818	-0.255411283151613
-0.4196199934327396	-0.4151365010884471
-0.4274027479438409	-0.39498205047894064
-0.5063365527031163	-0.511651973051891
-0.24561906993091398	-0.24632652839313895
-0.3806422841632937	-0.3608098539060072
-0.19284588818070247	-0.21242825905125348
-0.49905818582157835	-0.4978413894328533
-0.22272565973416647	-0.21104558940368692
-0.5333610092842918	-0.538659799121711
-0.37926682632134856	-0.38358386339635275
-0.4002688175271416	-0.4056393589860579
-0.2636926007987057	-0.2652046156177618
-0.3560046803653023	-0.3714442262437148
-0.2087253801075235	-0.20841747995321813
-0.4017265687644809	-0.3759204319570847
-0.26759549421813134	-0.28068975124251117
-0.5429013630399222	-0.5323475145449814
-0.39616216906309276	-0.38439532568212176
-0.19909895247636555	-0.2123258695934941
-0.4972872751201791	-0.4999055353481427
-0.3429075386666671	-0.3605161825542748
-0.31732931428199507	-0.2905007971924333
-0.1050807532832323	-0.08736634610654685
-0.3591626395537695	-0.36261788519460203
-0.4004386984555488	-0.4136168291559126
-0.28976413812719315	-0.2816334966162871
-0.37889197625460014	-0.3808104694952353
-0.11193110228680858	-0.10939548997900331
-0.3656126689892929	-0.3631705235998391
-0.5260522315048277	-0.5356376243784811
-0.5368327619253215	-0.5351797399860022
-0.3935765723671878	-0.3930899515657633
-0.40527469790784565	-0.412348470781884
-0.2780475742083883	-0.27436677979719687
-0.23792044430855697	-0.23653143994131998
-0.3180853499691345	-0.30019408675229525
-0.36439680519427853	-0.3694948698444709
-0.5045405445337519	-0.5016792688249683
-0.3442070382299871	-0.3170316935734365
-0.3811065847822164	-0.38332961657374476
-0.23453397218962024	-0.24343565593190722
-0.10958987208957005	-0.09305695869764048
-0.48095628449134864	-0.4715360412424439
-0.1277563577293357	-0.14055775698085396
-0.2134637845321592	-0.2527395436528056
-0.15636542032815726	-0.15980984246057334
