1.315664109427612527e-01 3.154329456959916508e-03 1.000000000000000000e+00 1.000000000000000000e+06
1.315342162241988633e-01 3.154131610567932707e-03 1.000000000000000000e+00 3.162277660168379080e+05
1.314326153488330484e-01 3.153475002759564914e-03 1.000000000000000000e+00 1.000000000000000000e+05
1.311130054044756243e-01 3.151264847161454677e-03 1.000000000000000000e+00 3.162277660168379589e+04
1.301182846546389271e-01 3.142041819368053372e-03 1.000000000000000000e+00 1.000000000000000000e+04
1.271232146029490084e-01 3.109505100141462652e-03 3.162277660168379394e-03 1.000000000000000000e+06
1.271226106685297563e-01 3.110529452964591081e-03 1.000000000000000000e+00 3.162277660168379043e+03
1.190088347287615173e-01 2.980682658767750542e-03 3.162277660168379394e-03 3.162277660168379080e+05
1.190077064917112598e-01 2.981232103656380247e-03 1.000000000000000000e+00 1.000000000000000000e+03
1.019577089185555313e-01 2.513997018903903202e-03 3.162277660168379394e-03 1.000000000000000000e+05
1.019570979037689451e-01 2.513964366522071416e-03 1.000000000000000000e+00 3.162277660168379043e+02
7.943552697730697776e-02 1.919103773266736578e-03 1.000000000000000000e+00 1.000000000000000000e+02
7.943056279573088019e-02 1.920900201749004997e-03 3.162277660168379394e-03 3.162277660168379589e+04
6.214796248097942399e-02 1.083603524075617795e-03 1.000000000000000000e+00 3.162277660168379612e+01
6.213745283552901677e-02 1.085469451946877205e-03 3.162277660168379394e-03 1.000000000000000000e+04
5.123304487845846411e-02 5.418658316961353456e-04 1.000000000000000000e+00 1.000000000000000000e+01
5.121186239330528800e-02 5.484617488297670535e-04 3.162277660168379394e-03 3.162277660168379043e+03
5.121179983411831838e-02 5.484813939606605036e-04 9.999999999999999124e-06 1.000000000000000000e+06
4.264315215427703920e-02 5.328925358053123156e-04 1.000000000000000000e+00 3.162277660168379079e+00
4.258695803319525325e-02 5.419537395397922182e-04 3.162277660168379394e-03 1.000000000000000000e+03
4.258681070191088630e-02 5.419938196705362515e-04 9.999999999999999124e-06 3.162277660168379080e+05
3.511312570459867999e-02 7.479082504237667206e-04 9.999999999999999124e-06 1.000000000000000000e+05
3.511259621896291316e-02 7.477144243441502221e-04 3.162277660168379394e-03 3.162277660168379043e+02
3.504436274308848909e-02 7.137218949223891841e-04 1.000000000000000000e+00 1.000000000000000000e+00
2.917167963519328236e-02 8.278814574082030402e-04 9.999999999999999124e-06 3.162277660168379589e+04
2.916607579013143908e-02 8.273271805570382763e-04 3.162277660168379394e-03 1.000000000000000000e+02
2.850566851811950353e-02 7.583590262664939791e-04 1.000000000000000000e+00 3.162277660168379412e-01
2.444528537402731322e-02 8.554974873721191012e-04 9.999999999999999124e-06 1.000000000000000000e+04
2.441127230214549734e-02 8.515886722484201444e-04 3.162277660168379394e-03 3.162277660168379612e+01
2.339587201800995969e-02 6.967752490419084699e-04 1.000000000000000000e+00 1.000000000000000056e-01
2.311152124963426410e-02 1.141739887569749590e-03 1.000000000000000000e+00 1.000000000000000021e-02
2.056820491015450350e-02 8.046690915864264208e-04 3.162277660168379191e-08 1.000000000000000000e+06
2.056771021330809288e-02 8.046306535792651163e-04 9.999999999999999124e-06 3.162277660168379043e+03
2.055564058696433480e-02 6.393178912289478781e-04 1.000000000000000000e+00 3.162277660168379134e-02
2.043423399320742212e-02 7.959893110227004177e-04 3.162277660168379394e-03 1.000000000000000000e+01
1.779335927778440823e-02 7.238305372862739165e-04 3.162277660168379191e-08 3.162277660168379080e+05
1.779119217183788154e-02 7.237305708239161412e-04 9.999999999999999124e-06 1.000000000000000000e+03
1.740417251309230029e-02 7.252168347007448192e-04 3.162277660168379394e-03 3.162277660168379079e+00
1.659009926748593669e-02 8.554626354026444298e-04 3.162277660168379394e-03 1.000000000000000021e-02
1.657475531030942056e-02 8.514686974815421135e-04 9.999999999999999072e-11 1.000000000000000021e-02
1.657475528473361520e-02 8.514687989531500309e-04 3.162277660168379191e-08 1.000000000000000021e-02
1.657474816572708162e-02 8.515002695172569714e-04 9.999999999999999124e-06 1.000000000000000021e-02
1.623293206367305494e-02 8.065559863583501724e-04 9.999999999999999072e-11 3.162277660168379043e+03
1.623077696870802583e-02 8.074340084565683395e-04 9.999999999999999072e-11 1.000000000000000000e+03
1.623019919343238887e-02 8.050659370331472459e-04 9.999999999999999072e-11 1.000000000000000000e+04
1.622053614209207489e-02 8.087139408340682798e-04 9.999999999999999072e-11 3.162277660168379043e+02
1.621954227438637472e-02 8.019588484686447031e-04 9.999999999999999072e-11 3.162277660168379589e+04
1.621842123161389843e-02 6.922775056470855488e-04 3.162277660168379191e-08 1.000000000000000000e+05
1.620866762385437740e-02 6.926722784264842045e-04 9.999999999999999124e-06 3.162277660168379043e+02
1.619009630092170526e-02 7.961416149589966955e-04 9.999999999999999072e-11 1.000000000000000000e+05
1.618907662178652868e-02 8.120325122079935422e-04 9.999999999999999072e-11 1.000000000000000000e+02
1.617442410292509528e-02 7.975801950113228355e-04 3.162277660168379191e-08 3.162277660168379043e+02
1.617233323044275917e-02 8.064443115686858012e-04 3.162277660168379191e-08 1.000000000000000000e+02
1.610987617547654863e-02 7.828042377556744232e-04 9.999999999999999072e-11 3.162277660168379080e+05
1.610515508390462230e-02 8.202248033676325491e-04 9.999999999999999072e-11 3.162277660168379612e+01
1.610489541862857032e-02 7.831657911620658200e-04 3.162277660168379191e-08 1.000000000000000000e+03
1.609931917505142557e-02 8.179054673081757269e-04 3.162277660168379191e-08 3.162277660168379612e+01
1.594694860756007068e-02 7.657403634367592003e-04 9.999999999999999072e-11 1.000000000000000000e+06
1.594533054445231371e-02 7.658190915589899303e-04 3.162277660168379191e-08 3.162277660168379043e+03
1.592310855176879217e-02 8.436936470326878053e-04 9.999999999999999072e-11 1.000000000000000000e+01
1.592120558493746035e-02 8.427023589761211504e-04 3.162277660168379191e-08 1.000000000000000000e+01
1.572580213374696195e-02 7.363069647851831073e-04 3.162277660168379191e-08 1.000000000000000000e+04
1.565325806068081776e-02 6.777020911306534494e-04 3.162277660168379191e-08 3.162277660168379589e+04
1.564981025121167310e-02 7.938360898986654640e-04 9.999999999999999124e-06 1.000000000000000000e+01
1.561781507347790622e-02 6.798367847511867365e-04 9.999999999999999124e-06 1.000000000000000000e+02
1.560932424696289712e-02 7.413038600754975980e-04 9.999999999999999124e-06 3.162277660168379612e+01
1.559526174374775698e-02 8.727529025562240621e-04 9.999999999999999072e-11 3.162277660168379079e+00
1.559467489736719378e-02 8.724070402495302280e-04 3.162277660168379191e-08 3.162277660168379079e+00
1.548143963201524531e-02 8.447763611283366433e-04 9.999999999999999124e-06 3.162277660168379079e+00
1.544012146060473600e-02 7.244196392090424853e-04 3.162277660168379394e-03 1.000000000000000000e+00
1.508168371808533449e-02 8.731783929204476507e-04 9.999999999999999072e-11 1.000000000000000000e+00
1.508153383140153556e-02 8.730945948271564292e-04 3.162277660168379191e-08 1.000000000000000000e+00
1.504373332224323914e-02 8.623576931153925651e-04 9.999999999999999124e-06 1.000000000000000000e+00
1.441610081179887405e-02 8.413772437412999619e-04 9.999999999999999072e-11 3.162277660168379412e-01
1.441606193408846714e-02 8.413582962272656484e-04 3.162277660168379191e-08 3.162277660168379412e-01
1.440612415766488220e-02 8.370845932986677737e-04 9.999999999999999124e-06 3.162277660168379412e-01
1.436302464001107046e-02 7.220454252783771194e-04 3.162277660168379394e-03 3.162277660168379412e-01
1.398718055779533606e-02 5.576434579635127344e-04 9.999999999999999072e-11 3.162277660168379134e-02
1.398717947316755437e-02 5.576437645164437776e-04 3.162277660168379191e-08 3.162277660168379134e-02
1.398684487177506187e-02 5.577322268587302798e-04 9.999999999999999124e-06 3.162277660168379134e-02
1.397807984604072448e-02 5.478098636623831598e-04 3.162277660168379394e-03 3.162277660168379134e-02
1.393538673951677520e-02 7.065741741291082286e-04 9.999999999999999072e-11 1.000000000000000056e-01
1.393538086523974338e-02 7.065713175745268106e-04 3.162277660168379191e-08 1.000000000000000056e-01
1.393367622944600634e-02 7.058175678699285657e-04 9.999999999999999124e-06 1.000000000000000056e-01
1.389744485171768261e-02 6.533380286768690915e-04 3.162277660168379394e-03 1.000000000000000056e-01
