9.299923940789428523e-02 1.325971948008419820e-03 1.000000000000000000e+00 1.000000000000000000e+06
9.298763996658458708e-02 1.325725344599664162e-03 1.000000000000000000e+00 3.162277660168379080e+05
9.295100924633541151e-02 1.324934015243639084e-03 1.000000000000000000e+00 1.000000000000000000e+05
9.283561387632241479e-02 1.322433868921047773e-03 1.000000000000000000e+00 3.162277660168379589e+04
9.247468883332189693e-02 1.314542095642334254e-03 1.000000000000000000e+00 1.000000000000000000e+04
9.137332540581202811e-02 1.288597359638480504e-03 3.162277660168379394e-03 1.000000000000000000e+06
9.137258549082041825e-02 1.288561237437463270e-03 1.000000000000000000e+00 3.162277660168379043e+03
8.824683161803434372e-02 1.216292087614062600e-03 3.162277660168379394e-03 3.162277660168379080e+05
8.824657723988268976e-02 1.215971676939628203e-03 1.000000000000000000e+00 1.000000000000000000e+03
8.085704104733734687e-02 1.014762783396484401e-03 1.000000000000000000e+00 3.162277660168379043e+02
8.085702014909182389e-02 1.015980210951284530e-03 3.162277660168379394e-03 1.000000000000000000e+05
6.878629728033384960e-02 6.568291076757131223e-04 3.162277660168379394e-03 3.162277660168379589e+04
6.878325686173511477e-02 6.537915546989560680e-04 1.000000000000000000e+00 1.000000000000000000e+02
5.773659195262544758e-02 7.291087324780650856e-04 3.162277660168379394e-03 1.000000000000000000e+04
5.772841083290210229e-02 7.261176515003768409e-04 1.000000000000000000e+00 3.162277660168379612e+01
5.010579726028106806e-02 8.422922513685414522e-04 9.999999999999999124e-06 1.000000000000000000e+06
5.010569555378727863e-02 8.422991701981130024e-04 3.162277660168379394e-03 3.162277660168379043e+03
5.007382290702198230e-02 8.445081234277683306e-04 1.000000000000000000e+00 1.000000000000000000e+01
4.389250896118825074e-02 1.019422596213469950e-03 9.999999999999999124e-06 3.162277660168379080e+05
4.389226313236190002e-02 1.019448247824844903e-03 3.162277660168379394e-03 1.000000000000000000e+03
4.382365799361138264e-02 1.024595156455677730e-03 1.000000000000000000e+00 3.162277660168379079e+00
3.863521804983853503e-02 1.125455473176604701e-03 9.999999999999999124e-06 1.000000000000000000e+05
3.863497240637668584e-02 1.125484333448367822e-03 3.162277660168379394e-03 3.162277660168379043e+02
3.857472549584560484e-02 1.127990287456257521e-03 1.000000000000000000e+00 1.000000000000000000e+00
3.433991873816796131e-02 1.130119474345297808e-03 9.999999999999999124e-06 3.162277660168379589e+04
3.433929975293940201e-02 1.130111567461937298e-03 3.162277660168379394e-03 1.000000000000000000e+02
3.425315114024467950e-02 1.148692657334011644e-03 1.000000000000000000e+00 3.162277660168379412e-01
3.049097771510652158e-02 9.277548349509707028e-04 9.999999999999999124e-06 1.000000000000000000e+04
3.048566602164190509e-02 9.278045212485510045e-04 3.162277660168379394e-03 3.162277660168379612e+01
3.026597417585184455e-02 9.855960267718061676e-04 1.000000000000000000e+00 1.000000000000000056e-01
2.872243877941459828e-02 9.013587946916045129e-04 1.000000000000000000e+00 1.000000000000000021e-02
2.718793276354878469e-02 7.515010928554565189e-04 1.000000000000000000e+00 3.162277660168379134e-02
2.710949750441725772e-02 7.662683242727498902e-04 3.162277660168379191e-08 1.000000000000000000e+06
2.710942263708789740e-02 7.662471582289969189e-04 9.999999999999999124e-06 3.162277660168379043e+03
2.708690258086648983e-02 7.628107636642005029e-04 3.162277660168379394e-03 1.000000000000000000e+01
2.541303848185517619e-02 1.029584716720637104e-03 9.999999999999999072e-11 1.000000000000000000e+03
2.541177521740102183e-02 1.030069800899542859e-03 9.999999999999999072e-11 3.162277660168379043e+03
2.541081539622690524e-02 1.028187101766898578e-03 9.999999999999999072e-11 3.162277660168379043e+02
2.540518532584243316e-02 1.030264203385521452e-03 9.999999999999999072e-11 1.000000000000000000e+04
2.540175675491023258e-02 1.024151504547355989e-03 9.999999999999999072e-11 1.000000000000000000e+02
2.538368268021860483e-02 1.030337050877012115e-03 9.999999999999999072e-11 3.162277660168379589e+04
2.537230502966219409e-02 1.014485383410511539e-03 9.999999999999999072e-11 3.162277660168379612e+01
2.537017565753672474e-02 1.024432535946366097e-03 3.162277660168379191e-08 1.000000000000000000e+02
2.536228470846461219e-02 1.014583045539571137e-03 3.162277660168379191e-08 3.162277660168379612e+01
2.531764598646727565e-02 1.030173265130725430e-03 9.999999999999999072e-11 1.000000000000000000e+05
2.531344984221707908e-02 1.028049515603096089e-03 3.162277660168379191e-08 3.162277660168379043e+02
2.528289187377760067e-02 9.963582335790175954e-04 9.999999999999999072e-11 1.000000000000000000e+01
2.527978392247150555e-02 9.963726301484979783e-04 3.162277660168379191e-08 1.000000000000000000e+01
2.512635219970592651e-02 1.027684899095347715e-03 9.999999999999999072e-11 3.162277660168379080e+05
2.512505765001161323e-02 1.026968004866517844e-03 3.162277660168379191e-08 1.000000000000000000e+03
2.502561549096933916e-02 9.794581855754782695e-04 9.999999999999999072e-11 3.162277660168379079e+00
2.502467417632570079e-02 9.794455758114701312e-04 3.162277660168379191e-08 3.162277660168379079e+00
2.475680403143865407e-02 9.737361083005973339e-04 9.999999999999999124e-06 3.162277660168379079e+00
2.465950040212673555e-02 1.006421628804485876e-03 9.999999999999999072e-11 1.000000000000000000e+06
2.465915736100007805e-02 1.006186003528482037e-03 3.162277660168379191e-08 3.162277660168379043e+03
2.465565290094831608e-02 6.290080877677562982e-04 3.162277660168379191e-08 3.162277660168379080e+05
2.465531374144568771e-02 6.289246087189596761e-04 9.999999999999999124e-06 1.000000000000000000e+03
2.455479810411091007e-02 6.215085979076460281e-04 3.162277660168379394e-03 3.162277660168379079e+00
2.454349105907397896e-02 9.721318424545246457e-04 9.999999999999999124e-06 1.000000000000000000e+01
2.439688640687526222e-02 9.783873532187218995e-04 9.999999999999999072e-11 1.000000000000000000e+00
2.439662422598588842e-02 9.783781602437447225e-04 3.162277660168379191e-08 1.000000000000000000e+00
2.431646032791574125e-02 9.743403550112239488e-04 9.999999999999999124e-06 1.000000000000000000e+00
2.386859246666932222e-02 9.271043184242228541e-04 3.162277660168379191e-08 1.000000000000000000e+04
2.383878567012741659e-02 9.111244513781321637e-04 9.999999999999999124e-06 3.162277660168379612e+01
2.331181323738616695e-02 6.590381820155307140e-04 3.162277660168379191e-08 1.000000000000000000e+05
2.331039779075538484e-02 6.583580596918357309e-04 9.999999999999999124e-06 3.162277660168379043e+02
2.321792433114003643e-02 9.410952538686493838e-04 9.999999999999999072e-11 3.162277660168379412e-01
2.321785971933859258e-02 9.410902449011255329e-04 3.162277660168379191e-08 3.162277660168379412e-01
2.319764650358408647e-02 9.394899735538386233e-04 9.999999999999999124e-06 3.162277660168379412e-01
2.318953815165804982e-02 8.089061285231109602e-04 3.162277660168379191e-08 3.162277660168379589e+04
2.318318178719249584e-02 8.046293148488425917e-04 9.999999999999999124e-06 1.000000000000000000e+02
2.292985924931715755e-02 6.404114483781225180e-04 3.162277660168379394e-03 1.000000000000000000e+00
2.200664138908643708e-02 7.650184010146548726e-04 3.162277660168379394e-03 3.162277660168379412e-01
2.198414902031915058e-02 2.836198130602083896e-04 3.162277660168379394e-03 1.000000000000000021e-02
2.196868294769326740e-02 2.809833250514378634e-04 9.999999999999999124e-06 1.000000000000000021e-02
2.196863426004327241e-02 2.809756434456909201e-04 3.162277660168379191e-08 1.000000000000000021e-02
2.196863410589931093e-02 2.809756191153993409e-04 9.999999999999999072e-11 1.000000000000000021e-02
2.163149277455588687e-02 8.649757592509346163e-04 9.999999999999999072e-11 1.000000000000000056e-01
2.163148271505258707e-02 8.649748151509441567e-04 3.162277660168379191e-08 1.000000000000000056e-01
2.162829353393270343e-02 8.646764725259751486e-04 9.999999999999999124e-06 1.000000000000000056e-01
2.113314499878564401e-02 8.059570942160732519e-04 3.162277660168379394e-03 1.000000000000000056e-01
2.054841228740935527e-02 5.004959526044763102e-04 9.999999999999999072e-11 3.162277660168379134e-02
2.054841135726159437e-02 5.004958374962690561e-04 3.162277660168379191e-08 3.162277660168379134e-02
2.054811595853068412e-02 5.004597933736358584e-04 9.999999999999999124e-06 3.162277660168379134e-02
2.047509321261797161e-02 4.864670468798689947e-04 3.162277660168379394e-03 3.162277660168379134e-02
