-0.15854345612486487	-0.1586089698392543
-0.31690694314166823	-0.32743686281453427
-0.33131222254761994	-0.33803465702305574
-0.5062641264485803	-0.5048896353996858
-0.22803545226958022	-0.2535920584640324
-0.19576031921140036	-0.18112435191446485
-0.4980337005461184	-0.49730150078030805
-0.6364354294088006	-0.631256732492809
-0.31866044030659424	-0.30073892100535854
-0.20162986811563144	-0.21611676704267097
-0.23983382268739906	-0.24022237731193224
-0.30509671827053353	-0.2599778094113231
-0.32787724099271465	-0.33613623823952743
-0.4235264380628223	-0.42346164629631655
-0.3532031680690171	-0.35554774194423194
-0.1421114205204299	-0.12979567862202207
-0.2731770760107235	-0.29025735227794724
-0.09902784697033962	-0.09040182917696078
-0.08224959267715626	-0.09173685447299658
-0.17139943337011587	-0.17192604450808927
0.028462362220213144	-0.02419648953600101
-0.1163983619603366	-0.12997240149985828
-0.020884412604242897	-0.02173750910281764
-0.2578098795522621	-0.260875776161645
-0.09976252358859572	-0.0819444577296517
-0.12656767231451127	-0.11752099242492532
-0.08817450783541858	-0.09495757897603146
-0.5132116548127801	-0.5274456844655171
-0.30455957507798903	-0.29971061935042176
-0.06028592093893437	-0.049202171992879386
-0.12373640611839054	-0.11471385884919373
-0.1916923843851368	-0.19847411728735787
-0.49067503682675717	-0.4941169977390856
-0.5441241531922625	-0.5367422514779702
-0.3856429706420208	-0.37455068151407095
-0.49715443622517874	-0.509194457402269
-0.0017973343219832572	0.03738591903782721
-0.14178823324844636	-0.16887289743024372
0.0848132144544298	0.08286569729525377
-0.414763239453082	-0.39703384577790835
-0.2849204949734201	-0.3735812010706609
-0.5151951612280872	-0.5148135860048728
-0.43289255363129087	-0.43282301673897594
-0.5655780322464832	-0.5448059400819362
-0.5192195026303708	-0.5188715181404205
-0.19857619768173507	-0.208940011773603
-0.1094408215600069	-0.10200620195654478
-0.1265045412333059	-0.10718195462716511
-0.19488365920616246	-0.21232815110298486
-0.3986301174865954	-0.3998423644052179
-0.11830989575828799	-0.1219928975293133
-0.19613050000839216	-0.2762743912559232
-0.43691636630720154	-0.41548628945654625
0.026090870723281867	0.031559362849416024
-0.2479113465258571	-0.24676073421063638
-0.05157675097534842	-0.04800247666186295
-0.48319632060305473	-0.44642617027267795
-0.23447403783764287	-0.2248553372793812
-0.561439435614151	-0.5347287832087284
-0.18749587524602163	-0.19764453587262187
-0.29702701338996995	-0.2852492314992165
-0.14995453760284327	-0.17304610896479009
-0.26604878716826263	-0.2620359265111019
-0.1552817527338064	-0.17375950781508193
-0.04841735676487513	-0.04500231906766495
-0.48847139749697277	-0.45092786061477647
-0.28766507036685685	-0.27795024294574033
-0.3212312186092099	-0.33326119198740706
-0.20062712805264216	-0.18808519815475902
-0.15913952172250756	-0.155143650963183
-0.20763764941618668	-0.18470852075009989
-0.1547995019578563	-0.14869366151601618
-0.4274443507788739	-0.42275797465131026
-0.17498502662894388	-0.16686979917205774
-0.07416547141765584	-0.08090271642453131
-0.21684126622118605	-0.19856592114074148
-0.2511941230494985	-0.2406319352574977
-0.33519833422173395	-0.32708675142040217
-0.5682580214892594	-0.5294309555096817
-0.3920776508050352	-0.3898537207047644
-0.49737995302725224	-0.5030829707478583
-0.36626754297932784	-0.36635240128680413
-0.4371224305574266	-0.4410270164256824
-0.12177256111422263	-0.1321825297564841
-0.12888485792983317	-0.17026488788386218
-0.03593955109902147	-0.03414700668075577
-0.05528868558043598	-0.03618422813505183
-0.2840906743309395	-0.30732043712603313
-0.15327788486601435	-0.14503962725040076
0.021689239894985946	0.005022949085028263
-0.49017032028061003	-0.4902877203149233
-0.35143165698814016	-0.3516915517974654
-0.2876269165570875	-0.25120450272765255
-0.2950956198715282	-0.3068573611121226
-0.4096366083224421	-0.41703566551214116
-0.02585225316137496	-0.035093769918545424
-0.22699547828528033	-0.21650759206956458
-0.1357346111938753	-0.17261666923159188
-0.03195343391097616	-0.03957212901390876
-0.3650917685257564	-0.3744789381594328
-0.10538694832973583	-0.09839704726747972
-0.2733301944227211	-0.2617882447465715
-0.3307955176893831	-0.3243543301129377
-0.23242296783477734	-0.2679402530001
-0.5176045486906746	-0.5203416130451579
-0.2508778273883454	-0.25528042428779923
-0.3291131666178648	-0.3139445320768251
-0.3869797276461284	-0.3909223249382475
-0.4676163472701491	-0.46060963800962595
-0.2513667374880999	-0.2670372557101937
-0.1852368018666697	-0.1266621414110204
-0.33038871510840107	-0.32824394082126823
-0.17276640967446966	-0.16488503002554686
-0.3643107520760269	-0.379210690072956
-0.20720638172935857	-0.20276435587537717
-0.21663418186520378	-0.22271125480957446
-0.29461696993456954	-0.30980960421665177
-0.3056614468813059	-0.3039609436572091
-0.06622813787200599	-0.06621332091800265
-0.26719760709555906	-0.2575314532294496
-0.08114227073543923	-0.07946765745992558
-0.22829690781496836	-0.24680112696273201
-0.19171695881999362	-0.1943879795270988
-0.2158660739844347	-0.21986938148020907
-0.39455808625833555	-0.42371912620559127
-0.07761502772094708	-0.08302305243325217
-0.2974990420305579	-0.3021167819405421
-0.45921769853093597	-0.4399639951334865
-0.11952853326450885	-0.11694928607429471
-0.03251620092873164	-0.023671061843528855
-0.27309411871044276	-0.27135038546754153
0.031403687689337545	-0.04195243803430725
-0.4536607142210842	-0.44188809862008743
-0.6191209545171361	-0.6173365635656886
-0.1720306949558985	-0.1884184063215962
-0.29446526220624847	-0.3018518997099307
-0.38433881438406825	-0.38164417962724895
-0.1654458442361415	-0.16891169251081842
-0.24443911235864846	-0.26252368268259607
-0.32492819853930044	-0.32410167552288693
-0.18356227722915808	-0.19552903702924693
-0.5138911868868687	-0.5109012427699611
-0.2537060273714671	-0.21611465189906962
-0.5492022988027454	-0.5467999370483676
-0.1269124020912944	-0.1335794636160099
-0.21486274396912286	-0.2113558975619899
-0.24053194469721006	-0.25230266154930475
-0.01671518643124692	-0.009428328605242516
-0.38035328065160634	-0.36835149170680703
-0.4529208155579756	-0.4399723422649733
-0.14438724334288366	-0.14246019543652783
-0.2210344297729403	-0.27051699245327193
-0.4778263821020383	-0.48458337770159987
-0.33312331118684035	-0.3319059024211993
-0.004669672396683033	-0.01801994336277182
-0.14984904725518788	-0.15847593769413296
-0.13853783860448132	-0.13151370547774294
-0.16146850552226422	-0.17711723060937618
-0.2797780054770538	-0.2774779844769935
-0.05326061485743239	0.021718885883302754
-0.282202484812319	-0.2978072261291325
-0.158176630291047	-0.1774608293851721
0.031414022426145216	-0.0191106945933397
-0.2728606609460167	-0.2744558046077978
-0.3188848692163555	-0.3065893180166284
-0.32451729040599453	-0.3537364206221649
-0.41172746718042585	-0.4186164313069005
-0.26398179605356553	-0.2722114522407583
-0.38918358846500745	-0.38918169166286204
-0.08866705527144703	-0.09968832733678994
-0.4428278161553001	-0.43910803074065236
-0.3258098504336626	-0.3119441801959086
-0.6041764602781345	-0.6008338104686185
-0.18679370494547776	-0.1882213899504291
-0.39992918407706934	-0.36872618237394544
-0.3787242620704028	-0.33494417913503594
-0.14090249064474136	-0.14648472643166835
-0.27632032029380404	-0.28896729796127035
-0.5234574814578759	-0.5272203613332962
-0.48830016674767585	-0.499356441782421
-0.1136797399859013	-0.11250767216935474
-0.323227100211116	-0.327606014178467
0.00546096234474458	0.05328961390054384
-0.29004646189560646	-0.3127565959868053
-0.1804770624623373	-0.17526892072000694
-0.11983107927926806	-0.14427546565045293
-0.21432739833474912	-0.23417324244735538
-0.19983392185238902	-0.19258583858622977
-0.06270856705452221	-0.06826643737260327
-0.1444568182062742	-0.16241193168253223
-0.35058488976392965	-0.3440680733382714
-0.04856777092107123	-0.05230274084756023
-0.18749288558436383	-0.18869702153793258
-0.30060153663054123	-0.3251791958218914
-0.16120619804411973	-0.15287977803497077
-0.05019599961469012	-0.06022765093678111
-0.1818739633279316	-0.1629847294292053
-0.4654795595104728	-0.46208233390694237
-0.34155116276139275	-0.3421062335750352
-0.04990070613882125	-0.061104645849325005
-0.21448439887061088	-0.24377860581230268
-0.36505540525151137	-0.3618126928325826
-0.19070201211881255	-0.20692911097613798
-0.2654167320757166	-0.27024636450976375
-0.44153385469547146	-0.4460686398948735
-0.25449472734561684	-0.27165024354158196
-0.3981023807539348	-0.41284570646037644
-0.23239365400184475	-0.22835718700652974
-0.4367489614087896	-0.4225618083558814
-0.33167277068585577	-0.3412895847686252
-0.15941739111099196	-0.15619910607490373
0.03688049266877247	0.007943419267926702
-0.2731963496875611	-0.2882021648382524
-0.2929863932729866	-0.29484189698339275
-0.2814484902328136	-0.28739680877547946
-0.27937447486578293	-0.270504550352212
-0.27735051905180086	-0.2514456268218543
-0.4697013688956204	-0.4889522677389955
-0.4606360736875992	-0.4427782733009975
-0.09596153976510724	-0.1211273031196109
-0.35253842258177315	-0.3460102723622799
-0.43413836609364154	-0.4412384417443644
-0.3963590104553072	-0.38082022385741837
-0.34396498913011	-0.3360034560259692
-0.04270551110997722	-0.023924687580204544
-0.4925540424708359	-0.497879893921368
-0.3274133076172543	-0.32385232372319034
-0.45596030249384967	-0.45751407733712585
-0.6212131335209907	-0.6493367173599235
-0.07824178950089955	-0.07230690185077603
-0.24233859954906567	-0.2574160991613268
-0.08124583375881578	-0.11872308247376111
-0.05194129012298809	-0.04131763525383204
-0.1791138536677046	-0.19888039345213812
-0.08574801631415419	-0.1365959495802113
-0.45028195305811636	-0.45042074748335575
-0.47024302709093213	-0.4781886572242468
-0.1754216641840447	-0.18242726421339148
-0.4716896514938753	-0.46816027027757195
0.03591230703162118	0.025420091630193483
-0.17753340947348484	-0.18040892960043056
-0.5517180078097974	-0.5330824853635184
-0.3418003536094556	-0.33396197125272353
-0.45259859792955837	-0.45455677755982515
-0.014796774652355182	-0.04285814685691
-0.0348470144672568	-0.02047876361594615
-0.25063475653496337	-0.22488217187887966
-0.4837169088955946	-0.48211388257082116
-0.4940024525850948	-0.4975938086847977
-0.31157363678331684	-0.317044776570049
-0.4690928033288575	-0.47378748667670856
0.027463879980921035	0.015684981647143346
-0.17364618470857351	-0.16901355665899492
-0.16543156183293917	-0.17383482074490525
-0.2958772499569733	-0.29692144170658497
0.01891743459029449	0.01377453437158457
-0.2836849620501809	-0.29164425550532447
-0.2536384505105538	-0.25590520158175795
-0.4845932137744766	-0.4827187298370312
-0.14130292008366752	-0.1569372542049812
-0.08245067300941855	-0.09800706711256363
-0.10101874424032253	-0.10350974546933661
-0.017872972288576428	-0.0034608981639314344
-0.4595414608393513	-0.4553727993185357
-0.47161778510783314	-0.44831574922829703
-0.14883675964429433	-0.11454135148330567
-0.2037362719196203	-0.19595850989764418
-0.6061146205403176	-0.5953021438364878
-0.2085402194387589	-0.21012548435205655
-0.09369933976844891	-0.09507818877956768
-0.06690046735614086	-0.08617370826788093
-0.4573815157949621	-0.4554309931186343
-0.2533955839523774	-0.2822073874060571
-0.11491196906598233	-0.09644830032949994
-0.3211650267818733	-0.3106701001006547
-0.2870170310602713	-0.2878702146556216
-0.14814277975315804	-0.15176983518807502
-0.4422341712944533	-0.4460472823428477
-0.10110752992470129	-0.0890100125152401
-0.30417811059704025	-0.28832282423757216
-0.3085563421469306	-0.3206457614692839
-0.27514706470675065	-0.26521073747865137
-0.27165299485352534	-0.28309277811384487
-0.169605881116194	-0.14804322612768975
-0.44578693116606516	-0.4400723514466428
-0.19473009968791732	-0.19130565212605985
-0.26310026933567787	-0.27099230421929826
-0.17097297675220346	-0.1738531385945868
-0.20934132193802224	-0.29532588166772894
-0.3290361312349974	-0.32715971807805666
-0.26491762392420704	-0.2515007905911684
-0.4509119755837805	-0.44735898043951766
-0.18106990134513534	-0.1906184330940105
-0.3391556260061588	-0.3389939890591136
-0.201612315556428	-0.16334977659541214
-0.2232726994113614	-0.17899592376179085
-0.04170942843474634	-0.0483331490989154
-0.33281723122942886	-0.32853704534479494
-0.6061522961955887	-0.5954785393765455
-0.5678753979052642	-0.5341204360169094
-0.04443863355551869	-0.043625888102624286
-0.5725450713906346	-0.570380079288043
-0.2968259612666291	-0.2935920053677829
0.023128478582048473	-0.013214139787353238
-0.3434122416134233	-0.3431324609595761
-0.14904542235635088	-0.13864127168838197
-0.3801532730539847	-0.3605368016739779
-0.0723906470438056	-0.09695603016448656
-0.3294967711795902	-0.32425749425546857
-0.2205497773074203	-0.19843143228813082
-0.2675836700351404	-0.265477977457401
-0.3014598193518765	-0.26858525049980025
-0.3692146134211196	-0.368110755353034
-0.5010239594585766	-0.5008798352033464
-0.30186015272007705	-0.2913043897246506
-0.5163531441886775	-0.5172075970027777
-0.24939209275972019	-0.2304303095888782
-0.125065121830362	-0.12765552741313485
-0.12069012499420317	-0.15355759517314577
-0.6117679380305159	-0.6156897586845361
-0.29593587237041774	-0.2919415888756769
-0.058145615710362364	-0.05713227414607822
-0.495079706008287	-0.5022741712682475
-0.032939947179632334	-0.04221495844743798
-0.31939315257997336	-0.32186051343221567
-0.3104015523171526	-0.2840619179078826
-0.05318097201528538	-0.0633565103786059
-0.5019080210123565	-0.5130188299960208
-0.13139554104283757	-0.14120098919230473
-0.5329780785097418	-0.5390134049322517
-0.3663199877096801	-0.3669673382314201
-0.36015385312835235	-0.3673965335256599
-0.4696420484141832	-0.47794490387779165
-0.1720344702772545	-0.18355524651179983
-0.21386591273784816	-0.1871495518515226
-0.24995907675110374	-0.26244039708891304
-0.14438487430156943	-0.14017356267159806
-0.40362224284429704	-0.3971411370041662
-0.033469185025850834	-0.042438971217934676
-0.2712066261126349	-0.28806191760840816
-0.32124737317746543	-0.3120105102104624
-0.24347264221111864	-0.17347147478296235
-0.38813206114035026	-0.3370137561975829
-0.14916253643449728	-0.16909119442782664
-0.16452881905667915	-0.15735915528682617
-0.1952230504076775	-0.21962084837959214
-0.09089709348933539	-0.08817675211374434
-0.6307960011863702	-0.6209500667514756
-0.13151599010742743	-0.1529750696650951
-0.11052858570843682	-0.11577209281800303
-0.33528460039065067	-0.3343808921014556
-0.19720339167266232	-0.16004441812558343
-0.11368420931318468	-0.12867471402110514
-0.20490633636102373	-0.18094891041371808
-0.3024102427322397	-0.31061494175546156
-0.33788431283258635	-0.35285781806482813
-0.09242465991621884	-0.1062827512427255
0.03666106133403346	0.0087386724398419
-0.28781328615679147	-0.29293404637922843
-0.02534953597235301	-0.052916423303505954
0.0841647087020636	0.08836210190871821
-0.525414422444479	-0.5240582831832866
-0.4296905723846711	-0.4271945426754064
-0.11684009021837571	-0.06575292187843536
-0.05568645847322884	-0.051829040477688514
-0.3368550530602592	-0.3432628619002824
-0.5475290549762768	-0.548122534687724
-0.17190973248087982	-0.183330793250098
-0.34693151213308226	-0.33757962680794945
-0.19760054906997304	-0.18627452524267982
-0.47135517553609674	-0.4634407712939076
-0.29425208039261364	-0.29026387066529935
-0.2633879330488007	-0.29712515594402117
-0.1745253100594244	-0.1668551999246719
-0.24706271161576865	-0.26582211224706537
-0.6090219980751943	-0.61413309013859
-0.17741770107949328	-0.17206927664653623
-0.2685836421626391	-0.28333794264938866
-0.29613073415806923	-0.29201208231946524
-0.29059364159516754	-0.2810819758542775
-0.4637301194255343	-0.4686187992354901
-0.04765911983623017	-0.048931435705784836
-0.20430464367223067	-0.21997374883468088
-0.6258874130500391	-0.6353308307799176
-0.09629336968933	-0.08608930157514852
-0.44131463007654936	-0.45541271090128643
-0.3663372497083133	-0.3639439835316797
-0.20274812622638194	-0.16691596939081008
-0.5443923904762187	-0.5377100743437572
-0.5125853236603675	-0.5171675069914491
-0.06173643494326697	-0.059643069727576326
-0.5206022740659879	-0.5073559035431265
-0.1772315090006753	-0.1768210232913938
-0.45923353650981547	-0.4618707688939912
-0.1824103080312547	-0.18388716208287414
-0.4162598622091025	-0.4147467619893266
-0.306696360597571	-0.30374694187115897
-0.2936781164470599	-0.300035021956429
-0.11853699374758264	-0.1133334167684016
-0.4359437687790688	-0.43696055932429456
-0.18359937917939284	-0.17919345494824382
-0.3195496427231239	-0.30973568995080064
-0.14692675057396976	-0.15442278247357788
-0.2329899422224475	-0.24395624780201058
-0.12857361559010094	-0.11477263845727616
-0.45223463410231624	-0.45595820355921035
-0.04678570460633402	-0.047905762928848517
-0.2776975041496108	-0.2844838341660147
-0.4747077318582331	-0.4814518245528129
-0.17720932959933844	-0.14944631771432845
-0.6306154291982056	-0.6357295872569009
-0.2599332042220768	-0.26232109780175755
-0.6148285617867346	-0.5702974818899738
-0.19259159160868577	-0.21141911795368518
-0.3029966717454968	-0.3048946472316451
-0.3940959394461032	-0.4038519156489864
-0.11379565712274609	-0.10109316332628686
-0.24433517858074616	-0.2378521782486628
-0.37831420001840677	-0.3795565200408137
-0.2901816482263735	-0.29326987130464066
-0.17529544380328588	-0.1808058604517147
-0.35239753535105756	-0.3575077913273221
-0.61799486297447	-0.6096904749743699
-0.2318769935213627	-0.21663091320258615
-0.48123261186785093	-0.47990722024427873
-0.3387276301207951	-0.3270245048560137
-0.3978640456702607	-0.40569947852607585
-0.06440137332636198	-0.060167477300915005
-0.12851618762699957	-0.12925628526741093
-0.45162008465918557	-0.4434018879617839
-0.4660973264115622	-0.46259846981959934
-0.42949862228948543	-0.43416362093576594
-0.5559406243482368	-0.5750885797527633
-0.361485787988407	-0.35812670821456316
-0.17778948231123692	-0.22278024735962815
-0.4749088691820287	-0.47617246884116626
-0.08576871196548108	-0.09164565336462072
-0.28156807116007876	-0.28499003684957047
-0.20382363284091198	-0.21322233068253094
-0.14718513559797053	-0.14712283772567597
-0.43849330913023365	-0.44472625659964204
-0.07256556174502826	-0.08051351629321182
-0.45933228067611154	-0.4441808035852157
-0.2150626355257872	-0.2363733066378399
-0.32424366908013447	-0.3139628263659787
-0.17297266323313032	-0.17806018607723473
-0.34477169152200915	-0.33479396629235975
0.0755643692887551	0.08421185199584016
-0.45706827859173416	-0.46562316765177725
-0.14745356238809926	-0.16572928758386274
-0.11039973055112196	-0.11717807342333642
-0.28393345660837	-0.2813110165740431
-0.15429828443287086	-0.15193573194108428
-0.07320066557908156	-0.0926342838605068
-0.12485339617725444	-0.12291756678167028
-0.2823529104225795	-0.281758444829244
-0.321945807773683	-0.32340349669295265
-0.1104338955329407	-0.1204323224978917
-0.3358287886456228	-0.37349456972761863
-0.326625303686523	-0.3276344536701906
-0.3391950093717888	-0.3108912618386893
-0.12318653209106234	-0.1270408892153635
-0.4135632740960311	-0.411613384350298
-0.13896870109788395	-0.13038741019397906
-0.16255035429061415	-0.16237994275429804
-0.09047055198835352	-0.08740613714131915
-0.2638736681710725	-0.2611134954429446
-0.1763906267196962	-0.17620810977930373
-0.3362850454769504	-0.34345174815687934
-0.4453489719408097	-0.4294048996193065
-0.1070199930266984	-0.10302081768496706
-0.22283883467526167	-0.22470073225495601
-0.3550730345411841	-0.2981446440040904
-0.22322576007388584	-0.22944515251237022
-0.10160227826879975	-0.09721023444740287
-0.3215630127594409	-0.29345414872986453
-0.16218977278302837	-0.151949123112445
-0.15809145540808256	-0.14340009843338578
-0.24216583034085115	-0.2468052337669725
-0.07620908400417292	-0.07070980725281659
-0.08997699111004565	-0.094014249476161
-0.15452150579904078	-0.15815033832193673
-0.07943674576734061	-0.09792866149360827
-0.15890365572382414	-0.13856906370327057
0.03574939080264716	0.017532911712399284
-0.12147279676458211	-0.12288523751882766
-0.0857687681051793	-0.08912567712028929
-0.26564334268278067	-0.2724657961443447
-0.21815225121280513	-0.20063644178614878
-0.47741610085028796	-0.45404849773072126
-0.2741573176590766	-0.2681501644223467
-0.13365045138115228	-0.119108762744678
-0.15910716542986858	-0.14964880624630228
-0.26934461635090834	-0.29232481275194117
-0.13769909526386392	-0.15605006409382685
-0.12179736991874357	-0.09168342703753564
-0.19694006810394793	-0.19605857710469946
-0.17943708590737995	-0.20873886709873538
-0.17147093610213737	-0.17385436251474937
-0.24788971982145114	-0.24643132722897745
-0.2956894540565811	-0.29859636072514434
-0.18043393048662892	-0.20513774706762197
-0.31860048018804044	-0.3146046030092717
-0.051597382625233834	-0.040655237957619654
-0.2683606849493003	-0.271523300978911
-0.19088239513432015	-0.19562255542086235
-0.4288011248272099	-0.42663161077092526
-0.16221777461524134	-0.16565056553146199
-0.3194395770479037	-0.2957317767912005
-0.2652716058243252	-0.25719323231566943
-0.13870470779053878	-0.13104587123918357
-0.48272741005039954	-0.48362266054558334
-0.22891533109058138	-0.20481464852879108
-0.042655381968781825	-0.03249766855910909
-0.17077348668922632	-0.1789019109691738
-0.05158086418991381	-0.06164093376371716
0.0011974374981127411	0.005686859990733048
-0.4876095552500228	-0.48240551633476253
-0.6232342701321194	-0.6148583402654885
-0.12536981391155688	-0.1316328203998863
-0.42440983357526996	-0.4202213008438335
-0.42776039445793046	-0.4219431644232878
-0.17304459836241737	-0.16461532304298518
-0.3526872060999722	-0.3495155983535407
-0.23786754605403004	-0.2249484897893417
-0.2290680522794215	-0.16470377669371644
-0.5030334613623886	-0.5010721157446091
-0.29337857454139815	-0.2886771004626242
-0.08341391395165765	-0.1646948622370764
-0.19628240347113923	-0.19745207708339918
-0.4283829761067093	-0.4307858284718185
-0.15249962163880149	-0.18548079615218444
-0.09556599308962177	-0.0841403558864991
0.04083763271828822	0.03473285587095259
-0.08997654944959788	-0.08676289147600799
-0.41678225303311756	-0.41657874858429705
0.054643102735848714	0.04779717000662986
-0.1915949639536958	-0.1557433932131368
-0.2523072069809764	-0.27601811792158143
-0.4404407923810867	-0.43995692365136474
-0.26645856915681954	-0.25219994750860697
-0.41406805971878846	-0.42021428389078197
0.09285416476831543	0.06896133478983522
-0.07647218837118874	-0.05969746089000197
-0.29896982100646063	-0.293252597497383
0.0028463585392550783	0.02467903132549137
-0.1805789662563475	-0.19171137349622444
0.06017586580586709	0.05742022263818634
-0.27033661621607763	-0.2717935727521218
-0.3404261597450695	-0.33254362770413354
-0.20519328693687733	-0.2480087230407064
-0.4721075173422111	-0.4726769416323761
-0.09061049881223049	-0.10392469258115765
-0.09435626988674617	-0.0999031543757194
-0.12187274797516068	-0.12511513224783677
-0.10148185551234334	-0.08499416153545154
-0.1784909789673872	-0.16995640001998608
-0.3307651213224583	-0.3341471585206649
-0.17669523324540037	-0.13587589859660024
-0.4052546737261862	-0.3764235866409041
-0.036660677460518265	-0.033716597230148825
-0.26902570785300917	-0.26662324742698124
-0.08073718120498441	-0.10797834223582388
-0.45118072522081043	-0.4466282119180141
-0.41872186958022617	-0.4296630784100607
-0.44516635022069284	-0.442960214137819
-0.03818573146294302	-0.0351754152733508
0.07722045878163097	0.07977458515724771
-0.09362707191718656	-0.08803660248256498
-0.03357236375271633	-0.05215079351223693
-0.2179732092436586	-0.20562711501434178
-0.3056226449129875	-0.30576159737046266
-0.31073001502601816	-0.34423921026862
-0.3506173207174861	-0.3242004409035997
-0.19013928706830008	-0.17851536001799237
-0.23617591840287488	-0.21835148446995967
-0.4135165386062116	-0.4146245780970999
-0.4282104651570915	-0.44120424808096753
-0.19354949236154795	-0.18997817989887011
-0.08835547656724074	-0.09424805365000918
-0.18057943258986597	-0.16905675899506395
-0.38890974138827783	-0.3973826513930284
-0.46499778886702714	-0.4748197997923699
-0.05869228947282057	-0.06067310250748131
-0.18852108028713843	-0.19172411926394697
-0.5371516469731255	-0.5291219978857689
-0.20664422013786954	-0.20288860682461946
-0.06115900055857715	-0.06466145001719015
-0.4326217160020569	-0.3979775104879256
0.039719989240262876	0.0366854179371401
-0.14167757447548723	-0.1333528893275054
-0.5387897939303272	-0.53306049488258
-0.1818844216987232	-0.17902049704928238
-0.2235398825901136	-0.2292969222907619
-0.22404172072571793	-0.23475626935592933
-0.15749701058852672	-0.13790790242098008
-0.1622709540349625	-0.17331867971111148
-0.26976740542758115	-0.26505841490285836
-0.46117466364768234	-0.46732274602194
-0.262306101710287	-0.2638950259066078
-0.04507220345629381	-0.06886836850446668
-0.009141931668448677	-0.013233030245285835
0.00023361436540092484	-0.0012664699025625
-0.563213667007405	-0.5690967170843823
-0.0682157570445705	-0.0699000326226281
-0.22870024366851638	-0.23304591294639132
-0.4679989078092177	-0.47273809920976423
-0.3229756846584628	-0.32991085293347006
-0.5005199159915605	-0.50864947083173
-0.3759963003048359	-0.3541999040676132
-0.20585931167753468	-0.2222532434202257
-0.32676855822610484	-0.32997212167136253
-0.10268928412265943	-0.10098819047984546
-0.41210002449103555	-0.4116153760869197
-0.5202464763350569	-0.5175624331959847
-0.11147744399541892	-0.16592264039263738
-0.2659517307726045	-0.2991101479555793
-0.20846327076369775	-0.18811392742095756
-0.17723457459951053	-0.17996443868853423
-0.2970950189140815	-0.29205154362593094
-0.23176505228126132	-0.21090565024224187
-0.036406774313235246	-0.011281350176525672
-0.14310843580067178	-0.14214211207712502
-0.09451952133096775	-0.0986445426933473
-0.4943454102977274	-0.4812151409588237
-0.18619074241483258	-0.1843194182773001
-0.019768240088642308	-0.012255200938111284
-0.17577050338491595	-0.1794059672195688
-0.2702612018529571	-0.2775390833923151
-0.4711687203417796	-0.4819440795768959
-0.4386911253066632	-0.48385281054816254
-0.47483868651758865	-0.4727208417612225
-0.42489998972134124	-0.42483230154337137
-0.08464306672565058	-0.09309016201078267
-0.0180138378232364	-0.008243749000897986
-0.020625841429503744	-0.047497205733554995
-0.31180317686647996	-0.2918063607940985
-0.1822782190422636	-0.14010294632921846
-0.2942746472121778	-0.30293336421498784
0.005200695480344741	0.01315967022464106
-0.32483998769741174	-0.3146956545881329
-0.16166733111135034	-0.15544747380321805
-0.30541189038381233	-0.2954181583364786
-0.3775903088397943	-0.3744141684970874
-0.3152396269709179	-0.2999469981398624
-0.25389386349144516	-0.24761995765986478
-0.17569525790534968	-0.14281578886567797
-0.08794108974500503	-0.08261502613579429
-0.0666597416408532	-0.05450765588064912
-0.05543831603520122	-0.06466885199294725
-0.31648805683622516	-0.29321251407736487
-0.08297821945023998	-0.13066719819382858
-0.11521017076676277	-0.12480175682842869
-0.0067218544793865576	-0.04474354333503839
-0.3249657085129023	-0.29121234376922506
-0.2897215578257839	-0.2891164509835817
-0.1845594286732224	-0.17784815479407065
-0.3641332203476999	-0.3660002215302848
-0.24455142113217043	-0.2511851281441381
-0.4148040820018135	-0.3985437753339206
-0.042480521334102406	-0.06514579121897515
-0.3270868968803704	-0.32792046529636165
-0.2751098427589813	-0.27119156045838644
-0.15083636252284727	-0.15709105512287894
-0.18814733690705587	-0.22673536747806025
0.03472341839154147	0.03599751705519635
-0.3012339582667023	-0.30444450168282683
-0.17278723728979983	-0.1750017690486237
-0.1786705293181523	-0.18855864666444114
-0.3059931556153659	-0.29552463866203804
-0.3143736084343658	-0.30923343859896874
-0.03117642393978315	-0.04026018194487269
-0.1805208728379828	-0.18553772999526646
-0.5128355155999813	-0.516675208288117
-0.5633905586311254	-0.5583497725595755
-0.6076734773735915	-0.5971603578314649
-0.43927547380903675	-0.4646821615752229
-0.07691412791216301	-0.0638337484448248
-0.08394637994642107	-0.07844808257652798
-0.042447225030095126	-0.047366928362188025
-0.5130691937220959	-0.5168310124824294
-0.2726672373507677	-0.28556299623338877
-0.08192716546511214	-0.09978571043018528
-0.15995671327134708	-0.16248351591732227
-0.12819565589995108	-0.11529984281424355
-0.2934633749455582	-0.3252172951334087
-0.2348750037993037	-0.23040394602914088
-0.33819613780209323	-0.33015401496277796
-0.29051385880482616	-0.2865991434612594
-0.37908272582232794	-0.3828373726887414
-0.4678550909086656	-0.4545401712824002
-0.5409753507078134	-0.5429331147232653
-0.33107802116922525	-0.3562850340640906
-0.1063598249768436	-0.11718136590148878
-0.27538444843903953	-0.27310267866606397
-0.25422392234620617	-0.26425062109371905
-0.22941508718311443	-0.22790551454465421
-0.014170154449178796	-0.01728100210438592
-0.29087586573069046	-0.2903691845163145
-0.3297757022762653	-0.3321326567855747
-0.5093420715715169	-0.5144889014886553
-0.30143190679272713	-0.3155010674002479
-0.31763073704484235	-0.3105985236570095
-0.13249216666625863	-0.1252918236942784
-0.16205832372109708	-0.17163704782456327
-0.03671807625968526	-0.03626246527094395
-0.17383562759629356	-0.21502714690562733
-0.28238219034384393	-0.3041725676598325
-0.5281235862990323	-0.542535005904775
-0.31015239213479084	-0.2597821609416374
-0.48347001409070334	-0.48156897480299093
-0.07391087919609429	-0.07895245242198248
-0.4945537589937343	-0.5104093719462465
-0.3032140047845733	-0.30142235115860855
-0.0956279879755666	-0.09806843269640503
-0.38222545108646155	-0.38750850686484756
-0.12343657456429291	-0.09204593168390143
-0.28781367872928065	-0.27479034763627247
-0.10746401943864115	-0.10060915196008897
-0.2729893605011835	-0.256931059035205
-0.5075607040869938	-0.5002344273769614
-0.2572054651720812	-0.2697456385536423
-0.38446858381846294	-0.38572897443270177
-0.1781868436872145	-0.1624206849715729
-0.0016816042147151933	-0.016577695555897613
-0.17176074603279723	-0.1756605089948586
-0.16194436742772833	-0.16043776402461446
-0.23693751494734983	-0.24158363858295243
-0.4061450341931847	-0.39946517698786366
-0.3201860207211862	-0.31991524369555235
-0.5448030646084288	-0.5334049207616746
-0.10021062271011338	-0.07631184427315374
-0.42628270829403636	-0.42644998140054174
-0.37699107333628756	-0.37427452368170383
-0.28542779642853766	-0.29643882849568587
-0.34910737292680505	-0.35203200709991767
-0.13142170131189435	-0.1311220991091025
-0.6316440525677187	-0.6436947550299458
-0.1836397337983282	-0.19064628034289177
-0.23918757495034892	-0.26078938545005015
-0.09145750139196629	-0.11317538600869818
-0.38639650234440026	-0.356878326425304
-0.17871279010374064	-0.1562406746370707
-0.5067485256545519	-0.5029077302358145
-0.11800063872373556	-0.09783585215672913
-0.18993509970996847	-0.19204684751387485
-0.5302068125622084	-0.49752797180123154
-0.2547417830611698	-0.24424909406709433
-0.5090891442430241	-0.5100671919237083
-0.18421872096104686	-0.17778528424665385
-0.2623198066496366	-0.2683876817813783
-0.17782168264619713	-0.15700256642176147
-0.33405875649370387	-0.3412013731928778
-0.28599329235399473	-0.28706320457634354
-0.23664288515506549	-0.272408047261459
-0.17865207343716882	-0.15583754384506726
-0.5024900155410927	-0.4888431950103145
-0.13952175751547813	-0.1667744396896877
-0.19765304666994687	-0.32403523332877615
-0.4024492942969218	-0.4114553196760948
-0.1285218254204974	-0.11725019028748339
-0.42310098498589976	-0.4179065557060094
-0.25175611998679415	-0.25882851734118767
-0.3193044425612115	-0.3270563024497913
-0.41642348956956443	-0.41664799232418576
-0.2294735425656631	-0.2190286268885171
-0.33737685636913994	-0.33459786239636563
-0.43964286224445104	-0.4407053393127808
-0.025223926240975914	-0.0079958446367708
-0.10936564698510054	-0.10436660446186038
-0.046469095018437656	-0.047335171788308456
-0.09593727105787941	-0.09955142841580518
-0.2657351853362879	-0.2546233039027049
-0.07663718096106642	-0.0889392617972863
0.015869195205747033	0.024427966750522837
-0.07762817571496328	-0.07406525174301168
-0.026109259678211316	-0.026810255020542257
-0.32859498738741877	-0.3361526969864379
-0.1269518268640395	-0.1640966739426328
-0.2015678160915808	-0.20705512960512562
-0.3783870856619753	-0.3646175693922822
-0.6186313110310913	-0.6063912706872157
-0.20923154066183436	-0.19343034089630093
-0.10342057542102179	-0.11709089308504086
-0.4539651131078326	-0.454420941234316
-0.02673200225896455	-0.022392278506297204
-0.43723985888960204	-0.4387168352671023
-0.01908340929131569	0.006284629623234836
-0.17828783707139628	-0.1802436649435645
-0.28038035846301135	-0.32471393092619055
-0.13545574592049547	-0.1452436875468968
-0.1947117529256399	-0.2185323623100824
-0.2187948159062989	-0.21069557749271156
-0.3746771917809877	-0.3738810989550688
-0.05026633571672079	-0.0454331580250273
-0.2312369164255852	-0.2179401951214859
-0.36812643451283833	-0.3695920954923108
-0.25608839319522847	-0.23781448452148726
-0.03928903515366766	-0.03873176256652743
0.05041789846081102	0.06145587709768757
-0.5176100521105029	-0.5228116164424857
-0.11820852194149367	-0.14403816238594996
0.14695424260710155	0.07662575797250842
-0.040791797974657484	-0.043765498077525854
-0.27634102774394975	-0.27997795387830277
-0.2720073429082923	-0.2745403711334996
-0.1009988622208482	-0.09321462412679499
-0.3443638758303642	-0.3351080319650649
-0.2657553145837568	-0.3014686930299287
-0.5055118882884502	-0.498045524698715
-0.33158160864615205	-0.3277890722208645
-0.39913568020344936	-0.3980349768439655
-0.29368516500303876	-0.3255723738727891
-0.3188822592829421	-0.31702826282307695
-0.12818680361133694	-0.13117213679880407
-0.43915185324461703	-0.43806271320540147
-0.47359297753810914	-0.4672611498764535
-0.4070207136379498	-0.38734315644378153
-0.29598212359722886	-0.2973232509042124
-0.466817492215295	-0.46905918203799546
-0.5493206399177613	-0.5279376439671599
-0.43618819179215684	-0.42008252370416843
-0.1800507519342478	-0.1851806751080823
-0.26644883095929295	-0.2580221470960268
-0.34120846412138484	-0.33491377382035903
-0.3125288962056949	-0.3144491940424894
-0.5064450828395035	-0.4716275303294084
-0.18133152956090903	-0.19442164988819272
-0.08942484938416406	-0.09651942345360313
-0.29981998816417477	-0.31665779521441373
-0.30785835157439223	-0.18919943586562538
-0.4290596734142458	-0.43112965355971294
-0.26624586098764347	-0.26565109237928364
-0.4342557353059151	-0.42534594357270494
-0.28618940915237534	-0.2295812567674064
-0.5569569700652233	-0.5660878734519623
-0.07571752591763747	-0.08177130838294379
-0.39090160556729714	-0.3998081658640617
-0.24434745691721282	-0.2749622511156632
-0.2548494613161374	-0.2577195625941564
-0.04506921302859723	-0.05162586064782015
-0.22213678709085194	-0.22493502944150656
-0.2984427982252642	-0.2900382289702065
-0.17219949389754063	-0.16091802056280663
-0.12886015431165276	-0.12350149345185754
-0.20684143375819541	-0.23358417659887074
-0.07116763298709472	-0.07636172481679587
0.005212454607628203	-0.06834707328397367
-0.3330054667382729	-0.339711830783693
-0.33992943662974007	-0.3499027516779848
-0.3464579668947483	-0.34057948899441104
-0.11409753825713942	-0.11279248901079413
0.13681362323591983	0.13609014585899787
-0.49498714375044717	-0.4722546160268015
-0.3600109911143621	-0.3554370092130121
-0.2695933841623255	-0.27109198673167295
-0.3445822757968582	-0.3626472649717576
0.13882844082445267	0.1281241948204132
-0.1115597783827571	-0.08423176424231059
-0.5418935406170569	-0.549105021909021
-0.3461802008959314	-0.3293197660777044
-0.2467740500049942	-0.2652005473747875
-0.40120150420460643	-0.39506611752620563
-0.33573172543784224	-0.3137143115622595
-0.18630992377587585	-0.18118131818755798
-0.1430431985121512	-0.1678900221776994
-0.3536082648575718	-0.18926901616931918
-0.4262633585902389	-0.43304090771269843
-0.3485392376786862	-0.37681721476780194
-0.2447705983980928	-0.22722164868936237
-0.17194935775482456	-0.14956110921216711
-0.46900203245620276	-0.4734383520617236
-0.5253499393251273	-0.5140367673445511
-0.2235203181777088	-0.204959339327352
-0.0025805761274408923	-0.010422513588782087
-0.12992735485983786	-0.13006088414804526
-0.27303741855635355	-0.2708446799388071
-0.12756448647961705	-0.13292979688116963
-0.4617210044707267	-0.4577641809668885
-0.0942964859872717	-0.09983216668034046
-0.5243533343762081	-0.5086586918619634
-0.12135359636685905	-0.12861285662867408
-0.008396048514446974	0.00557566818247502
-0.4528779289933613	-0.444230632789602
-0.1895619412542775	-0.1863866581521038
-0.10424637849075946	-0.10191776966924841
-0.14162686879234254	-0.12159995604026708
-0.5184169332281758	-0.518269162938455
-0.26536353944170443	-0.26435310870836576
-0.3792425641148416	-0.3783660517973162
-0.4356361177244601	-0.4295013999835619
-0.0813061330467395	-0.07264673019585126
-0.17686885348243653	-0.1684703133009703
-0.45931029941169754	-0.4539407354802157
-0.4185191271082438	-0.42004548210176834
-0.41547425325741916	-0.373941206466007
-0.1783142055016178	-0.2030322133521607
0.024356986926823865	0.03168489248609995
-0.20294714118584878	-0.2124313103841148
-0.3114644387746033	-0.2660238163429707
-0.16914650986875923	-0.17715128495534024
-0.41245612609868587	-0.40280159789159187
-0.09634187005669226	-0.11035579699426948
-0.03234708379148188	-0.032456039720734686
-0.06949125781624232	-0.0734346165544887
-0.1936549106044243	-0.2177361657397236
-0.49458294879847653	-0.4908884876610616
-0.0657271541060016	-0.07345163725615678
-0.46884799835271274	-0.4954091322502516
-0.48205816519717537	-0.46487890125932935
-0.44435628685161	-0.45898706272538775
-0.3276099211745276	-0.3234487132217747
-0.03743002793274375	-0.04680396157467877
-0.3430873051426859	-0.3362580566877337
-0.057888963540957405	-0.03494135834248786
-0.5997074334697299	-0.5894929316504335
-0.4755846285818528	-0.476229827330128
-0.3522867964680563	-0.3723854572431739
-0.1790576240346784	-0.17449173041186
-0.35750172939814284	-0.35135729050856224
-0.11866410897173374	-0.12298578269592605
-0.47917646465127994	-0.48084304530361305
-0.28155874543027437	-0.3093887446501743
-0.043573250963003574	-0.03485346900992345
-0.0900455925766046	-0.09895761131510727
-0.2704571475614159	-0.27109485736170624
-0.42469423188607536	-0.4108989320590965
0.06372142054290819	0.051520067661241446
-0.34655723265976945	-0.3440393616170822
-0.4939230568601243	-0.48761636564011857
-0.43578801305404546	-0.4322721890008309
-0.2347138697939073	-0.21650424788087586
-0.16747893109659806	-0.18050095361700455
-0.24350233315043113	-0.25144064716819126
-0.16502592640675573	-0.14756864157078986
-0.18440702710937185	-0.18098472469080912
0.016862254029652135	0.030891181428659032
-0.45351360752993664	-0.45795679209169665
-0.3336914978899461	-0.4047369150457852
-0.3638300155851315	-0.34241462680342244
-0.42020827348478296	-0.41097665392759175
-0.4654662783979653	-0.4663296220319255
0.04821667388339712	0.03837399338647677
-0.0030629099948171756	0.01151736185771393
-0.5034309562097903	-0.5008530683043279
-0.15570775106613688	-0.14442599508171436
-0.33963470665673157	-0.3434195138875697
-0.20172469298068485	-0.17523233236594732
-0.26942843596569066	-0.26478058005602334
-0.1791279315888028	-0.17840988469895638
-0.22651022537472443	-0.2358025899720735
-0.2514981058356245	-0.2548069196204704
-0.5139808815080222	-0.5212356983760018
-0.40316395275049466	-0.40048465767489794
-0.2334100409208011	-0.2678706542249818
-0.41891109392743253	-0.4239018827895202
-0.29065320474358103	-0.2762964690464072
-0.28699746284153616	-0.3251288971702156
-0.26602571642155937	-0.2379684024180622
-0.4070359661487153	-0.40633431144950893
0.061459094120497326	0.0476641736600159
-0.06438090694626197	-0.07458125278610923
-0.3790464966899716	-0.335993282516908
-0.008020000217173084	-0.009620210618481857
-0.10445146094020519	-0.09605811712597673
-0.5255673206270082	-0.5242863939405046
-0.49308051186297597	-0.47766169978864026
-0.0008530024678563564	0.014353485769777491
-0.09605334788101239	-0.0865652091565563
-0.27783391311663763	-0.2913708970262342
-0.168203691321966	-0.16352751657168715
-0.3495410500322915	-0.3488866176199879
-0.4880748053290134	-0.48823065652129305
-0.278991511174814	-0.2780945860300066
-0.4999642215724709	-0.48346791538371253
-0.4938454098148295	-0.4968807985288844
-0.2465199095401509	-0.2596338631893021
-0.4313965947897307	-0.4432781241615641
-0.5027921226033758	-0.49955396506565736
-0.022725182833839952	-0.024398440282106745
-0.5872782371029066	-0.5980081759607577
-0.17684729803923904	-0.17514122268936005
-0.1858136729629365	-0.18544135289060615
-0.2226348200400725	-0.21853869233723897
-0.12900661380580303	-0.1374849792172201
-0.32817195448273573	-0.343751702661065
-0.4713834347760475	-0.4554132785224914
-0.47710154056009557	-0.46862400669070936
-0.6266122387759641	-0.6042714393864537
-0.3071575561827746	-0.2986583710245091
-0.18106169218448276	-0.13630158998400813
-0.28016039336820864	-0.2689327934145629
-0.16295408330791972	-0.18028124174982899
-0.4598642454975055	-0.45766144287052757
-0.289749676604961	-0.28655377637784585
0.067942862828553	0.05803288822552368
-0.1892821154718778	-0.1962438148884736
0.024901766666347136	0.04115780471774195
-0.2929015312797638	-0.29902125894125453
-0.15659788165229216	-0.16434550458586905
-0.3699570698005754	-0.3542428569658355
-0.2082805618471948	-0.21162729009068623
-0.4619868478131721	-0.4558384192207586
-0.25286837203956036	-0.25505513027269855
-0.013826297469938353	-0.00880828105116619
0.23544696274342503	0.23828571375380006
-0.3112935014085778	-0.3075581798181002
-0.21420317251121368	-0.20734453067812364
-0.10656186532484568	-0.0970428148926126
-0.3692007370590815	-0.3708371313834932
-0.2140779684793621	-0.20232529400436103
-0.141410373951671	-0.14963730403932313
-0.47811410220231654	-0.4582241330046109
-0.12228464428870733	-0.11549715187207296
-0.11306904665918083	-0.1061566136785354
-0.13799294149270658	-0.13549537416907054
-0.6099673342494825	-0.5651146495830974
-0.31901473601149277	-0.3038032433785992
-0.624925177964899	-0.6312286010465342
-0.04719783249884202	-0.04382094460548797
-0.6279120179470343	-0.6287923314075605
-0.28018489065934205	-0.2641362857683912
-0.31855595703758155	-0.30325854595903434
-0.17306706146472273	-0.16874301368487676
-0.1830427571931601	-0.1871846898806105
-0.31315903304746406	-0.29004950132630103
-0.09441827924752744	-0.08242604054427394
-0.02253393829355499	-0.02680980745557849
-0.18637836074663738	-0.1930613192730386
-0.09192777867590252	-0.1311150428006222
-0.027676321400411652	-0.02896512757238855
-0.5125407227888346	-0.5166022719766016
-0.047533010029289	-0.05224410300995415
-0.141520883854529	-0.1838348323587635
-0.3896695939813135	-0.39282940482271256
-0.12047554991984377	-0.13558541395456541
-0.3441890686925575	-0.3448292684607212
-0.16633272758404694	-0.16272236480821492
-0.505454878899875	-0.5009153588602933
-0.29880000009025487	-0.3028668671334503
-0.19686766170792502	-0.21370250783408404
-0.23095485349248257	-0.24222463626361007
-0.1305523768193062	-0.14094710452628362
-0.08401915095830148	-0.0766590001871425
-0.4243292526986622	-0.42683011517506464
-0.3177306364747965	-0.3179585774973149
-0.27071473211015906	-0.2701876978827843
-0.22938650185885479	-0.21463562794726712
-0.14425332604168872	-0.11641091216724422
-0.3818047856611413	-0.35876348315371165
-0.07644149552347024	-0.07578340889856644
-0.49506365256779095	-0.5160595889760073
-0.33581033704360674	-0.3461259250668779
-0.14675048865384355	-0.13602894830658818
-0.1369500704033051	-0.1393895829138432
0.03672602831065497	0.03732300294549985
-0.03510560847714039	-0.041566614118321174
-0.4053568285986726	-0.40272231973412603
-0.14453607343251385	-0.12764618953919604
-0.3406545350685306	-0.3368086523170365
-0.06007594674152461	-0.0350514063586041
-0.46995572678500963	-0.4788563722856931
-0.30042077077938867	-0.3108754835317948
-0.26804527430728964	-0.2672977845794203
-0.12419437286064738	-0.14385386672096645
-0.043322869701651	-0.025373988943615422
-0.5596305523432328	-0.5612708829358058
-0.5062683353858812	-0.5137932006642106
-0.2670286136328137	-0.27310646172991737
-0.27760539688862806	-0.28275665397091315
-0.4808037327721948	-0.45761871542801696
-0.3247509294455675	-0.35561482289294527
-0.20415909175631697	-0.2171028877991372
-0.14060377064845397	-0.11070059977252932
-0.18132240101571995	-0.19235510699445488
-0.08535244543672693	-0.09946064475085285
-0.323708846668632	-0.3226244755335332
-0.12637662441689557	-0.12186235531126957
-0.004674451746959463	-0.043501161266248756
-0.12699454900132956	-0.15000118725153197
-0.3489746234165638	-0.3374520835544034
-0.24803023555488934	-0.2057650632184402
-0.3287500793022389	-0.30505300109336475
-0.5068477157759972	-0.47551812013184186
-0.33552083276396516	-0.32188286801289606
-0.19357512277814148	-0.20958946975113474
-0.43204114353047274	-0.433994373858181
-0.15480934884398678	-0.1702280792005194
-0.15167405892867603	-0.1507238309169378
-0.3136829836003088	-0.3189923861800935
-0.49972810968494574	-0.49780265854673056
-0.40747859827013855	-0.40641900497792366
-0.052318362566166066	-0.05192530613955698
-0.17159522253628445	-0.16354425943164833
-0.3317581862294787	-0.3109488078147175
-0.11271347539826326	-0.10975779967737602
-0.09886595640906748	-0.10188669904686168
-0.4371885945886831	-0.42506428038837635
-0.10009302964674838	-0.08247843402532244
-0.5085697448943192	-0.49620899294884263
-0.27725370579682185	-0.29149891998764405
-0.09699420159819461	-0.10191513395383921
-0.18214963147659713	-0.1913991583687015
-0.2999834791568077	-0.30141081146736454
-0.4954155617064391	-0.5047153306721119
-0.14973950908111355	-0.1467949234775615
-0.4689233492474765	-0.46363149605687554
-0.20295850485174505	-0.16354081092440248
-0.21036379367023805	-0.20720211192328186
-0.49500189421699403	-0.49301913749913273
-0.36846093332572494	-0.3682629804440281
-0.4799985835258891	-0.4737495046432528
-0.11091138405936185	-0.09623914915581194
-0.35598612916916483	-0.3635660585539962
-0.08806291946168265	-0.09515353715727394
-0.12400609450377864	-0.11789244847077653
-0.1630405755121025	-0.17075608619139837
-0.12596233129335666	-0.13297258487856137
-0.2318612020834987	-0.243986169704675
-0.21303867145176092	-0.20243893833058532
-0.36769183804852634	-0.35798824406790797
-0.5230388036099871	-0.5168054370060579
-0.5190499234654711	-0.5143399568303106
-0.25837841733247835	-0.27065376421774134
-0.35561841631572033	-0.33256837957940943
-0.31345004095411966	-0.32190344244687963
-0.03340284237440816	-0.021508512256417173
-0.3874355169426327	-0.3951600933658236
-0.14242735392195272	-0.1356344147845837
-0.37921791346985856	-0.37564010617346205
-0.18662773268477295	-0.16970709282711066
-0.2701531845132319	-0.27398938264273776
-0.6228019642147764	-0.6126688498916374
-0.3154505909275125	-0.2948428534754096
-0.5634877316092313	-0.5462517239528477
-0.20859528192587007	-0.21383991476486247
-0.2876492490951854	-0.28159777618958953
-0.2700841926457045	-0.29429343618370474
-0.2662459558639334	-0.2693800216618551
-0.5411725610950171	-0.5474562012877967
-0.3954277232929275	-0.3997412214224628
-0.5124275006685508	-0.5131997763252205
-0.002546541347347997	-0.009578086317478616
-0.5047545571177743	-0.5088549926933226
-0.3458002848166757	-0.3371213771502433
-0.06814969737950882	-0.08236246094305313
-0.37303782929042484	-0.37268148214595714
-0.4326596132123175	-0.4358907399707938
-0.05356071664532358	-0.03542904078139249
-0.17152114568177623	-0.18215603315190154
-0.22392695031945564	-0.19018786397484053
-0.1788933668592545	-0.18291757781177662
-0.608216382823568	-0.5954253407137837
-0.2801763383317173	-0.2457175711971659
-0.08814365476858654	-0.09189696546995346
-0.024242391418539455	-0.009497436871098908
-0.10165582899295522	-0.09310434162663005
-0.23889477094080647	-0.2362158707318267
-0.516633294339095	-0.5259221281737984
-0.1319792923710823	-0.14219076058753882
-0.2482172859409868	-0.24043171664118618
-0.12029427186953257	-0.11505813366452573
-0.46323462908665825	-0.4650706152416692
-0.33971903630040856	-0.34862315878481137
-0.37827658310327195	-0.3756640793394006
-0.18854011431130324	-0.18874377390766503
-0.3718462290610933	-0.37742798044834336
-0.21374839964905057	-0.25354327718852954
-0.4136143142620341	-0.4242008210108366
-0.18599158102886193	-0.19824011717382145
-0.327707460136029	-0.3387781463515425
-0.14903706180041265	-0.13785745692224374
-0.3667906302940338	-0.3610373814448064
-0.588858112081029	-0.587666808976226
-0.1313335248431038	-0.1380455873107211
-0.39115487530424087	-0.36824438803995496
-0.538050427577411	-0.5461408481015595
-0.18922400042059184	-0.19897621130051174
-0.21308192303224782	-0.22207014801442412
-0.2691255353900237	-0.2666796939719809
-0.18091867252250537	-0.16747563906630694
-0.4413062979834006	-0.43777572305404255
-0.19304149582753727	-0.4413113621342559
-0.10980846097842623	-0.10611993273574294
-0.19210411823573104	-0.16403120535405522
-0.48832539758917726	-0.4949029187266426
0.06556791428735043	0.038412733654308556
0.019700955339320814	0.04185890577377925
-0.3394622647814085	-0.3386597477241715
-0.08042033980349128	-0.08933972674908781
-0.17992811246666562	-0.17197485131888454
-0.2994068678782149	-0.3222979945676073
-0.23274697363310537	-0.23495335497215794
-0.19924252503933904	-0.18906237457971767
-0.1793271779052663	-0.18956291457173002
-0.2492069570743265	-0.25864449933281886
-0.4733318495583978	-0.46505282727240277
-0.108099726973645	-0.12617885446457047
-0.0656284653913719	-0.06762511610729241
-0.1343025231392918	-0.12551678430499993
-0.20490408362783086	-0.1991183190111691
-0.009504250330856223	-0.037123904573367845
-0.3122938650249649	-0.3194384041612174
-0.1818911017389695	-0.18820272807680632
-0.35098765364206574	-0.34036633897877966
-0.40942678105250163	-0.42088818529609684
-0.2690885883316527	-0.2704263217029459
-0.24415684765282375	-0.20502666554385024
-0.15818522286345704	-0.13619054634007732
-0.28821985937802985	-0.2639028673855656
-0.13085679470355593	-0.15085995059921598
-0.4358559442026415	-0.43293607556895897
-0.23753964578734355	-0.24663523384663766
-0.20388191839161962	-0.16063012862352416
-0.1787571424786698	-0.18734889880018532
-0.41461523390594746	-0.39190285375886674
-0.356196195497847	-0.2004807835445956
0.007083469224465233	-0.0071577216442140325
-0.10364513775640027	-0.12262270954746707
-0.2956296451051168	-0.29637405566191155
-0.19434216692049233	-0.19711613072383663
-0.0680177152531165	-0.06155092599543579
-0.3235567514570006	-0.33680123314052135
-0.12706120644047036	-0.15323675619175076
-0.12874217543041588	-0.15355347848452247
-0.2886210155081468	-0.2670962611433266
-0.10010986242939524	-0.09997380840407093
-0.3654104167968848	-0.36563597111456125
-0.142184650806235	-0.12755044797004014
-0.324984960066546	-0.31314306538637604
-0.13223401226262332	-0.139331794765939
-0.09190519140633402	-0.10995298097599955
-0.5082594007682086	-0.4996413800004285
-0.14689802206467206	-0.15707900921964812
-0.3146187584042881	-0.32461227826404515
-0.44751392147405156	-0.4337563383155672
-0.45950634170726445	-0.459049945630095
-0.19993047989071666	-0.18951635118431623
-0.47669718048364906	-0.4729635766971809
-0.06371231661428656	-0.0683476249037257
-0.05953329079073999	-0.052634962624884596
-0.1262517070765341	-0.08897532633591686
-0.45962225331905415	-0.45741228684577256
-0.07221926174304816	-0.08772029417534359
-0.14489345477704685	-0.12886083492400696
-0.2920776281475721	-0.29726767629082435
-0.1350550267984616	-0.07209676865862016
-0.25633721948813903	-0.2371346143870963
-0.20771125651919675	-0.21026656693724324
-0.14006558519533296	-0.14570049513694863
-0.37498618435884	-0.3976555345320563
-0.054168162811630616	-0.05241195330439012
-0.1280508427126641	-0.13633562449507114
-0.2840496880242789	-0.28603196774740575
-0.1095435920433081	-0.09484945849794524
-0.20280697896345679	-0.20074474196356024
-0.2828343512428493	-0.29326490609987194
-0.18918176462461744	-0.2170083402089684
-0.20014958664406102	-0.23758443540886953
-0.1466912284499058	-0.13224307180557257
-0.3219677419037428	-0.3275883592917161
-0.47634771457915726	-0.46049596034978146
-0.3439028205356438	-0.3382110319348689
-0.21424482457839567	-0.2151635035043709
-0.32070382321438196	-0.3110519922783213
-0.08889425548411367	-0.08706400827805665
-0.3004078950509186	-0.3034734075163239
-0.10283549923088842	-0.1288107362431118
-0.5007120415829469	-0.49811972787382713
-0.4480884180336444	-0.4256569844087266
0.07556881285567307	0.0657310278104046
-0.09129227429836284	-0.07197379793684004
-0.4798384374531546	-0.47916267640134047
-0.28478456347998105	-0.28936491611386117
-0.20019208334139993	-0.19862202189237188
-0.33412538682937765	-0.3110302992982381
-0.1786927088455963	-0.1471917094741234
-0.3386594342194993	-0.3288121980456141
-0.22110199532474617	-0.23332560328937896
-0.4744345119637323	-0.47404751953647106
-0.1633262460001017	-0.1652173209505289
-0.3529864681481758	-0.34198769623201
-0.31771059651583844	-0.41730247029299816
-0.05664726877191306	-0.06618210568061177
-0.5053295024438418	-0.47346355429584447
-0.36779319026301316	-0.3513016486146477
-0.30203239543321025	-0.23936290301899632
-0.09171512199841025	-0.09970295355710208
-0.3491250905348675	-0.3685909329826654
-0.45272610305259775	-0.44510899450706237
-0.18191741625347468	-0.1896032643107595
-0.15162848326868605	-0.1114099295866884
-0.4473337282718255	-0.447911343321274
-0.0032982263212613105	-0.05381025287124817
-0.17615063056147662	-0.18170586068006966
-0.316362826717711	-0.32801820243673463
0.034577354358702905	0.031174652812819587
-0.2517189649887275	-0.258893263833884
-0.5145767457977177	-0.5161490011554325
-0.29122035197822616	-0.301065690474877
-0.40451278634492027	-0.41061352558699626
-0.19948266084914934	-0.20183462649249959
-0.11357293844787719	-0.11366409917161731
-0.337722121433746	-0.3304510896247742
-0.3036723165120403	-0.2960417418597737
-0.4163599203116011	-0.41449020444123647
-0.07884567079777582	-0.07020070399658877
-0.21203423628698737	-0.22136852626467007
-0.36534120578111207	-0.35293191717283195
-0.050788398236756294	-0.04226370110079721
-0.1568107178574838	-0.13902393797069063
-0.43856874363542264	-0.43270781303808986
-0.06741580895471877	-0.07450369689391437
-0.49412654394965116	-0.4980077361887913
-0.3203353154479318	-0.3166606994458095
-0.49393531068687047	-0.49205163909140126
-0.293449940138494	-0.29549940621230897
-0.48501828202307884	-0.47996406255923824
-0.03564142040303153	-0.0441450860094877
-0.3818373055716089	-0.38094111505789224
-0.48411909271012554	-0.49281643511477374
