9.254430911638049373e-02 1.206315387315953086e-03 1.000000000000000000e+00 1.000000000000000000e+06
9.253296776636757426e-02 1.206258824005874584e-03 1.000000000000000000e+00 3.162277660168379080e+05
9.249714042954912396e-02 1.206081221394540194e-03 1.000000000000000000e+00 1.000000000000000000e+05
9.238425283245350894e-02 1.205575729617961063e-03 1.000000000000000000e+00 3.162277660168379589e+04
9.203135128029975298e-02 1.204402509615516269e-03 1.000000000000000000e+00 1.000000000000000000e+04
9.095591489412527264e-02 1.202585871378162056e-03 3.162277660168379394e-03 1.000000000000000000e+06
9.095515092057701589e-02 1.202814196216552521e-03 1.000000000000000000e+00 3.162277660168379043e+03
8.789833518324031980e-02 1.200468206624717444e-03 3.162277660168379394e-03 3.162277660168379080e+05
8.789808542158791815e-02 1.200552485256649012e-03 1.000000000000000000e+00 1.000000000000000000e+03
8.065760031131752328e-02 1.224200105466095867e-03 3.162277660168379394e-03 1.000000000000000000e+05
8.065750433464727309e-02 1.224479423797702983e-03 1.000000000000000000e+00 3.162277660168379043e+02
6.877301435899940696e-02 1.127045058363496674e-03 3.162277660168379394e-03 3.162277660168379589e+04
6.877013531837092297e-02 1.126984938695559579e-03 1.000000000000000000e+00 1.000000000000000000e+02
5.789800808483488298e-02 1.003161308259684949e-03 3.162277660168379394e-03 1.000000000000000000e+04
5.788947408213339363e-02 1.002721462956728980e-03 1.000000000000000000e+00 3.162277660168379612e+01
5.038010637376429124e-02 1.028176727913047766e-03 9.999999999999999124e-06 1.000000000000000000e+06
5.038001226823688589e-02 1.028171771006615356e-03 3.162277660168379394e-03 3.162277660168379043e+03
5.035042489576585512e-02 1.026563072084568868e-03 1.000000000000000000e+00 1.000000000000000000e+01
4.414156866176436461e-02 1.092427482101813096e-03 9.999999999999999124e-06 3.162277660168379080e+05
4.414132860920942647e-02 1.092428684666186482e-03 3.162277660168379394e-03 1.000000000000000000e+03
4.407358525962702667e-02 1.092795274078120580e-03 1.000000000000000000e+00 3.162277660168379079e+00
3.887776977585589294e-02 1.070860759607378167e-03 9.999999999999999124e-06 1.000000000000000000e+05
3.887750615900873591e-02 1.070808245846848004e-03 3.162277660168379394e-03 3.162277660168379043e+02
3.882287788926593042e-02 1.057819329364443478e-03 1.000000000000000000e+00 1.000000000000000000e+00
3.450070359637379125e-02 1.113974966553655903e-03 9.999999999999999124e-06 3.162277660168379589e+04
3.450004867001051079e-02 1.113864352502516326e-03 3.162277660168379394e-03 1.000000000000000000e+02
3.441426810374194345e-02 1.112873566192970013e-03 1.000000000000000000e+00 3.162277660168379412e-01
3.065758819216204273e-02 1.079394804128834496e-03 9.999999999999999124e-06 1.000000000000000000e+04
3.065295431985379238e-02 1.079918899361086929e-03 3.162277660168379394e-03 3.162277660168379612e+01
3.046693482122451307e-02 1.089699390879199413e-03 1.000000000000000000e+00 1.000000000000000056e-01
2.905124714704134664e-02 9.435129632111260685e-04 1.000000000000000000e+00 1.000000000000000021e-02
2.751263212994896692e-02 1.022650070347209776e-03 1.000000000000000000e+00 3.162277660168379134e-02
2.726994116435679794e-02 8.600572606959165775e-04 3.162277660168379191e-08 1.000000000000000000e+06
2.726987397392701545e-02 8.600625258362976609e-04 9.999999999999999124e-06 3.162277660168379043e+03
2.724992232487869620e-02 8.606536349941245169e-04 3.162277660168379394e-03 1.000000000000000000e+01
2.554060252552923377e-02 5.148440209137691761e-04 9.999999999999999072e-11 1.000000000000000000e+03
2.553971442435620798e-02 5.149188601463613145e-04 9.999999999999999072e-11 3.162277660168379043e+03
2.553764202811285161e-02 5.148387620112875041e-04 9.999999999999999072e-11 3.162277660168379043e+02
2.553364400184082728e-02 5.151988771683029683e-04 9.999999999999999072e-11 1.000000000000000000e+04
2.552654840287926080e-02 5.148435499877785900e-04 9.999999999999999072e-11 1.000000000000000000e+02
2.551356236557527149e-02 5.161090448762573881e-04 9.999999999999999072e-11 3.162277660168379589e+04
2.549712472345917399e-02 5.160780038927447431e-04 3.162277660168379191e-08 1.000000000000000000e+02
2.549275104311695545e-02 5.149643118722433332e-04 9.999999999999999072e-11 3.162277660168379612e+01
2.548335802583626131e-02 5.152834738941084770e-04 3.162277660168379191e-08 3.162277660168379612e+01
2.545200597718971086e-02 5.188018932007369471e-04 9.999999999999999072e-11 1.000000000000000000e+05
2.544681952330639721e-02 5.188022331144389503e-04 3.162277660168379191e-08 3.162277660168379043e+02
2.539372711772890784e-02 5.125580051408948519e-04 9.999999999999999072e-11 1.000000000000000000e+01
2.539082540183308298e-02 5.126498255733515476e-04 3.162277660168379191e-08 1.000000000000000000e+01
2.527335293215702758e-02 5.242709163264084888e-04 9.999999999999999072e-11 3.162277660168379080e+05
2.527179502318148765e-02 5.242813979014677734e-04 3.162277660168379191e-08 1.000000000000000000e+03
2.513762305963689395e-02 5.011680892778168795e-04 9.999999999999999072e-11 3.162277660168379079e+00
2.513676911536491532e-02 5.011908366094753719e-04 3.162277660168379191e-08 3.162277660168379079e+00
2.489107476292961446e-02 5.128640971851960084e-04 9.999999999999999124e-06 3.162277660168379079e+00
2.482714323822264937e-02 5.490648798354073705e-04 9.999999999999999072e-11 1.000000000000000000e+06
2.482666554912929535e-02 5.490623348473185018e-04 3.162277660168379191e-08 3.162277660168379043e+03
2.480647075454291139e-02 6.875504678218609909e-04 3.162277660168379191e-08 3.162277660168379080e+05
2.480617642595859401e-02 6.875686937383207508e-04 9.999999999999999124e-06 1.000000000000000000e+03
2.471249978214074688e-02 6.835803081719064346e-04 3.162277660168379394e-03 3.162277660168379079e+00
2.469982828881060050e-02 5.450414570588675480e-04 9.999999999999999124e-06 1.000000000000000000e+01
2.457552961824881893e-02 5.052839293910688047e-04 9.999999999999999072e-11 1.000000000000000000e+00
2.457528759524289438e-02 5.052933692135192162e-04 3.162277660168379191e-08 1.000000000000000000e+00
2.450068165136339710e-02 5.078596908859022438e-04 9.999999999999999124e-06 1.000000000000000000e+00
2.405927035221213511e-02 5.977262408578260097e-04 3.162277660168379191e-08 1.000000000000000000e+04
2.402290929169139180e-02 5.971258791294158574e-04 9.999999999999999124e-06 3.162277660168379612e+01
2.353867169176123222e-02 5.598272780721378445e-04 9.999999999999999072e-11 3.162277660168379412e-01
2.353861658399178033e-02 5.598273314227139716e-04 3.162277660168379191e-08 3.162277660168379412e-01
2.352119757207183845e-02 5.599837886212009029e-04 9.999999999999999124e-06 3.162277660168379412e-01
2.350132393406415693e-02 5.653263341920269176e-04 3.162277660168379191e-08 1.000000000000000000e+05
2.349976196969335782e-02 5.654285996701614901e-04 9.999999999999999124e-06 3.162277660168379043e+02
2.338821617169323588e-02 5.800790261345970368e-04 3.162277660168379191e-08 3.162277660168379589e+04
2.337999238772675223e-02 5.799407017608517205e-04 9.999999999999999124e-06 1.000000000000000000e+02
2.312783284053061481e-02 5.507643217775297795e-04 3.162277660168379394e-03 1.000000000000000000e+00
2.229207092289957337e-02 5.711809028073853989e-04 3.162277660168379394e-03 3.162277660168379412e-01
2.214417662339319276e-02 8.120861450562137348e-04 3.162277660168379394e-03 1.000000000000000021e-02
2.212028669999895059e-02 8.156359455681276962e-04 9.999999999999999124e-06 1.000000000000000021e-02
2.212020233724518864e-02 8.156392804833745378e-04 3.162277660168379191e-08 1.000000000000000021e-02
2.212020207015000586e-02 8.156392910592108600e-04 9.999999999999999072e-11 1.000000000000000021e-02
2.203838033013608838e-02 6.686867331227521090e-04 9.999999999999999072e-11 1.000000000000000056e-01
2.203837090825602751e-02 6.686865363578110713e-04 3.162277660168379191e-08 1.000000000000000056e-01
2.203536794338963392e-02 6.686360691658580586e-04 9.999999999999999124e-06 1.000000000000000056e-01
2.154008395472202173e-02 6.476960462808033139e-04 3.162277660168379394e-03 1.000000000000000056e-01
2.071760703768510403e-02 7.410529939995614450e-04 9.999999999999999072e-11 3.162277660168379134e-02
2.071760637479833772e-02 7.410529159742402150e-04 3.162277660168379191e-08 3.162277660168379134e-02
2.071739424054815440e-02 7.410284631662601403e-04 9.999999999999999124e-06 3.162277660168379134e-02
2.066790097946797841e-02 7.213017757184647617e-04 3.162277660168379394e-03 3.162277660168379134e-02
