1.317819746144295590e-01 2.488438696327600983e-03 1.000000000000000000e+00 1.000000000000000000e+06
1.317378025338153680e-01 2.488427892573407199e-03 1.000000000000000000e+00 3.162277660168379080e+05
1.315984056367677513e-01 2.488377978547230609e-03 1.000000000000000000e+00 1.000000000000000000e+05
1.311602905421860310e-01 2.488257878611176230e-03 1.000000000000000000e+00 3.162277660168379589e+04
1.298020318649552585e-01 2.488894761480694648e-03 1.000000000000000000e+00 1.000000000000000000e+04
1.257685264475741638e-01 2.483208271078983682e-03 3.162277660168379394e-03 1.000000000000000000e+06
1.257663751856525902e-01 2.482800925330310490e-03 1.000000000000000000e+00 3.162277660168379043e+03
1.151450514582222223e-01 2.460558091978594288e-03 3.162277660168379394e-03 3.162277660168379080e+05
1.151427881087201122e-01 2.460097112628450901e-03 1.000000000000000000e+00 1.000000000000000000e+03
1.076204938409307948e-01 2.215180963679893884e-03 1.000000000000000000e+00 1.000000000000000021e-02
9.423459884975182721e-02 2.385046721056552181e-03 1.000000000000000000e+00 3.162277660168379043e+02
9.422959636000330375e-02 2.385761873851735028e-03 3.162277660168379394e-03 1.000000000000000000e+05
8.166013495924677457e-02 1.480542041421297004e-03 9.999999999999999072e-11 1.000000000000000021e-02
8.166013146866474282e-02 1.480541563975692034e-03 3.162277660168379191e-08 1.000000000000000021e-02
8.165922092375885177e-02 1.480378323022686583e-03 9.999999999999999124e-06 1.000000000000000021e-02
8.165336115133878248e-02 1.450756497393344271e-03 3.162277660168379394e-03 1.000000000000000021e-02
6.890047768200455169e-02 2.116170298648445934e-03 1.000000000000000000e+00 1.000000000000000000e+02
6.887125681020617174e-02 2.116681500225094017e-03 3.162277660168379394e-03 3.162277660168379589e+04
5.095176666817413658e-02 1.542453368171223813e-03 1.000000000000000000e+00 3.162277660168379612e+01
5.091570135958713161e-02 1.540893099838536520e-03 3.162277660168379394e-03 1.000000000000000000e+04
4.046433077724018862e-02 1.016320223823257698e-03 9.999999999999999124e-06 1.000000000000000000e+06
4.046393806804995247e-02 1.016358627954204886e-03 3.162277660168379394e-03 3.162277660168379043e+03
4.035696655475816408e-02 1.028060357875831528e-03 1.000000000000000000e+00 1.000000000000000000e+01
3.195446048723414589e-02 7.898015800487842011e-04 9.999999999999999124e-06 3.162277660168379080e+05
3.195043799516138899e-02 7.899045448618167075e-04 3.162277660168379394e-03 1.000000000000000000e+03
3.111855960126715462e-02 8.100068361606886994e-04 1.000000000000000000e+00 3.162277660168379079e+00
3.092292049046902955e-02 8.031002358361788787e-04 1.000000000000000000e+00 3.162277660168379134e-02
2.545641521389984535e-02 7.937505648198597960e-04 9.999999999999999124e-06 1.000000000000000000e+05
2.543143510907049792e-02 7.934807823133424153e-04 3.162277660168379394e-03 3.162277660168379043e+02
2.340955877598924900e-02 7.775004534211493474e-04 1.000000000000000000e+00 1.000000000000000000e+00
2.258248243003921352e-02 6.615557047988209535e-04 9.999999999999999072e-11 3.162277660168379134e-02
2.258246809561527749e-02 6.615615623043393390e-04 3.162277660168379191e-08 3.162277660168379134e-02
2.257924414222826220e-02 6.631828181701816772e-04 9.999999999999999124e-06 3.162277660168379134e-02
2.239153293835456637e-02 7.316187922436640781e-04 3.162277660168379394e-03 3.162277660168379134e-02
2.159862003901000249e-02 7.295765253478461807e-04 9.999999999999999124e-06 3.162277660168379589e+04
2.147134147950291103e-02 7.302864109527857110e-04 3.162277660168379394e-03 1.000000000000000000e+02
1.944040090178164593e-02 6.201940203758245273e-04 9.999999999999999124e-06 1.000000000000000000e+04
1.937269062230566330e-02 7.188826757261008397e-04 9.999999999999999072e-11 1.000000000000000000e+04
1.936116655719725271e-02 7.155155383843554446e-04 9.999999999999999072e-11 3.162277660168379589e+04
1.932926453410071035e-02 7.221208051003709513e-04 9.999999999999999072e-11 3.162277660168379043e+03
1.929142098448550016e-02 7.035025713310212852e-04 9.999999999999999072e-11 1.000000000000000000e+05
1.918763472378715723e-02 7.315250448548939015e-04 9.999999999999999072e-11 1.000000000000000000e+03
1.913826491522027662e-02 6.746486413130980270e-04 9.999999999999999072e-11 3.162277660168379080e+05
1.893821487155764732e-02 6.093214328850436907e-04 3.162277660168379394e-03 3.162277660168379612e+01
1.892113981913147447e-02 6.841081930645438475e-04 3.162277660168379191e-08 1.000000000000000000e+03
1.891459823300746523e-02 6.982836839006151307e-04 1.000000000000000000e+00 3.162277660168379412e-01
1.887166983758994943e-02 7.497358547532153271e-04 9.999999999999999072e-11 3.162277660168379043e+02
1.885099590628900798e-02 6.430570428183412591e-04 9.999999999999999072e-11 1.000000000000000000e+06
1.877851538652217100e-02 6.451174809530286613e-04 3.162277660168379191e-08 3.162277660168379043e+03
1.875747163339636786e-02 7.337310926557922717e-04 3.162277660168379191e-08 3.162277660168379043e+02
1.837383218565233692e-02 7.864535751496898102e-04 9.999999999999999072e-11 1.000000000000000000e+02
1.836480118101441877e-02 6.062185369391559541e-04 3.162277660168379191e-08 1.000000000000000000e+04
1.833101627621815805e-02 7.818037245222246275e-04 3.162277660168379191e-08 1.000000000000000000e+02
1.805779354268482670e-02 5.291164450015408728e-04 3.162277660168379191e-08 1.000000000000000000e+06
1.804605076464752683e-02 5.290352059448875195e-04 9.999999999999999124e-06 3.162277660168379043e+03
1.778417922166299417e-02 5.707059408233519692e-04 3.162277660168379191e-08 3.162277660168379589e+04
1.777412485789921920e-02 5.765847521089610423e-04 1.000000000000000000e+00 1.000000000000000056e-01
1.769147332850244669e-02 8.003999119733887658e-04 9.999999999999999072e-11 3.162277660168379612e+01
1.767742548150986678e-02 7.983167155897132224e-04 3.162277660168379191e-08 3.162277660168379612e+01
1.733170909982123531e-02 5.397313837852547695e-04 3.162277660168379191e-08 1.000000000000000000e+05
1.733031488457988448e-02 5.108421262384817575e-04 3.162277660168379191e-08 3.162277660168379080e+05
1.727073636354597638e-02 5.126439373397981367e-04 9.999999999999999124e-06 1.000000000000000000e+03
1.706510304056686397e-02 5.533879852017895267e-04 9.999999999999999124e-06 3.162277660168379043e+02
1.700836360523324056e-02 6.040327119426116415e-04 9.999999999999999124e-06 1.000000000000000000e+02
1.683305751917793178e-02 6.613184045904857205e-04 9.999999999999999124e-06 3.162277660168379612e+01
1.682229598515000771e-02 5.742279198078873706e-04 3.162277660168379394e-03 1.000000000000000000e+01
1.681802810166207335e-02 7.764528300192032832e-04 9.999999999999999072e-11 1.000000000000000000e+01
1.681317199055110817e-02 7.753657019060560375e-04 3.162277660168379191e-08 1.000000000000000000e+01
1.637929607689655315e-02 6.845752874032820382e-04 9.999999999999999124e-06 1.000000000000000000e+01
1.585314562464957763e-02 7.252278790687203235e-04 9.999999999999999072e-11 3.162277660168379079e+00
1.585151571140356111e-02 7.247768812575382984e-04 3.162277660168379191e-08 3.162277660168379079e+00
1.565454395318856620e-02 6.768844266336643701e-04 9.999999999999999124e-06 3.162277660168379079e+00
1.505146681329821642e-02 6.216914825959850462e-04 3.162277660168379394e-03 3.162277660168379079e+00
1.494729900310948559e-02 6.495735437605839463e-04 9.999999999999999072e-11 1.000000000000000000e+00
1.494677576124557074e-02 6.494702154647777207e-04 3.162277660168379191e-08 1.000000000000000000e+00
1.486878682500953654e-02 6.424515946060400159e-04 9.999999999999999124e-06 1.000000000000000000e+00
1.459333646777833358e-02 4.453087030935795046e-04 9.999999999999999072e-11 1.000000000000000056e-01
1.459329013396127618e-02 4.453078524863986220e-04 3.162277660168379191e-08 1.000000000000000056e-01
1.458500763060317784e-02 4.482298922088878462e-04 9.999999999999999124e-06 1.000000000000000056e-01
1.425817348765955929e-02 5.493558070145034694e-04 9.999999999999999072e-11 3.162277660168379412e-01
1.425801839944149454e-02 5.493360575018244691e-04 3.162277660168379191e-08 3.162277660168379412e-01
1.424824523463404449e-02 4.615295847424095142e-04 3.162277660168379394e-03 1.000000000000000056e-01
1.423283252081415304e-02 5.534985566738313042e-04 9.999999999999999124e-06 3.162277660168379412e-01
1.403892120573379219e-02 5.675097030414854920e-04 3.162277660168379394e-03 1.000000000000000000e+00
1.367977751595002810e-02 5.137829172963407276e-04 3.162277660168379394e-03 3.162277660168379412e-01
