-0.2652930932786539	-0.2699021782132273
-0.31388853401990335	-0.32123863745432446
-0.2900216937020659	-0.29654199312583196
-0.19733615333737475	-0.18991057141223985
-0.18291434386764927	-0.18335557013416254
-0.4713995621692959	-0.4755170204091465
-0.37168954563152923	-0.365970016395032
-0.3470717434392432	-0.3340351403674385
-0.46809946239744704	-0.46814387831246695
-0.017333813025940614	-0.044827772887035267
-0.4287815575290512	-0.42455383727510737
-0.23602124704657435	-0.264814819817088
-0.09933889630740822	-0.09884287567468221
-0.2292413821811845	-0.21601452595726886
-0.09691746269125012	-0.08682103286494065
-0.000930579881402771	-0.011257454152129321
-0.2624039298667036	-0.24944167541959097
-0.19905028413520842	-0.1982506140050481
-0.2640802139995033	-0.24099682775525488
-0.2990115898412382	-0.30365959402258913
-0.09515597397896514	-0.08398517786884654
-0.2832786789331374	-0.24828497571603636
-0.17835723106610502	-0.14547459625335285
-0.0010074055273951998	-0.01079116765154269
-0.3465445229008868	-0.31306470540180104
-0.516633294339095	-0.524924360845414
-0.045145342795974486	-0.03004505781373225
-0.42227058159998077	-0.4194348167699381
-0.3299557250461769	-0.23090351053593733
-0.10010777693172379	-0.10040963860573654
-0.42539962838486467	-0.4348769659349901
-0.3124249810251243	-0.32328056276710854
-0.39115487530424087	-0.36099606667437417
-0.2120549757363328	-0.1780554517380512
-0.30125399926438234	-0.3052287189533687
-0.24443911235864846	-0.22716592345827621
-0.3720718147315569	-0.3848866703211054
-0.4418570742400387	-0.4369067454165098
-0.22112229571474895	-0.2201400202157317
-0.27539099555651614	-0.2839619761237175
0.11406199795369787	0.11252421298875143
-0.6049040368753413	-0.5979397933448317
-0.2876708649919735	-0.3101376388020186
-0.40186931609544274	-0.3972392882539717
-0.03480130647223234	-0.03457510750296801
-0.3107078184876553	-0.3106300012617448
-0.4749088691820287	-0.4609768025578973
-0.33690467194671214	-0.40287105956674374
-0.08612235437017457	-0.07903220643955697
-0.2814903073563313	-0.28357201357140066
-0.27195247022064617	-0.24757437794824902
-0.31020054258544505	-0.30980797469837257
-0.14489345477704685	-0.1259590601874506
-0.09921803273235064	-0.10476368067580977
-0.3020310286740395	-0.2723442702045288
-0.19857619768173507	-0.2098145771574088
-0.4042136023324705	-0.38750747961494986
-0.2828300536404358	-0.2852411728139776
-0.08841213149270732	-0.07895587176752702
-0.2508778273883454	-0.253302543557053
-0.06015158396033016	-0.062069920015511655
-0.4930098287777014	-0.49917830132927726
-0.6349689069822588	-0.6358203507315131
-0.4679989078092177	-0.47435105778862047
-0.09360415953680068	-0.16433266260683585
-0.330935344600074	-0.26394326406662355
-0.17751864660213812	-0.19105117591096152
-0.299688686908798	-0.31628493228009
-0.6370571709213486	-0.6248369075436683
-0.4346365127676073	-0.44632211777242753
-0.3776258757611206	-0.3646212436168672
-0.20216386625908278	-0.222622969120635
-0.29468178397528	-0.2855232034118283
-0.4678453418910511	-0.47608524240897526
-0.10445146094020519	-0.10167333915242334
-0.5414372843672375	-0.5360098858049
-0.1831278525875284	-0.16860207902470223
-0.35963051559202164	-0.32353431786317166
-0.03188997779381175	-0.050064265951259165
-0.42310098498589976	-0.4335682476276436
-0.3833678531979441	-0.4029972265323486
-0.5064450828395035	-0.4629870808886087
-0.5519446759727602	-0.5605855528940753
-0.4490999282259063	-0.4464370309229668
-0.29598212359722886	-0.3077851363352878
-0.14959092344698455	-0.1504576813235456
-0.15837099443365332	-0.14766590839668928
-0.629086734833928	-0.6379341299827754
-0.13402919016588122	-0.0970231039982941
-0.28155874543027437	-0.32038848095490957
-0.1410356575304359	-0.14649037571048532
-0.09969337192154448	-0.09821826176044078
-0.31297032561086713	-0.3166060674637556
0.19359283839289354	0.07564611575632914
-0.33737685636913994	-0.3345130694712672
-0.22692070438660217	-0.15696959751463174
-0.29100506952683425	-0.2857686546734069
-0.27538444843903953	-0.2739186881621157
-0.2747774918362449	-0.3014322617096344
-0.24136610073807852	-0.2867647997533504
-0.2902605734512722	-0.2860954784743595
-0.16797156066512997	-0.17593289569163983
-0.3909745994998808	-0.38515458150315757
-0.2942746472121778	-0.31284637039667285
-0.20299984331676413	-0.16585782157175372
-0.3036255085265731	-0.29400397011079205
-0.4847332031812046	-0.4856532955294045
0.02117757645214624	0.004123257138381757
-0.34316881388856757	-0.3397469431323881
-0.19338781144285377	-0.19696281927915554
-0.3972570901552004	-0.40995487314888013
-0.15010868067061	-0.1835337987779575
-0.2884673774824069	-0.25949458206762976
-0.10966542847629235	-0.10764788165746923
-0.10114214815038469	-0.09950804145718976
-0.0067218544793865576	-0.0423334674440156
-0.5002204672111326	-0.5038747087233231
-0.16295408330791972	-0.16981067156814345
-0.3775903088397943	-0.35885744044404216
-0.2379552591550418	-0.23738820661867008
-0.2118676478891821	-0.26037995151006976
-0.36105033172528955	-0.35213740806433663
-0.18440702710937185	-0.18601225490038675
-0.2914651330299609	-0.2984009994522975
-0.4235264380628223	-0.4268790033392746
-0.18359937917939284	-0.17375135763314736
0.06366937144578877	0.044332136746744084
-0.06440137332636198	-0.05764319579439397
-0.2784107536740468	-0.29575748404308055
-0.1136797399859013	-0.1198370984908224
-0.4573206883411842	-0.4563786657976489
-0.20771125651919675	-0.2083939144426178
-0.43964286224445104	-0.4444658640553795
-0.44079161551209367	-0.4380676190160458
-0.2842843139238074	-0.29075270549576704
-0.5066830706624224	-0.5070565151477385
-0.0025805761274408923	0.0035370162161787056
-0.26995035337152906	-0.2588219299024441
-0.47943264461962887	-0.47674123827274995
-0.03435875245336284	0.002491695129156234
-0.15124559400410043	-0.14840789013861602
-0.22901530619537525	-0.201918773645416
-0.042480521334102406	-0.06270714659480058
-0.03684735501929204	-0.035947021761116235
-0.5040652537162913	-0.5140576280207318
-0.18534125643597044	-0.19041917540485506
-0.3701689369105239	-0.3593416763962096
-0.14314056797565833	-0.16129848093955557
-0.2929685336297876	-0.31080386218212147
-0.630910568700715	-0.6339492007865586
-0.1347757490818431	-0.13825891146124356
-0.30444211485874995	-0.29854455158451504
-0.5193526833244944	-0.5186970285095027
-0.36015385312835235	-0.3403823075551671
-0.2974700281191103	-0.2949786648539314
-0.37886324093618473	-0.36744796174805794
-0.5163118862123834	-0.5034114759536946
-0.1990643999032855	-0.1965199673321465
-0.3318474509603355	-0.3300584826745191
-0.3090303565345991	-0.31815111842395716
-0.48501828202307884	-0.4832110618511167
-0.06949125781624232	-0.0655259600543762
-0.40626478529579124	-0.4200551839520451
-0.07084879496943852	-0.07404075987711278
-0.03743002793274375	-0.041649046075441655
-0.33528460039065067	-0.33433013286810664
-0.2131606977664502	-0.24011288458690638
-0.4097707738291785	-0.42802704388329776
-0.4596785885348016	-0.4590107936402937
-0.21448439887061088	-0.20213194596784784
-0.17097297675220346	-0.18770899469703173
-0.356744897632856	-0.3397504245157414
-0.0617339408009272	-0.06521822566570373
0.04949154322239302	0.05930033855562007
0.10080166597995088	0.10359298059306007
-0.10641553133886461	-0.13132200862785712
-0.19751684464981167	-0.20380311833069
-0.30092566149154987	-0.2854145946104832
-0.17077348668922632	-0.19965899409048798
-0.43087756481635076	-0.4344677580968285
-0.5145767457977177	-0.5087789107799292
-0.14425332604168872	-0.1362301871708184
-0.4707595112555474	-0.4696287734481617
-0.538050427577411	-0.5476658535617249
-0.5066991319605201	-0.5046258943380592
-0.2312369164255852	-0.20909417943938838
-0.26459552486410054	-0.2462621523571986
-0.30762601759699937	-0.3170537950886285
-0.3780814530208456	-0.38552763679950475
-0.17249782407492198	-0.16961765024916722
-0.29459406940056354	-0.2947306159612147
-0.172530367616881	-0.2006422716544069
-0.36769183804852634	-0.35281060328538316
-0.18323033713022419	-0.1937316918779003
-0.33113369524159353	-0.34304023009134094
-0.169605881116194	-0.13580840136884179
-0.08561732245529896	-0.1351949935332034
-0.1434123601215802	-0.13954288401717152
-0.29220254381635247	-0.2608472739714484
-0.14035217923077248	-0.179483372987516
-0.3518089842206926	-0.2976505444007292
-0.44567924146815585	-0.43874823968085663
-0.30563557041463874	-0.29008774698422196
-0.18087649572209408	-0.17978432899092528
-0.20388191839161962	-0.16064297793171806
-0.21691584317714163	-0.2207957898798266
-0.2868241331859682	-0.2813891687981326
-0.12916151762997963	-0.13457705110175464
-0.10934224552456051	-0.11689021854591534
-0.15257464635900408	-0.1922815440116206
-0.4722301222339311	-0.46187167992997347
-0.19987516555363172	-0.18064700800734732
-0.09722563117445304	-0.09251981930635583
-0.5219598416067655	-0.5164668630446254
-0.06956296398659578	-0.0621150214340303
-0.07561614015307505	-0.04923718222189991
-0.31811937039548965	-0.3454404641320316
-0.2516775969986833	-0.23962436782980256
-0.18681277210314917	-0.16494945683397969
-0.1295890313412471	-0.14093363664764152
-0.4598873750187593	-0.4614910738649554
-0.47545165351314367	-0.48847565310339813
-0.13348825019511246	-0.16312303146039525
-0.39074536522802283	-0.3895705642629754
-0.13971183416162525	-0.13538134389139772
-0.3149409534610488	-0.2843057923118138
-0.21850284997243286	-0.23374485551270835
-0.30645699754135514	-0.3033087590608926
-0.11617930262451548	-0.12698745925643112
-0.4183017721760276	-0.4263860856920816
-0.43992205940768603	-0.43202024364866004
-0.17411503519519567	-0.17435122639049208
-0.3755213502915442	-0.3760258936972076
-0.3610033563233923	-0.31238309369565714
-0.18106169218448276	-0.19869585407858217
-0.37099120486932335	-0.3737720901857299
-0.15102255820845567	-0.13831636973262185
0.0671118670789248	0.05611964160340787
-0.1009988622208482	-0.09935991955648066
-0.14368166664845816	-0.13825810892576845
-0.4337951971625156	-0.4346939581842418
0.0016175123413955106	-0.048130296963548994
-0.44131463007654936	-0.44480028807170496
-0.3825638454928928	-0.38877745875307873
-0.35058488976392965	-0.3354779304926606
-0.329319661181362	-0.32500087022826984
-0.1694847267028825	-0.17160842802184847
-0.10282828662652488	-0.10018311661072628
-0.262306101710287	-0.2622647917226322
-0.05507125374025712	-0.048820058339594574
-0.09047055198835352	-0.09216734558787854
-0.19320488651106338	-0.19461936542647776
-0.5019211654536608	-0.5020054197809752
-0.17140468194508962	-0.16422453222351954
-0.09842228142417397	-0.0784470621843395
0.06121403081530019	0.05845638694487432
-0.16543156183293917	-0.1756662524111453
-0.30217267859000785	-0.29335872428950366
-0.21357989444272896	-0.20746782188869387
-0.2354576207546346	-0.233757865409816
-0.27056885895736826	-0.23956491692314966
-0.4512522892145485	-0.45522262224451215
-0.26987156109736965	-0.2806690508572789
-0.4954155617064391	-0.5051840075211418
-0.17229564680166654	-0.20929103729327223
-0.2513667374880999	-0.2572202895759551
-0.15680789997171551	-0.20851864810581058
-0.22123329139549242	-0.23810319505199534
-0.13162304107962797	-0.13425867238663486
-0.6132238032015849	-0.627010187958826
-0.39779645854806844	-0.40127424953765173
-0.24788971982145114	-0.25109321376013133
-0.23918757495034892	-0.25358080094988483
-0.4909906684165595	-0.48815429715568154
-0.13589451606740965	-0.1372861138898328
-0.28478456347998105	-0.2951642454796892
-0.23103929876029738	-0.2090631240429949
-0.050391077483363134	-0.046681189030989424
-0.5608735460809591	-0.5567385731491248
-0.051597382625233834	-0.02836662434380073
-0.1708632101432439	-0.17093414881894975
-0.3386594342194993	-0.32964856465853476
-0.03323059580704246	-0.028614335303036045
-0.3123830526202642	-0.2993666424454554
-0.1539131493332473	-0.15399559121400339
-0.2686379653790105	-0.29855672265583616
-0.08473540427468151	-0.09927466880321587
-0.3519654536097132	-0.3740977016805544
-0.1343361429018497	-0.13280506657230517
-0.10945705578562137	-0.10068428814533023
-0.19289531471540933	-0.1748759037367759
0.02557567633963309	0.02383433942301107
-0.36151806234498274	-0.3465783875893422
-0.3940959394461032	-0.40305371768655335
-0.09613044618676625	-0.08888980904075888
-0.19570885430784024	-0.20255471661383553
-0.19470699610618514	-0.17262172682202767
-0.15223178372504442	-0.12957832784652693
-0.08679174259746514	-0.08829325043630515
-0.16041256895532374	-0.16731484042065956
-0.0488106856378554	-0.05723929996587329
-0.5228585794004008	-0.5118214502988663
-0.07895043595200324	-0.08877760913152037
-0.22820356477173842	-0.21838712253315087
0.07384980194698088	0.1007196555823344
-0.19800395727981268	-0.20138451569209648
-0.28018489065934205	-0.25109172880186126
-0.12972697402210187	-0.12766207359575643
-0.289749676604961	-0.30825222075459474
-0.35574983002946414	-0.31055225323417274
-0.29437768265427877	-0.2980432857761399
-0.09303252116779959	-0.11716796115686649
0.00546096234474458	0.029654219445993335
-0.06603778605565047	-0.037624247828812504
0.04854652440249918	0.03053919876750031
-0.19651422873360858	-0.2043721695719153
-0.31951201835757725	-0.318784513646572
-0.040791797974657484	-0.051563931951095696
-0.48704711681921875	-0.4917696882590331
-0.2245275434630063	-0.19297275277871034
-0.1368858642829478	-0.13857440172215513
-0.26340950581893274	-0.27627999532918746
-0.246414758975801	-0.2745723801270401
-0.6142297873092453	-0.6100138659228082
-0.3228132876231369	-0.34830124732300893
-0.22434793777590567	-0.2099847706293046
-0.2732723553262222	-0.2753017788528844
-0.2190463655404038	-0.26472875505295607
-0.4711687203417796	-0.47756251575723874
-0.2042397517736383	-0.1724490518096226
-0.4744637189922507	-0.46655024540997425
-0.26156019952328347	-0.26591974718017414
-0.17237994688308067	-0.1690481859894186
-0.2205497773074203	-0.19487595168277982
-0.6267998580838672	-0.620877073304947
-0.46445175931864924	-0.457188499637291
-0.2924408791191304	-0.2887432831357875
-0.10547844004515916	-0.10267051310559683
-0.07831683409528978	-0.08826656330380034
-0.3339086992717597	-0.332311372380933
-0.49640491349904536	-0.49137755103022474
-0.1746369649048365	-0.1742596282449722
-0.5137323319389999	-0.5025320232642759
-0.2681552126274944	-0.22828093072595942
-0.05318097201528538	-0.0590440544395398
-0.06175725612597294	-0.05658652615947936
0.0028463585392550783	-0.01164501039500557
-0.37303782929042484	-0.367129983705501
-0.2867332109716001	-0.28191513651846706
-0.24484179496482827	-0.2300613593634052
-0.07620908400417292	-0.07403893770504977
-0.23646239050135165	-0.22564070560903568
-0.433240664499011	-0.4080111823703461
-0.40120150420460643	-0.3923067845303753
-0.048651710922609226	-0.05781477142348247
-0.48804715033242374	-0.48605036986430855
-0.27272168592774015	-0.2703402012780921
-0.19313821337832238	-0.17851937688300015
-0.22176065750825202	-0.33344299536097693
-0.45754457013243854	-0.42790262812325386
-0.2834681316770933	-0.24642047886905974
0.012792992655155544	-0.010464537082469935
-0.04443863355551869	-0.024313644722131607
-0.16752548496646202	-0.23227229613184733
-0.4847835903918698	-0.48534091300570725
-0.11707427974183027	-0.12596177636084102
-0.1085844858520364	-0.1240328870573384
-0.12571875582617587	-0.1431550682279883
-0.419336728392139	-0.42412087054984143
-0.169445581305542	-0.19153485173814275
-0.11368420931318468	-0.12897537304452955
-0.3213412515302805	-0.3129368658402459
-0.09534057693003462	-0.09617581267952456
-0.38290687064023743	-0.37946854223989135
-0.4431871767644102	-0.4453795823088316
-0.4754876908308052	-0.48028555894331054
-0.4999417409792155	-0.5045269540644436
-0.08857288855101508	-0.09290529897098901
-0.6143589841926822	-0.62238563263917
-0.266441604667933	-0.27182872718734086
-0.049473639996428176	-0.060540086880619626
-0.30638532258962314	-0.3117916565257687
-0.3746889946137504	-0.33117214200238015
-0.31046480364314455	-0.33432463613244345
-0.024662245902440816	-0.00996077407322318
-0.04109577829550748	-0.0325970956036564
-0.21156591944010295	-0.20384734398888932
-0.4750971911910753	-0.446810773480861
-0.25542920921835766	-0.2797360105862299
-0.20834112691898987	-0.21049147018054132
-0.3569090304988993	-0.3183416725287639
-0.5730960441071513	-0.536842719240493
-0.2822201919255214	-0.2825536408197862
-0.03671807625968526	-0.028355702799405205
-0.19097974664439654	-0.18259647867849169
-0.4136029576355824	-0.4042420548475776
-0.4954129076755516	-0.4973815538236674
-0.356196195497847	-0.15161959367210776
-0.6147181425827357	-0.630011653350723
-0.26995060084358613	-0.27449748934721285
-0.35592303238764966	-0.3536672262908878
-0.2818273462100187	-0.2605250717673812
-0.13021415042940898	-0.10972050570661719
-0.28254620522060847	-0.27857678962478527
-0.2926971321645855	-0.2903718990981338
-0.4962165807167782	-0.49080998059276376
-0.40293832699213983	-0.39098434848727015
-0.012490591439507703	-0.024836886489313512
-0.2329899422224475	-0.23540077863256334
0.0795585809064443	0.1066763988875572
-0.16650521693056852	-0.16763412358646024
0.0006765839577624888	0.01086856400728735
0.04844165291927727	0.0323969120514662
-0.21303867145176092	-0.21068509824927062
-0.050305393694012324	-0.05077503853391216
-0.27101117753519155	-0.2741822806520777
-0.2643669094314296	-0.24852744483568143
-0.47108388038059257	-0.4668832092595391
-0.5168817645756434	-0.5093411043470115
-0.03818573146294302	-0.0400623682273886
-0.25043469496269655	-0.2688797353884172
-0.1622709540349625	-0.1535530748476463
-0.4670602971535125	-0.47181964481234107
-0.29124930113944103	-0.2868115328695127
-0.32857078812791585	-0.3241298546421886
-0.2977306805551754	-0.30918496569623244
0.07722045878163097	0.08550482820821015
-0.5473328277656595	-0.550858725892357
-0.149152223900348	-0.1580953420589416
-0.4591694953433336	-0.44400853479501295
-0.22179230156662832	-0.22534127246361738
-0.06741580895471877	-0.08013024292017971
-0.3479471193026402	-0.3440049213877851
-0.3592749558791315	-0.35775131759508044
-0.09038337093660864	-0.16217169314678337
-0.06226019473012734	-0.0676305308032509
-0.31855595703758155	-0.3185644751403709
-0.1095435920433081	-0.08890981903299043
-0.34191581860629316	-0.346341261477211
-0.07974272406405092	-0.07985505349600082
-0.0743180350380177	-0.053427058298411094
-0.5062794833107613	-0.48421987334839134
-0.31345004095411966	-0.30671230921027925
-0.4421970163601152	-0.4396871781635089
-0.32503295883741856	-0.33754797028137257
-0.11966545212976065	-0.11153526209818286
-0.1306835102671915	-0.12353422338756358
-0.15599449057195525	-0.16700521269854382
-0.45351360752993664	-0.46319739666957765
-0.1250097960439227	-0.12696239851355506
-0.09211156714729629	-0.09906340393011416
-0.1305523768193062	-0.08503698605589334
-0.25493217342454066	-0.24048613736724964
-0.04980958353348086	-0.053027478535106025
-0.2685109466838824	-0.2316317251113009
-0.36193135839265	-0.3582751710006148
-0.09872678997862927	-0.0983612215316425
-0.5514977807417676	-0.5388283873784692
-0.5775387331155937	-0.580356260514929
-0.17271523058369453	-0.1703747140887164
-0.16087844674159335	-0.19945283261066565
-0.04667015000354713	-0.046396956230434716
-0.32190730467857964	-0.32068489861321753
-0.25813587981000374	-0.24073087416846936
-0.4393838623824635	-0.43784160026257735
-0.09048495057305672	-0.08041010419035897
-0.179315262047135	-0.1789958770838592
-0.5002914278546609	-0.5072985598829484
-0.507569567788325	-0.5024960950585394
-0.06256559352821611	-0.05734476042503829
-0.5062617887116385	-0.507466517390475
-0.3463530191700954	-0.34844234524743056
-0.0925049783611156	-0.09274508294681527
-0.13460318093179868	-0.13685089774896575
-0.09830109844845403	-0.09874692985732916
-0.5134499148817522	-0.5169784040865306
-0.17890129494555396	-0.18696578963955587
-0.12300124994976525	-0.08814464622221636
-0.6186313110310913	-0.6128141997155174
-0.4483069923044152	-0.4305968110220199
-0.2936137716061804	-0.28336304675771795
-0.4700103096885426	-0.4858032743095237
-0.48195469401060276	-0.48162592002725274
0.018237826114367195	0.007709119534365625
-0.06158228237458907	-0.05745721713136668
-0.37040632502148974	-0.3691845536548695
-0.4357668901411813	-0.4367447081257787
-0.3174444619314123	-0.32087283144923323
0.017646989225097442	0.009615616023010828
-0.3152396269709179	-0.30631090255798216
-0.3397182840958761	-0.34617266931943297
-0.5042255580950936	-0.5077149344091514
-0.17753340947348484	-0.1793251312876079
-0.07974298961147763	-0.07908018989901014
-0.5854585525427307	-0.5582989932935654
-0.32847987428505476	-0.3195705213636696
-0.25596014980433424	-0.245078381578535
-0.2714499916531903	-0.26208180937381764
-0.23680322402701037	-0.23479547569563805
-0.3160711311395481	-0.32564320801407975
0.0023907906951290414	0.007000149037325462
-0.18665928857792657	-0.18843624381081336
-0.2548519917192671	-0.24777678302703038
-0.20972502705475726	-0.20766729370728948
-0.043626325561213264	-0.03870656016595841
-0.24111515074687695	-0.22035251741166825
-0.5142390598278803	-0.5068020516171963
-0.24736738868602615	-0.2820126492856576
-0.44153385469547146	-0.43919220496345807
-0.3552357067753764	-0.3624784415024442
0.027160479172287033	0.028151131514832065
-0.5234731981366689	-0.5163141491275828
-0.40316395275049466	-0.41453686690820485
-0.17348390108856648	-0.20423992786890202
-0.27071473211015906	-0.2875426726556554
-0.14488255294446084	-0.21891160308566512
-0.33281723122942886	-0.33140816278709806
-0.20513614293485105	-0.20154846487754954
-0.32272961769758	-0.3252592301644621
-0.074046265085431	-0.08312644398107845
-0.42628270829403636	-0.4299124633059703
-0.18637836074663738	-0.12530385596979993
-0.1238314784102501	-0.12784824802749403
-0.2318769935213627	-0.21281554102034603
-0.2104431922070944	-0.20291163841109205
-0.4828675859370417	-0.4803120826218635
-0.3396048391852631	-0.32495982075273844
-0.46089797939830834	-0.4742113100665869
-0.3122938650249649	-0.31404156420794116
-0.5093420715715169	-0.5082253072500666
-0.24302252309124572	-0.23776731020866387
-0.48117330738396547	-0.49416101944964863
-0.36867828229481425	-0.3422937174988129
-0.2453154255950647	-0.2638640465021473
-0.27863944505218363	-0.2394808552611703
-0.08064035470598263	-0.08688448271013835
-0.11147744399541892	-0.13640728687886286
-0.021508195296609856	-0.023171135568365146
-0.563213667007405	-0.5522237216021695
-0.4702847891736237	-0.47749532766027986
-0.43413836609364154	-0.46733729285567727
-0.007329768761264788	-0.0017353988522291785
-0.4342557353059151	-0.4292525939285296
-0.13654168267707334	-0.12828139090808985
-0.0642519740999008	-0.05650351783333779
-0.5155703081898251	-0.5156341193173265
-0.2958772499569733	-0.3141905472346127
-0.2000248262254818	-0.19561219238432362
-0.19028848075112847	-0.19115549861542702
-0.19187920263259173	-0.20266561285623652
-0.17939543319307383	-0.19606327559688422
-0.20027029159852194	-0.20910033051148752
-0.44177937516975696	-0.43210668779532463
-0.453070515364395	-0.46243162128468124
-0.43949552535762315	-0.42836148420151965
-0.1990337072355297	-0.19196590374727968
-0.24248088827620684	-0.21307643066517884
0.011022038953502289	-0.014969433741590292
-0.19354949236154795	-0.18555839635103333
-0.4422341712944533	-0.4410070926765102
-0.11831621778922496	-0.11751294081841207
-0.0527439010837929	-0.0524069567803087
-0.09953503564188004	-0.046099148595390146
-0.30100316094895696	-0.29959767047021935
-0.3391950093717888	-0.3237455574952776
-0.17819907220151165	-0.17522835363676117
0.03148824112628823	0.061637231629021474
-0.2793306996021556	-0.2477590252637813
-0.527504748268905	-0.523840837609025
-0.14761478745176504	-0.14822224360501557
-0.15890365572382414	-0.1462757053850618
0.028806119366057814	0.01668203146433619
-0.18469280677120103	-0.19028994896175241
-0.06315302299357484	-0.06923328505457886
-0.35277912942782397	-0.40064614836363965
-0.07099667339531379	-0.1021860711297285
-0.12127035782298456	-0.11906605222474755
-0.14120266387651448	-0.16810771492639348
-0.12875647755782182	-0.13835995599650944
-0.42487829869138505	-0.39631214244837204
-0.2836849620501809	-0.29533055333495745
-0.27377634916789795	-0.2772172252812201
-0.3074253229227457	-0.3011237117689157
-0.2670286136328137	-0.26892875281598766
-0.05146731482216538	-0.06941965142400941
-0.27194593408431356	-0.26728657583220217
-0.43026815577132105	-0.432395046558722
-0.28699746284153616	-0.3049929063195188
-0.12741010832474675	-0.11228730518861342
-0.14346388674021693	-0.15818188199166242
-0.45026925247851857	-0.44885017637668345
-0.3591701010758275	-0.3571617349498945
-0.5068477157759972	-0.49374279282220057
-0.4991759131421265	-0.4873647337331199
-0.5060908787805651	-0.5171872093729927
-0.18043393048662892	-0.20125824401277276
-0.1786705293181523	-0.17816906542245356
-0.16667675201673582	-0.1492475978615118
-0.24995907675110374	-0.2637935567079212
-0.20338164312263718	-0.1699700241034984
-0.07976394539389275	-0.08386503768639675
-0.09279943331122098	-0.2433426055562618
-0.42706120814716364	-0.4292064935665808
-0.16918322132100272	-0.17651771271664277
-0.49502346925557283	-0.5029874951059413
-0.4382170629140276	-0.44740033670122437
-0.30755375538193963	-0.3080688795137174
-0.04362385782761535	-0.048123026247703274
-0.21578950241369288	-0.21824743486267661
-0.4188600716931017	-0.42890756981335065
-0.3097964646370084	-0.3122993081367433
0.02134452317273361	0.01900662766965512
-0.05424403979792913	-0.05558969419271048
-0.5190499234654711	-0.512183563918218
-0.25900437226282147	-0.2661724569954407
-0.10079134419932245	-0.10486089403725744
-0.17836015971172792	-0.16682178996229716
0.022940459842677896	0.0068376553857265685
-0.3396422941647428	-0.3233430057684207
-0.285158772428991	-0.2858876437511752
-0.2626063900469644	-0.28564726726638473
-0.3685838493989362	-0.3658504267671061
-0.158176630291047	-0.1790828327522132
-0.1115597783827571	-0.0998973049374534
-0.12655629839949434	-0.12379282341689452
-0.2529921636974173	-0.2566089058881713
-0.2667193041926552	-0.26899785643316526
-0.2916205692308065	-0.3056738800547748
-0.18662773268477295	-0.17455619332434572
-0.20503570010566285	-0.22271126561085267
-0.505852286081586	-0.5073891054644944
-0.038891685796083486	-0.02623013974695312
-0.11066481934629557	-0.09635735306755513
0.018687174816708563	0.019974109080229677
-0.5492022988027454	-0.5514453439885965
-0.3484741470390711	-0.3413251809269078
-0.21688544172957425	-0.21924284110268993
-0.14226197793804918	-0.13716088297968043
-0.18760130536674335	-0.1872072154156641
-0.11912046350056649	-0.11382873940206056
-0.1569350260851845	-0.1585048708117296
-0.08204151992767628	-0.08875139406363082
-0.016955221599026515	-0.03322300063381806
-0.09852556849997463	-0.13000125387400044
-0.30910766992116123	-0.32701073028851807
-0.3381033199684431	-0.31419396110404507
-0.10478372958700177	-0.10370771754517202
-0.11088151524588064	-0.12646748207224437
-0.5125853236603675	-0.5300265207737114
-0.323559500645656	-0.3366450262943789
-0.18630992377587585	-0.17041078704702067
-0.17651042083454271	-0.16451483857635757
-0.27243883815233794	-0.2550716865062315
-0.43181466751035735	-0.43759640464007193
-0.08070035856182045	-0.06766265279951354
-0.4404955526574774	-0.4372597485644549
-0.4061450341931847	-0.3983246675798557
-0.0836361927216771	-0.09409185864561564
-0.16422651183533699	-0.181953700543084
-0.2453057053705976	-0.25145910484276995
-0.20403460232972037	-0.19616503214642794
-0.29821044557108856	-0.2948440094676828
-0.4241107157404098	-0.4372169772767105
-0.5164851522562515	-0.5240479549844984
-0.11684009021837571	-0.07884986001181518
-0.4884162470480131	-0.4903493056801111
-0.02128642880459708	-0.01626831681085309
-0.3434122416134233	-0.35581472817591564
-0.34178877705174227	-0.3320574772097092
0.011509682075903527	0.009713276263154833
-0.4308181485225031	-0.41637456665127215
-0.16751533261994478	-0.1678559659979053
-0.23313703181810563	-0.24831752121801443
-0.1444568182062742	-0.15767618851633072
-0.13088873414129942	-0.1251011493995552
-0.05416061313542109	-0.05223698116413402
-0.26258190771773293	-0.24311965241382036
-0.2770411258030796	-0.28365113148856413
-0.08783138270197455	-0.10424002123348386
-0.4127085231395702	-0.4160464865775235
-0.4920970899757702	-0.471498240713591
-0.24392991866055524	-0.2594617956246706
-0.5125598805384932	-0.5176564973984544
-0.05998026322761163	-0.02578582545055534
-0.13974436292411418	-0.11570607874217077
-0.168203691321966	-0.17637505297558737
-0.10596362127002834	-0.10368739161731265
-0.32787724099271465	-0.3229727631399049
-0.12264796729186145	-0.12277321286814197
-0.07221926174304816	-0.08245854773152597
-0.3759963003048359	-0.35650930190663616
-0.28514715786772804	-0.2886840703079175
-0.17593817128555767	-0.20127066110610597
-0.04911969753169565	-0.05950423229836214
-0.5038109399838602	-0.506522391190509
-0.1064034561396241	-0.1355162536804973
-0.268979821070344	-0.2881905689037997
-0.10746401943864115	-0.0997807639291446
-0.17282005857960936	-0.1694224190527833
-0.11142385121352305	-0.14343155414382083
-0.13966998894337834	-0.18414949368733158
-0.34955995920977756	-0.35817791515059644
-0.1726725343991813	-0.1725885005734404
-0.6225133518451038	-0.6204704037911858
-0.1239022189880501	-0.14159673610490242
-0.10761407556929026	-0.10062755482255945
-0.5518619875588557	-0.5302755691735601
-0.37268780302775006	-0.3794993180612789
-0.19001569289128994	-0.18378302891521442
0.015408072045449472	0.020711297277932892
-0.17732333589223082	-0.17580862474674874
-0.22941508718311443	-0.249543359573031
-0.19925727959698758	-0.2048246753702836
-0.5496718298357015	-0.5481456629204929
-0.06122117818272432	-0.06976719370834641
-0.3417728174890833	-0.3445989271676171
-0.19653708499439837	-0.23094571068090297
-0.20774198128615673	-0.23852608956470053
-0.14619234259976022	-0.18380635844350843
-0.49903060067238414	-0.5099442385556229
-0.29499196872633426	-0.29498993221308245
-0.13855765345146764	-0.14480867930328592
-0.27555188563382416	-0.2703602053267997
-0.29743101978850284	-0.29359618616673755
0.03672602831065497	0.03029530303596935
-0.06978387254678875	-0.06892686123434676
-0.47936348268981543	-0.4727511674469201
-0.12946946774977608	-0.13063393539338497
-0.08109699375453516	-0.059673633034845644
-0.108099726973645	-0.1280878617881946
-0.4369085317841659	-0.41804836015760405
-0.2839735936835659	-0.28759380218022185
-0.4657235704756566	-0.45330712322927097
-0.2479221705949275	-0.26531201995328474
-0.08787988710703853	-0.08288047534009783
-0.4740929697283516	-0.4635066607174234
-0.05305567734862393	-0.05831849107653598
-0.3851682788447581	-0.39466729877843876
-0.42623198649414107	-0.4347223423421464
-0.2647308098984542	-0.27275104458288485
-0.2931213743751737	-0.263754988151373
-0.17669523324540037	-0.1570466322419488
-0.23185708704886387	-0.24152763389253057
-0.044336071647371966	-0.03548087384828269
-0.31606022596801253	-0.2999459445111066
-0.174560585547737	-0.16930514825691317
-0.34904195781094316	-0.3501561555281375
-0.3146866093821288	-0.3212647138961249
-0.432606777882647	-0.4172087326316077
-0.2706239774561432	-0.2755011133964385
-0.24119682321312386	-0.2389078902798533
-0.09604488646103881	-0.10964884535671351
-0.16754657271712503	-0.17299132260607325
-0.2961497295206721	-0.30627252927767556
-0.13638256429232598	-0.11583357183427417
-0.2927458435149344	-0.2864496821542236
-0.17954952020981185	-0.19258328582881878
-0.24898627612875757	-0.2371373859908892
-0.028609118551823798	-0.026964165720656626
-0.21386591273784816	-0.25852979242307195
-0.08269077549053172	-0.04583643629478735
-0.26564334268278067	-0.2672072707102625
-0.5111609662470329	-0.49707057542633576
-0.4001169046482893	-0.4098150696316785
-0.03357236375271633	-0.038502150564557365
-0.03928903515366766	-0.02650195363661838
-0.4637034269055835	-0.46968581754119976
-0.12718688006498624	-0.16511511546921923
-0.16629017959712833	-0.1580662246097066
-0.3320153521743787	-0.348869811173509
-0.31943851170835913	-0.3229065009537451
-0.25307468517320775	-0.24378395122106222
0.037750762589995546	-0.004121461725424625
-0.4234032768001903	-0.43145510119052943
-0.49355209056503924	-0.5069914459291811
-0.2845573491911946	-0.2797615903165931
-0.347717697800479	-0.3447960004608768
0.020327126654130723	0.020932002465836045
-0.46019164090378695	-0.4468305726851691
-0.30621694682406364	-0.27719522129351026
-0.4163599203116011	-0.4148399177585584
-0.11010242616145138	-0.12382538001642258
-0.30026949738047115	-0.3064832073608183
-0.29506865254215864	-0.31208834262123064
-0.3545845240603409	-0.33678598213410743
-0.4658454168466317	-0.478736507422245
-0.3365342296497449	-0.33492876260873183
-0.3037657232201614	-0.2944013441365782
-0.11063320509302699	-0.11374355743034655
-0.2731963496875611	-0.27532785740808774
-0.2702363904278329	-0.27269313433752956
0.045270363131228564	0.0567557623725932
-0.10980846097842623	-0.10533825720911394
-0.6293457143876644	-0.6113347649385605
0.0064785931524848905	0.0194970940216231
-0.10777034521289774	-0.1946827451857955
-0.4290596734142458	-0.42615548978991985
-0.29004646189560646	-0.2999779609852052
-0.3216707252452444	-0.32981333682552283
-0.23274697363310537	-0.24944761057577425
-0.01121312410592612	-0.02290852046449336
-0.23567647309127615	-0.262672551737934
-0.25543099874349995	-0.25931509092349525
0.011201885688517876	0.011642291793367784
-0.45191937328155163	-0.4518436169134568
-0.47105270090836626	-0.4477199313263985
-0.49219960664295126	-0.4955998040396032
-0.3208546023345722	-0.31991148468341996
-0.2823529104225795	-0.2760131200768061
-0.248747441861342	-0.24272307823129333
-0.32639854218610154	-0.3307777249986305
-0.25656174030660495	-0.24445243442277367
-0.21537198210829267	-0.21104606320286737
-0.626047862346109	-0.6268707123852568
-0.3666185385481908	-0.35810569042892526
-0.31690694314166823	-0.3071947707100643
-0.519977251061924	-0.5111745830209213
-0.06464840270692651	-0.07018104243409065
0.17313231531430695	0.06272942731294834
-0.608216382823568	-0.6066014174967461
-0.08771036463757564	-0.08770639480553089
-0.13769909526386392	-0.16532939745192968
-0.09157334941332529	-0.1107380131275727
-0.2995162473471469	-0.2824416779931669
-0.20110359838371572	-0.19885886446609166
-0.19357512277814148	-0.18465782036076514
-0.11567112908638322	-0.12676232045031954
-0.537021496751418	-0.5421997722832265
-0.2450955344629504	-0.2373075890620069
-0.2229084038060769	-0.23081101198537698
-0.04334891658332296	-0.046009424630038806
-0.13078534576286316	-0.16629140237175846
-0.12075032762086657	-0.12939638906122528
-0.30203239543321025	-0.2714898925058111
0.0124635353181759	0.011854210883344086
-0.561439435614151	-0.5613518460088562
-0.33238079855544456	-0.3315743620588134
-0.3750606914677075	-0.3772856647169199
-0.24327976542116492	-0.2367951832164042
-0.19669621502732149	-0.19945259627260217
-0.534151078738268	-0.5414207246901902
-0.4007707855824876	-0.39648087629247325
-0.44745505698000265	-0.4512140612553361
-0.19118326714785994	-0.19331095663159506
-0.05083225840161809	-0.05198118165307869
-0.4755846285818528	-0.48209807109519254
-0.5346069325826033	-0.5273643151564568
-0.36598371044693057	-0.3454380959541627
-0.45580395111619776	-0.4492499410258766
-0.09626411138564261	-0.08890324589411384
-0.30406273437829956	-0.2741288232900245
-0.2969957002457253	-0.27730493049809163
-0.10191576863954843	-0.15745100901912132
-0.33705840593538916	-0.32016326226896136
-0.21328683894407874	-0.17838730836356262
-0.5716812060595986	-0.562026308069721
-0.4941833856956972	-0.49194901861769214
-0.17621720396741658	-0.1700231472319184
-0.3005995426693584	-0.28231628530662944
-0.4500588697248382	-0.4444678661536304
-0.42052735546981523	-0.42322048406217233
-0.2189615345743956	-0.2237681516496041
-0.1697537465244352	-0.16516575911596726
-0.3718480706984142	-0.3921715431237791
-0.24421787885546298	-0.24677205969106683
-0.2536384505105538	-0.25902945302904623
-0.2820308575294703	-0.30539215710386736
-0.2561507055235692	-0.2443305710793544
-0.43902748311634454	-0.4436871684320853
-0.175728985606602	-0.17044108178848003
-0.3420894729278938	-0.3414044480149334
-0.2704812777932357	-0.27706230914398206
-0.1843480637197139	-0.17381027488218692
-0.18690004524529424	-0.204675445947107
-0.05552486535204437	-0.059982779285972836
-0.20019208334139993	-0.20632952109423924
0.07784598923730535	0.06503439839073565
-0.09886595640906748	-0.09706158351742042
-0.25175611998679415	-0.25719301290759533
-0.12029427186953257	-0.07921372937499126
-0.29177103721767494	-0.27925202142144756
-0.3303890586477696	-0.35275276268990036
-0.28128172314923816	-0.28558943674277787
-0.24216583034085115	-0.2448341293782707
-0.1560386110108425	-0.1587544054292242
-0.16302605539696202	-0.14241273270426405
-0.15800471271146055	-0.1576958022990149
-0.12187274797516068	-0.12054012481903795
-0.3755502649163649	-0.3891390223446655
-0.523140060985976	-0.5253295647093211
0.03708063501464931	0.03748345102851444
-0.12451322680966914	-0.1363511933380566
-0.4148040820018135	-0.4041440622425965
0.009043978695173038	0.0018081491458695044
-0.17278723728979983	-0.17121671978175304
0.11338654309470719	0.11212387239737025
-0.2221595143530557	-0.2226301199432598
-0.2781588803805217	-0.2596559182604952
-0.12561438191825935	-0.11834376333744359
-0.45828034438525656	-0.45546738322450536
-0.06968396648633401	-0.06794569040951291
-0.1280508427126641	-0.1381571016140124
-0.04776705640550638	-0.050925087525447256
-0.29613073415806923	-0.3063542133579895
-0.13066811136439593	-0.1852644634043291
-0.33102067842240857	-0.29902105525390693
-0.35838520982149547	-0.35504771050253053
-0.13343471723404576	-0.08483769975430251
-0.3223208357275773	-0.30833538175637126
-0.1923470543216501	-0.1908148321075861
-0.12279719783681209	-0.13060087030386103
-0.30997367397466924	-0.2953023579548801
-0.12287048400540002	-0.06440735361769571
-0.4242078401241889	-0.4207838537196883
-0.2683606849493003	-0.2890142289855352
-0.20230023041112233	-0.19735600461661107
-0.2815730065473421	-0.306393014832144
-0.2741573176590766	-0.27258095284274864
-0.2828677303785838	-0.28265228726607006
-0.3090102791704066	-0.31033166138272755
-0.3875400996306313	-0.385677738750785
-0.20833603417569968	-0.21879436809458233
-0.18283535090206726	-0.17802533578774535
-0.5190805684868671	-0.5153360988199113
-0.3731016907213984	-0.38069336954946825
-0.1952230504076775	-0.19607686348738002
-0.26117563780577147	-0.27403211673768013
-0.2977142209168857	-0.3093454248479114
-0.17573593567196966	-0.1833530187362679
-0.36422770520180947	-0.36298738823178495
-0.3112935014085778	-0.31887730334840564
-0.2801763383317173	-0.2470858423390107
-0.317951118893669	-0.32474195026067165
-0.17955907141409	-0.17906677916143374
-0.16221777461524134	-0.17937816740846205
-0.4804438349384341	-0.48213764521174307
-0.4090045488712697	-0.42400906567361535
-0.18744738434499553	-0.23197325284615472
-0.2568511423801265	-0.25162409702916955
-0.2284305294375102	-0.23003466555803137
-0.22223222240937623	-0.22144241936696937
-0.3188288915385611	-0.3292051189246372
-0.1973612559328597	-0.16055289607932938
-0.2578098795522621	-0.26011115419685726
-0.07980577584214288	-0.09724600956752859
-0.5165408481839986	-0.5158656422079988
-0.15129244702636058	-0.1454473083275822
-0.5019080210123565	-0.5057455028294364
-0.3194466282854531	-0.3318976064570307
-0.10409016017193196	-0.11598700458485822
-0.4311240531544227	-0.44046672639979684
-0.07019894991274178	-0.0888323089862556
-0.1351583436557462	-0.09849877737603177
-0.48065462901035616	-0.4811914904994118
-0.5058832367362935	-0.4988729784586079
-0.278527122375424	-0.261022789117095
-0.06819123282757822	-0.06182781661203018
-0.2256046876601685	-0.21379687764129487
-0.3246216868873919	-0.2749409904467703
-0.0017973343219832572	0.0432748883979219
-0.2730015953125058	-0.28179026123314804
-0.0651359062579191	-0.053870556640259734
-0.4134038105587585	-0.41869026327742775
-0.11379565712274609	-0.09615786965252048
-0.04075799352640708	-0.06150241402336312
0.05041789846081102	0.05492921580546595
-0.4654662783979653	-0.4657601550617553
-0.31472552719628943	-0.31029500235553803
-0.26062236065929323	-0.23219517638384304
-0.45329993730080886	-0.448887381850426
-0.24759695721347175	-0.2540815673645104
-0.039502744298102854	-0.04020082875847794
-0.22519593634678614	-0.21610533620038896
-0.08401915095830148	-0.07674374457521255
-0.45688272578286515	-0.46504823472275064
-0.3154611780312724	-0.32278545642597484
-0.05083013451925478	-0.0406583482918852
-0.06438090694626197	-0.06495485099813143
-0.11974618812421589	-0.133056007600417
-0.2824183487745948	-0.27460893220214083
-0.022298659486212458	-0.028556935117008627
-0.08817450783541858	-0.11061715155522807
-0.5484462909561252	-0.552355586869875
-0.30882071284841395	-0.30895864137586504
-0.5493253857615521	-0.5381999483688018
-0.3324551365590702	-0.33135886590077124
-0.3128032861267904	-0.32807482575710717
-0.5265966864975482	-0.4904409006370797
-0.20614746398859207	-0.19393630390626346
-0.28689326283246785	-0.29649575766416614
-0.3355141103137145	-0.3406379212806908
-0.27725370579682185	-0.26862813123283674
-0.2857759466612828	-0.28392894052180895
-0.17684729803923904	-0.1747935802684151
0.03661476070598013	0.018997760608860232
-0.4176476024289837	-0.4215462898238577
-0.2870170310602713	-0.29288099200133255
-0.6275213373756507	-0.6186440716245406
-0.5087530763254318	-0.511155883490249
-0.05823837961650824	-0.06836499208330522
-0.22970646539789108	-0.2232265269647842
-0.3056062198749885	-0.30331589964981126
-0.042053860187986736	-0.05485809731060994
-0.05136339548630087	-0.0566360042025657
-0.42469423188607536	-0.42094427727571226
-0.11506612206958433	-0.1445874414782093
-0.2712391568322108	-0.2771945490891376
-0.19980838879701768	-0.20082526420147365
-0.07644149552347024	-0.09992326668748881
-0.32252182288525333	-0.32127401692554897
-0.13139554104283757	-0.1302121802344456
-0.2695933841623255	-0.27490850189471056
-0.17289884902285024	-0.1722014712855396
-0.5493206399177613	-0.5659794602676459
-0.17569525790534968	-0.15200633120275095
-0.4266891457479307	-0.425532817169543
-0.19382187225605918	-0.19402610530150727
-0.3158783634218425	-0.31259255747504217
-0.3043113656980214	-0.30278561074399246
-0.41887033811959995	-0.42327064575883855
-0.19029512523132475	-0.19910240766756515
0.06411877975980662	0.06528922166589472
-0.10547774356702799	-0.10279655453826363
-0.4424544177319527	-0.4308975782173216
-0.4983888008319015	-0.49945604002172306
-0.3338634877285944	-0.3142759557272608
-0.3188525633243895	-0.3160745343685591
-0.13692611586503567	-0.13169510167786738
-0.3109435944501424	-0.3553749156366329
-0.4028370194869506	-0.4023091583227833
-0.1350386470863203	-0.13639412712267857
0.04231335379406165	-0.015770408529570897
-0.2745832852898493	-0.28771821918262425
-0.12223320717488484	-0.13774586505087397
-0.09872035109273902	-0.10062680094695502
-0.20397047395243995	-0.1981775043778472
-0.23889477094080647	-0.24557963656705234
-0.16662539425165868	-0.1453828047969407
-0.34124255984372454	-0.2966276630117504
-0.3765669821773212	-0.3748701450157977
-0.32952803488095306	-0.33746577522621096
-0.20763764941618668	-0.23115485337274827
-0.6130591285702129	-0.6035795023537591
-0.3250800765023829	-0.33541611314010766
-0.4619868478131721	-0.46638466022929553
-0.3060079607709554	-0.29320798299874495
-0.27898875277407775	-0.28492068131222464
-0.1760113789123645	-0.20244556483216714
-0.1763906267196962	-0.17670225394022068
-0.30629364243250023	-0.307791324624276
-0.1003593768101334	-0.10351638803131878
-0.04931500150359014	-0.06721194608213198
-0.13737233382931713	-0.13652304345012586
-0.5596305523432328	-0.5502771583002222
-0.05557563892361195	-0.054750334659846016
-0.18922400042059184	-0.19494242254891678
-0.26474607821165463	-0.26586825375642453
-0.04014023708779213	-0.04698000829273544
-0.45208123848054704	-0.4541688293581981
-0.3056614468813059	-0.30658380473154095
-0.08108507307466173	-0.09558568745966219
-0.1716043680659194	-0.1796434968347655
-0.1731521628345698	-0.1731008233577018
-0.5400771065895977	-0.5361370097725422
-0.46795337922272573	-0.457040998552708
-0.3489201544475442	-0.3653647557756135
-0.11211715752764562	-0.05719111878128019
-0.2974990420305579	-0.29653262271310277
-0.1997663354371486	-0.25022174152520293
-0.191930692065438	-0.17373642775389617
-0.29059364159516754	-0.27977632692630844
-0.1181718501477409	-0.09550747319665291
-0.06440233108009874	-0.06572444262141179
0.03525863732449164	0.005065544853305808
-0.16930972486093232	-0.21033562355584912
-0.24677796385228312	-0.26082615469343284
-0.13222842759637388	-0.12773525720039663
-0.49225878334111783	-0.49185129657520366
-0.42489998972134124	-0.42485317734822464
-0.3351740462839654	-0.3396209544099944
-0.46839084813769816	-0.47879412478530253
0.04617121699498572	0.010590855449364367
-0.06579674032348048	-0.06174049402718786
-0.0180138378232364	-0.007086525490379688
-0.2581069101424056	-0.25296921788501225
-0.18191741625347468	-0.20929803332767188
-0.22973804611690163	-0.17552358441070887
-0.07943674576734061	-0.09468059573978249
-0.08794108974500503	-0.0840696921900532
-0.16760109496845388	-0.18126485482252633
-0.4861375074751413	-0.48409839696404156
0.054643102735848714	0.03143365591548168
-0.40617695611443505	-0.40132547378337763
-0.31436397969089214	-0.3201318072250794
-0.32029677174248317	-0.3162747471535375
-0.32569536981481306	-0.30788436500451
-0.3398704448701988	-0.3276928983874541
-0.03448914725793806	-0.04299807029235678
-0.32781960107618247	-0.3280590066476089
-0.17250756950731372	-0.21834939040093707
-0.21057794250569373	-0.20205261532716098
-0.3680811398319772	-0.3835493241259026
-0.46638731931737976	-0.44228867161929764
-0.10837036364619568	-0.07628032660996095
-0.5199976251409124	-0.4937405542417021
-0.47139900961811065	-0.46408453799321886
-0.050568236189628024	-0.06207349397730419
-0.14574396747213747	-0.14789471997331313
-0.5157552749899299	-0.5160102370856173
-0.47024302709093213	-0.4782931566909365
-0.17498502662894388	-0.17433782146036628
-0.22507098541790338	-0.234756695437347
-0.43588413619347044	-0.43680305085006316
-0.5198654612094753	-0.5172138469754027
-0.155990830420917	-0.1753636347356539
-0.1036327272774038	-0.10179478158145502
-0.29702701338996995	-0.2954941924343853
-0.4386911253066632	-0.4239298350065517
-0.4684357319476913	-0.4469023009339778
-0.18273720581618225	-0.19354339303369572
-0.28069419896724845	-0.2816621983147909
-0.5679674243223172	-0.5578522211910051
-0.4031972065349425	-0.3957178142364223
-0.1743182967439001	-0.17704070699889002
-0.0930478111214601	-0.10748534523879089
-0.4635800454917378	-0.4714626217969948
-0.15245367132907361	-0.13393863025968944
-0.0672855552279259	-0.06609836136503529
-0.3978640456702607	-0.397468780454651
-0.10310160220842146	-0.10204151761007234
-0.11961699044597829	-0.1256784743507255
-0.29845804067729986	-0.29629194831717537
-0.18470132249207438	-0.1846774751693095
0.21833651601118298	0.1515746376078328
-0.3549530359715982	-0.3448335017200505
-0.30304088304834753	-0.29359943400301464
-0.3053580043990056	-0.3219804334193229
-0.4362275513343814	-0.44109740006595644
-0.413626218791733	-0.42402651080678505
-0.3869797276461284	-0.3571329865265597
-0.28823259844056004	-0.2918871817910481
0.035218569025109225	0.054595020676953286
-0.04628280784499594	-0.05582944168461216
-0.25602370639329664	-0.2029451590344054
-0.3818373055716089	-0.3848195063445977
-0.26427735626461235	-0.2789796563279011
-0.45101531688823293	-0.4543582141330411
-0.1840310157053473	-0.187702101363082
-0.12180985840525071	-0.11282604625806988
-0.1269124020912944	-0.13549867843405292
0.01032383965466721	-0.024525185183296435
-0.32812487253080036	-0.3442191678715379
-0.15188767701899053	-0.16245434725904975
-0.6257911020157128	-0.6330697511356237
-0.29503841859841184	-0.28620420069129826
-0.0820979382882161	-0.08780595541002674
-0.033469185025850834	-0.037500697365276725
-0.347430198580545	-0.3325905273146567
-0.45533932706033653	-0.45643470315433493
-0.2093646093173369	-0.21370935526191442
-0.3776671929713089	-0.3748570396723234
-0.32451729040599453	-0.3217833505509998
-0.10101874424032253	-0.10057197346284917
-0.26489974537379357	-0.29375950554583996
-0.62122845410377	-0.5896129616319249
-0.004674451746959463	-0.031575733303595664
-0.06393524526871097	-0.07083450513426892
-0.08394637994642107	-0.083441077656557
-0.382304652009374	-0.3775201948749958
-0.5569569700652233	-0.5735464086117441
-0.28491245019354494	-0.25107865805253426
-0.3195496427231239	-0.3055696376398499
-0.45670360694080436	-0.4532247954340865
-0.2686308277655236	-0.27456995390733374
-0.49072906177597275	-0.4773098312864795
-0.5139475837989291	-0.5124343104386829
-0.09605869460520111	-0.09372741841867396
-0.10803189606142194	-0.09805861663822964
-0.29642954214855877	-0.30315935097136815
-0.20684143375819541	-0.23302238378755974
-0.31505987925935397	-0.3343124259771721
-0.0657271541060016	-0.05129429674792989
-0.1879942599819442	-0.1967767107858217
-0.1730959565093393	-0.20207973860441902
-0.3337474816770918	-0.3208148870178842
-0.4123434187251407	-0.4140679847509428
-0.34190197849700876	-0.339452839741411
-0.017755493277298307	-0.022703169123812914
-0.5350739625643985	-0.538481272205248
-0.12640952447567066	-0.12611389622018218
-0.08321308360459945	-0.19860482131627416
-0.4135165386062116	-0.42187126499977873
-0.16365104569013056	-0.149313286834418
-0.23286467309102754	-0.23554043490130633
-0.1198587478516151	-0.12715087971711897
-0.259389417617248	-0.27999876951729613
-0.31983495860874633	-0.29882544568987246
-0.32276490423228044	-0.3140991318000384
-0.2802146226532063	-0.25897956765178004
-0.3600109911143621	-0.3226664227771583
-0.23005267207591373	-0.23556079029437088
-0.14984904725518788	-0.20861892763250506
-0.3523790988663098	-0.35110415081761265
-0.2642854595650155	-0.24306109240931614
-0.04507220345629381	-0.06394960234521899
-0.2015678160915808	-0.2113512148375768
-0.12596233129335666	-0.1273570084779034
-0.4942374414052928	-0.48458007347361026
0.034695807033344295	0.032681368514927686
-0.10192581413458779	-0.10103947024027198
-0.24054471735526306	-0.25701564325998655
-0.3590283481825125	-0.35902613775555386
0.02443019992286999	0.007137161744930105
-0.4333840316660549	-0.43834134985919715
-0.26719760709555906	-0.27339643531609287
-0.32303337182303604	-0.33119074426924955
-0.15687665346938928	-0.17941857900069574
-0.024242391418539455	-0.0028102235137854696
-0.1720344702772545	-0.14827785208476507
-0.3947206700015249	-0.4068836355617976
-0.13666418372663092	-0.12904308719807703
-0.3012339582667023	-0.318479591288747
-0.34477169152200915	-0.3529767702612779
-0.4918287352750905	-0.49753011972718436
-0.07392125383442316	-0.13846820967249082
-0.3657858630789814	-0.3871237338649125
-0.13869151407262237	-0.13932446920461222
-0.17900345578673438	-0.19755297909381317
-0.5245742885765257	-0.5240292005968692
-0.09507350701765205	-0.08695441414044097
-0.36275159539344237	-0.3848202509233119
-0.1372774051966985	-0.14524876857687818
-0.26942843596569066	-0.2806961815208813
-0.617960165073967	-0.6129524474401971
-0.05677370662645487	-0.06407489113068411
-0.33223970417213344	-0.3372073171539285
-0.1828593216348544	-0.17434016659026766
-0.17615063056147662	-0.15694287563435974
-0.28534843090604234	-0.28416048782587544
-0.31682560798900194	-0.31313807941407157
-0.1779171713667651	-0.17553553394507876
-0.46857026821634484	-0.45021777862902546
-0.3154288770562026	-0.317059115394349
-0.5781508945787159	-0.5460240625174292
-0.24593594575287892	-0.246992785742176
0.23544696274342503	0.24038328239738477
-0.052345222894381926	-0.06999653714405321
-0.23753964578734355	-0.25922897587118765
-0.4103730691987266	-0.39585243806261844
-0.2896357667655227	-0.2781076859100871
-0.38813206114035026	-0.3655226883344321
-0.15448313783502066	-0.058284823639172735
-0.2856655467830844	-0.29234225933153096
-0.27298809683243697	-0.2528997825004136
-0.07116763298709472	-0.10270345495120688
-0.4157364732275015	-0.41160938962169413
0.005200695480344741	0.006892063519368529
0.04083763271828822	0.030737969290883908
-0.08925452855888949	-0.0817295217208279
-0.30854716852858743	-0.30035966298475325
-0.2000926739129536	-0.18082297269144948
-0.4812398062341874	-0.47589838723235195
-0.0984287967531623	-0.14355524778334325
-0.34757155845985643	-0.34717706381275953
-0.525414422444479	-0.5261739984468307
-0.13846712800353878	-0.13542304271287958
-0.19576031921140036	-0.16943644571593516
-0.1528357641803577	0.01433446251493422
-0.5450230364910134	-0.543623419306197
-0.21714875239931608	-0.20676916055969907
0.01891743459029449	0.008102092353657987
-0.10807919779835196	-0.10755657846780713
-0.41078235582878797	-0.41962798733549467
-0.4938983896411582	-0.4950244385925076
-0.29061039904971864	-0.2981246694930705
-0.46381692115210527	-0.4691387095115153
-0.5512174243762349	-0.5584753734938602
-0.18376535974359065	-0.18161378041391105
-0.13416148401963746	-0.1395689362306024
-0.29354531172775467	-0.33093610237151927
-0.6035195866141194	-0.5672165463359258
-0.5647974535945668	-0.5327156440034503
-0.26399297688458123	-0.1989278222195192
-0.3993694513161241	-0.4120988297733685
-0.45272610305259775	-0.46361181367822357
0.031066987599650986	-0.006195727501029017
-0.41576942726518595	-0.4283171973137193
-0.41151391548433125	-0.4096058675505461
-0.4408744486399012	-0.4497192238194068
-0.2749523178548543	-0.2706324281236767
-0.06715657143785414	-0.07140194720229563
-0.13573158627671056	-0.12703951962386878
-0.21203423628698737	-0.22436109284203692
-0.43691636630720154	-0.44328345351827647
-0.1896473471354554	-0.16173568901921012
-0.4609832595621919	-0.45334957965316625
-0.5054388456879195	-0.5024823982197993
-0.10920522703987956	-0.09699090135394461
-0.06126791935271925	-0.04110860507938057
-0.11723573050893421	-0.0798169630000258
-0.545199829440322	-0.5454112862482826
-0.26258212580331985	-0.24774391898137685
-0.34162566940171857	-0.3700210350730049
-0.40291685782911646	-0.3882659221580799
-0.2416148166759502	-0.221089075980762
-0.24588978231500924	-0.2491211582932953
-0.05568645847322884	-0.03509897400343359
-0.2733301944227211	-0.2769543453466556
-0.20294714118584878	-0.21178969201010409
0.008743428420618926	0.07651268404826751
-0.3250543115551441	-0.3121188028299377
-0.3573432169798192	-0.36350520205976095
-0.4792308256421638	-0.47423527138663557
-0.5277738341863456	-0.528946715447458
-0.37987908038436125	-0.40293501225170403
-0.2779771420664181	-0.2481381962274688
-0.4508178127400351	-0.4616239074307381
-0.27608542878235554	-0.2899441132477341
0.038573373651276555	0.060933988323560485
-0.4990166207091713	-0.5121536186994536
-0.13008761301996508	-0.12050633554121999
