2.998146132932960617e-01 1.475210075876041971e-02 1.000000000000000000e+00 1.000000000000000000e+06
2.982505942272798971e-01 1.469732736956884042e-02 1.000000000000000000e+00 3.162277660168379080e+05
2.934137768483870978e-01 1.452729334703659406e-02 1.000000000000000000e+00 1.000000000000000000e+05
2.791311232740313897e-01 1.401963581320959766e-02 1.000000000000000000e+00 3.162277660168379589e+04
2.422283214894262182e-01 1.253267435858759077e-02 1.000000000000000000e+00 1.000000000000000000e+04
1.909560607466665449e-01 2.526681726976222342e-02 1.000000000000000000e+00 1.000000000000000000e+00
1.731349470672029489e-01 9.409123177772343860e-03 1.000000000000000000e+00 3.162277660168379043e+03
1.728954385237937985e-01 9.543966783803760692e-03 3.162277660168379394e-03 1.000000000000000000e+06
1.163533430880080155e-01 2.436633849112427447e-02 3.162277660168379394e-03 1.000000000000000000e+00
1.160521800616873822e-01 2.435204219697751152e-02 9.999999999999999124e-06 1.000000000000000000e+00
1.160512268928814289e-01 2.435199808298401172e-02 3.162277660168379191e-08 1.000000000000000000e+00
1.160512238786796935e-01 2.435199794348177904e-02 9.999999999999999072e-11 1.000000000000000000e+00
9.746138287615371820e-02 7.664269502878144971e-03 1.000000000000000000e+00 1.000000000000000000e+03
9.616907272954011709e-02 7.734504320092845144e-03 3.162277660168379394e-03 3.162277660168379080e+05
6.886886350229808051e-02 1.459754065617841629e-02 1.000000000000000000e+00 3.162277660168379079e+00
5.198894754160119508e-02 7.299657541042802768e-03 1.000000000000000000e+00 3.162277660168379043e+02
4.995647138429042122e-02 7.331941047735564439e-03 3.162277660168379394e-03 1.000000000000000000e+05
4.407799725670830115e-02 7.776542269719791643e-03 3.162277660168379394e-03 3.162277660168379079e+00
4.402938097101029291e-02 7.737081122274625140e-03 9.999999999999999124e-06 3.162277660168379079e+00
4.402923149614876297e-02 7.736952257763014124e-03 3.162277660168379191e-08 3.162277660168379079e+00
4.402923102348514639e-02 7.736951850243478646e-03 9.999999999999999072e-11 3.162277660168379079e+00
4.044975626226643417e-02 5.908968684797906434e-03 1.000000000000000000e+00 1.000000000000000000e+01
3.722046943367622596e-02 5.748801676360781182e-03 1.000000000000000000e+00 1.000000000000000000e+02
3.542108261090020499e-02 4.737413215531148698e-03 1.000000000000000000e+00 3.162277660168379612e+01
3.520001799408517540e-02 5.703621229918516382e-03 3.162277660168379394e-03 3.162277660168379589e+04
3.252815926754209358e-02 4.327901056413888635e-03 3.162277660168379394e-03 1.000000000000000000e+04
3.179992320594991068e-02 4.308815003751543041e-03 3.162277660168379394e-03 3.162277660168379043e+03
3.179033989984636488e-02 4.311350392322071783e-03 9.999999999999999124e-06 1.000000000000000000e+06
3.168151895748398672e-02 4.807683849650684106e-03 9.999999999999999072e-11 3.162277660168379080e+05
3.168122173821730225e-02 4.807693560778434141e-03 9.999999999999999072e-11 1.000000000000000000e+06
3.168059806738897366e-02 4.807855359214656919e-03 9.999999999999999072e-11 1.000000000000000000e+05
3.167711119260119279e-02 4.808463860619312594e-03 9.999999999999999072e-11 3.162277660168379589e+04
3.166761004639537941e-02 4.809500392401204819e-03 3.162277660168379191e-08 3.162277660168379589e+04
3.166603845499858100e-02 4.810428968724558309e-03 9.999999999999999072e-11 1.000000000000000000e+04
3.166303749123348249e-02 4.810763769781300353e-03 3.162277660168379191e-08 1.000000000000000000e+04
3.165810266358096148e-02 4.039984554703590289e-03 9.999999999999999072e-11 1.000000000000000000e+01
3.165810142811959632e-02 4.039985350653983558e-03 3.162277660168379191e-08 1.000000000000000000e+01
3.165771087410632761e-02 4.040236979869761720e-03 9.999999999999999124e-06 1.000000000000000000e+01
3.165094250335943882e-02 4.810854689299095058e-03 3.162277660168379191e-08 1.000000000000000000e+05
3.163433214644153363e-02 4.815261571620518648e-03 9.999999999999999072e-11 3.162277660168379043e+03
3.163335503503501844e-02 4.815399500393623827e-03 3.162277660168379191e-08 3.162277660168379043e+03
3.159325973432546009e-02 4.813303592367984204e-03 3.162277660168379191e-08 3.162277660168379080e+05
3.156382402216152683e-02 4.817340172957578631e-03 9.999999999999999072e-11 1.000000000000000000e+03
3.156351245180073761e-02 4.817394592582911576e-03 3.162277660168379191e-08 1.000000000000000000e+03
3.154702454741150491e-02 4.112469798262689998e-03 3.162277660168379394e-03 1.000000000000000000e+01
3.153573742981106293e-02 4.756638722389718889e-03 9.999999999999999072e-11 3.162277660168379043e+02
3.153563741719982855e-02 4.756657336750690773e-03 3.162277660168379191e-08 3.162277660168379043e+02
3.150429677749382040e-02 4.762441832419072978e-03 9.999999999999999124e-06 3.162277660168379043e+02
3.147397053527060951e-02 4.827928535971459482e-03 9.999999999999999124e-06 1.000000000000000000e+03
3.144152360458351420e-02 4.645579471804612247e-03 9.999999999999999072e-11 1.000000000000000000e+02
3.144149194358564214e-02 4.645590306215957761e-03 3.162277660168379191e-08 1.000000000000000000e+02
3.143150712160489024e-02 4.649004820104146035e-03 9.999999999999999124e-06 1.000000000000000000e+02
3.142169246840090246e-02 4.818407108678198630e-03 3.162277660168379191e-08 1.000000000000000000e+06
3.137630920242158450e-02 4.828998840661067812e-03 9.999999999999999124e-06 3.162277660168379043e+03
3.115893904196240932e-02 4.519928193371510090e-03 9.999999999999999072e-11 3.162277660168379612e+01
3.115893063689044798e-02 4.519930952508860976e-03 3.162277660168379191e-08 3.162277660168379612e+01
3.115627505441164249e-02 4.520802708847119870e-03 9.999999999999999124e-06 3.162277660168379612e+01
3.112273147016133071e-02 4.180929237790505931e-03 9.999999999999999124e-06 3.162277660168379080e+05
3.111587224566842932e-02 4.191513106845410133e-03 3.162277660168379394e-03 1.000000000000000000e+03
3.104114612977121324e-02 4.787517328596200411e-03 9.999999999999999124e-06 1.000000000000000000e+04
3.073004978163560927e-02 4.530509797146166188e-03 9.999999999999999124e-06 3.162277660168379589e+04
3.072668637023172680e-02 4.262015430054346375e-03 9.999999999999999124e-06 1.000000000000000000e+05
3.060685575930650187e-02 4.663207956122701787e-03 3.162277660168379394e-03 3.162277660168379612e+01
3.054547961260362099e-02 4.298289220894447975e-03 3.162277660168379394e-03 3.162277660168379043e+02
3.039002900093811313e-02 4.722421885774829436e-03 3.162277660168379394e-03 1.000000000000000000e+02
