1.318447960180870182e-01 3.321509059925363116e-03 1.000000000000000000e+00 1.000000000000000000e+06
1.318128330693874861e-01 3.321111141633698548e-03 1.000000000000000000e+00 3.162277660168379080e+05
1.317119010793092460e-01 3.319853938048448593e-03 1.000000000000000000e+00 1.000000000000000000e+05
1.313944399550731890e-01 3.316021945037436053e-03 1.000000000000000000e+00 3.162277660168379589e+04
1.304064565071073600e-01 3.304101940921452124e-03 1.000000000000000000e+00 1.000000000000000000e+04
1.274352273912525979e-01 3.267114384761299426e-03 3.162277660168379394e-03 1.000000000000000000e+06
1.274340932677927585e-01 3.266300741636373600e-03 1.000000000000000000e+00 3.162277660168379043e+03
1.193659716791011932e-01 3.175336459870262921e-03 3.162277660168379394e-03 3.162277660168379080e+05
1.193643187425548619e-01 3.174599671052260371e-03 1.000000000000000000e+00 1.000000000000000000e+03
1.024209582075280289e-01 2.782329583429789775e-03 3.162277660168379394e-03 1.000000000000000000e+05
1.024201063470790984e-01 2.782075251479429901e-03 1.000000000000000000e+00 3.162277660168379043e+02
8.000491700212024326e-02 1.902813367311715709e-03 1.000000000000000000e+00 1.000000000000000000e+02
8.000007679515960812e-02 1.901959783911111096e-03 3.162277660168379394e-03 3.162277660168379589e+04
6.259237699849314052e-02 1.339039180043202553e-03 1.000000000000000000e+00 3.162277660168379612e+01
6.258232256576169716e-02 1.336156196556488335e-03 3.162277660168379394e-03 1.000000000000000000e+04
5.128759156017710652e-02 8.598200087660582639e-04 1.000000000000000000e+00 1.000000000000000000e+01
5.126735084039761581e-02 8.521289238371442193e-04 3.162277660168379394e-03 3.162277660168379043e+03
5.126729086659988915e-02 8.521039683991221735e-04 9.999999999999999124e-06 1.000000000000000000e+06
4.236357074302481152e-02 6.780084931905642522e-04 1.000000000000000000e+00 3.162277660168379079e+00
4.231306050152251752e-02 6.739730537583040349e-04 3.162277660168379394e-03 1.000000000000000000e+03
4.231292946697486762e-02 6.739612747137282674e-04 9.999999999999999124e-06 3.162277660168379080e+05
3.463072368621808450e-02 6.832592568045004876e-04 9.999999999999999124e-06 1.000000000000000000e+05
3.462995639623448613e-02 6.833644428122897640e-04 3.162277660168379394e-03 3.162277660168379043e+02
3.452073497196236213e-02 7.118109749653923858e-04 1.000000000000000000e+00 1.000000000000000000e+00
2.866816905299814436e-02 6.881835251550407449e-04 9.999999999999999124e-06 3.162277660168379589e+04
2.866152971457758963e-02 6.887584648147774147e-04 3.162277660168379394e-03 1.000000000000000000e+02
2.794420018501176523e-02 7.795134721683910986e-04 1.000000000000000000e+00 3.162277660168379412e-01
2.399893268596912585e-02 5.270486049899824948e-04 9.999999999999999124e-06 1.000000000000000000e+04
2.396553731846338270e-02 5.282359034182040154e-04 3.162277660168379394e-03 3.162277660168379612e+01
2.293083840987459807e-02 7.063368188104026269e-04 1.000000000000000000e+00 1.000000000000000056e-01
2.251623194834775910e-02 7.982385939886610425e-04 1.000000000000000000e+00 1.000000000000000021e-02
2.022843072754675758e-02 8.122611228754776907e-04 1.000000000000000000e+00 3.162277660168379134e-02
2.019511511802419418e-02 2.388364000321186245e-04 3.162277660168379191e-08 1.000000000000000000e+06
2.019463936107427499e-02 2.388332990815676259e-04 9.999999999999999124e-06 3.162277660168379043e+03
2.006757243449192735e-02 2.414110339242902940e-04 3.162277660168379394e-03 1.000000000000000000e+01
1.737692582380872749e-02 1.743933055340540935e-04 3.162277660168379191e-08 3.162277660168379080e+05
1.737507957816834814e-02 1.742418494820061959e-04 9.999999999999999124e-06 1.000000000000000000e+03
1.703280718980399941e-02 1.530845044104168638e-04 3.162277660168379394e-03 3.162277660168379079e+00
1.601166226000868414e-02 4.276236958306046921e-04 3.162277660168379394e-03 1.000000000000000021e-02
1.600594269602080566e-02 4.279710764679642027e-04 9.999999999999999072e-11 1.000000000000000021e-02
1.600594261159592885e-02 4.279711074494698124e-04 3.162277660168379191e-08 1.000000000000000021e-02
1.600591660057131688e-02 4.279806104329505578e-04 9.999999999999999124e-06 1.000000000000000021e-02
1.587879025078800174e-02 5.250833275488063024e-04 9.999999999999999072e-11 3.162277660168379043e+03
1.587733680783316378e-02 5.255540570667118329e-04 9.999999999999999072e-11 1.000000000000000000e+03
1.587498373061045284e-02 5.247838486692876434e-04 9.999999999999999072e-11 1.000000000000000000e+04
1.586804637875554105e-02 5.267913060068601288e-04 9.999999999999999072e-11 3.162277660168379043e+02
1.586278555766961959e-02 5.238860462961407406e-04 9.999999999999999072e-11 3.162277660168379589e+04
1.583859126060593175e-02 5.290417735418070574e-04 9.999999999999999072e-11 1.000000000000000000e+02
1.583010961511804524e-02 5.213920612371606041e-04 9.999999999999999072e-11 1.000000000000000000e+05
1.581877861001968963e-02 5.280337662119158728e-04 3.162277660168379191e-08 1.000000000000000000e+02
1.581574749075405698e-02 5.233857771718148765e-04 3.162277660168379191e-08 3.162277660168379043e+02
1.580528602747000716e-02 3.064234818646846591e-04 3.162277660168379191e-08 1.000000000000000000e+05
1.579766512908370446e-02 3.062223631129551058e-04 9.999999999999999124e-06 3.162277660168379043e+02
1.575903608431438938e-02 5.324670502583881727e-04 9.999999999999999072e-11 3.162277660168379612e+01
1.575177360140819077e-02 5.325003566873047879e-04 3.162277660168379191e-08 3.162277660168379612e+01
1.574614954547989484e-02 5.162883962946361593e-04 9.999999999999999072e-11 3.162277660168379080e+05
1.574157639432975306e-02 5.169948130433502055e-04 3.162277660168379191e-08 1.000000000000000000e+03
1.558569569346731319e-02 5.420669765678428785e-04 9.999999999999999072e-11 1.000000000000000000e+01
1.558294111511937183e-02 5.420741044112571206e-04 3.162277660168379191e-08 1.000000000000000000e+01
1.557099162022002568e-02 4.986821027623366924e-04 9.999999999999999072e-11 1.000000000000000000e+06
1.556963497864695747e-02 4.988635611631184663e-04 3.162277660168379191e-08 3.162277660168379043e+03
1.531071065846384069e-02 4.593558322304445475e-04 3.162277660168379191e-08 1.000000000000000000e+04
1.529046297994980305e-02 5.641334991894767295e-04 9.999999999999999072e-11 3.162277660168379079e+00
1.528951188704241390e-02 5.641827342668552037e-04 3.162277660168379191e-08 3.162277660168379079e+00
1.528729456513635253e-02 5.103540087475054053e-04 9.999999999999999124e-06 1.000000000000000000e+01
1.523849487445328929e-02 4.139092404284652337e-04 3.162277660168379191e-08 3.162277660168379589e+04
1.520679004243073208e-02 4.141420658689058090e-04 9.999999999999999124e-06 1.000000000000000000e+02
1.520329742711837295e-02 4.649420160179867229e-04 9.999999999999999124e-06 3.162277660168379612e+01
1.516308801545451258e-02 5.539931689500820263e-04 9.999999999999999124e-06 3.162277660168379079e+00
1.510544624397605618e-02 2.898797529396140798e-04 3.162277660168379394e-03 1.000000000000000000e+00
1.481892163688664985e-02 5.777710842049466533e-04 9.999999999999999072e-11 1.000000000000000000e+00
1.481866961829184613e-02 5.777730701204508539e-04 3.162277660168379191e-08 1.000000000000000000e+00
1.477239707213615603e-02 5.738483967744268570e-04 9.999999999999999124e-06 1.000000000000000000e+00
1.417417633977607373e-02 5.549087625676170235e-04 9.999999999999999072e-11 3.162277660168379412e-01
1.417412066744689648e-02 5.549052166904257623e-04 3.162277660168379191e-08 3.162277660168379412e-01
1.416153437401348157e-02 5.530011929707542980e-04 9.999999999999999124e-06 3.162277660168379412e-01
1.403781014715749578e-02 3.918938770025386618e-04 3.162277660168379394e-03 3.162277660168379412e-01
1.371079899964197310e-02 3.255177347137250200e-04 9.999999999999999072e-11 3.162277660168379134e-02
1.371079743419634754e-02 3.255184920764230211e-04 3.162277660168379191e-08 3.162277660168379134e-02
1.371033819616320967e-02 3.257366018465531984e-04 9.999999999999999124e-06 3.162277660168379134e-02
1.370014797444904509e-02 4.561892280730951515e-04 9.999999999999999072e-11 1.000000000000000056e-01
1.370013986467094082e-02 4.561884887623966615e-04 3.162277660168379191e-08 1.000000000000000056e-01
1.369773840263595853e-02 4.559222564709021226e-04 9.999999999999999124e-06 1.000000000000000056e-01
1.366868486514699610e-02 3.302564662093902294e-04 3.162277660168379394e-03 3.162277660168379134e-02
1.358273976205757669e-02 3.979492859374871017e-04 3.162277660168379394e-03 1.000000000000000056e-01
