3.123069716905122473e-01 1.961557176710098868e-02 1.000000000000000000e+00 1.000000000000000000e+06
3.106214314613643945e-01 1.955284743875640094e-02 1.000000000000000000e+00 3.162277660168379080e+05
3.054130920304235497e-01 1.935596291454718537e-02 1.000000000000000000e+00 1.000000000000000000e+05
2.900710115700587677e-01 1.874894119959626126e-02 1.000000000000000000e+00 3.162277660168379225e+04
2.505830079835115187e-01 1.699072234988999522e-02 1.000000000000000000e+00 1.000000000000000000e+04
1.834407608544624535e-01 2.521723758973849067e-02 1.000000000000000000e+00 1.000000000000000000e+00
1.777475449143239294e-01 1.214621566550888078e-02 1.000000000000000000e+00 3.162277660168379498e+03
1.774660121566219162e-01 1.176821743670977000e-02 3.162277660168379394e-03 1.000000000000000000e+06
1.023299114311733843e-01 1.882086785756988123e-02 3.162277660168379394e-03 1.000000000000000000e+00
1.019949420975250626e-01 1.879547657034783339e-02 1.000000000000000082e-05 1.000000000000000000e+00
1.019938938627129588e-01 1.879540264218915180e-02 3.162277660168379191e-08 1.000000000000000000e+00
1.019938905478879471e-01 1.879540240840586393e-02 1.000000000000000036e-10 1.000000000000000000e+00
9.972889535154320917e-02 5.455134117885384985e-03 1.000000000000000000e+00 1.000000000000000000e+03
9.837015116152732219e-02 4.896731712212232419e-03 3.162277660168379394e-03 3.162277660168379080e+05
6.625018109266496424e-02 1.083132615927576668e-02 1.000000000000000000e+00 3.162277660168379523e+00
5.416240536990042653e-02 5.382068026716050647e-03 1.000000000000000000e+00 3.162277660168379612e+02
5.200882870708114364e-02 5.285743723154038252e-03 3.162277660168379394e-03 1.000000000000000000e+05
4.246484110227406739e-02 5.230090635796907049e-03 1.000000000000000000e+00 1.000000000000000000e+01
4.158644908278177899e-02 7.194494140809274026e-03 3.162277660168379394e-03 3.162277660168379523e+00
4.153236169424824598e-02 7.168275864367103928e-03 1.000000000000000082e-05 3.162277660168379523e+00
4.153219116038289055e-02 7.168192500523203059e-03 3.162277660168379191e-08 3.162277660168379523e+00
4.153219062111263016e-02 7.168192236899296500e-03 1.000000000000000036e-10 3.162277660168379523e+00
3.906980479834129549e-02 6.047023456958065465e-03 1.000000000000000000e+00 1.000000000000000000e+02
3.736985127864725365e-02 5.297615703113027312e-03 1.000000000000000000e+00 3.162277660168379256e+01
3.704817192516262486e-02 5.710858003625775108e-03 3.162277660168379394e-03 3.162277660168379225e+04
3.464012633676726016e-02 5.646699898742177717e-03 1.000000000000000036e-10 3.162277660168379080e+05
3.463972800471092073e-02 5.646747341633689792e-03 1.000000000000000036e-10 1.000000000000000000e+05
3.463931175885217456e-02 5.646935596114244400e-03 1.000000000000000036e-10 1.000000000000000000e+06
3.463752790010925925e-02 5.647148844104345720e-03 1.000000000000000036e-10 3.162277660168379225e+04
3.463027674845881726e-02 5.648504218999467370e-03 1.000000000000000036e-10 1.000000000000000000e+04
3.462548252836410850e-02 5.649789612337146813e-03 3.162277660168379191e-08 1.000000000000000000e+04
3.462234804235526930e-02 5.651202003424777957e-03 3.162277660168379191e-08 3.162277660168379225e+04
3.460966342164926296e-02 5.648314560225641684e-03 1.000000000000000036e-10 3.162277660168379498e+03
3.460818713413441050e-02 5.648670989053517638e-03 3.162277660168379191e-08 3.162277660168379498e+03
3.459194552016808810e-02 5.659484745374836721e-03 3.162277660168379191e-08 1.000000000000000000e+05
3.454939597043205773e-02 5.648350760420479087e-03 1.000000000000000036e-10 1.000000000000000000e+03
3.454896037013434340e-02 5.648467243980217004e-03 3.162277660168379191e-08 1.000000000000000000e+03
3.451211164157186317e-02 4.691071547006817229e-03 3.162277660168379394e-03 1.000000000000000000e+04
3.449582503264656680e-02 5.684954390400791431e-03 3.162277660168379191e-08 3.162277660168379080e+05
3.441580316754420249e-02 5.684932152515666075e-03 1.000000000000000082e-05 1.000000000000000000e+03
3.438650510126233656e-02 5.661422193605871941e-03 1.000000000000000036e-10 3.162277660168379612e+02
3.438637391670272547e-02 5.661458739330769638e-03 3.162277660168379191e-08 3.162277660168379612e+02
3.434522229096202695e-02 5.672906870610902944e-03 1.000000000000000082e-05 3.162277660168379612e+02
3.433165341654616926e-02 5.943669457400540569e-03 1.000000000000000036e-10 1.000000000000000000e+01
3.433165092293025827e-02 5.943669508101131864e-03 3.162277660168379191e-08 1.000000000000000000e+01
3.433086257257614987e-02 5.943685533991193912e-03 1.000000000000000082e-05 1.000000000000000000e+01
3.422571847480120055e-02 5.760006204429891224e-03 3.162277660168379191e-08 1.000000000000000000e+06
3.420421766564656074e-02 5.760257059760243159e-03 1.000000000000000082e-05 3.162277660168379498e+03
3.413034023199159467e-02 5.772161317110411326e-03 1.000000000000000036e-10 1.000000000000000000e+02
3.413029778498812006e-02 5.772169851905960443e-03 3.162277660168379191e-08 1.000000000000000000e+02
3.411690868385633402e-02 5.774861979158768879e-03 1.000000000000000082e-05 1.000000000000000000e+02
3.411262482554362763e-02 5.962804003066156204e-03 3.162277660168379394e-03 1.000000000000000000e+01
3.390229338088111832e-02 5.900804604728206691e-03 1.000000000000000036e-10 3.162277660168379256e+01
3.390228185797232452e-02 5.900806553004396375e-03 3.162277660168379191e-08 3.162277660168379256e+01
3.389864091558432435e-02 5.901422002793017471e-03 1.000000000000000082e-05 3.162277660168379256e+01
3.389149617231906886e-02 4.646362668454641701e-03 3.162277660168379394e-03 3.162277660168379498e+03
3.388179034673068080e-02 4.643037723256076589e-03 1.000000000000000082e-05 1.000000000000000000e+06
3.355157730632579022e-02 5.900657455041052706e-03 1.000000000000000082e-05 1.000000000000000000e+04
3.307580679482041708e-02 6.020493294733610806e-03 3.162277660168379394e-03 3.162277660168379256e+01
3.297712086788286145e-02 5.039903727082441220e-03 3.162277660168379394e-03 1.000000000000000000e+03
3.296106491562358215e-02 5.027731185514763834e-03 1.000000000000000082e-05 3.162277660168379080e+05
3.259821456853401189e-02 6.038080958975762871e-03 1.000000000000000082e-05 3.162277660168379225e+04
3.239989239189636910e-02 6.125394456987228592e-03 3.162277660168379394e-03 1.000000000000000000e+02
3.229639130037426087e-02 5.618788838216031735e-03 1.000000000000000082e-05 1.000000000000000000e+05
3.229264735588006918e-02 5.660501569753043430e-03 3.162277660168379394e-03 3.162277660168379612e+02
