[(29, 0.03893572048637301, 0.0), (59, 0.029020898804584954, 0.0), (118, 0.03028303006537423, 0.0), (177, 0.028013082023171862, 0.0), (236, 0.02870792121644821, 0.0)]
(array([8.24521509e-01, 1.79898927e-01, 8.82173415e-01, 4.18221437e-01,
       4.35278879e-01, 1.77561357e-01, 1.73822466e-01, 9.66396635e-01,
       3.75363285e-01, 4.41788735e-01, 8.80308527e-01, 9.49826333e-01,
       2.01840983e-01, 2.57648111e-01, 4.84998671e-01, 4.30013991e-01,
       2.08458832e-01, 1.13482936e-01, 8.76737279e-01, 1.61244390e-01,
       6.79239902e-01, 8.24950215e-01, 4.55249671e-01, 2.46064769e-01,
       5.39197081e-01, 3.45946673e-01, 4.61736585e-01, 1.23044585e-01,
       8.21541528e-01, 2.78992985e-01, 2.25668525e-01, 2.26804716e-01,
       1.53927495e-01, 2.47415259e-01, 8.15794215e-01, 9.93770891e-01,
       1.58172225e-01, 9.91581900e-01, 4.47280216e-01, 1.40478580e-01,
       2.22146230e-01, 2.28402871e-01, 1.66124715e-01, 1.09025417e-04,
       4.39644843e-01, 1.81097892e-01, 1.38964784e-01, 3.19933914e-01,
       3.89989957e-01, 2.32133826e-01, 1.06269374e+00, 2.31073910e-01,
       9.83295469e-01, 4.64923900e-01, 3.67492514e-01, 4.88662050e-01,
       1.13852842e-01, 2.81401614e-01, 4.32496768e-01, 3.97860913e-01]), array([0.78940205, 0.17938697, 0.87047205, 0.40609621, 0.42829643,
       0.21528111, 0.14478594, 0.95015536, 0.35982694, 0.3669943 ,
       0.8936035 , 0.9813315 , 0.21491975, 0.25145762, 0.47255488,
       0.47026258, 0.21549199, 0.12489168, 0.91429109, 0.14237292,
       0.64972824, 0.84913986, 0.47106459, 0.18462336, 0.5036066 ,
       0.48706358, 0.43115092, 0.1441123 , 0.78417436, 0.30118321,
       0.22106652, 0.19981301, 0.11024846, 0.34077702, 0.77432256,
       0.99442096, 0.13749925, 0.99053036, 0.36069392, 0.14602665,
       0.22886857, 0.25451904, 0.20429815, 0.10682528, 0.44080022,
       0.2217614 , 0.16240368, 0.23431195, 0.42348883, 0.22222295,
       1.02782893, 0.23984531, 0.97249352, 0.45509891, 0.39942597,
       0.4619824 , 0.1071053 , 0.26652979, 0.45324086, 0.40819008]))
