-0.4217889462948463	-0.4356751418321298
-0.4657196466105802	-0.46186245343880306
-0.29796968066055385	-0.2811889348979414
-0.41132292171558404	-0.4127578827606657
-0.4695418844081729	-0.4305216769707702
-0.4615485394726804	-0.43575832240696355
-0.5009076661301641	-0.4936328196169929
-0.4694561255177625	-0.49021343982878124
-0.3659128068965565	-0.4250946599541728
-0.5515889160667271	-0.5522989396170136
-0.2349793242740894	-0.23026108788629465
-0.5065305412244925	-0.5129310880516971
-0.5111623333843536	-0.5061125956876066
-0.5503255807764624	-0.5447235550671439
-0.4402632290988322	-0.4413972874596972
-0.31732931428199507	-0.3044978337356501
-0.10045091455906885	-0.10340478380054215
-0.41783181285307336	-0.41956726067137373
-0.4773457571358968	-0.47461597105452236
-0.309505218144583	-0.2956288183592062
-0.3617829823505936	-0.37043244124701885
-0.23571601897357297	-0.2252997061753419
-0.5257785756770907	-0.5296892140339146
-0.41899853985075275	-0.4168360945428581
-0.2918696313925633	-0.2604224444124242
-0.30537327820852234	-0.3180694742498792
-0.14611877011503438	-0.14901451918153305
-0.43365140708849736	-0.3927155589914387
-0.38895858469782496	-0.3998689634562827
-0.5361568727325192	-0.5212142039231017
-0.3286058281651272	-0.3343355023656806
-0.38529483273557474	-0.37352646478891327
-0.5005573154629701	-0.5046679159426674
-0.2577790397021964	-0.25524932785818044
-0.3703097721938242	-0.34713313071273
-0.17282454567432026	-0.17954893956932233
-0.35942550540949014	-0.36624997258271624
-0.2868506276445828	-0.3413512708585125
-0.24969731362185854	-0.24236434359197276
-0.3865522875549079	-0.3876830041645176
-0.37485327093757626	-0.37635622859842105
-0.38267107507026665	-0.3641185654697877
-0.5361976514732412	-0.5288400764242421
-0.2975802942522474	-0.31585642867422103
-0.35274681267511276	-0.36454349839671146
-0.31352795113919285	-0.319059437633971
-0.3633290480840792	-0.3590778200795342
-0.4310838234951717	-0.4347915863803898
-0.26177082425300924	-0.22599729724726383
-0.32911270754466315	-0.12248603504813996
-0.3217728247940066	-0.22110283057194888
-0.3862786612201319	-0.4081943824456271
-0.3838197193757935	-0.37001562002326455
-0.33274258952057956	-0.3374471006135199
-0.25682026862525653	-0.2671671694516075
-0.3961031837165869	-0.3986043794326783
-0.2779813887826439	-0.24651103070506936
-0.25065324303352554	-0.24752636840051595
-0.3284146922367377	-0.2979980146138776
-0.3675148751069983	-0.3380839075475415
-0.27105765712396135	-0.259931157985129
-0.29338404680500574	-0.2849715651358164
-0.3803841585188934	-0.3608348726672515
-0.3880589889846462	-0.39578525558710226
-0.25721755437045246	-0.26517410076655024
-0.364636780938584	-0.35551888219324085
-0.3666202806998289	-0.3287235494200411
-0.260929645337054	-0.2505712088813611
-0.4002688175271416	-0.39782361228412816
-0.45711779016804144	-0.4507709538423835
-0.26998007319289385	-0.25298776949431756
-0.26447621511307773	-0.23763205739825238
-0.5356584060444938	-0.5436998418465692
-0.20837384410959459	-0.22549037407031233
-0.12639905740474688	-0.14509645008536026
-0.33218185145653933	-0.364898095393586
-0.25130820835328294	-0.28569692924633794
-0.2641041955697503	-0.1896894813383506
-0.2498610235324321	-0.2588445427535769
-0.3491812022385581	-0.37652084478936465
-0.39824470934195233	-0.40927601997742413
-0.2854757874577345	-0.29682042480481496
-0.3190637500576692	-0.3138642377490282
-0.5502811166261203	-0.5506536493268448
-0.3599757180991521	-0.3468079577946951
-0.26160755010810277	-0.27441263930951704
-0.4882287702390613	-0.48533792240303236
-0.28182667508294656	-0.268224104331649
-0.15550438059305627	-0.17518991451432758
-0.246029493869095	-0.24475498047340413
-0.32878446739235123	-0.3248227569011975
-0.2788328404736973	-0.2666870848676114
-0.5226885151345773	-0.524464720711585
-0.28030320418677945	-0.2365793785636864
-0.26621781001428246	-0.23171995998616252
-0.4462901248299094	-0.4505788058992567
-0.26331073457960485	-0.2652256696032708
-0.3619846026811402	-0.36360986762473335
-0.5491104303657259	-0.5401713472508844
-0.2551173178545447	-0.24405669265265437
-0.3794143425212262	-0.3884221115667888
-0.4713515002875788	-0.4641547826831977
-0.10961340786117901	-0.11539258400750997
-0.2714040122270802	-0.26190255470478524
-0.4170082079789754	-0.43114676448459555
-0.3983721737241357	-0.40110119884638085
-0.27360832952691894	-0.2569126386064355
-0.3989898816835904	-0.39817788682792044
-0.45913712188693623	-0.48127870915351756
-0.2149441706389119	-0.21658335778865814
-0.09482916377859496	-0.11261301058099284
-0.30941477534371664	-0.32363124253585274
-0.4388864797562988	-0.4317878017375208
-0.31707247999727173	-0.3257391500993472
-0.4170171484824827	-0.41242274081211006
-0.43592046593389355	-0.43336954222750346
-0.2930204218033978	-0.2527420081684427
-0.3164882406384901	-0.3006090128643648
-0.4027675378425144	-0.4154168755596278
-0.141317203216067	-0.13870379469540028
-0.25953261455935106	-0.26247431822588574
-0.4564432733977988	-0.4601951114833945
-0.21169494385497956	-0.2165642090612069
-0.24567740471066912	-0.2572219846217368
-0.2402007323494093	-0.22309149943555445
-0.2801187898870907	-0.29851513767166715
-0.31379527465805523	-0.31371748692245094
-0.36490207288896137	-0.3148958138875599
-0.36266656604018976	-0.3423791929677728
-0.3975792352478926	-0.37213657249600196
-0.24274847496450747	-0.2478966154203613
-0.4196869548381805	-0.4150320360623101
-0.19041609533889847	-0.18375233217807857
-0.2745386686779909	-0.27359052906722
-0.4894747637527672	-0.4987919044339293
-0.2433588183101989	-0.2435822622966708
-0.19211390250334404	-0.2082338838686526
-0.2856864030679418	-0.289580873805701
-0.23611872427822078	-0.2314415652261902
-0.34613320494080746	-0.33956587435331465
-0.22887150897674857	-0.23103328235083592
-0.2686017618426497	-0.26551260898688717
-0.40630152769139016	-0.4096487933354646
-0.22044198989308228	-0.19674854613855797
-0.23330089685945943	-0.2718547254012866
-0.2462039333383501	-0.2876439530108555
-0.34995480713169336	-0.3354376490071307
-0.4697916120895069	-0.466828449982409
-0.315421029821394	-0.27962658925578365
-0.26628937858756174	-0.2905913217101142
-0.24734914971296362	-0.229302325787314
-0.3074654516133464	-0.35921901031250386
-0.4100361550711771	-0.3938812783925238
-0.25214593519185513	-0.28791820227780396
-0.2728572247728671	-0.3096137881801415
-0.2796328621508959	-0.3509709785919071
-0.21097895389804222	-0.23020628346767794
-0.2804337813950042	-0.27718255697994154
-0.3211380793790326	-0.31529899452508664
-0.0907459849975254	-0.09983439931279516
-0.24405092465602252	-0.2598288717726143
-0.5365069938023446	-0.5310503099458577
-0.15636542032815726	-0.11445151902330297
-0.414077719932461	-0.40880329862747733
-0.3855273248334008	-0.3846380763059386
-0.4037590980817196	-0.4062870508704296
-0.3694712031267642	-0.36865451293234036
-0.345458726718336	-0.3758325196498299
-0.14259244414451544	-0.13681335364757277
-0.2931310060406922	-0.2968118951415315
-0.360427265301686	-0.35778219936355093
-0.39001290514380926	-0.3865278184207513
-0.5457109503743389	-0.532364453144691
-0.21378668936283596	-0.3350451048443323
-0.25812639810837723	-0.25267349738950523
-0.08442466347891298	-0.07103734817203115
-0.35336054759200586	-0.3421903380041684
-0.07928997843374219	-0.07696429942125503
-0.39874722724441014	-0.3673977604696326
-0.5566811459978389	-0.5457541523281104
-0.3936180489455694	-0.3832453997171548
-0.47211119509452715	-0.46616021814738545
-0.19597408939562122	-0.2031300830589251
-0.18678596871227526	-0.2389540539950689
-0.33418635991377243	-0.30201115900120484
-0.28358808942249425	-0.30485075702109554
-0.4427611439825405	-0.4617722784619221
-0.39369058382175837	-0.3657884587242848
-0.4222842161387472	-0.4283731977389351
-0.2915574773785927	-0.2825933437375846
-0.4448366578801277	-0.43605949721424214
-0.4940674067092168	-0.49949993927658737
-0.33485898780320866	-0.21874549127878612
-0.42413695638575	-0.4110979765644807
-0.41116997670999744	-0.37570590580600755
-0.33444909585114857	-0.35769017448299245
-0.38094956611065456	-0.37098304965366186
-0.10531831498871647	-0.0961016658899181
-0.17994671030217724	-0.24136776750322977
-0.28175527266034095	-0.28169472078757263
-0.5486503806212326	-0.5451252753335141
-0.4000544425340422	-0.3985397810908835
-0.37288404814726306	-0.2692486726301382
-0.3264718735159242	-0.20074795089932898
-0.3269553416369142	-0.33614805861527686
-0.44661782628583424	-0.4355222821313839
-0.5306965105192702	-0.5342768527927111
-0.4177591824322455	-0.4440085439988811
-0.22086867113034891	-0.22342593839660663
-0.1885505396993139	-0.18751835828379831
-0.28976413812719315	-0.2577087874413928
-0.349452383120088	-0.28984052939010835
-0.3837507791359904	-0.3770879195558533
-0.5162496946122523	-0.5126038482776937
-0.2798275179370897	-0.26035238983990716
-0.5254529265719814	-0.5221961098947856
-0.27742489175365215	-0.27349260332225317
-0.17542318931599254	-0.17080879193821366
-0.5529200092307391	-0.555313798973593
-0.20224964355910124	-0.17764559168018876
-0.26892784739202824	-0.27641599995902827
-0.21899014502835712	-0.21021391328265213
-0.46067339021614373	-0.4887350951987138
-0.17614761750331454	-0.15307346459526724
-0.4000041524486875	-0.40164733105227884
-0.37577999210346746	-0.36566920910273926
-0.28387904472586456	-0.27501581055784113
-0.54711773899189	-0.547838743605484
-0.400868569479794	-0.39861324828085354
-0.18791437740120642	-0.185980456947197
-0.5086826228178118	-0.5097114072027091
-0.28186799419967024	-0.33246670035552217
-0.28955364894077107	-0.27504235908609903
-0.29234764234337973	-0.2780899836053547
-0.23070323103404178	-0.2477944190008617
-0.16030437828083421	-0.16260677790569575
-0.07493889117451147	-0.09521619038193788
-0.423017479491989	-0.4942516437907639
-0.26205245502379526	-0.2595020149186771
-0.3756742476485666	-0.3307474942064783
-0.5062775049369144	-0.5008114904444557
-0.24851777493576854	-0.24178262047416751
-0.25965256679198845	-0.24481097858575074
-0.4326507242656419	-0.41469806427406564
-0.38411346904723054	-0.3780476978919103
-0.3380362334588227	-0.3395482107161347
-0.34852974125754344	-0.33684260254944337
-0.37087148121466207	-0.34240556146725265
-0.38045536702473015	-0.3751885544982944
-0.2527275340175308	-0.24829683506160688
-0.3653062376888272	-0.3530524315088246
-0.3248918529137761	-0.2787129248975862
-0.2848284199417179	-0.28172111358819096
-0.5381923722826691	-0.5420722459568419
-0.225323282426519	-0.22090862770544162
-0.2699184325283568	-0.26056621906846567
-0.20161626803677635	-0.34802655231316804
-0.5146445089685763	-0.5109681747266646
-0.26962401995617746	-0.2852566244843254
-0.26733840488365956	-0.2595459229612688
-0.5069247655410365	-0.502657951712394
-0.40518327221956874	-0.4027681593107132
-0.5447029778886971	-0.5493013946008845
-0.18374810973025646	-0.20180598084613682
-0.27225423971994545	-0.27710984234143926
-0.37969194953349295	-0.36952473052545526
-0.23966944229650622	-0.25171316612690703
-0.4175158439594284	-0.3957598309654931
-0.27669348487026113	-0.27201956907265845
-0.22717814363612376	-0.24443087367962887
-0.5275712914289805	-0.5269008112279856
-0.49323443456274774	-0.4933996493175631
-0.1143827755467477	-0.16744584126778111
-0.4240367642062015	-0.4174092135145041
-0.5326336104167027	-0.5341622198453838
-0.2511027932831027	-0.25321990634147856
-0.076312919937509	-0.07757881912132322
-0.23507675318078824	-0.22592427167997337
-0.4386637328191334	-0.4277902787444757
-0.2323127892864072	-0.2322500868370548
-0.33308352825681276	-0.3382455757197026
-0.5342925465894783	-0.5421824431611787
-0.24900795029037148	-0.2917454565391729
-0.35681931463330585	-0.4182391871659025
-0.47122624723443707	-0.4716096995080105
-0.06964047763477055	-0.06926753778611044
-0.5611496535567255	-0.5476160754407097
-0.26680371187220686	-0.25763101512109204
-0.47596294069772327	-0.40121622047941646
-0.37109285900417	-0.33502960563636464
-0.2743043608157709	-0.27367058258642263
-0.20679415504603682	-0.23800604040453638
-0.4278094785356288	-0.410370964463522
-0.34669802052884435	-0.3189556930741504
-0.38122582287945406	-0.3645568228235491
-0.41760521958549646	-0.41385655018117845
-0.0892360301731685	-0.14614199418018353
-0.25176413096413164	-0.2536095607278131
-0.11126965858287896	-0.13614928634157925
-0.4525986746113375	-0.44434054239200366
-0.16515050768138195	-0.1853580873002827
-0.07962912440990877	-0.08560735799721353
-0.051223020080044535	-0.23547131495774995
-0.29149854610796133	-0.29341959582210614
-0.4435609029615257	-0.3945046065113277
-0.3583008691291134	-0.3446397824604889
-0.25877645561195983	-0.2049317558629319
-0.3724131612344017	-0.409155660270795
-0.4263507142139744	-0.416838599593174
-0.3008823520106674	-0.28424288570757894
-0.350325455452948	-0.3288418870965782
-0.3758496057181908	-0.3472497163357915
-0.26723502890531314	-0.2682131129176225
-0.4453552676843522	-0.42761231788770665
-0.37605438115333456	-0.3669640333576977
-0.11238449011239027	-0.10310569877614674
-0.2934483147082325	-0.3299444493284868
-0.34653650859115004	-0.3634355906937577
-0.16057403373158508	-0.17048894652718766
-0.11880410358629412	-0.18646435585608662
-0.3894872058470149	-0.3816317176972881
-0.2654064452263931	-0.2784101441598782
-0.3866319806675822	-0.3833148048019272
-0.548011533945326	-0.5515798217079577
-0.14038289077955568	-0.12986342337845067
-0.5514533038522558	-0.5457492677576119
-0.3780767436172372	-0.3738401217384962
-0.32436717800474035	-0.3078818275846712
-0.36238567532679156	-0.3647446825639256
-0.3934365257903245	-0.4024378452059883
-0.3616789482996374	-0.3736014293284079
-0.5644007701846547	-0.5666685825213064
-0.39167450389282443	-0.3848040042512838
-0.2823745524094239	-0.2572444662394458
-0.47534980909778923	-0.4837657205486976
-0.16181967750845772	-0.10703972932187565
-0.27092512073225095	-0.28366785815767204
-0.25753064037517603	-0.24642604051437872
-0.425964797146289	-0.41483311928813177
-0.40412321697808196	-0.41365022447570865
-0.22654835950601537	-0.30531608104829494
0.05020889514195659	0.04709947642400209
-0.4069127938059083	-0.4089500084162976
-0.3958610616710878	-0.3998782297494789
-0.3858970786510376	-0.3933884168266688
-0.4533584769921628	-0.4512947581974479
-0.3880662149399363	-0.37444254926554305
-0.37662964973037916	-0.38660408436094273
-0.27670333527818514	-0.28324628633889254
-0.24112862927716705	-0.23146097636813345
-0.5140056725784241	-0.5098260622959304
-0.36513483279838255	-0.3659487968101703
-0.2850222168602734	-0.31541167496264266
-0.3066371489011068	-0.2929395368423646
-0.2535757309003497	-0.33079797400142597
-0.28213429449025007	-0.2816329306743026
-0.26576009909996756	-0.2770003985101249
-0.28088473874689157	-0.28621550734902407
-0.2206717221956609	-0.23091992315308402
-0.37673020377612865	-0.37405018401129075
-0.25526133015803154	-0.2651099094530248
-0.48853344856781256	-0.49079217726661734
-0.2796570091832429	-0.28302063009472783
-0.3892655870323125	-0.3817547561882663
-0.33234945944797545	-0.3207810728009803
-0.32337796986290357	-0.36132280099672365
-0.1678314611364904	-0.1671004026371606
-0.1048349235586663	-0.09500939193858846
-0.4359095393814698	-0.4293098583978964
-0.31605436648235496	-0.4579336010724375
-0.24711980952411494	-0.2861750784604155
-0.23798382733036405	-0.25122692131449453
-0.2999060016612791	-0.24616447944961364
-0.2210343928036309	-0.27508123510650523
-0.49194657412489384	-0.49732797806937706
-0.34225538610076534	-0.3467606005611982
-0.34278547115424907	-0.3262883345839628
-0.29125305656062395	-0.33808708040646845
-0.2141108285509219	-0.22512254983198174
-0.5199030688336883	-0.5113127302832121
-0.3423129095856563	-0.30291364166446033
-0.35200323340608897	-0.36273561098927626
-0.39666257442229025	-0.3828075517187303
-0.39787958222576947	-0.35984029798773665
-0.35848096408543206	-0.3644872416448779
-0.42648843672191816	-0.38869561586627344
-0.27600355347032846	-0.24905971283190328
-0.23388773525837436	-0.22590722845749633
-0.38867508438890397	-0.39872607353798345
-0.28900198713436964	-0.2969412741923588
-0.35867316806950456	-0.36147489823005685
-0.09846044157352196	-0.16799019858083292
-0.2698919432329987	-0.3052786933756012
-0.3773704532257174	-0.36751667455318365
-0.26235413298422827	-0.2686549972981272
-0.3797424107155791	-0.35865432959259264
-0.2723641996226718	-0.26465169084711226
-0.23606641020416674	-0.2368510169753968
-0.2825031422699791	-0.2670336144115473
-0.4282273382348478	-0.25512589765933075
-0.12317073693082037	-0.11134069020474506
-0.25984183823119267	-0.22687057312681427
-0.13246419926461783	-0.125438574934176
-0.2532995233273745	-0.2990109569148071
-0.29870744057921783	-0.3137058987628971
-0.3857850630888944	-0.3963357942691395
-0.5507453595573715	-0.5576159587430607
-0.4233684681336669	-0.4275191659707241
-0.2587952909643789	-0.2990907295128835
-0.2460104009589692	-0.24041108959233365
-0.1573213824293056	-0.15969939483483325
-0.24346916230961568	-0.2776184166574389
-0.29041054118683896	-0.2843307644493941
-0.27611159398704643	-0.27110427085217786
-0.3122942242505058	-0.3547339112946332
-0.4560115304266432	-0.44970962179950835
-0.2903418829062794	-0.321488746027772
-0.24036535937402448	-0.2506426163561189
-0.24434373550048782	-0.24762646641561323
-0.34689978105856767	-0.3495290638016536
-0.40595363318649547	-0.3739686181324547
-0.24383878753274502	-0.2509121708668019
-0.38823593804695555	-0.40076792286010593
-0.4394819138949764	-0.36304882738929317
-0.5389621135512606	-0.5324733896656004
-0.2766867494295582	-0.33045913532990373
-0.40626067094029494	-0.40188397347539867
-0.5285573495763902	-0.521982006343888
-0.45384598333907533	-0.4507744592701922
-0.25724757993924996	-0.23943990994576295
-0.4264077471294101	-0.4178316887880763
-0.28928968483668527	-0.2878490351201317
-0.35618806639511646	-0.3726140872215976
-0.40370012953457746	-0.40538919412679647
-0.4236675689151106	-0.4171874960056147
-0.21057758698296425	-0.23707700279957972
-0.5403356342574472	-0.527633980666706
-0.4291088644120986	-0.34596720817550836
-0.16685505964443692	-0.16392162755898046
-0.4548620338017759	-0.45126024073105353
-0.18853491908400777	-0.2547275040766835
-0.39640731834561116	-0.3099152427084879
-0.32813971289913724	-0.3554668029242907
-0.3048321274219923	-0.28769231389814204
-0.3051232201907368	-0.2804509013818653
-0.17190953564615263	-0.17139924853803046
-0.3932078529489065	-0.39066807488575384
-0.41088557768613754	-0.40132682410757764
-0.4984847556000851	-0.4980291953102834
-0.2642796069243616	-0.3439390885634594
-0.5116791319950202	-0.5125382476683552
-0.4812122967767394	-0.47547110585208985
-0.26678379102364147	-0.29550643901641543
-0.33036696463983084	-0.30965942297008664
-0.2203997687283472	-0.22618591165072424
-0.2664369319533133	-0.25354916593367904
-0.5323302627561315	-0.5351305929665509
-0.144529968433055	-0.19079539127310163
-0.043720550863145746	-0.16247506230846262
-0.2950081934433477	-0.17193732312731314
-0.3723097573880061	-0.3754207921311602
-0.32052816656333505	-0.31557303438789525
-0.3616768545593949	-0.38640524749883404
-0.4580014939157522	-0.4440651665222304
-0.26973023704870513	-0.25089636654558756
-0.2040903129415046	-0.21016472724015117
-0.27098349928136933	-0.26770494192832445
-0.45738692819654325	-0.4714553323047862
-0.27880640911603294	-0.29252019089155007
-0.24897840943460814	-0.2532135516048864
-0.2542060166439377	-0.22509865546640548
-0.42566501777216814	-0.41106930103814976
-0.264682176185957	-0.27626572745448574
-0.20504228696936977	-0.2104206107164457
-0.5153905659928171	-0.5162151379519413
-0.3435424117332815	-0.23214827096078014
-0.2688393230048227	-0.26912697629859655
-0.25250367162295007	-0.24853559116866444
-0.5554158461341849	-0.547421650630596
-0.3741308850301941	-0.3192360856296426
-0.41532927311677525	-0.3737151151541808
-0.27915315035062704	-0.2723970344776324
-0.25630958114728486	-0.24946977884803198
-0.2613498373493499	-0.27058722640848976
-0.40547747902744113	-0.39517532349829787
-0.35779196780287137	-0.3598837802506559
-0.4017465404960756	-0.39876631689071074
-0.2493042813119022	-0.23298180850035616
-0.27564100960145055	-0.27814783642396995
-0.5078793860137232	-0.5048817930793594
-0.24814796288206864	-0.2549430387835863
-0.2594819557527792	-0.2533102421549734
-0.3967091115192627	-0.3907428670713413
-0.5511162565223131	-0.5529365387521574
-0.49948854900751094	-0.5043141989755225
-0.24149079999588707	-0.22853847849101053
-0.40246670076538393	-0.25649041378130966
-0.4639684244191784	-0.44622304496077414
-0.5529474125332197	-0.553396185520479
-0.21935357240623077	-0.22503221043597268
-0.2545433554074883	-0.25633764605845377
-0.47413640009805036	-0.40995925671588795
-0.3695804931101456	-0.37226280333158185
-0.40531223394559035	-0.37821274137449906
-0.32321996961248445	-0.33016509551161427
-0.24295053098036057	-0.2411093655403439
-0.24899558043960113	-0.24247411914560804
-0.2642488249549153	-0.2725698737952117
-0.40863284422602497	-0.40985703478053037
-0.2985125928685761	-0.2786124084785268
-0.2701619574876979	-0.24079839576797032
-0.22731823499513482	-0.3314426092496323
-0.5289248858345061	-0.5282683327266254
-0.2416665876051063	-0.24445276200351843
-0.2774562056666312	-0.2732847823416134
-0.3055577955687703	-0.2951303213408924
-0.3937001657037271	-0.4118079789464512
-0.24079718000482586	-0.2784963229305727
-0.2736149758324995	-0.26712940615187014
-0.2643465980948001	-0.2237573590949838
-0.4134369782813323	-0.4094090641269433
-0.5035599745562074	-0.49864951555736664
-0.44173511718320313	-0.43767009118013056
-0.5601173979254863	-0.5517103033320931
-0.5429013630399222	-0.5417564712786815
-0.2713476026740391	-0.2546181799251179
-0.37448597521071747	-0.3831997689061633
-0.3201502080973313	-0.28195703417236456
-0.2744728825631917	-0.29792254539584617
-0.5492622133268252	-0.5523257639636696
-0.2738533220932844	-0.2727686098498283
-0.3630493698750783	-0.32085354311210673
-0.3229854340882472	-0.36220457646166837
-0.11489180453158099	-0.3424016044619147
-0.319575485228512	-0.30249764327455925
-0.5114842861044266	-0.501740427745035
-0.15392660283509052	-0.291620116030999
-0.27384508539627817	-0.30809373220498687
-0.26273064924762934	-0.26284831084838045
-0.23209707433990623	-0.24623505860063422
-0.4459792264831641	-0.37632518257860265
-0.413666991806771	-0.37439508573954383
-0.16950314969400715	-0.18263756849878202
-0.2758964096026908	-0.27654961822710267
-0.34761562286985637	-0.31972846091966056
-0.3684224359268029	-0.37148047147342494
-0.10931120564618269	-0.15756090109734056
-0.4162243896693667	-0.40618519816921184
-0.35158730183730214	-0.3598565743437646
-0.22222011194713076	-0.22964507850257707
-0.1256139708393338	-0.12845979788112957
-0.2932932766510312	-0.2775407676808329
-0.3347567561510232	-0.33296996613730767
-0.34110524101264694	-0.3264118561359896
-0.49652473424636945	-0.5151466386779417
-0.3175930598815153	-0.314291867714464
-0.2642253481208652	-0.26905882699598793
-0.10633931465759261	-0.10344192648671902
-0.20645830184859904	-0.2022393475882363
-0.38931325036987907	-0.3883654358761396
-0.269654116481572	-0.27432744418418953
-0.4403423143056262	-0.44316991053669014
-0.3640206748638217	-0.37237950706524503
-0.1300869719046993	-0.18202133406475182
-0.10621034790112915	-0.10933874266067552
-0.4058806498664449	-0.40996753014607773
-0.4189649299402234	-0.3893499778526934
-0.2980673973434911	-0.2980494868872317
-0.4126579099574865	-0.4134731642597703
-0.34405066165459	-0.33203063765212243
-0.35870362266713585	-0.3755154609656468
-0.42029548126567917	-0.42731554444643416
-0.5362242625098883	-0.544296576489393
-0.06351157266804464	-0.0806728901326913
-0.4378394360655413	-0.4321444111608794
-0.2953225037737006	-0.28804035491857416
-0.07667088400024014	-0.0773974247092945
-0.37884849465530124	-0.35458511555145095
-0.27409403973281243	-0.23514613288012287
-0.3584219453653681	-0.3906826768872224
-0.46510585291241036	-0.46643611349484704
-0.2612500940141995	-0.26295277516261456
-0.3983485269252274	-0.3926359070614549
-0.24917009784356736	-0.38631893360758474
-0.3936770430145682	-0.4002176405790051
-0.4951232752961854	-0.4441767714517759
-0.27356164926169235	-0.30594052852676307
-0.26954806521554886	-0.2861986496152353
-0.33448428461916	-0.2834657918224482
-0.09706744800112332	-0.13971838485979232
-0.39030465068976916	-0.4076509096463126
-0.2825115924412245	-0.23217090867931006
-0.3799219245906045	-0.32540251719378777
-0.3726991953096359	-0.36631831269130816
-0.2721398974283993	-0.2822510103053964
-0.32309061124412963	-0.2832120515058404
-0.16891065437013353	-0.1641483759478586
-0.12337905227816393	-0.1073770851336276
-0.39246968854679665	-0.3093970880293421
-0.35346685115308674	-0.30839831270418705
-0.206836376715394	-0.22730931062127957
-0.27281021932345695	-0.26360336241295984
-0.3715907007152097	-0.37257116284984065
-0.3093171543053401	-0.296233076172572
-0.5416200947944603	-0.5387740802961056
-0.25843405891609805	-0.1965457144029593
-0.23761651803343042	-0.24993336940090208
-0.08363470747900692	-0.10365058069585134
-0.3539535786560819	-0.36713184333826027
-0.5490620229136294	-0.5476829900221922
-0.3260723443299973	-0.33891189280978984
-0.2524859231600498	-0.2643423172104316
-0.2836619619521059	-0.17819140063223596
-0.3697949524985038	-0.3321239560477228
-0.2132271499805789	-0.2316717908312118
-0.3314720235909068	-0.31624501034022795
-0.40195553740072754	-0.40180052615089107
-0.3655026749126442	-0.35966737674450044
-0.37452885688654547	-0.38549695430638264
-0.31679397833986656	-0.3189475051430698
-0.23002554287586818	-0.23613225756332637
-0.3944990016651957	-0.35922137019909084
-0.12176903224740343	-0.10571870035486242
-0.5322115331329051	-0.521751642958608
-0.4638246839059441	-0.4510214855861265
-0.38988789729635087	-0.38479433283801073
-0.34185409915438747	-0.36111663062042654
-0.345783471885186	-0.3432771590318903
-0.2933698661676729	-0.26102403572310473
-0.21266340519983373	-0.25209526280417216
-0.21374353992792194	-0.23436334499870282
-0.4273562574248331	-0.43314583472901036
-0.39343584393795084	-0.38698361067074144
-0.41800907538317666	-0.4129357938601282
-0.3136392406147088	-0.3282100017445067
-0.27654358623752984	-0.27638422720630057
-0.1672903912407726	-0.18253011655051607
-0.20912250787953113	-0.2024465051629857
-0.36322156727056765	-0.35230527884893065
-0.24133686512764285	-0.21438746436959014
-0.3806650497152546	-0.42923725608279134
-0.23266520733121965	-0.24480275610886154
-0.10054570584384237	-0.1357008812576095
-0.26523918825478887	-0.2908508628455876
-0.27989595846376325	-0.26922183485781576
-0.35684749033364227	-0.3747440220307304
-0.3456754379699696	-0.3458007535035078
-0.41693048640498276	-0.4227101986270063
-0.35420743571511615	-0.38291414240446797
-0.3521583954681269	-0.3426484374951125
-0.39467436133159417	-0.4088636735795108
-0.35609968694376803	-0.2482577226717952
-0.25679633602448604	-0.2506368481632848
-0.5211012698016457	-0.4953286693587802
-0.2982356611969976	-0.31768099152066936
-0.20033103370448302	-0.17569323828629865
-0.3806422841632937	-0.3577183610986955
-0.3400256520868208	-0.34501214360272897
-0.5594909299444595	-0.556301950554361
-0.27292199652180393	-0.27143609479173975
-0.23506717674709066	-0.25370214332956914
-0.4105838122596275	-0.4153182717177979
-0.5425479422334707	-0.5371858267938046
-0.5460679365991812	-0.5404405730232074
-0.10681945750566868	-0.0971426776698746
-0.4587044264374356	-0.47347412074146317
-0.37889197625460014	-0.37695119158875556
-0.3490410624721214	-0.3393724711661215
-0.40360763192420457	-0.39285136833430434
-0.2895948865411224	-0.29272794413225134
-0.29838397529843164	-0.30356546083522523
-0.34998104019455667	-0.3152410447606986
-0.2833307321114056	-0.2868613075896374
-0.4373565265009294	-0.4476770786963476
-0.1746240427808008	-0.22437043004925278
-0.4038468757264866	-0.3984029195448533
-0.36891906020291465	-0.2153133370456378
-0.3600673624386559	-0.3617026256663702
-0.26245591645534105	-0.26147377567316327
-0.4977207684127798	-0.4898614373480428
-0.24641284357490534	-0.2647059008868256
-0.480427171896185	-0.48164651668481306
-0.17559691656283505	-0.15986338377145073
-0.16624712658311047	-0.16956062948931305
-0.19107806738522015	-0.16544515714849273
-0.3604632767396865	-0.37102661670970843
-0.5061116767231582	-0.512238327332722
-0.09177488532780131	-0.1369596289599226
-0.539675954180268	-0.5459431556064152
-0.31465678066101077	-0.31463074618101405
-0.5131274052943269	-0.5146689077234874
-0.3486697998650303	-0.3448424865050722
-0.33276270537059816	-0.3656854921624528
-0.4979690774685537	-0.47950534898592245
-0.25536005095346503	-0.29079906489480567
-0.46714776720755324	-0.3557301718628378
-0.384395980933796	-0.39464713919746663
-0.40840625765343574	-0.42196218130446866
-0.09535159654918957	-0.06941369080966263
-0.20030974903983179	-0.23888990811031027
-0.540694036287725	-0.5447267319822043
-0.30329306848348736	-0.3012299846178069
-0.3506503582341054	-0.3299546783190224
-0.5309770047953997	-0.5255193443632765
-0.31785597613871097	-0.3300552521333683
-0.1847598719626209	-0.17377129992673426
-0.2405630715966467	-0.27757631009278877
-0.345669371905748	-0.3446759872929699
-0.4032289619275371	-0.40466169963599585
-0.13697305597301757	-0.15106921741595125
-0.2611842656931582	-0.2569455431133576
-0.39006779579807116	-0.4051755779968932
-0.4158102225280018	-0.41363730077363986
-0.5340971624217552	-0.5349009555905438
-0.4041788113274869	-0.3845782076654008
-0.23047523500262912	-0.13245583125242044
-0.2518741513463816	-0.25121529353309224
-0.2543539828985928	-0.2579924526992736
-0.26794617799596665	-0.2727952588477556
-0.35469638587341024	-0.3490990775762172
-0.2684393548471782	-0.25696357233413447
-0.13131447581309708	-0.15351662472561425
-0.2754274348539809	-0.2944353598175646
-0.25467077163467877	-0.24686877771596938
-0.25018818170661916	-0.24395376346489894
-0.3087789924666282	-0.33503191750662137
-0.2641464930678161	-0.24736037220383394
-0.12502907319466416	-0.1511463543519077
-0.35616360957677173	-0.3773239016388965
-0.1429689863097927	-0.20031881092803402
-0.351938209240064	-0.3188298467921159
-0.20482337692717678	-0.2521539246904969
-0.4117615560036505	-0.41392910899575447
-0.49443260561375624	-0.49460074526456255
-0.4056658373402975	-0.2395025137195124
-0.22254556993606656	-0.21532967013430157
-0.18040548604791695	-0.23087849111372605
-0.22266209375370138	-0.2195657905985586
-0.26530312641639675	-0.26482322481556925
-0.2810066547943517	-0.35267851694421
-0.43346375067801013	-0.39525615176792833
-0.06312940682740553	-0.06227880553978983
-0.06632972824252548	-0.06443873667584246
-0.22396597024073728	-0.24018684723845407
-0.48788948001021737	-0.49934291839608075
-0.14035167259827297	-0.11203549240657457
-0.41956736433967734	-0.41706887415414423
-0.41848821690616234	-0.4203688006340991
-0.19582843803575045	-0.21527331879972342
-0.09662003884210435	-0.10914010770753903
-0.3178538009208953	-0.3269017308548639
-0.33827248056183734	-0.2925709697273334
-0.36402985932775067	-0.3362560424075666
-0.1050807532832323	-0.10882062483656789
-0.40574229032920783	-0.3992770288200513
-0.3843504559655564	-0.37261567929432704
-0.41889935456113037	-0.4101820125940909
-0.3491155674310278	-0.33759361171176844
-0.37968440264692305	-0.3335651176095711
-0.12189416873814451	-0.11484258786667143
-0.3353180909313238	-0.3644266182778682
-0.2725997351255174	-0.24867384544552368
-0.3510020835356329	-0.25144878590030806
-0.22246919273579024	-0.2140284275008989
-0.24720673833314244	-0.23823107455156944
-0.16379204529581415	-0.24308516435047317
-0.2652326139509231	-0.2682790307266165
-0.25182654468476073	-0.2607553075054044
-0.39181632679397893	-0.3914260673641631
-0.26873765152117635	-0.25827489317871843
-0.28136273809576906	-0.31322715415167773
-0.2712040262955604	-0.27253900009329135
-0.3492897772319594	-0.3622833701589337
-0.2683937172342148	-0.14661716976254488
-0.42962387683670755	-0.41736140489824514
-0.1980055090217192	-0.23158179453855293
-0.5121196690342487	-0.5150325914762603
-0.42569042962731984	-0.41868658751596877
-0.23731230958914296	-0.21758198792610114
-0.2538917594340262	-0.26973914217378525
-0.4257025323110355	-0.4239885120208537
-0.33514826980926316	-0.35198347029345955
-0.28906340860331525	-0.27477378160506766
-0.30518294332791385	-0.30383391490215206
-0.5403215619157002	-0.5434332611037463
-0.5552610815171217	-0.5491278400176789
-0.402614471263135	-0.41298115334188407
-0.39505152724287385	-0.4023479810706724
-0.35485468795130615	-0.28098519882145395
-0.28003187951493125	-0.2607528913351548
-0.3287852526390367	-0.3534118069751974
-0.20989169110356087	-0.21662226430782672
-0.25827785929475944	-0.21752922460345475
-0.3353282118753018	-0.33444006153613987
-0.24561000731755023	-0.23885215800596746
-0.42361201840719254	-0.42638271877779316
-0.4714042715521316	-0.47535791129516575
-0.3818818395855068	-0.27705846822506675
-0.46530806513978185	-0.46472445485484226
-0.5436635128175702	-0.530156570549352
-0.5418298601081197	-0.5360839067513659
-0.2646955226354173	-0.26175293709204467
-0.33267903764442686	-0.37448141902193055
-0.43591000458222595	-0.43815673880288886
-0.22954135795724184	-0.2420743508605556
-0.17290116745487794	-0.26732154730020924
-0.24714911620428737	-0.2673776895855363
-0.5207785716498101	-0.5082325559480169
-0.18949275495156748	-0.19716376872267374
-0.3922566154405338	-0.4048796746206355
-0.36562606165050937	-0.3293268772717514
-0.510611134465794	-0.5197581532375782
-0.1581651231426413	-0.15824380930927215
-0.2884007543619518	-0.2621435662400117
-0.43347308897641135	-0.42930399477470366
-0.2877792647923041	-0.2985512119407256
-0.2990709026526588	-0.2874250596584228
-0.5033173061709881	-0.49104710025340065
-0.1896990528887308	-0.19492187115977855
-0.3689596659733496	-0.37392985275181784
-0.3736280882850096	-0.4064432799768154
-0.11264537361157778	-0.19965190403831723
-0.26863502456940935	-0.26253099472582614
-0.49402516441895905	-0.5174586581984058
-0.4014625584200413	-0.40962692088444236
-0.5072772049962886	-0.5083579624885841
-0.2269157324758666	-0.21385366476894263
-0.2613985308770417	-0.3494755809932411
-0.5551447318204108	-0.5499008755538656
-0.24258080456984743	-0.2459854137582166
-0.4689613172231244	-0.47529184728006924
-0.12935262979354079	-0.1040866558133887
-0.31291966673791194	-0.3022476256072128
-0.22091974733872277	-0.22404200522664178
-0.2268433234574765	-0.23843589670143686
-0.5067284732753876	-0.5208543382904798
-0.24710732603659125	-0.24918414515553253
-0.28961540702032984	-0.2917777290742169
-0.3577865698039133	-0.34888695868331465
-0.2295325132714332	-0.2298087789487018
-0.4612887169826436	-0.39514796440910976
-0.30376980532555997	-0.3186530821100744
-0.3740235992468186	-0.37872523190303076
-0.2559272947563418	-0.2464252152022051
-0.3338524662234832	-0.2908050517650292
-0.29263512443077566	-0.28122595172942816
-0.34717329658487195	-0.3685024902820044
-0.3847575947344968	-0.3947251586216669
-0.27791898717253716	-0.24065738859733415
-0.5386977262985386	-0.5256260069527906
-0.2235033000299751	-0.22238363921384696
-0.2343832832427566	-0.25531356204982897
-0.3343928009016892	-0.3126949428581924
-0.5002868043112354	-0.5043378955133945
-0.1283175182180898	-0.14308174446556726
-0.4131175712758228	-0.40930843132359324
-0.4132681715780926	-0.39856855553861287
-0.11971224959528115	-0.1511039121921114
-0.4152728553170153	-0.41500104719291786
-0.16017977922047066	-0.16486131372374271
-0.40470577928669194	-0.418340410719841
-0.539150331080938	-0.5409091460827109
-0.40685301020026365	-0.4191019237485214
-0.3512350193235072	-0.3630711108089036
-0.36188048315135823	-0.29978507045432573
-0.36976152168059073	-0.37009975177519805
-0.3067937724402423	-0.31830282013581884
-0.18862736779765044	-0.1934159901485964
-0.23809419801089504	-0.2358237805019033
-0.3398903005547371	-0.23942973294166278
-0.2654426287726821	-0.26718028956958373
-0.3124593541067391	-0.31506863880564306
-0.3833343006336172	-0.3348880445811773
-0.2587968564034817	-0.24387050972522248
-0.256631947709117	-0.2212772461961226
-0.3493968853475824	-0.34194745482900396
-0.4387457638176411	-0.3889906573318627
-0.16369909041938158	-0.16274677317039038
-0.3600968406403915	-0.3424912717470281
-0.33925665451880604	-0.22657345877924323
-0.062403101231653935	-0.06998751858744376
-0.1480297693178727	-0.14672818346682928
-0.5551837304457496	-0.5542056781270547
-0.3177416050615278	-0.28889612702193546
-0.35516548189525565	-0.1795404370175928
-0.29989552661170826	-0.29165262535972675
-0.5503257258078804	-0.5388861915596591
-0.44116167708655496	-0.45184578198356706
-0.12149746832496788	-0.10478014133910545
-0.25027221484564777	-0.3254704117955662
-0.4210476915693775	-0.3365774910336528
-0.3576622354669965	-0.3574772082685193
-0.19574204000586093	-0.2325433234314849
0.00011746231051290579	-0.02164961098018925
-0.3884448988590652	-0.4076850350031201
-0.3673246818513114	-0.3579582363269176
-0.08044204911419328	-0.07509577300164333
-0.4327846640912636	-0.3185966958199767
-0.07137216134558066	-0.08679676838609632
-0.3888759091887888	-0.3896955566464548
-0.42676862276593575	-0.3864365113040182
-0.3576295705164121	-0.36040607468120023
-0.31236951969023785	-0.2966419052615212
-0.38863997984372567	-0.3815755118318665
-0.09243090031343115	-0.08835932210530469
-0.353124825241828	-0.3624183242779186
-0.2420286319065461	-0.24181871604000754
-0.20382661520782897	-0.2289351870487266
-0.0887246593770783	-0.10189487372409249
-0.07692132822267439	-0.08431072076689203
-0.3378472368385239	-0.34836445572754043
-0.46520814421723955	-0.4545336603513011
-0.5111930788612415	-0.522352583190816
-0.3946359901263854	-0.40109309538335736
-0.34498511042010804	-0.3229400320604298
-0.32375536583430886	-0.31681512472291995
-0.2277972665472099	-0.22994856182656784
-0.45478656573397913	-0.43697422624803933
-0.33348795083516336	-0.35081612766324316
-0.3731464526006967	-0.3662893992472055
-0.35332276454370337	-0.3213982801811386
-0.10235462266305007	-0.10720088976022729
-0.3127133020249424	-0.2875957296969699
-0.2951938636560918	-0.2724737070673848
-0.34877249730756077	-0.31265468968493015
-0.35893341609426344	-0.3687505374109881
-0.437234037314429	-0.4242864295834387
-0.3330284777698367	-0.3624609961241663
-0.28286592158061197	-0.26498690874611697
-0.5352874600681865	-0.5307862434663643
-0.22572662346943417	-0.28417851922127396
-0.2828658614313504	-0.2558796062526428
-0.3590676901127523	-0.3522012220193391
-0.41180570004899053	-0.40891579330576033
-0.2541592750340662	-0.24304932968596013
-0.170167738755719	-0.14723905840986318
-0.3731247200269756	-0.36340195208470755
-0.3021115807145929	-0.31219498907471793
-0.2672971461059106	-0.25699974189694436
-0.3378506489364774	-0.328108726548615
-0.3875221968354463	-0.3852200433424553
-0.2169060607520059	-0.21784933189716713
-0.39512696695678784	-0.3887534672553636
-0.365632285394188	-0.34659592777667225
-0.3515194067052896	-0.3306529164410109
-0.3299614684355827	-0.3373404968822694
-0.3349416235811873	-0.35248016603387217
-0.04856935530558282	-0.05425861297147519
-0.2562801536824857	-0.24805584576732184
-0.5451831770378224	-0.5380003852434628
-0.47054761551509827	-0.4767470716115213
-0.3681296612695544	-0.363377558561902
-0.09832257250644716	-0.09524010043581521
-0.3653538981477116	-0.3845111286631294
-0.2740816083022537	-0.28470207519624824
-0.3442070382299871	-0.3240801200972942
-0.31356934523881463	-0.3277727324640451
-0.18283429385362737	-0.18967193806071225
-0.29606980389953463	-0.3041204170120763
-0.3346500000386392	-0.3151916045726542
-0.5241227731250895	-0.5107334902274622
-0.311092508985066	-0.29930902089409445
-0.35671684200788434	-0.3183885969007858
-0.27806982969422656	-0.2744170737891918
-0.3992699570650178	-0.3785472455949387
-0.3959353307464468	-0.39320227700105825
-0.35308954204410625	-0.3638250328422713
-0.3079329930720167	-0.3243322900324412
-0.34009714660700574	-0.34183603978484134
-0.2596073773674199	-0.252481348767034
-0.46512751325768775	-0.4599175341926269
-0.45322291280692184	-0.46142437763222544
-0.2964494083328013	-0.29431626357611107
-0.24005419340353384	-0.22802123568612706
-0.194273075894154	-0.1480244332414993
-0.10981936674417092	-0.10949593551118028
-0.4172676652923588	-0.40776202083496765
-0.5193290711518301	-0.5281692112554667
-0.2280090218791937	-0.2544148163074527
-0.24064711719129406	-0.24547409313149982
-0.2483332332528736	-0.24230542898043125
-0.558437293163248	-0.5488397455129195
-0.5333219090947949	-0.5346540334110089
-0.2362891850769948	-0.2537986591249134
-0.36582315835825696	-0.2770236277345358
-0.336651849629483	-0.3270210562853353
-0.4259274130456614	-0.43163361699656844
-0.2868921038338783	-0.3685772575963163
-0.2780475742083883	-0.274949046301
-0.3569184500950193	-0.3605664706551987
-0.3583597363577802	-0.3382002893957066
-0.06184428407812703	-0.22537861687296273
-0.465980236623146	-0.46891450753549274
-0.41216615939950785	-0.4164287110602893
-0.2523515556989029	-0.21346224403078057
-0.3944781094132743	-0.393613118062717
-0.2655759984595072	-0.27337785249141866
-0.36839682828254894	-0.3910736766390801
-0.3323784842540487	-0.3349345291088381
-0.3833053565812765	-0.3383122660130118
-0.25240314783921036	-0.25305718936732063
-0.5175252771322789	-0.5125913242684482
-0.2621367767013716	-0.2715876052247994
-0.462716183835191	-0.50407911944804
-0.27060453731603573	-0.27596268215662556
-0.38615581518755704	-0.3675477917809232
-0.31281645853305307	-0.3031258543234151
-0.3347657779032893	-0.35823549189405063
-0.2788911623418304	-0.27957043109735347
-0.3595000115652578	-0.3646035391048502
-0.3326618807190922	-0.26780885586707104
-0.3173664204102522	-0.2457459933135087
-0.07310068769075251	-0.15862464830120515
-0.32243820669944867	-0.3050006734967595
-0.4480003510961197	-0.46190704226176904
-0.5301034999137251	-0.5333539007575748
-0.33592015676877196	-0.33102713580607585
-0.36583219534928624	-0.35182224215022856
-0.3910434596189081	-0.387347490863514
-0.2737406098904813	-0.29673548750393614
-0.2687863022954353	-0.26427627333543263
-0.5540225698251682	-0.5496606407734097
-0.4092348037736855	-0.40549349728551143
-0.3932810641185185	-0.39123930652317235
-0.2591233206007111	-0.26743494629115333
-0.312592336405924	-0.33378811974757533
-0.4004526702815241	-0.3856154450104718
-0.3006534915267913	-0.29496008161496284
-0.3248424760858981	-0.3247617417972021
-0.4544232890333575	-0.4486103051544933
-0.3738960483842533	-0.36065413058894086
-0.5011420044674928	-0.49356922260401576
-0.3713225822895865	-0.36213605545171124
-0.3927246004580809	-0.38474210489493044
-0.38216066412334904	-0.35802164172863354
-0.2780246613806412	-0.2438594596926388
-0.30342258962343926	-0.30091534767226563
-0.3174490504463865	-0.3106449329885068
-0.35362866323273323	-0.35021135750742777
-0.3089682044583846	-0.3221995083293473
-0.2880796769034184	-0.22936740982464282
-0.258555693735115	-0.2858415801428113
-0.2714804456684483	-0.2809213893230495
-0.24652922251703657	-0.24713671352938127
-0.246897396733063	-0.22650359580279159
-0.5348919099332932	-0.5389716717320017
-0.27917409879461275	-0.21336217602028562
-0.315985223471154	-0.27497309825284644
-0.525106958018192	-0.5247289398622295
-0.1396827441499191	-0.21512200629780107
-0.4040526149683821	-0.41052569012369433
-0.36015470787988235	-0.36880095729705775
-0.49383238608585245	-0.532805709559575
-0.08974693716690574	-0.2136079220803258
-0.2746460167566944	-0.29715525731074743
-0.3705610847997356	-0.376970321096732
-0.15418809340586037	-0.15932120846792217
-0.2295459250464873	-0.22514561718759485
-0.13287865448143776	-0.12706051185275122
-0.24824782579447913	-0.2578237754993092
-0.08326102149295522	-0.07817621618413029
-0.5382828787124403	-0.5435363073452577
-0.36515079902689607	-0.354725835782631
-0.5312252311851395	-0.5353070845137017
-0.33380136030917384	-0.3149532797107096
-0.5225558155445569	-0.5255199728445934
-0.5511071251902173	-0.5543267107227292
-0.46210798162541344	-0.5230027796997593
-0.3294508736405426	-0.3303126845468525
-0.3101744604097192	-0.3364103286592043
-0.5609999621968509	-0.5491388829352039
-0.2486335577171186	-0.26729908206252734
-0.3969125425101332	-0.3747535390230311
-0.37655359106351227	-0.38357280196522003
-0.24932261391973043	-0.25000153248311774
-0.2136893608080861	-0.2609804441618316
-0.39395738809304603	-0.3961789395238263
-0.32837746833907744	-0.32315655400416166
-0.33440005390026784	-0.3505135959029102
-0.36511350490914296	-0.3432682275971571
-0.3513315399307686	-0.3727571861410117
-0.22493887705297766	-0.2218590432422722
-0.3756943434381732	-0.37560022331083226
-0.24666742982322276	-0.2423049233684318
-0.11953757133445464	-0.1632673318173204
-0.39220465081803724	-0.39097411890406497
-0.3289848887069624	-0.3118199813686417
-0.3837310241107925	-0.388884710818474
-0.33349962958845936	-0.3197234311698523
-0.07894919589617189	-0.07562836646714508
-0.27146500437488896	-0.2637722814610648
-0.5301734988263789	-0.513275104328079
-0.29375650726329106	-0.28656397175762177
-0.3541102488843144	-0.3760536969108463
-0.26413425773611365	-0.2618123250831341
-0.28246461318918037	-0.24804155032544026
-0.4231025803164812	-0.4053297326818888
-0.1170757603496213	-0.1330159696421913
-0.33114001382986125	-0.2907015724215605
-0.27271319384106363	-0.2968840137234404
-0.293952685225765	-0.30964003804423235
-0.31445289009131905	-0.24790572824358675
-0.3725944527563243	-0.36790035431881096
-0.33676623621078505	-0.3368015532912165
-0.48517927578256703	-0.4977496040687849
-0.2426130158139479	-0.21926207704046957
-0.07925933840730437	-0.21925639548465906
-0.2325033460282846	-0.24204097813781403
-0.39064196204479984	-0.32925145495850383
-0.4505391825321574	-0.43832945145854496
-0.23892919528889855	-0.22184788965934812
-0.36473018421491865	-0.2865643894186893
-0.3714852782115834	-0.3685539018983138
-0.408313766996768	-0.4116356527742839
-0.3339344858100972	-0.3475086707727111
-0.38774001096983035	-0.3793418193987404
-0.32392853188845017	-0.33251065312962985
-0.22175439491675775	-0.16692818901726192
-0.5585813398410782	-0.5422994056981693
-0.5139608055248477	-0.5117516152831951
-0.36898812368509404	-0.35737781556257464
-0.40401312112984655	-0.40738492018873673
-0.32585287437605537	-0.302777369413046
-0.2300932411844041	-0.225162365464745
-0.26230579805293885	-0.27083921927913324
-0.43199846278914933	-0.40483721301535897
-0.5543349223200273	-0.5534664734992303
-0.2537865640433221	-0.2978022572579531
-0.3934265138879294	-0.3525676837713856
-0.2826902656132937	-0.3259898130008712
-0.4819614906050287	-0.49389220856744503
-0.46407059492502967	-0.41777209760921935
-0.3786587622141333	-0.3528840639174304
-0.39201315980310447	-0.4005161043295453
-0.34013321039813604	-0.3070273648340188
-0.4310879174750042	-0.43501010953307206
-0.3978058024200024	-0.11404569067752365
-0.35632885823152805	-0.3793639964162354
-0.3916604629103517	-0.3892925612197694
-0.22481935132695519	-0.25495013967495334
-0.39170908376456914	-0.3936247256899497
-0.2858775424394544	-0.2745710191118483
-0.21832487579906967	-0.1512021697545249
-0.41021423634200005	-0.40683310687744095
-0.14221976097009303	-0.14588552908538516
-0.24811370497591057	-0.2527020258369541
-0.25460242896531504	-0.25555258437280975
-0.36011246037825906	-0.30493740798421864
-0.22852841144560365	-0.21789097122813622
-0.41059958876334335	-0.41661245252270684
-0.31716210616424867	-0.2709262442475803
-0.45958358534895183	-0.4720400842997074
-0.52272948993072	-0.5217312595465222
-0.33447483735841743	-0.35715610798414066
-0.08455463209671521	-0.16216764410815337
-0.12388939101961505	-0.11023171055283651
-0.33928123240797703	-0.27810033911898574
-0.31654552563442095	-0.22762150468343983
-0.3416402907505329	-0.34754566010226673
-0.2897666864314292	-0.24433915035904716
-0.33173698475957636	-0.32947472003350586
-0.4264103159773214	-0.4132764892199956
-0.11333218799569877	-0.13136086457886112
-0.34086820388919215	-0.36476360444445266
-0.3859449684621392	-0.3849892273257438
-0.4030188413984046	-0.4149476588566865
-0.3567700229519204	-0.3081393879024075
-0.14808768542647854	-0.2220465090447651
-0.0816188805967002	-0.09248747995449211
-0.08554824075268286	-0.07300488553250473
-0.27826243187073985	-0.26454355729805584
-0.4816698016865679	-0.4848456666543039
-0.27921147888801556	-0.27499344886276944
-0.3673907393527358	-0.4059128272576129
-0.37791126919358575	-0.29758688479327716
-0.30333396723354866	-0.37649131226398164
-0.23629569329165356	-0.18088903468793277
-0.2761463994836717	-0.2533573020266898
-0.29648221782383644	-0.2534958452807923
-0.4414565897331926	-0.4551951801663475
-0.5393660278021599	-0.5387039619582624
-0.3964134947721316	-0.40398132843800694
-0.37490907834361664	-0.3646204957407805
-0.26744524075631304	-0.22666678690502412
-0.2676207936594128	-0.2863205022124013
-0.37097689320628113	-0.3666048187877179
-0.5542029380530415	-0.5486324413293281
-0.09785628896353415	-0.10079387452944127
-0.36703535750818617	-0.3564017258261213
-0.31376541259825075	-0.30609911666225725
