1558.768226217595	1557.6176680399155
1317.3819318582828	1318.3046341011866
1104.9246733817272	1108.7069389229785
1325.5050298319838	1325.137707769781
1186.9628837165365	1187.0029571936664
1456.4604265608068	1454.7175735838675
1488.2842503863212	1487.4130653943525
1432.526235329482	1433.2325168741224
1439.5020850775181	1443.6690402751508
1732.5754900317115	1733.531889342456
1459.4649615633534	1458.0860914684476
1135.251799477759	1134.01962574701
759.2983461618715	758.884405500247
1621.2248041944986	1620.9364352665114
1249.3792654644058	1247.3360668017424
1117.659946030646	1115.8841394399205
975.2982501070073	979.2393858033703
1277.3987567904987	1278.5422576048531
1003.6364477482566	1004.9982966861942
1221.3063505162136	1219.4959217610572
1108.192303126154	1107.9664679242835
1170.1092186246824	1166.9798423214884
1186.7875341690378	1182.7181394400789
1190.7283313780208	1191.4384664750394
1065.574029168347	1067.2364964672313
1541.3315259910305	1542.3825718594026
1283.1499599699164	1283.7020983446375
1115.7719185682363	1117.2870678996362
1359.009302769642	1358.432951100118
1507.879078996746	1506.2373863235634
1345.378852330905	1346.3784907038587
1548.2563023335824	1548.1830864757605
1461.4075387358316	1460.8519551721013
1374.3898822277552	1376.0970441758514
1501.2293227816117	1499.3936681587854
1232.3878866145387	1232.4178586919547
1423.497465943714	1423.6377367279576
1419.435956819274	1419.1659773802287
903.1854978467163	903.876072544009
1478.4754099122365	1484.1520037319494
1112.3410120811313	1112.2762949859934
1360.2421528881823	1358.9362018245417
1167.417837525456	1164.558515760373
1333.547074078524	1333.9957740673942
997.5890600154817	993.3933482164944
1277.4217769994284	1275.9672761605702
1549.6436863230774	1548.6916305114344
1021.8308272657159	1021.6717834024822
924.8105023803073	924.4176526236985
1368.0012266727863	1366.8697869881992
1504.6566445214557	1501.4211384595876
1498.5711029836966	1498.4580217116122
1368.713189784874	1367.5675287978518
1342.8191897358338	1339.8142836256652
801.8328306136536	799.3048655068742
1079.751753817167	1084.9039685317641
1083.838869080966	1084.550154699263
1116.621084817103	1113.5498937289194
1137.4815402585082	1141.5113123618464
1555.4502834445739	1555.8422855813149
1094.789092645282	1094.3758338103478
1229.502388662746	1229.1986003479833
1295.9455045883951	1297.4143818018686
959.7257939627452	958.8283755908951
1732.5441317782097	1731.6440015759006
1138.1405473553168	1142.8976821909655
1004.4984258773911	1005.7298905494629
1145.1486301297555	1150.596536825539
1335.6094611270528	1336.9828777653838
1096.72068008699	1095.9890742411121
896.7554349042475	884.2886003274511
1370.2686745963874	1370.3140666945849
1587.1995536591276	1587.26005014531
964.462251748424	967.237872540012
1372.6967093542917	1371.363183089448
1338.636341608304	1338.895439418113
1394.3816248485527	1394.5931600752774
1221.9265787656477	1221.724240734919
1131.9332853890373	1135.2149198164639
1562.3011609299865	1564.2685259509835
1242.9475927110761	1242.4455402848644
1017.6712063119921	1023.4326143736756
1575.5067764176056	1574.969456137499
1130.9860511102015	1123.031581544471
1095.281449485541	1093.8904387431473
1665.3216153689718	1664.275290055013
1244.5638483004295	1239.9541079830046
1194.3996618105448	1194.841151511671
1425.4647140622837	1425.4622442362113
1722.0562244835892	1722.4256741591878
1509.1677771185641	1507.5339102623893
1559.4230340053618	1559.4132836947438
1132.9631400747166	1130.321993098338
1344.3615045785555	1345.7829717737231
1314.65268303224	1315.252350471616
1006.2214841795794	1005.9853740261481
1306.4152549718274	1304.970003974972
1148.9425725027104	1149.8480248792125
1585.4847738757962	1583.3894109822875
941.3127155973634	937.8110809859533
886.6865482412395	884.8875131172023
854.5590800947102	853.6854762918753
1085.2736719546083	1084.060543907777
1195.1161580628832	1194.1533572132837
1227.2000165082864	1221.4824066724796
1297.600764684088	1295.784288781236
1386.6279618857952	1385.9846275145853
1463.6298544360034	1462.1242958470789
1252.5800539720221	1240.7524619283804
1296.6950592388166	1298.1476839575862
1342.3687047712447	1341.9197389449423
1006.1409914117248	1006.2985559691697
1518.012520739343	1516.0172438887503
1270.2215118476888	1270.2885260116525
1484.8007292034454	1486.0735315778275
1374.2655684701167	1374.0801976913247
1337.5156519142329	1339.5182053381136
1156.8093962282874	1157.130106165298
1645.312602744496	1646.5488100340162
697.9317556928145	696.0185471905468
1220.4937337769952	1221.743126451568
1597.1839929912821	1596.9926782809655
722.030797119427	719.2764382531433
1538.6710669201857	1536.3875296705114
1555.9290301430156	1554.1086530442951
1198.2532216450782	1198.4844296890176
1561.0621287418471	1559.7097110906006
1427.7266710237018	1426.2012815386452
1015.6564629168133	1011.5696680544454
1397.664158501837	1397.882168836621
1453.9002606770664	1454.8307616049035
1390.6254609982425	1392.0718456305533
1212.6202271401417	1211.2304874073218
1452.3295630538196	1453.178734702063
1333.8603779672412	1333.3335054667841
1649.5029233198438	1649.7553692677832
1294.605220934929	1294.4825752115728
1134.9991017319844	1133.6880324925066
1327.1827907789557	1325.357763079222
1167.772924540419	1167.2067255805832
1042.6047377416398	1045.0598256870633
1467.8477574062708	1465.0695665534115
1291.301146810758	1291.6394125593506
1386.7652988056361	1385.8854165657035
1084.6027102121734	1089.875802845975
1503.4949958307552	1504.4957149667816
1515.765301282605	1514.3342513184887
1209.8462370726047	1207.886693568482
1383.3365521949017	1383.193936927327
1340.8748706712213	1342.194930674813
1249.9408283787197	1252.3546672358839
1062.9644215347653	1067.802809749149
1151.5960814931896	1152.6946312171062
1477.4367739242152	1477.3662989212194
1373.0371855443227	1374.1255857194599
1326.4851302301104	1325.687226139752
1547.1264471576724	1546.7691555967713
1116.4789381353476	1119.692870769792
1073.051130986947	1074.387121660409
1373.7184901433357	1376.8288723885898
884.5063425006811	884.7975678401067
1104.4223813510616	1104.5452303863099
1314.8664790159673	1312.9051123474512
1439.7865883010381	1440.174996616287
1273.9191053227696	1273.6946626540064
1340.8562789405987	1340.778504331157
1543.2503845603205	1543.584742198961
1573.911271137069	1574.5389000802725
1487.925346685195	1489.143310603926
1109.379770805681	1112.622078572977
1426.2804091271246	1425.4757869147584
1447.8767554615042	1447.4292411643278
878.6497788418783	875.6457543946873
1241.4425881120842	1243.2351760835984
1158.481392226735	1158.1394580967553
1338.4595407653833	1339.4170187155948
1597.8534050075395	1597.8593351107984
1041.1222687916597	1040.5266502185787
805.240982688847	799.8723919275656
1172.5244050420588	1172.4879515151863
1029.6248088321881	1029.1428881183938
1049.007356261398	1049.0376878383959
1404.6674307682842	1403.6863524066891
1478.1288874326274	1477.4545814066169
1308.5239338464453	1308.7593131302706
1266.8451220687712	1266.5618001225043
843.1645849430352	848.043207239911
1133.1388847299386	1132.7909687780882
1268.8065125958528	1268.2620218762718
1309.0596452800382	1309.0553997215645
1476.9195006116643	1477.4307207020936
1058.6005168268748	1064.285504887526
1491.859420430672	1491.097418115722
1270.1373354375537	1268.5794171264026
1513.526535833982	1514.5246906282189
1374.6249527197797	1375.589380640467
1099.5974417213583	1098.7363119797499
1174.1063338740496	1174.967284089031
1433.631870094483	1427.9059945332538
1387.2877120580233	1389.046222857638
1188.0875929470349	1184.5868576077194
1263.8402954897902	1264.380434211111
1601.9621457301546	1601.4572000437965
989.6409427446488	993.7898963964985
814.4344029892382	814.2342016369084
1352.0670739898633	1352.0484270918723
889.2154046147189	894.5730473715826
1439.9146375021955	1440.3161236885985
1471.1155566751258	1471.6886813075132
1620.1920287127432	1620.9081746572997
1594.8668401407776	1594.1378362567957
1200.3021490300016	1200.0643461687605
1385.1448492913332	1383.3573362721786
1386.3245482151106	1385.799174406935
1433.1094049052044	1434.324273164713
1121.464679413475	1123.0443780672626
1088.958717726142	1088.2616320226564
874.1913950182789	873.0692608974284
1301.6629590983212	1304.4054231942894
1080.687878364668	1079.2947136867251
1171.6770480758278	1172.975385787793
1315.4203987055807	1318.6074565106364
1013.3434388327587	1012.9878665895855
1052.2502227389487	1060.617371901774
1188.7591139186407	1189.0021935274215
809.9669485404156	827.2327522763472
1321.7670467389398	1323.022498625683
1298.9548122297856	1297.7256536240075
1524.679681767564	1525.3802391617912
1563.0337325924775	1563.6158238030869
1274.0791085740493	1273.112898787609
1245.2576640754996	1248.6016613099496
1168.6781252148503	1167.8921698900888
1126.006328147254	1128.003634706364
1268.085558479681	1272.3232501697198
1311.4457433515054	1312.0098032841743
878.1209135689278	878.55180546156
1145.7076968217443	1145.010319937308
1525.4190094452933	1527.0612453733438
1376.8456525483343	1374.1463109619683
1281.374397863925	1281.4217430893952
1460.1195680017117	1458.8444566675157
1414.3563418452977	1414.141451632813
1302.658482555271	1303.5626528919838
1478.5610869875236	1478.6113612513288
1428.5402690488845	1429.0358083363606
1093.127586840943	1090.0884127973336
1267.8795417615038	1265.584030090286
903.1311072325916	904.1985562510085
1632.9276483405265	1633.0253521692491
1544.651058636984	1545.2403151955016
920.9873175257817	923.2322770014321
1186.5396518144698	1186.9416630761095
987.7903793879668	976.2470227861003
1275.3200064921984	1274.252770817717
1424.7611241378763	1424.327784380619
1344.7502415916824	1343.152649666066
1338.3825317350565	1336.357246651656
1336.9928715486894	1336.5325373924397
1058.013901600003	1062.144714767977
1317.362563814997	1312.37635985985
719.7175420906569	718.5293841411899
1516.4438908817538	1517.0500644682706
1146.445388742286	1145.9156012815106
1517.6995692517376	1516.7418484161237
987.7006619641033	982.9945508371718
1166.2552055127744	1165.6281263438298
1141.0870767104498	1141.3937510541355
1033.1549561182328	1034.2447170134917
976.0589432015549	973.7258692254163
1627.418284489686	1628.0871151070419
1239.103492540773	1239.1252551748362
1141.0046745554137	1142.5832202262498
1234.9828820020775	1228.7804516655035
1181.5232506104512	1179.963476263742
783.2143161125277	782.5801821475411
1531.0961030220205	1528.7993322747063
1616.1076615647762	1615.4398483469101
884.0017855205806	882.1004301751902
1091.294401987252	1094.9660851699193
1280.879601370456	1280.6520009704898
1217.809704222018	1218.6018295174658
1057.837859860767	1056.7787834335543
1517.7079499480606	1519.6960530428112
1092.4441098778916	1099.6989093035118
1626.8699401826307	1626.5436693267345
1106.851440497092	1105.235951823192
1619.7171795635077	1620.9731351729868
1342.5404145978973	1341.5732434334157
1282.789517099387	1280.2642410933283
1036.0077756317332	1044.0170718321854
1475.6542299651774	1474.2300779690222
1191.7326479413605	1193.1021440961301
1137.10539786375	1134.7371180711448
1050.7810743893206	1053.2494381609276
1263.6935196737468	1262.857960715674
1415.4557689508656	1415.3091686522037
1332.8919181202364	1334.963285173709
941.4208131294872	941.092059365568
1520.7373779169866	1518.8527971740352
1325.244685865473	1325.5569722797318
1410.2270392332575	1409.9590266405805
1346.4052223041363	1348.5090869082333
313.095737904674	315.02351425689557
1342.913544762705	1344.2492802718118
942.3188368151023	942.5135028962667
1306.2039389125712	1301.9800561238503
1378.1640218637767	1379.1132547159923
1159.1056767501286	1157.5123836893783
1032.7120199435158	1034.273782894933
1348.7428923204716	1348.8539000028968
1192.582038615481	1189.3066583596121
1285.726948197931	1286.7307098954905
1425.9639882846677	1428.010120792739
1165.8508194376482	1170.7954601860833
1442.385832206026	1442.4733561817093
1333.503588216874	1334.1557390060696
1252.8104254062055	1252.4991749246299
1262.2946110966732	1260.518951294181
1634.3156582351075	1634.8379340167144
574.332391329488	575.1379478923334
1630.4784733658307	1630.530111037595
1013.8781179818325	1005.843711222215
1352.509886866028	1352.9664587072934
1115.1081945533224	1117.8920486922173
1131.9103073561855	1126.80578626316
1209.4139445275941	1211.2191471019898
1201.0111043733486	1201.216805623005
1048.0228927987337	1047.9503926910638
1734.2988086401892	1734.2054166372513
1733.827451589692	1732.0753429741305
1505.0432773410867	1506.8477433540893
1338.6053416068607	1341.3717596308688
1108.5843505552039	1109.4327319772465
1131.8732629051374	1132.6370055561497
1516.6349927166011	1516.7580353243086
1307.8085119326133	1304.9528664235575
1517.0674257994106	1516.353251765565
1308.9709722952975	1308.3882197755706
1021.7645623534918	1024.3767365184522
1172.9578612897021	1171.3078729808476
1157.003928191174	1157.3867386471711
1320.7600507150928	1321.2571002450004
1637.3138535160106	1636.0032807167786
1348.0589843510534	1348.5816234500926
1392.3645490841009	1391.1849152724865
1538.572087472945	1539.3645361515498
1286.8160038233036	1285.8276337243992
850.1753952207218	848.0481465594281
1338.3436757928284	1333.783338336177
1287.8818413135596	1284.753699805038
1317.9681736747443	1319.4058659083892
1157.3758437922806	1159.206511687186
1470.6343901226355	1469.9803412801382
1155.390052080009	1156.684566732654
1499.7069218988472	1500.7176605494874
989.5273564578092	994.2761374149536
1016.2745714605262	1021.0896144480599
1494.9390952759713	1494.6941486182059
1004.0085100065917	1005.4697848396505
968.0956978493487	972.148196072849
1551.0998299772327	1551.3787660353778
1323.8400372534816	1322.201391772177
1443.4825666297693	1444.6390110135837
1045.8403847735608	1046.6329452928444
1091.0576946643414	1090.4285589332608
1454.5315514744725	1455.1698915281943
1651.376940898219	1652.8156975067247
1580.1176721273805	1578.3286272386847
1362.619803466223	1362.2003542367077
1405.069304512639	1403.359894991311
1330.6542700381833	1330.9522190151245
1247.9137313005049	1246.8397022096094
1270.4999312988657	1270.043714928698
1183.0883338213316	1178.952837544324
1224.7049407325103	1226.4273649669685
967.182814539352	967.5724899100915
1329.231987833191	1329.636626893374
1010.3486230160343	1008.5743652366788
1454.8409985297185	1451.6916447306105
1120.4913364462554	1122.6385113709234
1495.1117945459555	1495.6712962672154
1239.6685975750152	1240.3141142104703
1113.8556390886952	1109.4448845151155
1231.263072863745	1230.046408889869
1174.9740623183025	1172.5344123515404
1230.8670924479957	1230.483269580405
1245.3535384811985	1242.2689951341583
1065.1119455976586	1065.3079061247138
126.95108544333198	129.65985633842104
1632.036430966953	1631.0699579325496
1242.3102178408299	1240.904134530548
908.858364284999	906.5391202105988
1455.7275305454677	1456.466546777611
1392.6732181748957	1392.347176671587
1095.0741166239604	1102.829950250248
1447.0155063128623	1447.5493156491152
1455.762635423569	1453.2501318160807
1160.6125679743418	1156.117093914304
955.5023872316233	960.0346057871842
1331.9101074341743	1330.6031508307997
1325.478827298968	1323.5223599930425
1577.6088902319898	1577.7871926109963
1306.348040426179	1309.105083028305
1145.4399800832907	1144.0456888230851
1276.0337481358147	1277.3759735855501
1146.1276429803693	1145.2751029493174
1619.5208331432368	1619.3250568472354
483.0759866333683	473.9138124935132
1107.6339451788226	1105.3921221305068
1114.2222206257284	1113.6001086870726
1246.0008010428865	1245.0445115233026
954.3700848009903	952.2494577929235
1104.6861843762745	1100.7700790459987
1092.5219355695008	1095.6172631071563
992.2603343270603	991.1047667864611
1282.7805769411789	1283.8250596137366
1362.169712960167	1361.0655311452763
1514.8999155955971	1516.436755507888
1361.4686177873518	1361.7402982682465
1317.2154124566587	1315.0133376171946
829.7733147902181	838.7224170033073
1395.7012240393087	1396.7538071477138
1203.824466596241	1205.9915461447308
1301.5900584585033	1302.0498547444922
1159.2800456561963	1160.1043702136733
1201.846151299018	1202.6930421678896
1015.7034248259151	1015.0725943367053
1299.3107114124286	1300.4619717835856
1237.7273061703308	1236.3993510183097
987.7967770323739	987.8534777776003
1478.9671911214245	1477.626801379776
1510.984308963205	1510.9313820578682
1486.2410019363742	1486.3630860587805
1284.5514609778766	1288.8570634806551
1350.8948245798529	1349.2707925658892
1610.365324080718	1608.2220372803095
1461.1118524360645	1459.8656222107925
1373.173080839828	1375.9828936204049
1190.584013157204	1190.6471041127004
1411.0340896827402	1410.1857621705144
1158.2423969249066	1157.699079298
1344.8466543812247	1344.1186809268775
1538.96883841214	1538.548536644067
1174.7819792016817	1172.7356746809273
1189.4810693069885	1188.3488402204657
1180.1724117306876	1179.5340874015112
878.6106367854227	877.3622822176401
1225.1235500771436	1226.3971414617426
1341.9473000372527	1339.4027292877688
1284.562877251883	1283.974583156614
1313.050887112564	1309.2184948811416
1609.7073599227879	1621.4159884075957
1081.8100449561025	1081.666321397278
1284.7492058752687	1284.7050532587784
1097.4928761766641	1096.0454310055638
1195.1545700443676	1195.9038502961218
902.5563071698416	903.0744490133978
1113.5365856811404	1114.4842143861565
1242.2846949237573	1243.6850836635547
1279.675752778654	1280.3180435217466
1155.775668974733	1157.4843197822756
1186.4820252487843	1185.7580719515647
1211.7364816450863	1211.8788230721989
1288.7578450330475	1289.1845358449607
1481.8661347200687	1480.267709615478
1341.0911364081549	1341.7210834134992
1295.521546273725	1295.861347714876
471.6532875928824	468.99642825237015
1021.5309830656042	1022.7449450241459
1353.2896484066732	1354.7981611090254
1143.3046906400705	1144.1217383038947
1485.2376830411959	1483.5442175687842
1352.9927228101005	1350.9929712339624
1251.3923197895347	1252.659461655179
1736.1581506003276	1735.9553391341758
1460.839838360349	1462.4047214547656
1078.2415686913882	1076.705461391857
1454.7722597879474	1456.2917221010375
1103.137518061878	1104.0810874928786
1497.3067256213399	1497.88850393896
1372.420682411088	1371.5286736806338
1214.8231283600326	1215.5665015195011
1614.88030980053	1614.8434035423866
1491.720632560784	1491.1058912947035
1362.3198359407834	1362.3468672257504
1406.3675909490848	1406.4213274438412
1142.688043202419	1138.743515612482
1580.4232760005689	1578.129529322641
1455.8684323571215	1456.1481345511313
1197.2150247617392	1203.314794060714
1480.1054931871477	1479.9088494688776
902.6563766183972	898.1314755778511
1169.632389656559	1171.1822996140552
1068.642449910054	1066.056771510446
1339.112562669441	1338.4378552416151
1294.7986280492914	1291.612865748405
1126.1118601194466	1125.9862821513207
1113.8860569382668	1113.9919504746438
1228.171079649066	1229.0699197878812
1327.5299918252858	1329.5411756044539
1387.6091993029695	1384.659761829234
1084.889792812086	1080.8527365973048
1517.017698083131	1517.5608616518023
1089.9342657033703	1090.1009509633977
1023.6818204943556	1025.11571507603
1292.1703753810143	1294.344136940455
1557.7953651430435	1558.4407643156817
1095.9085251524812	1094.7424633644378
1368.112040611537	1372.7729637777968
1125.1765590111318	1124.5915555626357
1075.3142662757018	1075.0534380956842
1322.337699995056	1321.1471619999002
1203.4026865058986	1201.3789481122467
958.7426767727884	957.4433656830216
1229.4570111839275	1226.8581176175787
1635.4633960266074	1635.6323764050883
1018.4291403311654	1014.3785723827909
1182.576711190428	1183.7219317746885
1233.9238434055296	1235.3926058018478
913.3864140683145	912.6373041916634
1113.10724775173	1109.1261945327442
708.1083282406471	705.5818499624085
1035.7089236181346	1037.5984382391778
1201.5847641809669	1201.008308249472
1230.758301793161	1234.0498393193297
1336.8798611137026	1337.1596985356682
982.981204757758	983.3801154457997
1077.0978402993933	1078.9942007789678
1077.7237518123002	1078.9236017401197
1272.4729028247239	1271.9612814745494
1272.3889147761802	1271.2848841284656
1051.3892104791012	1050.903429482959
1573.9315158102836	1574.715032852155
1255.2036079693644	1254.0696826565086
1576.648038821586	1575.3509263052038
1255.6766070423764	1255.887339920688
1075.8871134250658	1076.1230777543246
1309.3150394571421	1312.6312422392148
1221.89035076258	1219.423501235422
1063.7149132722989	1064.0423528930855
1457.0891870435444	1457.1432877056802
1312.148279966088	1313.821519499028
1243.6941122162098	1239.1137281869114
1202.249071014201	1204.347712753526
989.8746798302454	987.439049892417
880.104956893716	875.9280288371104
1395.9232964444382	1395.3262700220325
1563.698582223442	1564.8306333521066
1630.5715682690206	1630.0997644996214
1265.8343716363015	1265.297608548701
1083.6961188897258	1083.2191362165904
1465.19425959012	1464.9234559939148
1339.9961568530998	1341.205696857201
1508.9870932834456	1507.4566658104839
956.4737036694714	956.7468325944092
759.2998298539896	760.1811818633315
1099.0728738272446	1098.026179796463
950.8205114117882	948.9377780088466
1234.2954090980347	1237.2655654550197
1462.1905876111705	1463.701712403689
1623.3299974488327	1624.507743729487
1167.4630651166663	1167.333858307963
1073.9480793417024	1071.2557884951752
1153.8744660065859	1154.232636723878
1087.592522525345	1089.358205377758
1501.9343021357781	1504.3912922255488
1273.2867477885738	1278.1241560116187
1581.067376556719	1582.8800161670047
1295.3226984694193	1295.0818549552735
997.9530396787741	999.2989474249105
1277.0705863981857	1277.5997705247078
704.5928936224227	703.2459569262238
1403.338568754145	1403.1654901502723
958.1718788847793	958.1058056097386
943.7808145676972	943.549432467625
1205.491596205131	1205.4230036374938
1183.1140693489288	1181.2804611465435
975.2440661978326	977.7435494536977
1043.0711318023968	1041.353960532377
1385.3277576257824	1383.9843819489531
972.5175666494179	971.5393023159115
1307.3927405666036	1305.2805360715647
1324.7982013319852	1325.1056401293372
988.124082543829	986.8319569555861
1145.830243089964	1145.4383294254662
1202.308288048138	1205.2535338846742
1394.588075154723	1394.0005937472288
1355.1567983521963	1355.0086697385411
1185.1375992197136	1186.685747823688
1068.6145494646917	1067.926026327203
1207.3648662721098	1208.6559256792743
1338.8857818638498	1338.3104481841997
1363.1808527491812	1361.1791074051882
1130.333098698029	1128.0275903528868
1164.8177577751048	1164.1918716588175
1525.8470654134871	1526.0446890842015
1249.712825686991	1250.4655062886588
1357.963583144301	1359.1448908484451
1008.6669079667481	1010.0251997734321
787.5135424244363	786.1058926203359
1212.6439957349503	1212.5145255463692
1306.6845280686684	1303.458158023554
1257.181443983136	1258.1283769881836
1526.283275568945	1525.6344999294288
1250.895960918686	1251.5264884629935
1284.2895694421022	1287.4411195852074
1423.2451909958036	1421.7852550044036
1033.2491330983466	1026.3577655917024
1726.1470909136988	1727.3598499121213
1429.085254945443	1426.4483591609644
864.2033079334069	863.5193566148927
878.7575787648675	879.539943189197
1315.6038113191607	1315.5959884288889
1163.3190977405757	1162.2886766083782
1151.404220690456	1153.7059038361028
1340.2659514667466	1341.7404309312262
1002.2427086981479	1000.3108120698698
1570.4785259806376	1577.8687845660525
1191.6437287202862	1189.3134529886513
1321.3047591679497	1323.429119082508
1349.6393651905819	1347.4580711313222
1259.944763934589	1264.1494745677103
1033.436978053418	1030.2602313008383
852.2202928202751	853.3685691021602
1360.8288543656236	1360.7757345121984
993.8072877213708	994.8566343126378
1145.9013097345305	1147.6082915209713
1548.7496630265669	1549.23734898128
1393.504351116746	1391.5186585208996
1614.6158865357866	1613.3517173992318
1369.9106679628312	1372.0600863461214
1619.259405430028	1618.7257678579697
1511.7891028619197	1512.7522881462085
785.5383248891012	785.1475796597914
1035.5432983361534	1038.1678447039906
1271.4754939479462	1272.928890289002
1258.483414426475	1260.654645652132
1522.8597095611913	1524.807173533003
1492.3541278690973	1489.4901768937382
1442.6900686875742	1443.5664868395545
1265.317349091405	1267.4487940451688
1359.1788608969946	1353.7723891968405
1397.6703617836465	1397.3227888317606
1327.6739911475743	1329.824800870911
1313.447227375931	1314.1738031221585
1119.3328810536768	1120.3919552318448
1631.0107590116677	1631.7745393723221
1032.3857157761522	1033.869180592927
1311.3688707847032	1308.1792103090818
1139.2402718924277	1137.5579889346263
1103.2093716324598	1107.1719455583452
1224.5114250687766	1223.1048143203307
1456.9469617439026	1454.7250906199642
1111.3894425945473	1111.5943661895794
1260.0828327089257	1261.0355988817114
1385.6445302320644	1385.4696646931905
926.3018164109963	925.2487733608424
1369.1188475629606	1368.926096073951
1065.2049087258638	1062.8602018500212
1391.7489395977173	1391.609491278936
1339.7681729499018	1338.935494942496
1334.5711891797837	1333.7970470562013
1040.317283797689	1041.7729151520211
947.008415608725	946.5158269963787
1222.1429335334979	1221.6323646519713
1167.787872898596	1165.2501348356348
1320.5323145221919	1321.2414743728903
1424.8943657917262	1425.8300415576555
994.1506977067038	992.957590431948
1132.8009135000175	1135.5145801037697
1169.999853455054	1172.596918524334
1478.9386618499702	1478.1534128719534
1293.854654102499	1294.3746940399894
1457.8799203927047	1453.7914517867753
1560.722432418639	1561.0999155045547
1362.7234710137418	1362.7652466598377
1466.9116838193731	1468.2145262286097
1256.8810938840033	1256.9164203408905
1371.373319845763	1371.9292829254905
961.8630528145004	967.5226630026302
1236.8562194958213	1236.732303411222
1683.1705283788033	1683.7480364118067
1739.9495648741722	1739.5200842096554
1107.7497277363436	1105.4676105300848
1079.1063712649047	1078.5607511781272
1010.6007154015242	1011.3931994786835
1646.3721985153097	1645.668083289972
1339.1466507777805	1339.979169886543
1107.6560414692503	1109.3519788959445
1417.3643739174586	1415.6728949143965
1208.0865044140373	1203.7824093731808
1159.2405451331288	1157.4835969231403
1350.5678600786196	1349.9256696012578
1207.9313041676069	1207.1764967894603
1128.2909035151824	1127.9724733286853
1128.4077120674774	1124.757371572716
1446.7805376110773	1443.8978540933108
1268.3563571742852	1268.271193816811
1148.598490431934	1151.0569015993005
1619.682099603553	1617.4832143282506
1840.6283759250073	1841.0812507025942
1376.1380502096144	1378.1042835074397
1440.4196298955649	1439.7632067034922
1363.3250151659304	1362.105167216792
1428.5148821203911	1429.036401213987
1253.4424215851177	1254.6348359671993
1495.9687564307533	1496.121140228512
1152.4658540235832	1154.4131073773779
999.0691513033526	996.8006124268779
1252.3175296085246	1249.4316995252173
1199.6963793384202	1201.0149353767924
1435.1612212725158	1434.30298905087
1248.566592048679	1246.582083226363
1759.9863149736775	1759.1431334995843
1130.2695815969491	1130.4473994044267
1400.0532303240325	1399.9001244270416
1071.1943205755379	1071.748737809303
1401.9779850121122	1401.0369972271312
1716.3412876457733	1718.9245855929878
1243.518636300665	1242.7105384597116
1464.1943621578102	1464.243282678436
1511.1162897815811	1511.4381025030057
1383.6530551502365	1381.8183156928992
1365.8220346716407	1366.396126710545
1458.0326087508292	1461.910007361764
1319.336869634164	1318.561902331583
1098.1386395959125	1093.338694566798
1509.6492963671917	1510.9200657094843
1586.608472871565	1585.2768730151327
1309.2155313447292	1309.5906653814022
1058.6458448540652	1059.646712446562
1328.0315320941154	1327.8411311252767
1263.437307085056	1264.4555135568673
1177.365386306803	1176.5006549632553
1663.5563834491186	1664.0482143655436
408.8500689908542	401.75074784819464
1108.0740842921077	1110.0245322777498
1021.6066033043899	1022.8379104260628
1060.2835974288173	1060.1512782500931
1057.5728582309093	1057.2602527490167
1334.2879147389322	1333.501034479638
683.7291469574411	683.3810122796493
1154.5325060543837	1155.0909007526213
1176.1592227747606	1177.7087490464255
1048.6816887359018	1048.7569799572057
1055.0288655992772	1048.564384532128
1012.9847318484972	1011.2814826743306
1378.657133218163	1378.1948461055958
1404.181180842861	1405.3513205714214
1008.4939961752389	1003.8365772723315
1354.5932095016178	1352.0988927648652
1111.1277622445195	1109.3807389436117
1015.8750882242457	1016.5056154066571
1348.2987630394928	1347.208182497735
1231.606537924934	1233.4141584532667
1211.130604255828	1209.4049706724097
1083.8861457376624	1084.182337008835
892.9330312846287	895.1125137719099
1250.020599391166	1247.7358339113475
1131.9123916741519	1134.5153305457238
815.7086518975702	818.005780876485
1125.335575054225	1126.405351077405
1152.3558594479691	1156.6062623984114
1407.251341013034	1404.7506807384277
1263.0828508196282	1261.2243705406386
990.8780910161731	989.0936393619211
1265.1510306117416	1257.6824326828541
1316.6251458140032	1318.849914157559
1744.051612547657	1744.0457935424333
1436.3979301490763	1436.527836644013
1245.3175332113751	1249.5687679974326
1629.0959715614154	1629.1967266854833
982.5910908496007	987.2687941177797
1733.6073761397274	1734.138916551358
1582.9807015617553	1586.747597890933
1042.64429186497	1041.4757972331272
1296.6235788540216	1295.2344212823539
1018.5743138844555	1018.1264981326763
1451.5888084683975	1451.2331158790337
1018.2827545183827	1018.7514374503443
1123.69748357145	1126.705159651981
1734.69636323725	1734.6543522165439
1152.448295561917	1154.1438620113731
1280.4491781276884	1282.7693118848738
1071.4820699260163	1073.1014707637744
1340.5109237926663	1340.763105757157
1317.0640094394912	1317.9995673616843
1205.192369006807	1207.0795671322458
1155.413594274898	1155.0646151619824
947.2247041118972	943.8688722539059
1032.060539125203	1029.3544276983582
1127.7957123253727	1138.2512524786437
1312.6885262082214	1312.0271543812532
1094.640819137363	1100.5255285858514
1652.61954079743	1653.7385987817574
1392.7124738195853	1397.6729321293617
1208.837998412433	1211.9012616204702
1030.7084351411613	1033.3358678936263
1341.0640799169196	1339.026550970387
1429.6868144289183	1431.2788104313258
1474.4505628542101	1474.8534333829484
1330.399030619068	1331.055877920729
1095.8294390899828	1098.6654635492175
1435.9800129437062	1433.9557048552042
1148.7267190715065	1144.460792029641
1283.6950191914511	1283.8767651286262
1203.2979028221162	1203.5293414751227
1327.405939479795	1325.5415077562768
1192.3204442159913	1190.8653634114207
1086.4802614294458	1092.0422224720614
1173.6908283785451	1174.5007075962014
1529.1916027412808	1528.8969149075263
1327.6136985762278	1327.35534032096
1088.2006943537563	1089.2381413746905
1454.8861976455082	1455.6284001392876
884.3382888142078	884.6673787255735
891.5717179013882	892.430989994862
1092.604232112004	1092.1641503957585
1395.7044634344638	1394.0693404395595
1027.9309953034099	1028.686893202897
1075.9039785607602	1075.7963075256666
1547.2337384572602	1545.5914790377115
1313.9311221576645	1315.0824567199256
1235.0331541018677	1234.9705477714042
1300.1139806441497	1299.76575819768
1427.6916682303126	1427.6349325266353
1312.9267302638036	1311.8466518758473
1456.6507998699963	1455.7290792945557
974.4758852025843	972.4981132731001
1236.1906143499655	1237.6947768080931
1265.549706561258	1264.589055099291
961.2163030276424	959.6585658463283
927.6626507951005	927.0841453537208
1286.2317088526906	1285.2387777513318
1078.344185298658	1081.0960870852448
1460.4992923484533	1460.1999305477525
989.789097035391	989.3923802806988
1346.5475413308304	1345.867051191698
1377.9794096361438	1378.4748038449359
1331.0662766376918	1331.1583025835387
938.3437545903143	941.7853925189152
1510.25618037596	1512.3219138874433
1081.391957462096	1079.5151335565608
1146.264454661985	1149.2122678979738
1385.9385037973116	1386.2791711705877
1672.8453088199894	1672.2631349842186
1247.8329403501994	1279.6380386402213
1428.0360516274814	1428.1017929620693
801.6717322338081	799.415329718005
1361.4411112378293	1363.518385451046
1143.700070501829	1142.2686273464005
1212.7217764950474	1212.4867873583357
973.349624211929	975.2928970485465
1408.1428370108188	1410.6860904120506
1253.7653748428565	1252.3245125614967
1147.1642302764812	1149.2505785726098
975.014236487681	971.682025240811
958.939387434395	956.9190297102058
1327.8670682540396	1327.6427605812935
1545.2507458917971	1544.7449277506728
1012.2586623311508	1014.9788535279528
1316.6399017864023	1318.1284048887608
1138.3921728277055	1135.707318108524
1132.1429751133255	1133.360090502346
1221.4366348423646	1220.4549314302567
1275.3941839722684	1275.4466021566584
859.2528410668892	860.131862269595
1208.289069831837	1209.3071642863788
1340.1993078550731	1340.013914861583
1627.4555888501927	1627.3344903042391
1552.71013818754	1552.118551458316
1443.1999851529836	1444.4382621835252
1562.7871589999122	1563.302291516254
1164.1045724088326	1164.141250522362
1164.7957212846377	1165.7076280355213
1462.370579923445	1460.2960675047636
1270.5611348275852	1270.8693597751214
1194.0702821091982	1197.3080534346484
1075.0377636380726	1075.5935824809
1170.447855502367	1168.894705390759
1318.5629335520207	1322.2130759285596
1014.5263261658838	1016.7085521841036
1174.6224169452325	1175.932860290358
1245.883633413352	1245.2830283448234
994.0418868144043	992.1895860917733
1536.164981568203	1536.6533506414858
913.0136143693817	912.0628001864932
1239.1749154367717	1240.4577207278512
1178.5925344132993	1178.842194786917
1494.643036052672	1494.8403605206395
1278.9347489677893	1277.7611968859762
1365.302442831482	1366.670967788944
1462.9905749720929	1461.300061791974
1182.4273619009764	1181.0612738426987
1439.703800676798	1438.7902324470465
1140.4756521171075	1137.6537986045573
1385.4394635095668	1384.9136129815813
1083.1942520263256	1082.174031992382
1283.2392408733722	1285.4531109698357
1155.1036279629043	1153.4033720964956
1397.8398036569415	1396.573130530335
1249.5162279642245	1249.7308071189495
975.6697485631448	972.3681421965232
1504.3847169073415	1504.6972096379218
792.3384414768079	792.4108813116368
1647.6197801441594	1650.568302781466
1279.8844798606588	1280.8051275545643
1056.1901684741024	1053.6404349399459
1057.1103717279912	1061.6794249383256
1046.8691651655536	1046.2286248854996
1466.3698050531093	1466.7751663107872
1139.991914948827	1140.3876679102416
1513.7650754766655	1514.620846726226
1187.0090237625118	1185.0029315093618
1029.2263519449916	1033.377912842933
820.8110167035484	820.584056486311
1617.681000346376	1617.908089836512
1251.4407099023229	1250.6526800977044
1450.3076090777176	1449.5156975746186
1397.548579016846	1395.2702819459623
1510.4879158256517	1510.0347323852097
1363.6478525795683	1363.8409047959512
1521.5444952611579	1521.5187910439743
1009.8920221565932	1009.8722359910561
1607.444188474561	1608.4960810487166
1633.5385451600014	1633.9175412122993
1391.8858407337393	1390.931973213018
1240.782299689803	1244.1955270572116
1089.7192614662927	1089.1686706443195
1369.953574590967	1369.9034265598136
856.1750516142638	857.4823778134629
1451.0017395210161	1451.8154638600229
799.3564552441239	806.6585289976495
1092.672822916822	1097.7405438413728
1017.6894236487569	1017.2314232510012
1591.5048082373687	1591.12213925365
1624.092648012971	1623.6154281727015
1089.2137419329083	1086.9529484054542
1720.142372307455	1721.7084521555373
1062.3275054263067	1066.3799863684383
959.2465868650761	972.2821698634186
1206.6191631272668	1203.726325126333
1253.4720998814155	1252.3421413474935
1171.8004010851146	1171.2634209305722
1348.838196815399	1350.2794487187184
1139.8118432901974	1140.9793569721419
1453.7998856316844	1453.4165545724113
1120.6299303282576	1124.5845718338583
1329.546172408387	1325.1899698177124
1171.8501290750282	1169.997608844068
1378.1547199756315	1377.1269291938597
1527.9454004995932	1528.7455538771258
975.4064963464334	983.9019577684188
886.4463303667726	885.799603494633
1222.1520667496661	1221.0479949505684
1609.8058482781926	1608.497978240017
1084.517766761477	1081.9865706435057
1146.0227256288053	1161.5250221951449
1332.206800719403	1330.9696805178635
1513.494300942024	1513.6687997255026
1187.9392542661808	1186.117874385566
750.2625037781836	749.0164475572782
1520.7834015162662	1521.112087368351
1565.0161324140208	1565.4668780737265
910.7671183919883	916.573670463777
1185.5023799525225	1187.995727769105
1477.7063536361093	1479.253121851024
1342.9767321969266	1344.2869930419672
974.9614774783258	974.1707271891152
1229.0197157950315	1231.7404366310332
1288.2569245506602	1287.7761525791811
1285.9595727078267	1285.2810870175324
1442.5779291242652	1443.7086835621762
1184.2173431364645	1183.483910943387
1228.0485368955415	1225.2956059524672
1347.018637214438	1355.3727021831198
1004.8308041683049	1006.8089579600849
1323.6198484273918	1322.8443170210164
1152.5241535257665	1154.123917993416
986.1112393976073	988.3496827729017
1282.3968761932338	1279.0037088168585
1226.6453089462302	1226.2150266521899
1544.1341044371366	1544.30277346003
1191.8382286751876	1192.016978081477
932.9694253792695	930.8496357498905
1081.2962389419263	1080.7685939759276
1475.968496362475	1477.5436198186962
1462.061354132893	1464.7792157661918
1248.103703389701	1247.7939620337534
1458.2497512490372	1456.2943901537037
1124.5373243090871	1124.0368302128468
826.3143144633796	826.7220255313403
893.1258557636902	893.9447328539217
1097.0316103242221	1092.761606382119
1029.3276158758672	1024.0911930348545
973.7779478621669	969.353724287599
1472.334552846005	1471.7740708030838
1322.619454552565	1322.5989730673039
1623.6458340075915	1624.1522443950587
1360.4004320683598	1359.7123279468503
1333.2780767806398	1332.6153164613177
888.792739544413	893.9927819361047
1282.7788025034824	1282.8586462755975
1468.7368944239279	1470.2916636609827
1266.5535638587899	1268.2248958560724
1428.3181135967316	1428.528678681322
924.6837092798087	922.9462826026402
1486.8890637651493	1490.0516921915514
1339.4552591363608	1338.4594287116183
894.7596814023564	894.2401305493155
1258.0476159417303	1260.7630248999521
829.8581705104734	826.0416455441936
1455.4954227979179	1456.173847033456
1278.4714009207964	1280.4771302373108
1460.6797630222281	1460.7891918744467
972.6194329058635	973.5334821982743
1651.4469851031026	1651.5173870877495
1627.3021273950872	1627.3582309544636
1184.171006838791	1181.4073885906496
1322.6085818030988	1323.9203544207576
1494.9803003725829	1493.7841291403497
1480.797363525693	1480.810241731705
1267.4737482970813	1271.1351396507814
935.1008185299579	936.0485723611198
1214.5021557791624	1215.5800635861342
1228.9683628354687	1228.3048101161892
1279.0985264503397	1280.1259595814636
1302.3885379259882	1301.6641206592014
1123.4503878421092	1122.7859471287638
1202.0027786422288	1200.4292684027107
1399.6245954947372	1396.8930199296262
1344.5564971830463	1344.90648558229
1366.7133388537623	1365.241502585526
1092.0492290423717	1092.9226034912435
1278.6819998354476	1277.634730632806
1393.06331635869	1392.9235297082944
1240.960145322082	1241.7559792517457
1604.0964088368928	1604.8719100156295
1350.190429661132	1349.975488006489
1339.5962800482812	1338.1309617457878
1490.228983883775	1490.953918298942
1175.0168146016076	1176.9222224888292
1304.796575266606	1307.6132577705428
1062.6725050256646	1059.9600628646454
1271.5085892502684	1274.0284890066714
1179.9536771663697	1180.607966224651
1268.4998184483557	1268.165678958908
1428.3726228205487	1426.7467875462582
1381.0233893263794	1379.1779737476163
1166.9654707253794	1164.7751666023344
1180.3803125884442	1168.1347829930698
1764.0243340691086	1765.0434605071498
1220.0686566684744	1219.3517599571937
888.6687058295938	880.5272161922505
1618.459543366218	1618.3107469597624
1370.978021247749	1372.7178680676486
1428.0645649535873	1426.6106757711957
1018.977801815141	1019.2889070076158
1056.0640072212555	1057.1211431489394
873.9383798606577	874.1531461366636
1267.161974384304	1272.8579189572818
1108.3327722584072	1109.5472500935284
1060.414793931006	1078.9962289620591
1734.796728273417	1733.8145109594916
1131.2617191178142	1133.4098715375853
1362.0302268125233	1363.4198877916522
1196.3358774761145	1197.9021606049046
1226.7199313380406	1228.433569804466
1146.8869859531405	1146.7959588741255
1228.1344219952298	1226.9161279611017
1429.0620938970824	1428.643352859766
1645.8145180432766	1645.7435304496266
1084.0465230513655	1081.2904679781325
1309.5599588744808	1313.1454088581204
1096.809829297912	1102.9751550833555
1514.9811911668803	1515.5164454288379
1614.2301593897864	1615.6337703397637
1415.9756624142756	1417.9564854351308
1161.6076337128761	1162.1653980899882
1111.723410965642	1113.0450157186804
980.3056504295964	981.2957638723827
1169.7770531358547	1171.2592348133057
1503.407493959472	1507.2391343819281
1205.1444181160186	1206.7802851320253
1430.3606283766567	1429.575960260779
1233.418549215101	1232.2273198960588
1270.9814138563233	1268.5699446161493
1205.0882825708832	1204.8973826415586
1251.2969445686904	1250.2202298359393
1303.3332717099402	1307.3412450893109
1374.2226258609735	1374.272151367545
1225.8410755066434	1225.0687126027192
949.5869498386746	948.9044497992548
1507.9362682676292	1512.7871557796016
1441.6601648291107	1441.7809246114298
1147.955179393466	1144.3614359189623
1225.6695921305218	1225.3165016022917
1234.2196690240526	1233.114447526525
1431.0728737669997	1429.7095097600566
1129.396918512939	1136.3238914447995
1500.950767209899	1500.424111974825
1576.46467205949	1573.8401741060156
1474.3278894286195	1473.9636617700994
1267.5908983632398	1265.8197560083302
1396.3773228545324	1395.8063988099382
1612.831482138834	1611.9624921179548
1450.5036042519205	1449.910630108939
953.8930499263806	955.0260717616088
1230.241688124166	1227.514121198348
1269.8711392918194	1271.034449243936
1314.2719767283997	1318.9516898151642
1089.0467451578297	1083.5243200434468
1115.7292376560217	1117.8833625448262
1613.0619147427497	1612.9395108465799
1354.3463984169066	1355.592035923714
1237.1174081864592	1235.577199400391
1387.8667824283475	1386.2773139260544
1464.4602242122928	1464.6717718073014
855.5156212273287	853.2664286600003
1205.148505684425	1205.5165467732252
1469.5226910029305	1469.6265699415574
1349.447234299325	1348.0571139107117
1163.530530012591	1161.552030051073
1467.6972615806735	1468.067315840068
1327.2861769503797	1326.0572842064732
1018.4623117011215	1019.1691186124104
1236.5258230434847	1235.4607434627146
1501.4834229910048	1502.480853664047
1314.2214221721224	1311.3709204575543
1183.1924564072688	1182.340787154783
1403.6993715071294	1402.1139643999131
1084.9210139077622	1087.8457886698375
1365.7737404842628	1355.2498794486542
1131.13336128011	1133.1299898126417
1724.3223780589178	1723.3913562282498
1490.2525509568222	1488.4917290764313
818.6863570861751	820.7714422320702
1174.0980906547338	1177.091810402597
1060.6099565330078	1060.3441018254448
1748.466252619226	1748.1562781297796
1519.8959559356153	1517.1543253944285
1083.5585550460382	1085.3987620339697
1632.1471539199702	1631.475300265667
1249.886936894909	1248.0383056763171
1094.8471338408417	1095.1725170619143
1165.7288206644007	1165.1775365553758
1231.2478611253318	1231.6094285094566
1504.1102089867927	1503.453973496086
1014.2230280912481	1017.2460248399477
1003.5283027135883	1003.6645704955097
1461.186802172073	1462.1366208573015
1237.0135347092291	1233.7131873603578
856.4617078148876	853.6674443195166
1426.488295979303	1424.3899632380358
1141.927480204322	1148.3973970684413
1134.9429680012108	1136.7410190269734
1341.698529080575	1342.9926036704296
743.2423304964905	741.2830805453683
1153.8180384608859	1152.8560725204163
1391.6932794787863	1393.1020509186565
1166.3928785178286	1166.3487406122094
917.6102934161318	916.1833432240155
1454.1579866874672	1453.8572394421617
1143.9474545366247	1141.359141388485
1115.059384984197	1116.2577294238515
1530.0764546424034	1529.2980149749626
1083.3324418648263	1084.1379129032127
1217.2228955774917	1218.2043368027387
768.2234613379987	767.890787157309
1321.402197363117	1323.2560335585367
1138.0076694822637	1136.9450656023257
1078.8364929805975	1078.5628521283306
1510.4642879070016	1509.8782221445613
1087.7299925821717	1085.9207725894926
1454.9120431149204	1455.4119222182478
1407.6317007986945	1408.9313510564332
1415.9934912877507	1414.1086720701794
921.753757020022	933.3427469499242
1143.9242428979196	1144.807932656936
1248.5175309249316	1248.1216077968527
1007.9984542364837	1008.1445896026717
1195.608647948975	1197.3140828109488
1634.1944113642967	1632.910485795237
1367.744132427615	1369.7943992564922
1332.4280984447687	1331.2248330115276
1379.922684527468	1380.547860858143
1310.084171586088	1307.8702094573898
1369.8007412508014	1369.0179692769987
1026.6310669964296	1027.45239749165
1385.4182497983275	1382.258473572282
1328.2103655062092	1327.013472717504
1615.923119503248	1616.5981484550132
1173.857580652082	1171.3063826367327
1451.2823050437146	1447.8234171434453
1374.1426888942078	1371.551152649847
1358.9004129722307	1356.9924698877965
1453.241221334436	1457.543419351468
1196.7908502029604	1193.676724458293
1243.8012196912896	1246.4671265309933
1495.3365118199436	1495.1434305907846
1153.9644248765544	1157.6494411924666
1064.57660321999	1063.2542486758641
1495.346928731131	1493.0184728207876
1405.0460051156988	1405.1250549658107
1298.174687850842	1298.2819897652303
1288.4144482529082	1291.24658040412
1078.463077786786	1078.657865719655
1291.805098749086	1290.3550619054406
972.4639193977637	972.2866499282142
1473.0292352526158	1472.2600274492077
996.1715751734737	1001.6438696793148
1004.6006001668284	1006.2796608182688
974.9002422698541	975.2615924440811
1212.6526259315142	1213.9727957076134
932.1880167139461	935.746488671826
1348.8441314974625	1349.0910596620533
1082.8549658934353	1082.4619192856214
1495.5284457610687	1492.5700542511051
1320.7922016536177	1319.9666080869758
1075.0257009885972	1073.7007007521736
1330.56523272692	1330.6389574168652
1526.132943927456	1526.0895028371392
1122.3556288573309	1122.7665527955899
1195.1379027269722	1194.9863194420498
1720.7996484036557	1720.8781476897527
1501.4456245650363	1503.7911584979133
1345.4318789217505	1346.2455971067716
1755.6488726404496	1759.098983550894
1263.5890973854112	1264.4477386826463
1374.143585516751	1371.5675478704982
1323.8853227795335	1325.9606333434265
1748.164695147716	1748.18195496195
687.9226473027084	685.9876193488914
1643.617875941738	1643.014529898041
1298.2965093734383	1298.6755084140782
1200.140531437035	1200.1968582163645
1435.6645513041294	1436.1763197385228
1726.3477164295327	1726.4383237420882
1145.7028541675536	1142.2895683179447
1194.1247336100205	1190.7042476355648
1402.0756448278844	1403.0707333988275
1644.058766049915	1644.15926507263
1508.0473897964694	1506.3089104981523
1265.4849234791473	1265.0631831055855
1170.9965371416765	1171.401608026257
1050.419291699567	1049.4098689937164
1242.7940546114114	1242.5731125950167
1354.299660329445	1352.9878716663707
1329.0617527161958	1329.892874397815
1502.479995520116	1500.6785194075223
1085.0113509821822	1082.175635711183
1432.6517177492788	1431.9075582317091
1280.6421675931197	1278.357784495818
1752.753474674886	1753.453083306402
1159.8405105464917	1160.348756773359
1611.7832909453718	1610.630587937605
1006.4960689804284	1004.596214394967
1236.7989883249975	1237.0840584449272
1153.4229053518502	1153.2175327976292
1502.3348442899296	1502.7133081556
1216.6657244721428	1216.8712553760079
1468.281153413438	1468.817724804111
1202.4620835202804	1201.7486951397225
1211.154670695425	1212.1747455612979
1277.4024143483548	1274.39622586913
295.25581675517606	294.58522411471824
814.7729443392018	812.7432692254472
1486.6902923263551	1488.573665225082
1102.7294861608825	1101.060881973825
1251.329094498593	1254.935619555556
1621.5945045347908	1621.071183254805
1321.0433898229676	1321.9589132815322
1190.3002841148991	1188.7825244386881
1098.5896201449505	1099.8091919623673
704.2980361693772	704.0306695810057
1339.0974452732771	1336.4317598416028
1348.3212850902055	1348.2395589500477
1339.5263184242067	1339.5995422129156
1356.3449624519562	1357.5538888357733
1342.6829443803872	1341.8201497581317
1276.6151606507483	1285.559368975971
1346.2675016869325	1347.9118162859816
1028.2562192819314	1028.0732883440562
1645.9956317085016	1645.5643405083335
1438.3531693527766	1445.0241429903365
920.8320024601999	923.7665359474794
1411.0548761172686	1410.1838245756633
1430.634693684493	1431.3782514573747
1265.608803906507	1264.9093500126005
1158.2513015655131	1159.049882379809
1357.465563188569	1360.32849098065
1297.2453685008222	1297.9259693552026
729.0028944322548	733.5336879870672
1313.4997091862315	1309.612295151719
1526.53404915813	1525.8992441642124
1096.7109330203675	1095.4669555380449
1098.7003444770526	1100.0525404267376
1321.9415515788132	1319.9339593454115
1426.001802430692	1426.5499800570728
1094.6918552505085	1094.6977839242768
1232.6258348867123	1231.7661187604547
1372.8929477596248	1370.9190988036858
1098.8325986424752	1108.0532800420124
1194.2477534903737	1192.0447302621828
1179.1412776372163	1178.9907773817515
1211.2709392731194	1213.2362544886332
1148.662288607302	1149.8709927439131
1261.5522962566756	1260.4112169286004
1574.8994482372946	1576.2133763447944
1281.353722780681	1281.077450990315
1283.7628322281525	1285.8925570258355
1010.4931154792139	1011.2032637589107
1372.0487738859374	1371.684417943935
971.7683915141388	974.5311396917326
1565.812396047928	1565.3282447064062
1419.7013487270451	1419.7611416551288
1263.4266210704227	1263.0244602828993
1417.227560066589	1426.524007837107
900.7861018422409	898.4234019274978
1633.7759304109786	1634.0745609881772
1189.9768092584272	1190.6595342639994
1283.4648664513952	1282.0179319165884
1138.6719364111195	1139.972390669127
1499.3301304610795	1501.6331279732087
1385.6918599752826	1382.3198213071312
1507.0064675150206	1507.8307786811706
1434.1860456146824	1438.2091726786741
1250.6434202707896	1252.4302264677344
1219.5236242073588	1222.2048854415368
1116.9614674439945	1111.9418184686908
888.0335723501339	888.297361282845
1132.7247355465079	1132.506270985164
1083.848149220663	1086.488142533891
1331.0849376787664	1330.891336901644
810.8194964680297	812.757488723569
1331.529613036022	1332.4879900663186
1425.6060942529293	1425.852183661048
1442.026613162714	1441.1018698374353
1302.737632098375	1302.6464848791534
1667.1378038261319	1667.2415293807978
1520.3589023275708	1520.3097457634146
1290.2498056239565	1284.0983122567852
992.0238636852882	989.9376894597168
1438.7298119914194	1435.975159316789
1246.797017052595	1243.301424439213
1388.7100455792097	1388.2806130174768
1185.3158385135757	1184.5936889532152
1342.8111408544646	1344.2024772631125
1147.7129526101926	1147.2808213993749
916.7490309289715	915.4568716153987
1006.0985566545278	1006.473408727237
981.2672819635773	982.0709967942711
1114.6404244079313	1114.303047604943
1194.6642821789428	1196.5972824859005
1376.711862613418	1375.225368969255
1192.0636997460679	1190.8374372219857
1475.7928904383152	1475.7870634159706
1430.2372972011508	1431.0698963011055
1461.5368109426054	1461.4041518501149
1272.9476461670129	1278.3797977446327
1114.0847904303519	1110.5889111958963
1157.2159920080449	1157.7613174425219
1329.9823833597766	1330.1744844231996
997.4435595533287	992.8508780650126
1007.88292447204	1006.0010847164546
1555.6943718484254	1556.6422708901769
969.9581648781314	971.6108970493009
1142.6891273764195	1144.725878708095
1391.584588192054	1390.820899691903
1344.9320383070153	1345.3720387544797
1102.8059295605053	1103.8312278745652
1493.4658109682496	1493.5146217666431
1647.3795143718598	1647.665004073058
1224.1821300500887	1225.2137778949684
1343.2436402743333	1341.4505438202525
1208.1865959901188	1209.9452424469528
1303.1243622490147	1304.1221548269307
1429.3962030884286	1438.496592561924
1081.6935930333857	1081.3169339528954
1208.9271730874898	1207.7405867336945
1203.724517567607	1204.946582894501
1283.3599673132703	1283.5293292334084
1360.0776841971383	1359.5238493024772
1168.9277886820782	1169.158280935408
1151.4989587075252	1150.984236065093
1101.341815175576	1101.8007734341104
1369.0654459529324	1367.1816933217176
980.3948834822513	985.6935581780112
1198.6805503421347	1198.5929024561747
1512.465343652846	1512.1388401269235
1321.384893353883	1320.3743449660028
1372.2085294839053	1369.2027942980224
1238.3282215260551	1237.2139393076586
1454.4017443729972	1440.8803605042235
1101.9406448848895	1102.0661124644078
1426.2965257868054	1425.0649786492895
849.5560382169788	846.7716136712863
1243.8054553995898	1244.4747749763546
1618.0590850846202	1618.1199628013742
1063.5052197723999	1064.8395081445462
1572.204547130561	1573.6117613109077
1457.8731102959428	1458.8808780844417
1024.984007143823	1030.550319231905
1231.4464390809298	1229.8102593008705
1084.6120506336156	1086.2689576004527
977.4010765193962	973.5863033322103
1307.909677607735	1310.8555558844605
785.5844166207826	788.2266130223946
1554.85925055173	1555.8631129460634
1620.1105517353863	1619.0026701463294
1057.4892241481575	1060.046290358112
1444.0496744343836	1444.8945297365583
1149.5048722804058	1147.390524832101
1375.4182058594597	1376.8573520466086
1543.031356849824	1545.1863269286955
1415.4811926575494	1415.3993180060631
1164.4502412708825	1159.9044564402027
1368.3976044842857	1368.2760501474665
1040.0066344706865	1039.296596841698
1004.0135265706631	1008.1280223063799
1069.0523257069872	1069.0916332935171
1234.663317521161	1238.7792564314225
1060.7078467514366	1059.717883719801
