1390.1706411265768	1390.516009797572
1346.4052223041363	1349.7387297570704
1043.418890070403	1045.4569606763564
1069.232310440013	1066.0434754497355
1408.1428370108188	1411.3440897036858
1299.7745419772982	1299.1988426655391
1519.8959559356153	1515.8050496916253
1267.451812188956	1265.7404021627142
1255.6766070423764	1257.5212301717268
1408.2727711198386	1407.0528466306814
1256.0277127930312	1253.8033563143467
1103.137518061878	1104.015863632831
959.1531332963496	957.4723942272901
1285.726948197931	1287.3854877249062
1063.1110241800488	1059.3788846372092
976.5761458576017	975.019086642142
1212.2112062349042	1213.153719861362
1567.3198797533987	1563.5056779517145
1439.013434232853	1437.6503310732617
1328.6204722609255	1327.1287188545853
958.9360092708375	958.6220573152373
1360.8675531795307	1360.9014419888495
1239.86993215236	1239.886738017225
1285.5013118440693	1286.3992455562782
1019.4460936972464	1017.315994218467
1616.1076615647762	1614.8891087936506
1429.0620938970824	1429.4184381479088
1179.143915867462	1185.8844201258041
1426.5217527414788	1425.4576548834327
1485.6614323907706	1487.037952922993
1251.1346530521114	1250.3171014752454
1346.7843496292771	1344.3782747130008
1373.042776610935	1372.4255437670254
1083.9247906620149	1082.9801695010558
1726.1470909136988	1724.9222382681662
1170.617216810293	1170.769575517581
1550.0873857720871	1547.0282873104793
1516.0635968399874	1517.1366124750298
1198.6805503421347	1196.1309141287343
1229.7448434429243	1230.1751199356568
1188.904011638544	1188.2258333528184
1190.8336694228637	1192.7094676005306
785.2386870049231	785.3063589457596
1328.0315320941154	1327.2788846965166
1143.067534457252	1139.8673757854133
1360.2421528881823	1359.068322965207
920.9873175257817	923.1474703693515
1287.7657705590827	1287.309661035171
1335.7926419135183	1331.690814330696
1248.4911333583877	1249.6696038465934
1490.503412056336	1491.6828917769278
1211.2709392731194	1210.2713979748082
1422.2691060812504	1424.7852431496658
1191.9636458212917	1192.410465921994
1317.5639047388686	1315.739437164199
725.9054278059048	729.2604060368593
1374.207226868777	1374.7545204894202
1547.1727524044982	1545.4259429902127
1276.9174238654377	1282.3193048490236
1438.2556639772083	1438.0920828084484
1232.353505672625	1232.1023318667803
1245.883633413352	1246.0691058934262
1145.932812714891	1142.828843857093
1141.5034934215655	1142.7367710580536
1235.2328220287745	1240.8061423665747
1097.1966634363635	1097.14195711903
1344.3874544237915	1353.9620444318828
1562.8054149640957	1559.5318378888114
1493.9633983352105	1495.6633439702953
1450.5607930807746	1448.1862835150669
1219.8552155818033	1223.0063340214801
1339.890596989484	1339.0379321778735
1336.53415568333	1334.3208521925542
1191.4784334169235	1190.7763747966546
959.7257939627452	959.4081701712583
1130.2578395333258	1129.5488928536477
1317.2154124566587	1313.9053191483126
1355.1567983521963	1354.126106381441
1159.2800456561963	1160.7935315623045
716.5087902168161	721.9136737236012
1391.0160072561994	1392.3181924464518
1385.4394635095668	1384.1198909590905
1087.5276042906917	1085.7758298432586
1611.7832909453718	1610.2968572106759
961.1909551963327	965.703756405079
1292.9941625219362	1292.0913987182166
1283.7628322281525	1286.7205406897651
1235.32136781179	1236.624439420844
1051.950347037462	1054.5412199855257
1333.1379981550272	1332.818115443101
1391.4981053998927	1390.0754827908142
1457.814637237636	1454.4716746555662
947.431184096029	946.8207743098276
1472.937256086152	1470.8769539519014
985.8174072625116	983.4607424978551
879.4618503114325	880.4019242267067
1524.2787654058484	1523.0752588872904
1454.6743405666493	1454.0758166400583
1288.5072765340446	1290.594983233929
1284.2895694421022	1286.9746666994479
1174.6224169452325	1175.403020949247
1267.161974384304	1269.4696645679796
794.6963720633648	791.062162599536
1152.8994028561865	1156.6871220313399
1391.2528948745166	1393.46550580924
1230.3936526472098	1230.9043370782106
1598.8457755396375	1599.9712029782831
1327.3935449351848	1329.8368664159243
1000.9523593032209	1002.6484082559916
1300.1139806441497	1298.3547073424925
704.2980361693772	700.5887751196457
1465.0909397520008	1464.7039873945232
938.4258478958509	936.9222465002237
1113.8556390886952	1111.4624425968354
1496.728199118108	1498.1022992009773
1168.9799615436932	1173.3211960705794
1533.4458730743208	1533.0941534351996
1442.385832206026	1440.2486189032036
1632.3577241552412	1631.4907962092811
1152.5624184242915	1160.8074119969128
1169.999853455054	1174.3805295912364
1495.9687564307533	1495.084178814932
1232.4966871116776	1227.796011662147
1243.929055913468	1244.2952990953436
1390.278494027938	1392.0695048572775
1433.2585910848575	1433.3954901400998
1275.4902039405715	1274.3807697616562
1143.7545950236963	1147.186355361971
1247.912736685481	1249.3721921261124
1525.2951012173435	1525.8599364373247
1513.2290314686834	1512.5512097821636
1084.9067935367639	1085.415791451611
1100.9449725220911	1101.4877637128736
1339.528953074565	1340.5708547233276
970.1232183999382	967.5443554926205
1171.1166211790114	1169.3556642161557
1413.5034284449648	1413.966556655055
850.4823576931376	851.3365799639892
1343.4779134868877	1343.2577956634377
907.6630425709882	902.7548225522436
1348.1094702783157	1347.5628120477172
1364.7244929605804	1362.8462684673348
1617.681000346376	1618.0461087184392
1163.2997269847838	1162.5940017002476
1454.4017443729972	1453.903472260921
1223.4235879379848	1222.0779583251428
1527.5242180262867	1527.7492193083608
1508.6229792819358	1507.79534420205
1471.1158243153768	1471.7519762893323
1455.4857379568857	1455.906239285749
1432.6435804390348	1432.8551376885823
1298.0775959650928	1295.698313771841
1403.485110579728	1402.4699018777012
796.1471265628061	798.1576917777224
1250.074734954018	1248.2406559382634
1077.413668263558	1075.268753587345
1318.6868132726813	1318.688046320004
1092.8734637738671	1097.0816614437044
1498.5711029836966	1498.6691317014554
1078.344185298658	1080.043287015541
1560.6426543746202	1559.622824494903
1151.2101887192111	1150.0986965092611
1372.217391529848	1368.8828761252983
1096.3490827621426	1094.947454373678
1317.362563814997	1312.9010342311217
1387.6965635901433	1387.200606170567
578.4313893647632	582.2723459703672
1441.7136418682348	1442.0546697173645
1640.4016945665935	1638.8526822959532
1154.0756238161703	1156.1831317365545
1360.0776841971383	1359.6564640531658
1345.080993671174	1343.9074420375584
1437.0344104993274	1435.2172299838965
934.8933141416346	936.3655800505984
1261.4712491783139	1263.411523134226
811.6724026117008	809.2857691895248
1250.020599391166	1248.8841136763428
1271.9722012202838	1273.525545552549
1099.4823796933051	1098.8901057322955
1101.218377282814	1097.7302170434903
1087.9023587809643	1088.0485399444065
1011.9853100092441	1010.4606252969538
1343.2513981287193	1343.866873865392
1016.9711908395984	1016.6354967798966
1195.608647948975	1198.2330148157832
1265.1489738328964	1267.1287502004739
1281.0050095604092	1283.8213256896217
1613.068917243887	1612.6498185716562
1024.1806130255572	1028.5741102479703
1113.8995999974431	1116.5049430237923
1086.5560385495774	1084.715362810439
1390.3844107644109	1392.1142059012361
1034.9855468144524	1034.608049978722
1634.3156582351075	1635.008921496311
1756.6263620259124	1756.9712883455563
1372.9509806144342	1373.0444717747505
1503.877155962342	1503.5102979554285
1184.578912855417	1184.28563207026
1369.6436319981876	1371.2106973809618
1353.2896484066732	1355.6359776882755
1116.375095136813	1110.4146239387867
1308.3166301094752	1310.9851111323828
1258.3357774480246	1259.4882920539173
1292.9448753473407	1291.642098365527
975.6697485631448	972.6716687653523
1096.4332983712375	1095.890025094401
1329.8838836731738	1329.0255738424817
1403.6993715071294	1402.412927585778
1318.5097648176306	1320.883332959778
1160.3267906164983	1160.0440694380577
1317.0491040247725	1315.0059151039072
1220.1105069709884	1220.7336163141397
1225.6695921305218	1225.44070823568
985.5827211427968	981.6675055344258
1488.0634823122236	1489.107190334979
1155.782401623641	1161.0474110292453
1170.759841170453	1169.3321249284782
1275.6836482362996	1273.986956181663
1558.77362964215	1560.6236047639093
1397.8398036569415	1395.6440872417984
1476.504417096643	1476.228686141734
914.8279855813016	913.408018606502
999.0691513033526	999.6255082350701
1451.6994192792918	1451.05239266372
1254.4972162205377	1254.1325274632745
1122.141239932971	1122.7734981190574
1372.6967093542917	1371.4989772728402
1128.5020548489701	1128.9668981880307
1342.4556249665911	1341.6778911855954
1295.9455045883951	1297.6832573498511
1338.2545636664727	1344.5567471370312
1303.9941917132237	1302.260420377258
1757.3305062935688	1756.8475090363177
1294.2502713618742	1288.4376992606294
1291.1557863201888	1289.180333184229
1305.192228744796	1303.943443072623
1462.6816380076343	1462.6997090577577
1426.8978204459418	1426.9392602961377
1249.2361579566204	1250.8947279224183
1343.7972253149492	1345.329145121539
895.9919444745174	894.792095339536
1151.9264259272604	1157.3496547502175
1309.2155313447292	1309.1464008374994
1271.9457792069006	1273.4557973787796
1445.6191788750584	1448.5691202598903
1576.8614383164968	1578.0383168593423
1345.3657558256236	1323.645546914409
1406.3675909490848	1406.9553700255158
1078.7157228947617	1078.5295255757107
1510.6873391611734	1512.4758224414707
1132.9428841752524	1139.4337755635947
1278.2346253923315	1279.2200835450055
1540.7368551086984	1542.0595968142293
1487.9851793560374	1490.2891725540196
888.792739544413	894.9128888050008
1120.783605048724	1123.6677031102747
1321.384893353883	1319.315118850082
1384.6915497201553	1383.0747087292339
1620.7070936682867	1622.5086740189856
1073.051130986947	1070.6833988541102
1158.2423969249066	1156.286775892897
1227.4317349025223	1227.9967127406585
843.1645849430352	849.8201905587264
1116.717052217864	1115.0839517186116
1494.5004637988168	1492.700576368785
1228.099472085305	1227.9441469551143
967.182814539352	967.3420107135157
1179.9269410230336	1184.6362500803211
1388.0370776217896	1386.9090799371145
1673.3780435396766	1673.078951364885
1564.1215566111787	1564.3984175211804
1077.0978402993933	1081.2255532814954
1341.947939856589	1343.0141313379481
1515.960731540661	1516.1599959901346
1063.0804503436957	1063.7970377982028
852.304556899122	854.0722137729558
849.5560382169788	845.9378661922104
1319.1715438690444	1320.3114260653897
829.7733147902181	838.8675120343338
1675.190202754835	1673.4672066689407
1517.0674257994106	1516.7183806581081
1533.6675889627368	1533.6622392216962
1635.0721643901488	1635.7973729075134
1620.0613564940868	1619.6525788808933
1307.4424487948709	1305.3531892019826
1635.9811078317289	1636.1180330884256
1509.3256416818476	1509.9869966787994
1041.9749044461641	1045.217991848155
1615.3762005864992	1614.6678823620098
1247.780377662275	1246.9098200521198
1390.2089113268885	1390.5451852727906
1110.0122698884807	1112.2001098773837
1036.3719075789559	1035.1867855162516
1609.511390500993	1607.9938238237487
1337.6967100530746	1337.370891221455
1555.8730988433526	1556.7860468259712
1260.4195501395152	1258.6207852524956
1340.1993078550731	1340.483075953815
1450.3194338151661	1447.738281256792
1578.3344063816476	1577.641240415874
1282.1989039909386	1288.7112624151787
1418.3743262926582	1422.6405037815275
1129.5520172319084	1128.2125171803582
884.0017855205806	881.5759433724612
1223.4557502723183	1220.7119567159662
1360.2132436262036	1361.5706014795048
1281.4832467379747	1279.731439834379
952.8468317047227	949.5130791512561
783.2143161125277	782.5085573891446
992.2483363034262	993.6513147064846
1384.6469418696943	1383.745869244083
1363.1808527491812	1362.8622162586823
1187.2833978988929	1188.0260168506634
1375.208624513325	1377.836166476444
1132.1429751133255	1134.6019804119594
1111.86923804853	1117.0127896074212
1575.3253727868141	1577.5611781920024
1293.854654102499	1295.5381539640157
1156.171802734927	1155.8225027543674
1611.5209838536684	1609.9144232276233
1355.4028394784254	1355.0143870761062
974.7745621372014	972.5539012697752
1356.0127852785517	1356.0910585915112
1082.9313396324287	1083.8480039758363
1270.670260644576	1272.4259652907601
985.5424550081952	985.6551629948259
1625.0444326619618	1624.0926411965374
1288.5937212519639	1289.5977457076845
1724.9124600910582	1722.4437397130407
1338.045461954869	1337.8030135161025
1348.264931604761	1349.0283775156984
1251.4366156248434	1253.2887259259633
932.9694253792695	929.9992674860499
1427.907794797502	1428.7521182700073
1538.2224526715872	1538.5070487382634
1270.695118622447	1269.6001613302592
1434.1860456146824	1438.0921996527304
894.1188126365596	893.6230801943653
1194.8542424894113	1184.3854725538076
1227.874325522076	1230.4455574165552
1336.8341890698648	1336.2116408191887
1513.498010278272	1513.0250354716359
884.9819243815	884.3331434442077
1339.3238768584852	1340.0924064179972
1353.497689635813	1354.0420328941227
1326.7351514380134	1324.1173337384719
1257.181443983136	1256.4405484274073
1158.2513015655131	1158.7226941726228
1249.5218690903275	1248.5401231230958
1474.4190921943518	1474.4847282144167
1427.7975370414497	1428.4466324430102
1295.3350339209137	1293.4324113757245
727.2981586876849	729.1141169114512
1160.6153776539431	1159.4392307347837
965.857024622208	965.2063042056888
1147.1049047248962	1142.9470504143878
1025.2251114585088	1023.4534970850344
992.6511306076718	991.8287061137008
1409.699660591723	1410.9353643096567
1270.1373354375537	1269.5420546464243
1492.1961639046785	1492.803387714584
1246.797017052595	1244.5752004197755
1413.6245296863199	1415.0961292969369
1288.061558927322	1287.957506077426
1493.91045713739	1492.15936207902
1086.9485458606505	1092.347913761453
850.8568937512173	854.9227022335953
1169.632389656559	1172.2518691130592
1118.1790479064803	1119.5231948526223
1419.9872963069065	1414.8682130426614
1302.6801713644527	1303.1573424400603
1187.9986514041666	1182.7975907738319
1097.650565586955	1096.2888945579143
1624.3236019975157	1622.9169595577737
1211.0269992039248	1210.61463884024
1239.666840538208	1238.9079667710196
1003.7378743785957	1004.46338198408
1618.114655160898	1618.3942947581331
1004.0097343512753	1008.9359725595872
982.981204757758	981.9038115253624
1132.0778017554258	1128.9220639774383
1229.0197157950315	1230.7120329369418
1155.2722294030245	1157.4605471947455
971.4020005470375	968.7393789375154
1571.0864769577165	1568.4641281518864
1645.41576048368	1646.4133421523
1313.8767512511695	1314.1131842192672
1059.6669714955206	1058.6414231004949
1383.6530551502365	1382.61476585955
1314.2719767283997	1320.0211398379647
1745.5605667103082	1745.9469903819179
1330.2974376744241	1332.3407038387008
953.133853307314	953.5685160434323
1032.3857157761522	1034.8316712561743
904.1987276590662	895.239648907845
1515.45279699791	1516.0473168595388
1036.7898553183186	1031.2039070567232
1224.7511890344322	1222.197810148008
1108.3327722584072	1109.3381473936793
1367.0834036955494	1366.2989114551028
1632.386359140597	1632.2681787447536
1437.3736596401432	1439.7556538342506
1540.4538732592482	1541.904886280251
1056.0640072212555	1057.294343948307
1023.6818204943556	1025.1359550766836
676.3705526930862	675.6111770882751
1555.785041763651	1556.139111438285
1223.172720604809	1217.630320144518
1263.4860839575704	1264.3517643038144
1242.2817511012254	1244.4369829374195
1114.2222206257284	1113.827181144692
1356.2097506193677	1357.454027632798
1517.1726778863522	1514.4176759454078
981.243996240315	979.905680050548
1275.3200064921984	1276.2570894529683
1049.7612773003057	1054.4075551914007
1325.5050298319838	1324.3987778614955
1234.3849347515497	1234.0353870016788
1142.3684256578272	1139.1315166674526
1195.8225420544622	1195.4498866720699
1336.2411663759558	1336.4498965393434
1147.988646412181	1144.0722671959957
1220.4937337769952	1221.3515584645722
1165.1443864454923	1163.102100142777
1108.3137114484853	1109.0002535333751
823.0146575269464	826.7579667974231
1104.0922783798596	1102.786192569501
1329.0397138496337	1328.1613077436155
1266.4141790528374	1270.0688609658914
1648.3383111087896	1650.1815582948673
1513.7819679125096	1513.6023930894276
1468.281153413438	1469.045151845413
1100.6767048976908	1103.3755353804688
1450.4735968527966	1452.009674235433
1457.0891870435444	1456.5736959010248
1322.7426687266561	1322.3074623148366
1307.917175100214	1306.3141006746582
1084.9210139077622	1085.1575414239553
1130.18748032031	1128.628225559488
1340.3975847022957	1340.1289963376203
1302.658482555271	1304.0912044585623
1133.6061361591273	1132.895643347987
1340.4931443257374	1340.6655445380027
976.1292814226763	978.2629370613953
1279.159156589536	1282.2813448026916
1248.5615673683642	1247.8008792047985
813.7525569045683	817.6925040115143
946.2326139744255	947.4271799332627
1619.7542117233097	1619.3602749830015
1492.177647237142	1493.3420691140334
1263.209393283265	1262.787968718277
1153.7887826252554	1155.2236145278414
713.1785631877865	713.0686212440465
1270.5968443411402	1270.0771816076551
1135.8499420559674	1135.2241122969358
1238.5270011316752	1236.744282090545
1340.5925157454913	1341.0329075815614
1574.0639317713503	1575.3425883606142
1214.1616363734065	1215.481772790532
1202.308288048138	1203.8612379820763
1240.960145322082	1245.0565912380516
1096.4043226911162	1096.7138308141912
1061.1364245133009	1060.6113514728156
1638.3378656618297	1636.7773458788556
1551.3788179022667	1549.0532572592983
1507.879078996746	1505.2015288669709
1361.4411112378293	1362.9520696398226
854.5590800947102	855.4386716421507
1203.2829097874637	1201.285944977777
1216.6115311247995	1217.0009988902125
1426.160356964625	1428.1636870626587
1094.9861546238535	1099.1692503507795
1460.1195680017117	1457.6717930791692
1329.0617527161958	1330.2525690013817
1384.40707407039	1386.9749602297557
1035.5432983361534	1037.8221628884555
1354.312194358732	1353.1715084294947
1405.0460051156988	1405.4614232091149
1067.762729861075	1067.0425941387452
1331.0662766376918	1329.077743799514
1260.8821873603738	1260.4462977296855
1290.1806726524665	1291.4620072997861
1370.1390770441794	1368.570412235382
1628.9728403493355	1629.189484648871
1505.4276015343785	1502.3747562461617
1475.6542299651774	1474.7462705214875
1200.9173817061528	1202.419188481619
1428.6102136267582	1428.6278628651526
1556.1370226820873	1554.3391821412392
1162.9805697108968	1163.3861442356103
991.7302471427538	991.9772041840154
1288.0055333601485	1286.1619699874266
1494.9390952759713	1493.917469047052
1209.1970851574733	1208.7993042863998
1234.5231897214544	1232.376157126315
1091.1424788026197	1093.9195794032776
1186.6939864492451	1186.0073583879919
1330.445435176167	1331.652917828991
1191.5202117395238	1190.2829964275377
907.7613147671218	902.3778498266523
1623.6458340075915	1625.2120612253661
831.4992930841981	836.0439890874378
1038.7568728320184	1037.390088465234
1363.7310747476877	1364.2685541884107
1160.903148320358	1157.3084352084647
1641.1610078508384	1641.5511719383865
1368.138644961844	1367.6618140219332
1218.6083922247053	1218.10853582154
1333.0447219971684	1336.3324130617634
1526.1529856987763	1523.965183162297
1563.5583079623757	1563.560048089298
1263.5218872649712	1262.5855753407918
1138.8101969855488	1145.217912534615
1458.2497512490372	1455.9565736348673
1418.1400100861501	1418.981532571112
1097.0828409685346	1096.09940966565
1493.4396356306388	1494.9237610373798
1276.677436993632	1275.7709454905194
1182.576711190428	1182.411067817649
1252.7692272672139	1255.8957093896943
1194.6642821789428	1197.3120656255514
1437.900005510921	1441.7575158442528
1158.1606936244061	1160.0070104017448
1183.522822295461	1184.1423831770076
1276.6754222254676	1275.806214886506
1015.6564629168133	1013.7462820433722
1598.0329669341736	1599.4937348835829
1357.5693820012675	1354.073324472607
1182.6467888711195	1183.5709219565424
1334.6578669114679	1335.524258394235
974.0924040680402	974.8767382862435
1745.4080180911114	1745.645435142344
1460.8593639885075	1460.6200132553174
1580.662816460972	1580.7339031938882
1291.325522967527	1292.1214389894085
1374.1426888942078	1372.0906176337498
1174.6368066408904	1174.792853002857
728.1688065754133	726.9331870831743
1383.3365521949017	1383.4001081334213
1493.760251625994	1497.5767287344324
1221.040056477068	1218.86564806928
1306.2797041181766	1306.475986598973
1117.659946030646	1113.6014730508737
1271.3576003999624	1273.9605995877328
1087.5473890551366	1092.9498436211622
1386.6279618857952	1386.0249536319845
1396.925052278384	1394.4827101715102
1367.7162426394934	1371.1648326170896
1247.8213633253472	1247.9183832572603
1106.1567211244546	1103.3254287142267
1282.2964829530101	1281.4490940152298
1239.103492540773	1239.0627257533367
1158.552869323481	1158.4170068184453
1298.579616930714	1299.715178033046
1434.7345606011222	1438.1628760492422
1417.4182210901927	1422.2343075112874
1758.7728914314357	1758.93229490748
1493.641608669248	1494.0179440247855
1082.5417289089237	1082.2004689362152
1333.503588216874	1334.478271622236
1547.1264471576724	1546.1904951169806
1324.9904221365287	1322.7562873637844
1325.1366630600533	1328.98524903288
1126.182132705464	1128.49782213692
986.9924334582174	984.152843626786
1231.7611195305071	1232.2130695553446
1453.4824653272517	1453.6033353598177
1190.0905351627734	1187.5542927889821
801.8328306136536	799.5597924078901
1334.906774984178	1334.2239285159626
1277.4024143483548	1275.7910403212854
1220.6892905481218	1220.4808389898612
1456.4604265608068	1455.0020145460771
1531.2826049845899	1530.7031536770044
1354.9175685435184	1353.8560640770681
1620.2585131725937	1620.6798630795706
893.932792868698	897.8156853368224
1137.6612118032062	1138.7018600302936
1508.1739992315124	1511.2468105867495
1627.342728825257	1628.5524097178713
1304.8917009681754	1306.2748090187104
1414.3563418452977	1415.2771026210005
1182.5460115123715	1182.8597772016979
1235.472960515297	1237.4733092780505
1344.8466543812247	1344.4909022824136
1306.2586940618348	1305.442075278833
1249.6738375891873	1248.9726393311885
1540.4537598064926	1539.4294643105407
1013.4500362866384	1013.5247658904161
1733.2100609309273	1732.773677999392
1622.8882349114574	1620.7540256086081
1209.0871588693408	1210.5104895596785
1177.0614469702996	1175.6754224935796
1182.4273619009764	1182.2738864993146
1208.7227547489747	1208.8519976993741
1411.0548761172686	1409.8880588888046
1368.0721485460235	1368.1972712823904
1386.1681982365262	1384.508943667033
1200.435552146053	1199.2765550891897
1154.8986823499145	1156.0845334397463
873.9383798606577	876.1749904261688
1474.0383135123702	1476.1658493644393
1248.3976283726515	1246.8171793654074
1513.0465200446488	1515.3332091792038
1166.87826225147	1164.0624796135123
1280.2114624466049	1282.704215245893
1490.7020884509257	1491.3494507643627
1294.9931052736356	1295.7501691002385
1321.7720380508108	1323.8960753816605
1608.992360631295	1609.1076402217159
1414.863955126697	1416.1841515773683
1272.3889147761802	1269.9111960217895
1543.0852351795475	1543.152388593882
1431.4309961179097	1431.0952151732065
1304.9328356369806	1306.905412393303
1042.5570717825904	1045.4610938068354
1272.1477628820285	1270.6133661378947
1546.9444353137224	1544.7617235787284
1631.87252807591	1632.941498602745
1448.3963797278993	1444.9293136467359
1227.288250810263	1229.3601801379705
1625.7419160300924	1626.4627749797748
1371.9920184174553	1374.7487944092416
1562.3660019768577	1563.3340552710279
1292.4609806355147	1290.9428940250707
945.0448527981061	945.3621217601826
1257.0756991724193	1256.1579569974251
947.2247041118972	942.2033070831377
892.1523459677701	890.530402771732
1571.6538430661312	1571.0756586157654
1188.196759539249	1186.2571207618105
1623.7008700798033	1625.0324843108333
1138.8056069472223	1137.665451714997
1257.468868364318	1256.0556384025394
1178.6339490231185	1175.6046816934609
1126.5903886928863	1126.9738324082446
1116.0362905554066	1115.3150880444164
1085.6470654836448	1085.8592037151031
1374.4550899215683	1374.096232671437
1173.4295998851303	1174.1099503890289
1183.1924564072688	1182.3111333555
1341.698529080575	1341.9699946195353
1525.998361409962	1527.0089214589066
1242.2139389769873	1243.5641397513923
974.4758852025843	976.3922267312439
1316.056763627159	1315.17179059265
1361.5229088297056	1362.5739494504157
1335.1503633308748	1334.2529883938735
1028.5890200151189	1029.3985923741775
1227.8258211488428	1227.1124932155553
1846.8468279155495	1846.0947366050193
1346.5475413308304	1346.5034311894271
1115.924444336386	1113.4167686878989
1441.0989710632712	1439.4768342598568
1520.5023460074153	1521.895020945667
1165.7159020041	1165.3825574640186
1129.9525767154119	1131.1496805329807
1153.8180384608859	1151.034841976484
945.342301569297	948.2310650635868
1519.3976028006	1519.4031636274426
1497.4279125030152	1499.3644857379923
972.6269391252426	966.9205492208015
1170.857406499621	1169.8881989596698
1244.1770614135894	1243.2571731147004
1124.9589479693095	1127.0127222267197
1462.32586855095	1461.0542084269237
1234.977095739916	1233.9691020602731
1353.2462712431152	1354.6576093850224
1204.9895191659452	1205.2128870405122
1143.7398276257445	1143.6193367160843
1240.4317745523003	1243.2949741223313
1137.648063107219	1132.9332099193844
1429.488026195846	1431.0714136434929
1441.6601648291107	1441.307641963664
984.3980431261298	981.5970176924664
1189.9768092584272	1190.4095088203517
1493.7769816132495	1494.3244115288892
633.3590370596794	637.7311003234173
1476.916318928328	1478.4587468217055
1166.9654707253794	1163.0966234965329
1134.9429680012108	1136.5139756593198
1721.5700172934448	1719.1998100158885
1453.545205268514	1449.3775477255965
775.1624984063092	779.4153865874796
1460.4992923484533	1459.9792014362497
1226.9335920462618	1230.8508226161584
1653.2115769871743	1652.7372740306564
1428.638971987093	1426.542263965373
1352.5589015484147	1356.3355359795407
1143.3046906400705	1144.1401869379476
1224.5114250687766	1223.6619914544267
1390.8726476283919	1389.3728130027914
1125.1678292951547	1123.9356347113196
1264.8429757250124	1264.6284319383933
1077.1294759032317	1077.0079846252581
1636.2931228225934	1637.414620100027
1332.4280984447687	1332.0765299946563
1208.837998412433	1212.510252114256
1562.9408771699527	1563.9381324861038
1316.6399017864023	1319.9574030965243
1058.5029891883314	1060.3528267154313
1187.1838647669356	1185.8238699564756
1221.181603474106	1221.287417352502
1323.736240788392	1323.4573781045042
1124.8109656129964	1126.4149458957224
1613.5856415646558	1612.676437553095
1081.6461936669657	1081.3478630224865
1469.5226910029305	1470.089068994306
1342.4568610558345	1336.9686027878715
1144.187028338638	1144.8871599062186
1012.9847318484972	1011.54409589326
1195.910510750662	1198.1055968638748
938.3437545903143	941.9687432295034
1243.1986397857545	1245.0904930474583
1752.6816116103146	1753.9776822283964
1453.8198827292363	1450.8030654016457
1239.8367380388954	1238.3188056144268
1283.7174673372065	1285.2408891549396
1423.2451909958036	1423.7503782354866
1520.3589023275708	1521.168063075021
1390.2763646352105	1379.234350013837
1406.6883993671217	1406.1574654195956
1369.953574590967	1369.9215254696542
1347.8283060951508	1349.9603853736223
1029.2263519449916	1034.2858859260741
1382.0006868868659	1381.1673243823684
1161.0498713047418	1159.8935681585463
1070.7419110020855	1073.5130524475755
1195.1545700443676	1195.6976964938617
1315.696358252666	1315.8842882017484
1366.7133388537623	1365.9449638473907
1183.1819478038233	1186.4226940635212
1241.9099772199988	1244.0782534231903
1198.3961957141582	1201.9357601027864
1284.4190582806186	1285.6580089305342
1296.8795410881867	1297.8759835995013
1310.084171586088	1306.166434429503
1079.9669318645902	1082.3574946302797
986.1112393976073	985.7819521740144
1085.440703365748	1087.2697374719419
1409.1303533542086	1408.559572482377
1431.4890060839534	1428.3586744236407
1724.2541916175978	1725.7423646331215
1261.5522962566756	1261.323206470355
1211.3835684953665	1206.2532807565965
606.2566182487062	605.2180245358937
1158.9471467694966	1162.3531792982235
1269.894671629998	1268.9960560725372
1408.3605520448182	1402.2581934134782
1130.333098698029	1127.4200762305313
1295.1879758147115	1291.459048953656
1492.3541278690973	1489.2439092341554
1549.0346060676966	1551.0194693180206
920.8320024601999	921.2926044093193
1291.5952431274345	1292.4939437367625
1032.1728854336252	1032.7949242984555
1626.7945286644972	1626.090532303436
1070.5152389711293	1071.298208567286
1316.9916314652946	1317.0937926858248
901.4052702792396	902.1780226103094
1184.7363645795267	1187.8003659517378
1759.9863149736775	1758.9306049158897
1287.5011526763556	1284.5616794187722
1283.2392408733722	1286.1543745319516
1261.5633965113957	1260.7087434574553
1030.895028584171	1029.5106287773888
1570.9609919743962	1572.852591457938
1329.9823833597766	1329.700095792222
972.2635578830377	970.1406067138541
1242.327185454982	1238.8270788024429
879.3222137864796	875.4186758424466
1303.3332717099402	1303.8266029118593
1054.987884397473	1049.321744432667
1343.771995658899	1343.3130072258123
1184.7090368866338	1184.65558001351
1407.2460846874746	1405.6810229912558
1417.1978408292925	1417.0775043053752
910.0552984505775	906.7120514600223
1426.7854446823185	1427.1083223214057
1584.1271704476385	1585.2808349426637
891.3995670368749	891.6223080149697
1230.758301793161	1231.8884651721428
1246.3412972635124	1247.7668124295028
1236.5421655075625	1235.845321112987
1386.7316109044477	1385.4300721503305
1256.6393484357104	1255.7847446686053
1172.5244050420588	1171.1287953611898
1075.9039785607602	1075.9736155041417
1369.039327607985	1371.1996360281312
1277.933860483492	1277.1450527152374
1233.4750024177774	1236.532336106062
910.5629743107129	910.9207971665488
1338.359640862007	1336.3876611427686
889.5565723425825	892.1203179239736
1617.8318341014383	1618.8363053682895
973.0880810956296	973.446905312622
1325.6678715476592	1328.101120375917
1476.6297238681582	1476.4938742455377
1627.565668844065	1628.095827821326
1460.7075108781282	1458.984194152683
1441.1881874094834	1440.3504914057
1197.746676490031	1195.9213903288698
1317.2975906678766	1318.856534207098
1317.3819318582828	1317.0645854564464
1459.1630696518405	1459.1182286546211
1082.8403007851448	1081.5802604657263
1360.357405945484	1355.4297474090788
1252.3158690038254	1250.578428415427
1464.1943621578102	1463.9888663540642
1278.9188257920905	1276.2409339820067
1608.279031751037	1609.2695219296709
1503.407493959472	1507.3674110845384
1211.4718621520733	1211.3102100820067
1440.4823180895182	1443.5762673779702
882.3540787558595	882.6027433434607
1197.013618760655	1192.744625235788
1191.4040473198693	1191.2869584020484
1374.0431974151288	1375.3934516126615
1288.622106451745	1291.8509750846522
1395.4441696040158	1394.440780140302
1428.9161169145664	1430.5023129109143
1351.8495005556033	1351.6682403099721
997.5309815691726	995.2863518169642
1152.1480199037178	1153.8683857075948
1342.3687047712447	1341.0332274687414
1317.6370177859499	1318.101575620772
1298.1068840051012	1297.6265705098047
1231.521278633125	1232.2693702627391
1387.9667334369733	1392.3397816634288
1277.7821916723042	1279.7859854755272
1455.9636033468123	1459.4768039235178
1051.8835286861868	1051.3381272295114
1374.1407142922399	1371.6176374345039
1087.611338941526	1089.5732141066553
1288.276587783068	1292.9082997475457
1621.2728905848053	1620.4188230846912
1323.5746089398745	1320.3210064541352
1448.8586533168855	1448.619513770936
1055.0305739695614	1055.641061822013
1499.2307570967241	1501.2030902840638
1497.3958209595294	1500.6334697295308
1296.6235788540216	1293.4534047675656
1037.5750258274493	1033.9437866399692
1270.6007370859443	1271.806637055098
1437.19907562164	1438.0839863949595
1497.5824426318577	1499.3278802224017
1508.3023359047656	1509.5831234909856
1231.2478611253318	1232.5170508504107
1319.0387561846	1318.8974213035283
1415.9323149683769	1416.7771893087963
1370.1152862085146	1368.8370184487126
1462.6407656009833	1462.4751461617
1142.6891273764195	1143.8697459287034
1288.929914852226	1289.3252588021985
1313.088470233488	1313.0309905953818
1435.1612212725158	1435.2611442430232
1181.423993222561	1177.7987090114555
1516.199556025298	1516.237280119449
1139.1968271691294	1142.3054999304518
764.1582663184963	762.6989723043657
1485.96393505804	1487.382931053035
1543.2500959448516	1541.5084552167218
1237.0135347092291	1234.6119829115958
1150.5302374926396	1146.8935161230145
1753.3124382389942	1752.3157442105332
1329.1503112915088	1328.3878315404572
1454.8861976455082	1456.6113852109768
1436.5990584678366	1436.637294476674
675.9284511434671	677.0310980579743
1034.3967262254446	1032.9054520703494
1115.7719185682363	1119.084053545724
983.1857449507806	983.177176685404
815.3563591990387	817.8639278423593
1449.6137774459785	1450.4105253980158
1349.9443366894848	1349.378619630562
1197.8074314852129	1198.0046296304822
1049.1986511497525	1043.2946559876384
989.8746798302454	986.340024122343
1300.6995045954536	1302.366234615112
1249.09254034271	1249.7154687407792
1166.4957481864258	1163.7590319168557
1166.709939715045	1169.4597183120293
878.1882310217479	881.639961996675
1161.6076337128761	1162.3252928436675
998.8228621733433	999.2920078235577
1183.3634151010774	1185.7221127515998
1481.9232554104237	1483.175779952195
1567.0510766338266	1566.0326842035702
1249.4559917882725	1245.0375617379839
1464.735387785331	1464.3113828716823
1332.1190504700353	1332.4787403594516
939.8327335782524	938.6680456016273
1365.302442831482	1366.2374693272213
1135.237452001602	1136.8997746766815
956.6664750271302	957.6109697260598
987.1238700405811	985.5247484040399
1116.3961712444143	1112.1537061910594
1268.9247486545064	1270.2450661904174
1482.0430138649535	1481.349693251614
1516.950694764615	1516.7770486474622
1307.1834680065804	1308.3728449690605
1384.8691040855483	1385.4227368480576
1428.3181135967316	1429.060214573357
1505.0600821268163	1504.2311071793297
999.2156088280026	998.3975195456417
1179.2897239539598	1178.067253030561
1335.8264989786258	1336.5051159737259
1062.4978282217635	1062.7494060856052
1227.3067610731814	1228.6548375306818
1148.9243141268962	1148.4143083053073
1380.0095747236628	1379.468289234282
986.6760930681776	984.3483575875388
1296.7133710245835	1296.39406151885
1424.4761315851065	1425.442507756976
1240.2529470678128	1241.5011947218818
1329.7436907881638	1330.5582911620331
1507.323680225847	1508.0387777522496
1075.0257009885972	1071.643843675116
970.0465878071554	969.1429700556849
1534.3977563960943	1534.727144799665
1481.330188449996	1480.9921115506127
761.4677174030221	761.5407375838677
1139.8118432901974	1140.9041579816262
1491.859420430672	1491.5471532534007
1146.920138234942	1145.333126910138
1269.2963099818735	1267.0477516215958
1272.24003790383	1269.989344925927
1126.0416126162454	1128.0147794728634
1430.2372972011508	1431.9132626678847
1010.4931154792139	1010.2614602485866
1306.0570881547173	1304.3323586584152
1531.2045061100798	1533.2070334951882
1162.883095006633	1162.9875249567747
1155.0133115015924	1153.1099551975572
1431.8564403774217	1434.4029077226621
1247.99612296524	1248.050770213696
1609.8058482781926	1609.492508533651
1323.8400372534816	1321.4651994876097
1295.5014087065647	1296.8403221774565
1040.6888206415751	1039.3007044705896
1440.1662602243596	1442.1735777112383
1633.7759304109786	1634.3679645946345
1048.5297279636725	1047.69338612799
785.5844166207826	786.8277800855311
1497.3067256213399	1497.6537619862916
1292.2377740956144	1293.1771955942015
1371.640749314538	1371.2201131201423
1144.65876450605	1143.066998128681
1288.2768143386347	1288.1354806046065
1154.8031246874598	1151.9074667017037
1361.3747408986383	1363.7643482779606
1320.7922016536177	1320.7899500075534
1187.6305638210906	1187.1460797656105
961.2053263437992	965.7953525990299
972.5175666494179	971.7757868298768
1125.443618673773	1125.984838308489
1203.972654457757	1198.4666970010528
1331.3237876185158	1332.0952115385717
1111.0432096686563	1113.2681820325713
1087.592522525345	1088.0068661967111
1298.329772121826	1302.0492303064993
400.3300156038895	400.52729491237903
1378.499188206828	1376.2536232814232
1014.3409980594297	1016.1808270893675
1596.5325643885299	1597.9901756893448
1215.5605694335536	1210.562556049963
1245.3535384811985	1243.6902493034202
1414.2047073174617	1415.8179492144684
1005.8849551255407	1004.841050208468
1279.8844798606588	1279.1799641646753
1014.3932805083459	1014.5924520729237
1217.8831511221651	1216.9000636731155
1300.582279475202	1300.9200002244595
1327.405939479795	1328.6080049295767
1146.3268271840643	1146.362375235004
1005.6371908426227	1006.7394830357339
1557.742134255357	1556.06972250579
1295.521546273725	1297.1467829471005
1387.4768456107704	1385.7792679645722
1177.1132644007157	1176.4031547581385
1293.79767751068	1293.1110625792849
1267.9536505597644	1270.1301110648728
1251.7653098237352	1247.8392584254996
1009.2944600593473	1009.6027117108935
1495.0185862541548	1497.0182497027813
1150.789138114662	1151.4306104126265
1339.4552591363608	1338.034935036357
1241.0558904614882	1242.7122723293865
1242.8177398750558	1243.488384671071
510.3362299549917	516.7512500842073
1393.1227904287807	1393.347846875363
1841.1001658593595	1841.5586032888573
1744.9080265063676	1745.5767521966425
1729.5117139637296	1731.5942341284842
1362.8435079345072	1362.639831603236
769.577880154684	767.7283842235793
1193.6941207773343	1193.6658520039548
1337.083593610354	1337.8454628419593
1498.197125817649	1497.5141326791615
1082.1753171986784	1080.7255126495807
759.2998298539896	758.9019465582682
1457.3299807298463	1456.5118550701925
1272.316473176994	1277.3453891444483
1456.9469617439026	1455.005695522944
1200.7302497780765	1202.0980738340872
691.507622496385	693.1004459904694
1068.642449910054	1065.0103327879467
1137.1883365993854	1136.783230862698
991.2557088797039	991.7138052741112
683.7291469574411	682.4982814347704
1065.574029168347	1064.8798114513627
1347.2748554230784	1353.1978022282392
1156.8298286556383	1157.3779635558612
1387.2877120580233	1390.3542351906094
1114.00106870351	1115.6382664866287
1240.0850199041597	1238.33794744938
1438.5598404644115	1439.2939218486242
1268.6084591104009	1267.9116434486575
1114.4785412677447	1122.0894622662063
1048.385386443697	1048.2922478495673
1037.2049702483637	1036.9420404316884
1218.038287785428	1216.695601740992
1369.8007412508014	1369.279522438587
887.4335238256608	889.1933524864584
1762.6622999834653	1764.0156503977405
1193.3881272922445	1197.2270311887485
1256.8208178230852	1258.6704325901412
852.2202928202751	852.1259345993328
1290.5133825138619	1288.5318087134162
1055.0288655992772	1051.1979070828652
1334.757671281026	1321.6581459099277
1084.571052202402	1086.512977534561
1048.7279235375463	1055.2264579650446
1642.1902716129262	1640.746044830253
1439.406015310873	1440.5433931895816
1241.1073115173785	1240.1950385288771
1378.6420490698074	1377.102914935424
1440.5741080433654	1441.8601524206533
1448.6577487393806	1444.869928304256
951.2950257545453	949.5406737445448
1092.604232112004	1092.8912282518907
1236.1450991688762	1235.5930151695072
1141.9266386752424	1143.976121437314
1442.0258818753937	1445.0397528965414
1509.2436641010281	1508.7282748839748
1435.7045445873518	1437.0628861815337
1312.9267302638036	1311.8766218188662
1083.3921996376885	1081.9817321699581
1443.0731311571726	1438.3676555350646
1322.6085818030988	1324.4370308437647
1179.9394686257874	1177.4366316692137
1577.6088902319898	1578.022697759906
1040.8246996185626	1042.5197657769127
1270.9814138563233	1267.2504516507688
1452.758082990651	1449.8590307003687
1096.3218907554692	1096.7072437283884
1356.962425986625	1356.9379958182317
1554.216740120697	1556.4265611198368
1184.0914527940913	1183.6449003395055
1125.1765590111318	1126.1429324652697
1200.140531437035	1201.1874128482432
1314.4175334918837	1313.367587593811
917.6102934161318	923.4525830427801
1132.986498490849	1131.3735546150954
1733.6073761397274	1733.6938809236458
976.568269264506	981.0905087606078
1340.2659514667466	1342.250399785626
1378.5640905204345	1379.9053028285878
1455.0885004931188	1453.7801774507675
1041.368975657504	1041.9047535431187
1640.8215048529091	1641.7966823504937
1330.399030619068	1329.4579247295267
1275.8106640162005	1276.9989848981315
1384.989188148029	1384.6370653663982
829.609895483969	829.6291953956298
1239.871799953049	1227.5058064381583
1601.9621457301546	1602.4109351192158
1453.9002606770664	1454.7347047461471
1623.3299974488327	1625.7037238616585
1292.1703753810143	1294.513823788047
1212.5135456902208	1219.2825130796796
1048.6816887359018	1049.1971748229985
1113.737431706948	1113.1310162753336
1194.9896839225548	1196.3409155250288
1006.4960689804284	1009.7321123909501
1506.9647564742481	1509.2578958553277
1436.453619413951	1434.0647333997974
1324.4446717789106	1317.3107819898144
1241.7542137926794	1240.586008773837
1380.4490547174355	1379.90402897678
1202.5623819012544	1203.3614833384868
1004.4984258773911	1005.9424572337986
921.7946757171885	916.1358083248484
1016.6936187932442	1014.3137579792718
1335.6094611270528	1335.8893372410319
1436.524279970501	1434.5747024202951
1265.153701860545	1263.201401689585
1457.7303704908409	1456.0967149753938
975.3720283326402	973.5500342208111
1438.542926603026	1442.0015629041848
1251.0830425835156	1254.5483994355186
1733.9015213489765	1734.0692553886752
1060.6099565330078	1061.36213890747
1167.2062705834396	1164.0047742209988
1250.2698141276487	1252.2616623787246
1515.765301282605	1514.8209407520203
1117.3796101647022	1114.469650752356
1139.5023883052345	1141.090497801572
1319.336869634164	1317.2878477505822
1060.9794737935008	1061.3682422078698
1201.1230553943315	1199.793974630008
1520.6641459302045	1520.6848527008717
1096.7109330203675	1097.4019074546413
1064.524814460252	1067.1616099397818
1453.0999533990398	1453.586122837
1593.6610624861787	1593.0892502589863
921.753757020022	934.6038620374094
1018.4623117011215	1018.4837000417236
1000.8603973318532	995.3394036790213
1299.429016459966	1295.8171187535968
1467.9729313501157	1467.7343595302038
1302.737632098375	1303.3649740761432
1153.1754139016266	1147.4246634120802
1446.8105187825277	1446.5303479065165
1077.9361305752245	1079.4088723781247
1294.95427926915	1295.0310529125945
1270.5611348275852	1271.9132367217587
1315.53073259737	1316.6167447143207
1375.1473183304188	1373.5574471475989
882.4826576617779	884.1015111830304
1175.7836236666772	1180.330070364363
1541.3315259910305	1541.8313635386874
905.0846534374723	904.2009067197649
1321.3047591679497	1321.4289897087829
1145.2670175112144	1143.7438021707185
1137.7108145545353	1139.5030565062048
1499.4091036040627	1499.9747558738432
1352.2683169998345	1352.6435708218708
958.8848526342772	960.4064115545799
1304.676747270627	1304.0812755114541
1225.2474683854089	1225.7990493998693
1187.293727799144	1191.2170886266795
1552.8770964420983	1551.3579769159903
1023.241918995278	1024.4751555536675
1554.7799960574775	1554.9334134044318
1370.978021247749	1370.467568218601
1572.204547130561	1573.5750284496435
1271.3367924260092	1269.6382923376061
1107.7688086178678	1110.3875351073448
1533.5272441613197	1538.0384691153236
1268.8065125958528	1268.2563080896145
1068.6145494646917	1064.2139979919289
1493.1831638222502	1496.3256717139286
932.8883314089326	950.2546670865182
996.4103335023974	997.243547717865
1036.9737021185283	1033.9713833692977
911.9983594023506	920.0593066592439
926.9056489210925	926.5713638257682
1162.658852588851	1164.7013557583366
1429.2771851782454	1431.3436857253012
818.6863570861751	820.1317858050747
1408.7599292208615	1409.4958154407268
1233.388952828711	1234.0144220321831
1215.3863780950487	1222.1834523652535
958.939387434395	957.905494590554
1379.1744599907543	1377.1687831613349
1064.3027781708224	1065.6977760899358
1433.1094049052044	1436.481902777041
1098.4469713004073	1099.4398092420356
1155.7932893144316	1152.8128620796424
1755.6488726404496	1758.9356025399125
1211.955024458206	1212.1799130584727
1127.4064446039556	1125.5551235955033
1282.4159868490533	1283.5961049784114
1543.5399303409213	1543.6911818190083
1229.9341784397548	1231.589149232638
888.3361929326784	885.7538642828383
1317.9681736747443	1318.6404403971464
1498.4390997035662	1499.4931761298894
1840.362455851311	1840.1143218205143
1024.029875494598	1021.0848936655146
1611.5018481675652	1611.6546956761488
1008.6669079667481	1009.0777398034644
1734.69636323725	1734.6736480814734
1349.7263819556101	1350.5627739821716
1194.9684049804346	1196.5181806568908
1320.7600507150928	1319.5561876887677
1035.599405533576	1036.630506397099
1390.4436312534963	1389.9927820177427
1318.4303113107453	1314.519589240361
1266.7394492038293	1265.9665106526559
1567.615434649284	1571.2213454584971
1141.2147020213306	1140.677986628573
1313.050887112564	1310.4792018587375
1049.534339425998	1051.3763565539161
1066.2771439738572	1066.661534702661
1328.4194528421212	1327.4903334983549
1389.4796839688788	1392.050423759587
1463.3590367377328	1462.418433388977
1009.773734495684	1013.695395216079
1629.4963461761363	1628.6487691769012
1483.3937398219714	1482.9109272840305
1627.418284489686	1627.8907706565017
1637.747342958668	1636.16364707165
1345.3571480532119	1345.230059833114
1508.5463826566993	1510.986314597146
1634.1944113642967	1631.8754345227755
1422.7898750560416	1424.3085234731077
1044.7465494130156	1032.902117701213
1057.9076358956227	1059.3590556372471
1208.0865044140373	1201.238564323067
947.078178927477	941.6996600492287
1476.9195006116643	1477.709257387854
1245.9438640089065	1247.7883600805026
1469.4384528204391	1467.8065505899588
1589.6276746432704	1591.2627172794646
1237.43906158951	1231.7633822148669
1474.3278894286195	1474.696158186395
1005.2848241314059	1006.5256803131869
975.2982501070073	979.3358048095354
1372.0487738859374	1372.9004799627558
1333.547074078524	1333.8419343839366
1490.174709811312	1492.4333266385545
1142.688043202419	1141.0486523586246
1064.3476137006073	1063.279470568172
1135.251799477759	1137.014010661065
1295.7364304030489	1291.0527007217736
1007.4568658940261	1004.1631874295805
1384.0401002264698	1382.6052173255553
1124.5439439846377	1125.3404355668567
1170.731826169882	1171.6524114335332
1519.1487657779944	1519.4723783820737
1203.0882282564417	1204.4210534663696
1347.018637214438	1358.4183336643546
1471.929315480491	1469.0205884299635
1503.0669564548589	1502.396158755158
1282.6531392766337	1279.853272498579
1021.8585661200923	1018.2511363065505
1243.6256651542208	1245.317746277952
935.1008185299579	939.6782585483386
1534.1851934421575	1534.0523246785538
1362.854142399563	1362.1504404977725
1763.3079842295265	1765.1188294498056
1496.4320959288161	1493.8476244643273
1134.3215715624683	1132.0694788525363
893.1258557636902	893.5787069702282
855.183824077103	896.5262701211145
1563.2299461238727	1561.2605270495155
1220.4805532521277	1217.945650773462
1463.6663030530617	1463.4805697589127
1164.1045724088326	1162.8208314568458
1586.6305112493283	1588.1532017593875
1263.5890973854112	1263.0694106992592
1523.2728409972624	1522.2177368900263
1083.9382901011268	1081.5874264954082
1242.3423564363911	1242.090366278498
1069.5185473599122	1068.7454712657182
1487.788112988579	1490.1777647860606
1161.1561001049995	1159.5348030495716
1104.1602658987686	1104.9649174973306
1621.0403791656427	1619.9954541667535
1409.3391272090375	1409.5906268404158
1313.5837864167988	1312.6217209935828
1347.8674684845028	1348.0414178056371
1294.6986466819944	1292.3995004693234
1372.8929477596248	1371.4257194573497
1214.5021557791624	1215.985769758137
1068.1159979858785	1067.3500175861261
1374.919537580281	1375.639714829325
1113.5365856811404	1114.1923509680623
1381.0586070505087	1380.8258025560233
1330.3164165594208	1329.7872878301314
1326.5531198511599	1327.0793783886552
1135.2270653274318	1135.7659119633377
1062.1726126976428	1064.4035368899058
1570.3190133266035	1570.1070196826975
1262.2532778605237	1263.9635246813425
999.2838912594889	999.5309796558103
1437.2585368851724	1436.631823452434
1510.4642879070016	1510.4850204412912
1163.5951408202236	1163.8971544929905
1273.6535839470162	1273.5003321572467
1312.6921666166163	1313.195710973581
1134.1632441408	1133.2707280213692
984.9304741794185	984.7762572282265
1166.289579337492	1165.586126266228
1228.9683628354687	1229.1515831713414
1434.3956832155527	1431.441557556963
1087.5578523072181	1088.1071032749394
1487.4866223108547	1488.8051623668975
1024.984007143823	1029.9797094096216
1135.8802798634279	1136.547222634532
1424.8943657917262	1427.0507165251965
1416.2003520662838	1417.9676059403391
1110.8909720794472	1112.8280190092096
528.6074140086275	528.0955806731597
1109.0157414903515	1114.1486438012673
1443.4793918853102	1441.9393630009033
1543.3167953385273	1542.3570622048514
1050.963818664255	1048.2137654161902
1334.2960015621502	1332.313258812176
1118.023632229335	1117.7861555459842
1236.5258230434847	1237.5665761479938
1438.9625217505672	1439.664065107336
1224.014792681468	1222.774166208552
1375.3044630370568	1371.8291970196276
1241.7707034173363	1239.6949074485085
1619.682099603553	1617.6389967501002
1152.0571824700455	1156.3556205179107
1210.219203724264	1210.0287916284406
1169.9859274691553	1170.5662240508025
1328.5193318133825	1329.1048358346998
1478.8498188788944	1479.0821118718866
1119.8108838936023	1118.9689058005986
1362.7234710137418	1364.0231602646888
1364.261066555424	1365.8982770784753
1374.9518350475118	1376.7832303150317
1076.7133265674056	1075.7285500850642
1337.2573046711623	1336.695971412627
1390.2904170904949	1388.4611106016546
1098.1799812852987	1098.1903626172527
1035.9170704879507	1038.7762203988905
910.7671183919883	912.3722600605793
1435.2306981075963	1434.416833816752
1153.9061283300398	1159.3621040738021
1153.97704494567	1151.4167077245381
1495.5592935069872	1496.1988292921849
1013.8781179818325	1004.6829593757177
1344.068608598638	1340.6065509571335
1279.536658712983	1279.7158536461586
1379.365908639069	1376.6528710748091
855.6057265445124	853.2996478584882
1130.083297396981	1133.2096490970673
1045.6483081859478	1048.1971422332078
1150.4991704899876	1151.0637960078348
1450.5036042519205	1450.4527878870535
1293.8805554622086	1293.9994746385285
1245.045612480957	1247.4733351676664
1104.6773317412299	1101.4260035646016
1572.4265834965045	1573.5476155758106
1550.8494238536514	1551.259195147993
1440.6023424610903	1441.7097622361723
1426.488295979303	1425.714494365255
1256.8810938840033	1256.640530591151
1268.2998617679987	1265.5667665169287
1291.3282680498087	1290.357388530693
1126.4004946450586	1125.5170417412533
1117.1488821544626	1117.430166341997
1089.2944494256808	1088.7241710128021
1060.3751952259918	1062.2193699222566
944.5205523302429	945.7400842294585
1488.802960225643	1489.1644997642406
1555.4502834445739	1554.8989851556987
1045.309625221882	1049.022275849913
1340.7895200973726	1342.1314733418633
1473.4604677024763	1474.6471241379977
1437.8954687268415	1437.852248435014
1337.5156519142329	1338.8871025596366
1414.5442729250353	1416.1593314372471
1231.4464390809298	1230.2411506692663
1441.3436314696446	1440.3765436324718
856.89142395003	859.6708568331059
1381.9581893735449	1377.933951166762
1378.1640218637767	1378.900323201176
1249.886936894909	1248.3732988437455
1368.6134066729282	1367.0983465583229
1298.6591518557398	1297.5566702365218
1003.682432696136	1004.2695648145924
1733.827451589692	1732.886889159097
1014.5955846629804	1006.8585123034273
1190.9487747155363	1188.4656561251775
1402.2447143232275	1403.0095502995816
1163.3934160141798	1161.252697285066
1627.3021273950872	1627.835253806101
1425.6060942529293	1426.3766020961086
1174.742852509662	1173.7793074773733
1229.4570111839275	1226.9712373452935
1222.1429335334979	1222.9418208251811
1430.3606283766567	1430.3262783941168
1166.9261391861364	1165.5900579657139
1168.8568800648209	1165.0332968571417
1567.6847142133338	1569.5254071483155
1510.287780376675	1507.7859811809526
1176.388520663866	1175.235345982877
1500.9434592852776	1501.8955650604541
1093.832694162731	1090.06344705059
1150.2034616630408	1150.0239575947523
1731.2382889320143	1730.5011561607496
1327.6739911475743	1329.0548760771283
1370.131668884831	1366.5162314493361
1514.9811911668803	1515.4445628230185
1480.1054931871477	1480.1610447963758
1084.9498167497513	1088.4274042026714
1415.8482340970659	1415.2977495729551
1575.5067764176056	1575.5559427961657
1300.0457696252852	1298.3207618225545
1258.0476159417303	1260.9572608424419
1059.7028512184916	1060.7945268140193
1474.8624847721949	1475.2575986325778
1330.6542700381833	1330.78554405251
1153.1096799656516	1153.2283275293266
1368.5247680566972	1369.389323404435
1124.5373243090871	1123.7428234658466
1198.4358504086558	1194.1137327742852
1604.7499463723507	1605.2189218274475
1560.8417933451128	1559.9719507889793
1209.4139445275941	1210.5038125224971
1334.064969217201	1334.7953897839423
1113.1500539302651	1109.9465933910176
1216.427137645398	1218.5429089286615
1490.8774431384809	1488.7283852816443
1321.082587576704	1322.0579581952022
1270.9840220646001	1269.3815137972774
1621.8802999377658	1621.717448858993
414.565700112551	414.4465144393823
1377.3337569704163	1382.9663067445388
1195.1645961935865	1197.1306297657768
1301.4358333376003	1299.5502803177671
1088.1008593454317	1090.6233631629627
1619.3053202840674	1618.9112349125044
1318.913986773754	1318.7133243504334
1430.5543026367668	1433.2409635137408
1349.6244822260924	1349.2700947794838
865.2434243482712	862.4007058236473
