1.720356692322775984e+02 3.135720901331769284e+00 1.000000000000000000e+00 1.000000000000000000e+06
1.720328301348277478e+02 3.135724189839288467e+00 1.000000000000000000e+00 3.162277660168379080e+05
1.720238529718125733e+02 3.135734584671578062e+00 1.000000000000000000e+00 1.000000000000000000e+05
1.719954732008866927e+02 3.135767412600440007e+00 1.000000000000000000e+00 3.162277660168379589e+04
1.719058134975489622e+02 3.135870789521878699e+00 1.000000000000000000e+00 1.000000000000000000e+04
1.716231669449355763e+02 3.136180061847695821e+00 1.000000000000000000e+00 3.162277660168379043e+03
1.716163837293046868e+02 3.134864755503679934e+00 3.162277660168379394e-03 1.000000000000000000e+06
1.707384403761036538e+02 3.136629074781912330e+00 1.000000000000000000e+00 1.000000000000000000e+03
1.707317829693066358e+02 3.135396435492225464e+00 3.162277660168379394e-03 3.162277660168379080e+05
1.680260599790904052e+02 3.138226652628524072e+00 1.000000000000000000e+00 3.162277660168379043e+02
1.680199079409049148e+02 3.136855241376928838e+00 3.162277660168379394e-03 1.000000000000000000e+05
1.602287047220269471e+02 3.150980820196144006e+00 1.000000000000000000e+00 1.000000000000000000e+02
1.602249581067789563e+02 3.151082487501270624e+00 3.162277660168379394e-03 3.162277660168379589e+04
1.414267080843482347e+02 3.144050448028226086e+00 1.000000000000000000e+00 3.162277660168379612e+01
1.414220418746300538e+02 3.144176339041451218e+00 3.162277660168379394e-03 1.000000000000000000e+04
1.094631460866710739e+02 2.810765641528631509e+00 1.000000000000000000e+00 1.000000000000000000e+01
1.094460645770592038e+02 2.806572101819575504e+00 3.162277660168379394e-03 3.162277660168379043e+03
1.094460117611898369e+02 2.806558540751869835e+00 9.999999999999999124e-06 1.000000000000000000e+06
7.593026941558373721e+01 1.751220611630557089e+00 1.000000000000000000e+00 3.162277660168379079e+00
7.584090456124160085e+01 1.738186056183563588e+00 3.162277660168379394e-03 1.000000000000000000e+03
7.584063602295250917e+01 1.738137462290486823e+00 9.999999999999999124e-06 3.162277660168379080e+05
4.963696503135613369e+01 8.457474492081367146e-01 1.000000000000000000e+00 1.000000000000000000e+00
4.926998777706116783e+01 8.359480146337197048e-01 3.162277660168379394e-03 3.162277660168379043e+02
4.926898785858686836e+01 8.359529344676169815e-01 9.999999999999999124e-06 1.000000000000000000e+05
3.021529066557095078e+01 4.243655242612517919e-01 3.162277660168379394e-03 1.000000000000000000e+02
3.021261978281251004e+01 4.240357196050368871e-01 9.999999999999999124e-06 3.162277660168379589e+04
1.900989368792800605e+01 2.432286568659978720e-01 3.162277660168379394e-03 3.162277660168379612e+01
1.900394391454830512e+01 2.417819961199702550e-01 9.999999999999999124e-06 1.000000000000000000e+04
1.278098390155386177e+01 2.455939484416133911e-01 3.162277660168379191e-08 1.000000000000000000e+06
1.278097509701386869e+01 2.455992020983041313e-01 9.999999999999999124e-06 3.162277660168379043e+03
1.277903461493601256e+01 2.478592017971017747e-01 3.162277660168379394e-03 1.000000000000000000e+01
9.675529229284473232e+00 2.344812311464423149e-01 3.162277660168379191e-08 3.162277660168379080e+05
9.674797439299481994e+00 2.346035958237071561e-01 9.999999999999999124e-06 1.000000000000000000e+03
9.552918647473514824e+00 2.536599573149803111e-01 3.162277660168379394e-03 3.162277660168379079e+00
8.006558735484347267e+00 1.966514069687269328e-01 3.162277660168379191e-08 1.000000000000000000e+05
7.997954926886754023e+00 1.984906762338543018e-01 9.999999999999999124e-06 3.162277660168379043e+02
7.638634484747494291e+00 2.351260376495617754e-01 3.162277660168379394e-03 1.000000000000000000e+00
7.061249069529623057e+00 1.832522723060638070e-01 3.162277660168379191e-08 3.162277660168379589e+04
7.005420912629105601e+00 1.998020906922715056e-01 9.999999999999999124e-06 1.000000000000000000e+02
6.338917150966754122e+00 1.567282536561842576e-01 3.162277660168379191e-08 1.000000000000000000e+04
6.132311571698610742e+00 1.875055071276328367e-01 9.999999999999999124e-06 3.162277660168379612e+01
5.715721621796751251e+00 1.208427587446526535e-01 9.999999999999999072e-11 1.000000000000000000e+06
5.700385429771148260e+00 1.237909581386169994e-01 3.162277660168379191e-08 3.162277660168379043e+03
5.302371678485029882e+00 1.457188192405921290e-01 9.999999999999999124e-06 1.000000000000000000e+01
5.240440362744102742e+00 8.789114725419659713e-02 9.999999999999999072e-11 3.162277660168379080e+05
5.149442648307212878e+00 9.967610143619658192e-02 3.162277660168379191e-08 1.000000000000000000e+03
4.825136576251030540e+00 9.013163748177772938e-02 9.999999999999999072e-11 1.000000000000000000e+05
4.736510757158744589e+00 1.134455315549534604e-01 9.999999999999999124e-06 3.162277660168379079e+00
4.567586343045887176e+00 1.098495432637890262e-01 3.162277660168379191e-08 3.162277660168379043e+02
4.388295402999278672e+00 1.082205065853889536e-01 9.999999999999999072e-11 3.162277660168379589e+04
4.236641009628844934e+00 1.003745690618440961e-01 9.999999999999999124e-06 1.000000000000000000e+00
4.042862667521360365e+00 1.113496020391468583e-01 3.162277660168379191e-08 1.000000000000000000e+02
3.893309964082057206e+00 9.393505920115775842e-02 9.999999999999999072e-11 1.000000000000000000e+04
3.586714170134511104e+00 9.790998019706793898e-02 3.162277660168379191e-08 3.162277660168379612e+01
3.434589280780699028e+00 6.944511086000171307e-02 9.999999999999999072e-11 3.162277660168379043e+03
3.145873270244319286e+00 7.247366780145372833e-02 3.162277660168379191e-08 1.000000000000000000e+01
3.097708357231644616e+00 5.080807507872313333e-02 9.999999999999999072e-11 1.000000000000000000e+03
2.803198326526768813e+00 4.399274244162197645e-02 9.999999999999999072e-11 3.162277660168379043e+02
2.763762680049559606e+00 4.783726041030614273e-02 3.162277660168379191e-08 3.162277660168379079e+00
2.528998609027361955e+00 4.736363632687029535e-02 9.999999999999999072e-11 1.000000000000000000e+02
2.402359352100113199e+00 3.809472589803475362e-02 3.162277660168379191e-08 1.000000000000000000e+00
2.261654415919916339e+00 5.361482126245285806e-02 9.999999999999999072e-11 3.162277660168379612e+01
2.055167896211453460e+00 5.981899829170975874e-02 9.999999999999999072e-11 1.000000000000000000e+01
1.944813422687248217e+00 1.134905188943019783e-01 9.999999999999999072e-11 1.000000000000000000e+00
1.920225432710279900e+00 8.383744387382899288e-02 9.999999999999999072e-11 3.162277660168379079e+00
