1.709386638303225538e+02 2.568849265251894387e+00 1.000000000000000000e+00 1.000000000000000000e+06
1.709358552973861265e+02 2.568836952542843388e+00 1.000000000000000000e+00 3.162277660168379080e+05
1.709269747759659310e+02 2.568798026925714684e+00 1.000000000000000000e+00 1.000000000000000000e+05
1.708989004938212872e+02 2.568675039134199256e+00 1.000000000000000000e+00 3.162277660168379589e+04
1.708102056448974224e+02 2.568287174076788748e+00 1.000000000000000000e+00 1.000000000000000000e+04
1.705306202550289356e+02 2.567022773478470299e+00 1.000000000000000000e+00 3.162277660168379043e+03
1.705228900880680101e+02 2.565215478249955883e+00 3.162277660168379394e-03 1.000000000000000000e+06
1.696554524905423591e+02 2.563051711400605281e+00 1.000000000000000000e+00 1.000000000000000000e+03
1.696480923680693422e+02 2.561599943952550529e+00 3.162277660168379394e-03 3.162277660168379080e+05
1.669733979073453156e+02 2.556333913413491921e+00 1.000000000000000000e+00 3.162277660168379043e+02
1.669669837803165535e+02 2.554945261966491188e+00 3.162277660168379394e-03 1.000000000000000000e+05
1.592670566183157064e+02 2.558826037647145224e+00 1.000000000000000000e+00 1.000000000000000000e+02
1.592625400965498557e+02 2.555569186392915526e+00 3.162277660168379394e-03 3.162277660168379589e+04
1.407479714070778414e+02 2.521004671253973317e+00 1.000000000000000000e+00 3.162277660168379612e+01
1.407409291041319079e+02 2.516720130064667327e+00 3.162277660168379394e-03 1.000000000000000000e+04
1.092340040291066714e+02 2.532446157570047873e+00 1.000000000000000000e+00 1.000000000000000000e+01
1.092149212528313456e+02 2.526584843985737461e+00 3.162277660168379394e-03 3.162277660168379043e+03
1.092148632682862655e+02 2.526564580783284608e+00 9.999999999999999124e-06 1.000000000000000000e+06
7.608128064625709897e+01 2.367885959779391314e+00 1.000000000000000000e+00 3.162277660168379079e+00
7.599612169472804624e+01 2.363706877639689452e+00 3.162277660168379394e-03 1.000000000000000000e+03
7.599586412400685731e+01 2.363695951691377584e+00 9.999999999999999124e-06 3.162277660168379080e+05
4.990547434527115200e+01 1.915928676773672290e+00 1.000000000000000000e+00 1.000000000000000000e+00
4.954346749091455848e+01 1.938264027114493970e+00 3.162277660168379394e-03 3.162277660168379043e+02
4.954246592331433163e+01 1.938280827984748766e+00 9.999999999999999124e-06 1.000000000000000000e+05
3.027332712985107577e+01 1.152475742724994312e+00 3.162277660168379394e-03 1.000000000000000000e+02
3.027056938507090678e+01 1.152733335094187073e+00 9.999999999999999124e-06 3.162277660168379589e+04
1.898316458482094404e+01 5.688844332778052459e-01 3.162277660168379394e-03 3.162277660168379612e+01
1.897813349214077761e+01 5.694224696288423537e-01 9.999999999999999124e-06 1.000000000000000000e+04
1.282406694393067959e+01 2.210778552841881350e-01 3.162277660168379191e-08 1.000000000000000000e+06
1.282404969299191499e+01 2.210845168577742770e-01 9.999999999999999124e-06 3.162277660168379043e+03
1.281888054597009230e+01 2.222611048325375538e-01 3.162277660168379394e-03 1.000000000000000000e+01
9.769499198422789021e+00 1.527776307073159534e-01 3.162277660168379191e-08 3.162277660168379080e+05
9.768728467106601698e+00 1.528731242653634803e-01 9.999999999999999124e-06 1.000000000000000000e+03
9.642250364190577017e+00 1.724681435846553146e-01 3.162277660168379394e-03 3.162277660168379079e+00
8.114279556970226182e+00 1.274263372928590432e-01 3.162277660168379191e-08 1.000000000000000000e+05
8.105362022607490502e+00 1.281589589719370481e-01 9.999999999999999124e-06 3.162277660168379043e+02
7.721657556248146648e+00 1.650732631124396388e-01 3.162277660168379394e-03 1.000000000000000000e+00
7.149686647692718111e+00 1.278364232098835318e-01 3.162277660168379191e-08 3.162277660168379589e+04
7.089266531076232170e+00 1.319560105682047457e-01 9.999999999999999124e-06 1.000000000000000000e+02
6.402095457917596377e+00 1.063934562940699879e-01 3.162277660168379191e-08 1.000000000000000000e+04
6.174871526341095596e+00 1.201090838143263617e-01 9.999999999999999124e-06 3.162277660168379612e+01
5.761866373788386397e+00 1.109981748426294990e-01 9.999999999999999072e-11 1.000000000000000000e+06
5.744426990821430046e+00 1.105753458730752425e-01 3.162277660168379191e-08 3.162277660168379043e+03
5.305396150593344018e+00 1.139552775934493389e-01 9.999999999999999124e-06 1.000000000000000000e+01
5.268613214223110575e+00 1.179746205878924176e-01 9.999999999999999072e-11 3.162277660168379080e+05
5.165748274223388670e+00 1.192038589370380541e-01 3.162277660168379191e-08 1.000000000000000000e+03
4.847196956642839893e+00 1.320594770677788743e-01 9.999999999999999072e-11 1.000000000000000000e+05
4.733945976320988791e+00 1.060220246665771054e-01 9.999999999999999124e-06 3.162277660168379079e+00
4.563184925012829574e+00 1.363834845139982321e-01 3.162277660168379191e-08 3.162277660168379043e+02
4.389270770817805811e+00 1.401384525919908419e-01 9.999999999999999072e-11 3.162277660168379589e+04
4.200824200951958964e+00 1.191254622136717067e-01 9.999999999999999124e-06 1.000000000000000000e+00
4.030997178125561575e+00 1.394431203407305586e-01 3.162277660168379191e-08 1.000000000000000000e+02
3.870278212927399153e+00 1.462279735632038002e-01 9.999999999999999072e-11 1.000000000000000000e+04
3.556588819127058709e+00 1.272481330510897846e-01 3.162277660168379191e-08 3.162277660168379612e+01
3.393741737127401681e+00 1.357378020334305546e-01 9.999999999999999072e-11 3.162277660168379043e+03
3.099236507840438914e+00 9.900075187135477794e-02 3.162277660168379191e-08 1.000000000000000000e+01
3.068762712925290792e+00 9.786693427246026533e-02 9.999999999999999072e-11 1.000000000000000000e+03
2.771108749149221229e+00 6.351841699835332478e-02 9.999999999999999072e-11 3.162277660168379043e+02
2.688359933557989301e+00 6.433762632548155336e-02 3.162277660168379191e-08 3.162277660168379079e+00
2.465192943990157204e+00 4.684317142163974684e-02 9.999999999999999072e-11 1.000000000000000000e+02
2.347442835723897225e+00 5.169719518526717794e-02 3.162277660168379191e-08 1.000000000000000000e+00
2.186244030662012783e+00 4.021239335793987818e-02 9.999999999999999072e-11 3.162277660168379612e+01
1.972465255757444691e+00 3.076694792577777324e-02 9.999999999999999072e-11 1.000000000000000000e+01
1.852517028650816133e+00 3.001256299492742821e-02 9.999999999999999072e-11 1.000000000000000000e+00
1.842108918994686650e+00 2.495342291738711707e-02 9.999999999999999072e-11 3.162277660168379079e+00
