1.707080121334809064e+02 3.139992081178319072e+00 1.000000000000000000e+00 1.000000000000000000e+06
1.707052497329839866e+02 3.139981161870329274e+00 1.000000000000000000e+00 3.162277660168379080e+05
1.706965167433791635e+02 3.139948342732332254e+00 1.000000000000000000e+00 1.000000000000000000e+05
1.706689111699606940e+02 3.139847120988404683e+00 1.000000000000000000e+00 3.162277660168379589e+04
1.705817039414453973e+02 3.139530938001651172e+00 1.000000000000000000e+00 1.000000000000000000e+04
1.703069661864992099e+02 3.138587815515120560e+00 1.000000000000000000e+00 3.162277660168379043e+03
1.703011361754846860e+02 3.141618867321469999e+00 3.162277660168379394e-03 1.000000000000000000e+06
1.694466441633421141e+02 3.135382834049499579e+00 1.000000000000000000e+00 1.000000000000000000e+03
1.694411197091163217e+02 3.138097075254733248e+00 3.162277660168379394e-03 3.162277660168379080e+05
1.668079644754156448e+02 3.123583383094039601e+00 1.000000000000000000e+00 3.162277660168379043e+02
1.668026042722072759e+02 3.126928255268154988e+00 3.162277660168379394e-03 1.000000000000000000e+05
1.592169344762658625e+02 3.099848978223313622e+00 1.000000000000000000e+00 1.000000000000000000e+02
1.592142431651782317e+02 3.103762888722565894e+00 3.162277660168379394e-03 3.162277660168379589e+04
1.408697304389161786e+02 3.069066124229291148e+00 1.000000000000000000e+00 3.162277660168379612e+01
1.408639245660514518e+02 3.073064681073287563e+00 3.162277660168379394e-03 1.000000000000000000e+04
1.095007904272210624e+02 2.920071541539394300e+00 1.000000000000000000e+00 1.000000000000000000e+01
1.094798447230843266e+02 2.926325662442536224e+00 3.162277660168379394e-03 3.162277660168379043e+03
1.094797800047984282e+02 2.926343587122090195e+00 9.999999999999999124e-06 1.000000000000000000e+06
7.615997764732014730e+01 2.501091762007291663e+00 1.000000000000000000e+00 3.162277660168379079e+00
7.607565222952857198e+01 2.513194764775016576e+00 3.162277660168379394e-03 1.000000000000000000e+03
7.607540031788826695e+01 2.513232467435376094e+00 9.999999999999999124e-06 3.162277660168379080e+05
4.990538967334730103e+01 1.777671320700238144e+00 1.000000000000000000e+00 1.000000000000000000e+00
4.955826696451007507e+01 1.803863254231074631e+00 3.162277660168379394e-03 3.162277660168379043e+02
4.955732584117127004e+01 1.803921547716635265e+00 9.999999999999999124e-06 1.000000000000000000e+05
3.041026802658706174e+01 1.185580870550769550e+00 3.162277660168379394e-03 1.000000000000000000e+02
3.040768430917059817e+01 1.185329705853270355e+00 9.999999999999999124e-06 3.162277660168379589e+04
1.912713025810385048e+01 7.851424099262802603e-01 3.162277660168379394e-03 3.162277660168379612e+01
1.912177804100846501e+01 7.850941899791060719e-01 9.999999999999999124e-06 1.000000000000000000e+04
1.291455649898555258e+01 5.275660572745665133e-01 3.162277660168379191e-08 1.000000000000000000e+06
1.291453778659355578e+01 5.275564795751924718e-01 9.999999999999999124e-06 3.162277660168379043e+03
1.291040374101627108e+01 5.247824890922786478e-01 3.162277660168379394e-03 1.000000000000000000e+01
9.769748190565238133e+00 3.494653517587514857e-01 3.162277660168379191e-08 3.162277660168379080e+05
9.768991962021997821e+00 3.494763284939225723e-01 9.999999999999999124e-06 1.000000000000000000e+03
9.638961008153364318e+00 3.550791043527995461e-01 3.162277660168379394e-03 3.162277660168379079e+00
8.067037141561222313e+00 2.260463752318579156e-01 3.162277660168379191e-08 1.000000000000000000e+05
8.057987115969899250e+00 2.264202466139575709e-01 9.999999999999999124e-06 3.162277660168379043e+02
7.680089569164183949e+00 2.416099837581167087e-01 3.162277660168379394e-03 1.000000000000000000e+00
7.128842373526985909e+00 1.518744815987166652e-01 3.162277660168379191e-08 3.162277660168379589e+04
7.067325867803162964e+00 1.546862324717900861e-01 9.999999999999999124e-06 1.000000000000000000e+02
6.415412407294942554e+00 1.176195809319763586e-01 3.162277660168379191e-08 1.000000000000000000e+04
6.186478375801633511e+00 1.260027134434242024e-01 9.999999999999999124e-06 3.162277660168379612e+01
5.797212054695269678e+00 9.164387788492142639e-02 9.999999999999999072e-11 1.000000000000000000e+06
5.780045050954503161e+00 9.244353129412505310e-02 3.162277660168379191e-08 3.162277660168379043e+03
5.356591171925947137e+00 9.467817951153513489e-02 9.999999999999999124e-06 1.000000000000000000e+01
5.313101141787577752e+00 7.812849496187726506e-02 9.999999999999999072e-11 3.162277660168379080e+05
5.213323520519099752e+00 8.471268088646775885e-02 3.162277660168379191e-08 1.000000000000000000e+03
4.886849037579872324e+00 7.612283255777765878e-02 9.999999999999999072e-11 1.000000000000000000e+05
4.786897216713604131e+00 1.016939331004586972e-01 9.999999999999999124e-06 3.162277660168379079e+00
4.607526987143950592e+00 8.069064706722557656e-02 3.162277660168379191e-08 3.162277660168379043e+02
4.423389187259902045e+00 7.537970669673062230e-02 9.999999999999999072e-11 3.162277660168379589e+04
4.250347189462449826e+00 1.045531332440810257e-01 9.999999999999999124e-06 1.000000000000000000e+00
4.058360309978967351e+00 8.167532089209447732e-02 3.162277660168379191e-08 1.000000000000000000e+02
3.901630798908961140e+00 6.780496783116685133e-02 9.999999999999999072e-11 1.000000000000000000e+04
3.582014119211296865e+00 7.045186102502232206e-02 3.162277660168379191e-08 3.162277660168379612e+01
3.430448842847290791e+00 7.664540076424347648e-02 9.999999999999999072e-11 3.162277660168379043e+03
3.124935692416867639e+00 5.876249001043724191e-02 3.162277660168379191e-08 1.000000000000000000e+01
3.093035165618116089e+00 6.771058782352008809e-02 9.999999999999999072e-11 1.000000000000000000e+03
2.775780218993681991e+00 5.894144602210817097e-02 9.999999999999999072e-11 3.162277660168379043e+02
2.714807857856564421e+00 6.206575598339338778e-02 3.162277660168379191e-08 3.162277660168379079e+00
2.471375292664858669e+00 5.986119861306369444e-02 9.999999999999999072e-11 1.000000000000000000e+02
2.360698105244883660e+00 5.212767743824947564e-02 3.162277660168379191e-08 1.000000000000000000e+00
2.184540719606462567e+00 5.831195598041513661e-02 9.999999999999999072e-11 3.162277660168379612e+01
1.963551573854093846e+00 4.208428337355771265e-02 9.999999999999999072e-11 1.000000000000000000e+01
1.854540916099962855e+00 2.806205735997368070e-02 9.999999999999999072e-11 1.000000000000000000e+00
1.851912099027348546e+00 4.401115214737679610e-02 9.999999999999999072e-11 3.162277660168379079e+00
