1451.1734709410812	1452.4387581700835
1397.548579016846	1395.3269074548896
1347.7503865713952	1348.4213975345035
1381.0339023683628	1379.362029370755
1081.5234669756028	1079.4440059659094
580.8484839860757	581.5454877724632
1529.0053212747735	1529.9818753665188
1601.538296600571	1601.196687037217
1329.6404546629929	1333.3271620948806
1557.2921302548493	1556.0909138747272
1499.7443961370736	1498.4335963405688
1188.7614221940166	1191.8202769742554
1607.444188474561	1608.9705405730538
1062.4978282217635	1062.5023243001444
992.2483363034262	994.1144131441134
1277.4024143483548	1275.3775844941003
1369.9106679628312	1371.7322604392134
1508.9870932834456	1506.7980628423593
1646.4268271893961	1646.923059042949
987.8219583053142	985.8400488174003
1562.2396760896954	1560.9420138699786
1340.5925157454913	1340.616964644302
861.3257561521314	863.2207058984278
1650.5120478294848	1649.838035006477
1563.698582223442	1563.430950335771
849.5560382169788	846.9436336613551
1063.5052197723999	1063.9462105936607
1078.1758155150455	1078.8109695559203
1195.8225420544622	1196.7243571696363
1327.3935449351848	1329.3788167712446
1561.3364499530871	1562.051039454783
1395.2311059629428	1402.3566260375776
1744.6410908053804	1744.6670256099012
1338.636341608304	1338.579129075795
1329.1277503715537	1329.7081050932532
1403.2904676125618	1401.2937795324833
864.7173354269762	865.8898154891231
1057.6013384419348	1057.9333304440026
961.1909551963327	962.8922662035915
1526.1529856987763	1524.7711387870127
1116.26760704341	1118.4405134413114
1291.0628626563994	1290.4337372270436
1191.8985343907552	1193.7791351527167
1241.4425881120842	1243.8147881560114
1344.068608598638	1341.6732408795797
1492.2669078023173	1491.0657768061137
1258.6678004548303	1262.6960290048341
1005.4766365898249	1004.7878262109392
1156.984082600713	1155.7676252845433
913.6709328224533	913.9701616222608
1576.46467205949	1574.231395851655
1515.213715847698	1514.4043914948454
1513.891381693451	1515.1704289746945
698.7954110003338	700.4419915995642
1037.231766015815	1042.4947010689434
1245.045612480957	1249.086594298399
1120.783605048724	1124.3860924729584
1101.092101434304	1104.6670976132366
1227.8258211488428	1226.1104751634105
1423.5243501889636	1424.0998794153345
596.4335497090651	597.2875792763409
1495.6160858026124	1496.0592726676807
1086.4802614294458	1091.2096500786163
1246.3256940466817	1249.1123999864312
1002.4904789620778	1003.5127766252799
1458.2639015822788	1459.2604160220808
1597.1839929912821	1597.2014389568615
1246.7082807833212	1251.3785101010817
1629.9666362753778	1631.6908609533843
1238.998190659826	1237.834199030634
1473.4604677024763	1474.735209444973
1368.6982752500626	1371.6861479389188
1470.6343901226355	1470.1673428174518
1505.0600821268163	1504.2045782222488
1211.1699573732913	1214.1133633493223
1286.8160038233036	1284.2297355923374
996.085602127685	995.926612892613
1650.6058640629344	1650.7953867501217
1496.2130376189307	1496.307535376387
1509.9068266957183	1510.4028833817797
1018.7585653454298	1017.925434344407
1187.351466028369	1187.2566372932472
1356.1032538462023	1355.1350224679254
1568.7788578470063	1569.736601745312
1387.4768456107704	1385.987777030554
1391.673190413072	1394.3494780999833
1103.4380994450767	1101.8946248807574
904.1987276590662	897.0857150383703
1249.6738375891873	1249.795266175706
1385.4394635095668	1384.4116535585695
1018.2827545183827	1017.6859430742871
1033.436978053418	1032.3503042538962
1275.8106640162005	1278.5574669448656
980.2547975844063	980.5940163946757
1203.8257300320547	1200.7089606106153
946.2326139744255	949.0217615651312
1192.9825903476449	1192.5773435858134
1591.5048082373687	1590.8909726990519
1748.8124411542376	1748.6817609312766
1510.7210432536376	1510.2894732259788
1126.1118601194466	1125.6654075305148
1205.2921527182043	1206.22649565565
1323.8789003517013	1325.0700266710583
1330.6542700381833	1330.7813366600733
1314.4175334918837	1313.970330360863
1094.0777565366589	1094.6886019479857
1093.439119003684	1091.7418795254525
1062.1726126976428	1064.9632576768302
1721.9799380534678	1720.1762216862564
1194.2853691436176	1190.3877908330762
1336.8798611137026	1337.9925629385234
1627.4555888501927	1626.5117040641078
1348.3212850902055	1349.554444028973
1080.859088596073	1085.5057277575004
1305.2422897113138	1302.7019279964877
1540.9360887694056	1539.3719415584042
1298.579616930714	1299.8043494750266
1010.6007154015242	1013.106514480864
1370.783265080012	1371.7370179019579
1744.051612547657	1744.1719599082946
1675.189078480762	1674.9666427168581
1118.6027284377778	1118.5114004909033
1455.7644998999604	1453.3001410519983
1209.0871588693408	1209.3681074959845
1543.2500959448516	1541.4949980994477
1272.7275819081406	1272.1759003509137
1227.288250810263	1228.9066662487862
1021.3893277960888	1024.9581480207612
1387.6091993029695	1387.1071612721908
1293.8805554622086	1293.8254284916932
1614.8972732503025	1616.2354272471225
1560.8417933451128	1559.84479095499
1010.5159966008796	1011.3260989347988
1627.565668844065	1628.1486363996867
1051.7361568926135	1049.4013447683715
1507.950165736518	1506.906551259966
1149.9818570831558	1149.9447774209395
1133.9817541849334	1134.322933053087
1496.4262214154296	1495.9545745044215
1250.612763663783	1252.3240084923889
1367.112767557148	1367.9960878714398
1046.060724815441	1045.6057747497525
980.6058564147679	984.2639246166086
1290.4975136874127	1287.5592759399553
1323.8898857761233	1323.0728988821015
542.289672636165	545.0989036557065
696.4964900951891	694.6342152880052
1455.0885004931188	1454.1322520152942
1278.4034832742182	1278.23777619065
1269.2963099818735	1267.9867517432742
1335.0698963849572	1334.5088914291541
1374.2226258609735	1374.2107935114234
1417.3643739174586	1415.9245449430307
1358.9445253647573	1356.4179608742938
919.5990224051056	914.0040114877686
1569.5155559153936	1570.0865074863361
1061.1364245133009	1060.9360008820647
1508.8295135682856	1508.0404170442046
1460.839838360349	1461.3215229894072
1640.6638436460635	1636.615786626263
1155.821758318867	1156.1720666510666
1327.2861769503797	1324.0772121343198
965.8504711264104	964.1198114725075
903.8604834595462	903.4808431593665
798.5856416369497	799.5986458006266
1060.469218944083	1063.3446914647782
815.8010202787118	818.1964896620588
1345.9919024157862	1345.841138480385
1375.8318567847018	1377.3405355320829
1216.5818463391042	1217.2674100548868
1214.5207171824586	1215.3257304218243
1057.601857143076	1057.2487739759952
1468.281153413438	1468.7616738071756
1309.7569196486438	1310.9247926568717
1368.3254327368923	1366.272036970681
1363.4629377712845	1360.5636437701073
1508.1176541107125	1507.7167491528803
1292.7087995041802	1295.719050397256
1334.064969217201	1335.1449429044706
1109.7938964297937	1107.5048355048343
1179.143915867462	1184.709367470069
1014.5955846629804	1009.9332639917346
1475.6542299651774	1474.479333425897
1648.1714489421283	1645.9483376971225
1092.0492290423717	1092.8259386985214
1170.5190403436718	1169.9828296438134
1416.1480625918193	1420.1374286966718
1370.7076948296162	1378.9613014925533
1135.5479972793546	1141.0145452147833
1337.3107227021828	1339.331415750208
1369.8007412508014	1369.5208170875262
1241.109647803678	1241.1896916714575
1429.0117385010817	1428.8157566154664
991.9038122064085	991.2491467315043
1360.237975687458	1358.5782092318993
1124.9589479693095	1127.6064360304458
1750.3233332502423	1748.4894844604082
1043.0059930184216	1027.5060301381047
1196.6599760070385	1208.1686737305786
878.1984275948489	874.6349780977778
1237.3777609643294	1239.318290372334
1307.5270665560965	1308.3251728776556
1621.5023394472664	1621.6691316947333
1492.5748574858007	1491.3731197219217
1511.7891028619197	1512.0221365306277
1283.1499599699164	1284.499040270489
1636.8936711335846	1637.1376135280673
1258.0476159417303	1261.4870049521762
1113.9633529028215	1113.3019093369421
1500.950767209899	1500.360201881682
1013.8781179818325	1007.0765064569822
1187.6305638210906	1186.4570126332642
1400.5444522129546	1400.8950583716721
1039.8753309205931	1039.489936755796
1314.65268303224	1315.0798118078333
1108.0505394939682	1107.1203782094979
1125.1681922681164	1124.334562484703
1597.3258641480643	1600.3943765488962
1428.0645649535873	1426.721213649256
1032.060539125203	1033.5983151132118
1005.6371908426227	1006.909144444467
1613.7699739132659	1612.2766024207108
1437.7539062198484	1442.0977186018258
1342.4568610558345	1337.0328832536293
1317.6370177859499	1317.2732603884094
1146.9290302136797	1144.2864717689638
1209.696086422773	1210.0063761626197
1110.0122698884807	1111.8803852969236
1400.0532303240325	1400.2794235512406
1355.1567983521963	1354.3159761331879
1361.912297998817	1360.7563178178834
809.4735010759323	809.9042863831693
1368.6134066729282	1367.2456026376574
1615.1228342044924	1614.236191720293
972.6194329058635	971.632423269101
1024.029875494598	1021.5616183169582
1274.4051185108547	1278.0123745664528
1026.6310669964296	1027.1109786002437
1339.318877358135	1344.5022270770826
1645.6984874795016	1645.9186324346956
1272.316473176994	1277.162710139893
1193.7478677674953	1198.2881013089966
1266.4141790528374	1271.3904052311484
1486.2189866808767	1487.3767710457023
987.3458536301914	990.7696350018158
1167.787872898596	1164.792704834159
1356.3449624519562	1359.1045843189258
1312.9443326522014	1313.4602722734708
1626.7110940743587	1625.62424601088
843.1645849430352	849.3927999665415
1110.6777820587158	1111.1141915205435
1363.5422015204967	1360.8597750566564
1384.5760533298017	1384.1158808938103
1279.7180727321247	1279.11268188001
1389.646241084789	1387.6191972377471
1237.1174081864592	1237.2960481072441
1487.0002776139881	1484.8317937285597
1299.8155819312378	1297.9736330280182
1216.2368318422814	1215.36725448718
1442.4656781113881	1440.2809623174744
1116.5464929734298	1114.2856539163733
1231.1470982446917	1234.1050631710507
1105.1626585494378	1103.4909661234312
1166.4957481864258	1165.1694449612073
1163.1697351871117	1160.1420947237264
1439.968408817629	1436.4558833616438
1211.2424213957565	1211.406466202934
1343.3883557231165	1343.1170625747113
1297.7940339618945	1298.0634205154438
1014.3409980594297	1015.97700241336
1095.829756388266	1096.4204659802413
1282.2720517797861	1281.1565658753232
1404.181180842861	1405.091532866597
1032.1728854336252	1031.8622301041528
1565.41330298307	1563.5914859714014
1261.5633965113957	1260.9838545221196
1250.6434202707896	1251.2795907710442
1242.2817511012254	1244.911244510186
1506.170190869947	1503.4068337308277
985.1106054719421	987.4774331030568
856.1750516142638	856.0905533377642
1351.6795825597073	1349.5941820050843
1325.3396823029034	1325.891936520525
1501.9943936662748	1501.9828019133854
1335.889858132723	1335.4381064319039
1001.975350439694	1003.2143005706783
1035.8131344793364	1033.5430234220787
1062.9644215347653	1067.3271784536944
1531.0961030220205	1528.4549173240111
1348.838196815399	1349.42704416622
1131.13336128011	1133.8345683498062
1294.3467946163146	1291.3331301737478
1138.3921728277055	1139.595237450766
1120.6299303282576	1124.0206666506024
1546.6930963768682	1547.8653281865313
1267.2439332688227	1265.5090262686488
1083.9247906620149	1083.1434492980707
785.5383248891012	785.9925288056492
1130.083297396981	1131.7504856342289
1676.237938706734	1677.2650029941574
1352.509886866028	1353.8998210371856
1135.081510635675	1137.2621045562773
1353.2462712431152	1354.9635143309429
1754.1423281118623	1753.9165332801285
1239.3411714822869	1237.8154911538982
1443.7306603131874	1445.4982739577267
1209.255893046793	1210.1252153631501
1185.5023799525225	1185.9606993411367
1240.2765465179982	1240.4574267665266
1139.5023883052345	1142.5026052176474
1095.0656622736133	1093.3820748912788
901.9980426345137	906.0117419972571
1332.1190504700353	1332.8544626036487
1340.619844539382	1340.4935744054308
1098.7003444770526	1101.2562038642513
1113.5365856811404	1114.3585352773428
1240.2529470678128	1241.0146147824055
1236.5421655075625	1236.9062076370765
1078.1008809708292	1077.4538282339254
1515.4976719194092	1510.938779186645
1482.0430138649535	1481.581011087644
1745.4080180911114	1745.640132236904
1227.4835396650888	1225.1014262159292
1437.0162705452822	1434.8664824251703
1486.6902923263551	1486.9764276650474
1729.945850866061	1730.5701598422538
1112.8137418078259	1117.0834350306461
1105.6079996949702	1106.564742946995
1361.4686177873518	1362.0172872133821
1049.007356261398	1048.190761126427
1101.9552292922453	1100.3289321800262
1336.2411663759558	1335.0145607556258
1194.8542424894113	1187.356016313902
1178.7344760392152	1182.5275538128856
1365.479404324229	1364.5112082718865
1000.3834172885981	998.5183408990764
741.4725910786074	738.0821586122637
1213.6461206764798	1215.325804581402
1497.3067256213399	1497.694345192186
1067.2754713774193	1064.5951829259898
1385.4182497983275	1385.1773081683748
1099.9831387448066	1099.3790527687927
1100.1527345406648	1101.8494829822255
1348.4879964980355	1348.1538125210107
1848.7320847638475	1850.1134663490996
1257.2736687104625	1259.1820188945994
1007.20764413086	1006.4257850569342
1426.4754828026344	1425.222205844058
1364.5210199569701	1361.3664024824243
1332.1067860372423	1330.6309527477547
722.030797119427	721.2649022404536
1066.2771439738572	1066.767632777449
1437.6225869246991	1437.4944483947722
1095.5435557934397	1095.6055132849049
1080.3851052214159	1080.063976090766
1337.62569501088	1339.3549656268142
1350.3654010326136	1348.9890973143729
1531.2045061100798	1533.7809397858812
1260.0828327089257	1261.4285659631378
1563.5583079623757	1563.7827357347462
1414.389607544057	1414.0882013187204
1537.8734952224477	1536.87556400548
1451.262632478174	1452.3070637208837
1192.582038615481	1191.5747718241296
1184.0972832768166	1183.6836695074635
1435.2306981075963	1434.8345026932016
974.7745621372014	973.3474944005114
1380.9682842018374	1379.3224453481255
1443.0731311571726	1437.366756321358
1216.7853985592956	1211.4516754259537
1221.3063505162136	1220.1100053377156
1422.2691060812504	1424.3536820462716
1337.4099426797475	1341.0518746101961
1523.3940246227721	1521.691697908572
1445.4629234346503	1444.8662158689228
1407.4926753480977	1404.419816934196
1649.5029233198438	1649.7876472209082
1732.5441317782097	1731.6165351844604
1241.5627246466174	1243.3917848133178
1059.6669714955206	1058.3911907334282
1387.1908332172898	1387.4655875483315
748.6035287953564	749.2896194441932
1339.5154831790132	1341.490608491446
1261.2485386851185	1260.8784766692108
977.4010765193962	978.0118210627073
979.7865354492387	979.1862352942665
1395.9232964444382	1396.3962486323783
1278.999124546448	1284.01795800213
1494.0450344200362	1494.753297153521
1263.5755588827597	1262.3416918428325
1113.1500539302651	1108.5243235427836
900.8368476929027	903.2309450943119
1486.4716877031315	1485.7232902164499
1342.4556249665911	1342.4853367894261
1223.1431051023537	1219.7032592361313
1206.7083268781134	1207.4900592201134
1637.72296341724	1636.504780160262
855.183824077103	883.2758406293387
1270.4999312988657	1272.3168872190179
1016.9974350136181	1016.9053833236148
1405.0019560949004	1402.9327481654793
1040.8246996185626	1043.236485467231
1212.3811083893233	1213.5568557497234
1278.2346253923315	1279.1017152756397
1152.448295561917	1151.7556850582475
1419.2599751210655	1419.7690377502524
1494.9187908637396	1493.7628678872309
1129.396918512939	1128.0002523199562
1027.129436894349	1025.8442856686381
1145.4399800832907	1145.1793335747884
1491.3253945160832	1492.1094370075184
1602.9739302057715	1601.8314930283238
1431.1521009465505	1431.1770809032532
1510.080267170706	1509.8835049308605
965.7927950461162	971.2133149355944
1640.7699411543726	1640.6794395367456
1463.8859319844923	1465.793867503057
1228.128576936404	1225.835096377239
1429.0620938970824	1430.0788627591148
1442.9353246504616	1446.7442533886644
1182.5460115123715	1183.364545251225
1309.5599588744808	1313.0822097148102
1036.562312600261	1036.2231367138709
958.1718788847793	956.8167134987843
992.6511306076718	990.3653500272776
996.4103335023974	997.8622410210742
770.0266884188604	770.3147203350194
1277.933860483492	1278.0876512663258
1516.950694764615	1517.0669814422984
1135.2663447092054	1139.7804229764465
1214.648002534639	1214.993177607808
1186.505867148895	1186.8515001245046
1836.7523071652395	1839.6199567118827
1089.844726781419	1093.339020171502
1406.1676997369505	1406.7359903906863
1361.8399642334844	1359.8699335628196
1555.4502834445739	1555.2573673199154
1175.2078303545131	1174.99773356154
1589.6276746432704	1590.7583741360754
1341.0520246187516	1342.484735854203
1307.917175100214	1305.252122787697
1664.3366420406383	1664.3319400795467
1040.317283797689	1041.32291814944
1339.3238768584852	1339.9566191696874
1250.6989717517572	1249.252265098849
1402.6058309277869	1400.5480214508925
970.2437616824755	970.5568054393442
1150.779708048096	1149.122923773232
943.6613880856894	944.6416723873759
1749.4772373993183	1749.818170880987
1249.0393469416886	1248.142671542944
1424.831230316835	1424.9420821955869
932.7890255863313	932.3413080842249
1372.9509806144342	1372.715427143552
1317.2154124566587	1313.3540969847174
1232.4645721321285	1231.3736596463757
1394.7735031305638	1393.2482130582769
1443.6015060974169	1442.2964174046656
1213.3590071741492	1211.1078954870084
1231.2478611253318	1232.1728695364422
1151.6084282749507	1154.1305181896332
1274.323862703197	1273.8920706412616
1386.8967698580527	1389.7126591241117
1327.6454161229485	1328.1921338249042
1130.2695815969491	1130.2945572176793
1278.7251286637038	1278.4849469421058
1340.3975847022957	1340.3216988348977
1232.8829060269345	1235.3768225223077
1519.1487657779944	1519.2725779964483
1362.8827827870555	1361.7240605647883
1251.9762153752963	1249.4550026328475
1071.0708197925705	1069.74947599593
1380.754879314889	1381.259602469859
1281.353722780681	1279.224320927125
1611.0243655795348	1610.3621946468593
1513.498010278272	1512.8143820559858
1731.117980050447	1729.9636925062166
1015.6564629168133	1013.2612777466701
1358.2999480612343	1359.655566839209
1241.0558904614882	1242.2798016379784
1036.8159436144342	1034.2801910835242
1138.490418516245	1139.414681163991
1507.323680225847	1508.2398949575643
1439.703800676798	1438.7332571785996
1374.0113720527443	1370.1454331999805
952.6480753825163	955.4993365916974
1448.7361216351856	1448.3666049199217
1436.5990584678366	1436.1062493015397
1344.3932525036798	1344.0444650909906
1633.3107354051608	1632.8959517495775
1267.364180690376	1269.2466454876362
1530.3506247694604	1526.0897315135385
1173.857580652082	1170.531960477214
1271.3367924260092	1268.5450564998494
1331.9748413959169	1330.3923990411442
921.7946757171885	916.0553289159012
1247.077004176681	1247.1023533685322
1313.4997091862315	1310.5146491555627
1575.3253727868141	1577.3807813712967
1023.925017985719	1020.1062329148696
910.5629743107129	909.5270208301928
1276.774489985255	1279.5657197929254
1443.189664165402	1440.8902850699512
1344.4050994497375	1343.986612343848
1155.390052080009	1158.5780855303942
1491.2376181148575	1489.8208572597744
881.2261647612613	882.9939663521998
1427.500801873015	1427.249871488923
1318.913986773754	1318.7096766662032
1038.4499095390493	1038.71470255575
1284.7000142818142	1284.4176609943822
1345.6769712146197	1341.4096451124833
1279.8309143739752	1281.1968194487292
1323.5073459952546	1324.6053221455745
901.3737314869068	906.3430758982864
1328.5193318133825	1329.230879812625
1114.00106870351	1116.379406036255
1729.5117139637296	1731.6131585800529
1249.4559917882725	1245.3507621340316
970.1976238904463	969.4057361828022
1235.32136781179	1237.4690800973387
1536.6510349176533	1537.7875771137583
1487.925346685195	1489.0287373987683
1057.5728582309093	1057.3788998691155
1313.3473783346417	1313.9620827849335
1096.1735419924953	1102.097027830775
944.5205523302429	947.6127388608929
1064.3476137006073	1063.3260878691376
1158.4986030569999	1156.4968972889721
1183.0883338213316	1179.7604400453517
1272.9476461670129	1276.5636197251035
1249.2361579566204	1250.3049162088032
1042.9399996286666	1045.9678486058363
1551.3788179022667	1549.042445787668
1000.8024465250783	998.2661122905789
1473.7906319556932	1473.89625366064
1190.9487747155363	1186.7229249714906
1154.669162183156	1150.8329536199253
1586.6305112493283	1589.1412506131703
1327.9221487466712	1329.079453039329
1215.3412721554341	1216.1913697140376
1380.1208221169072	1377.5357592878754
1160.596184481983	1159.487450111394
1446.1065803894016	1445.2227985232125
981.5288050570816	983.1741525585307
832.1127981538593	829.2780261006341
1567.7007844209438	1566.9932703763045
1337.6095200148993	1336.5454954590032
1087.3300865869678	1083.7625137066136
820.1786395964737	825.417225769458
801.6717322338081	800.178339033961
1075.3142662757018	1075.014838408106
1290.1806726524665	1292.1152538321094
1260.6146835533727	1259.3675231388738
295.25581675517606	297.37018875677114
1617.223908440239	1617.8494915486126
995.5809298500244	994.8528373916242
1123.4503878421092	1121.7774504599734
1519.475349685934	1517.1961392876403
1155.530638182594	1157.7144794282217
1551.0998299772327	1551.1859255984673
1142.6815436298493	1142.976014786716
1646.3721985153097	1644.9825065388613
1369.8062501320674	1373.005183723046
1546.4103398033767	1547.3864827577868
1758.7728914314357	1758.8273046342997
1182.7708053989918	1183.5675223456292
1270.9814138563233	1267.7310409106096
1587.1995536591276	1586.787309281398
1127.0103798574128	1128.8299433238094
1326.61201985745	1328.0699486794438
1399.771808521764	1402.949006075943
1090.4958378026786	1092.993024537202
1173.636907775799	1173.4713476674792
1353.2896484066732	1356.423013746308
1200.1255795349716	1199.3940941410465
1145.2032807299984	1148.5132112987224
1218.043142602488	1222.7196932554768
1026.246077472082	1026.3736156473392
1013.4500362866384	1012.5385742269553
1132.8009135000175	1133.5025215044875
1150.4709803631122	1156.965381542477
1012.9847318484972	1013.459875564086
1599.6915498121234	1601.8653881488485
920.9873175257817	922.1840798564647
1083.5585550460382	1082.6991700291999
1372.651647574501	1372.822902434432
1614.6158865357866	1614.1584928172838
1323.736240788392	1323.4308515385433
1115.1081945533224	1118.0715026857872
1313.6507636602619	1311.7967442147497
1334.6578669114679	1335.2068518202486
1186.6939864492451	1186.5790091305207
1152.4658540235832	1154.2411124536784
1323.8400372534816	1320.8344187397563
932.9694253792695	930.4104874664557
1279.249346467288	1284.2259761219466
1191.721965777222	1188.9750467811148
1348.2082311248523	1353.8805807096549
1198.9357078328321	1198.7240587667236
1167.417837525456	1165.7799222582653
1277.9964810766396	1281.5818794581942
1190.7283313780208	1191.337096290174
1201.5847641809669	1202.1880843162623
1371.4078882862814	1371.4716451066306
963.1501352003252	960.0099431950612
1362.3198359407834	1361.4820722769718
1351.3980530256813	1350.7562893101624
852.8592619067931	851.953281634677
1208.0370262292272	1203.7012847552608
1092.672822916822	1097.7293560853611
1209.4854986345745	1209.3037716653143
1628.9728403493355	1629.3609848152885
1155.775668974733	1157.064364499932
995.4724539871386	996.2005643369934
1254.6651349706226	1260.3332269855143
1250.9689335199073	1255.4378713454553
885.4443259388499	887.3527128305651
1021.7645623534918	1022.2144387245751
1757.0052016462141	1756.7513035121076
1004.6006001668284	1006.314508817673
1460.1461340596143	1457.4987057206586
1205.148505684425	1203.2780814208013
1435.7950065368786	1436.0416134360767
1627.3021273950872	1627.7108538227612
1385.6918599752826	1381.2786775989546
1200.9444360329944	1201.5349545906658
1262.2961115130747	1261.842859698208
1179.1412776372163	1178.8113515508658
1306.2039389125712	1301.9232447639936
1352.6103275001224	1351.975708587125
1238.320489366044	1239.3805655418141
1122.349990375602	1120.269471520269
1626.7735542660812	1627.956205129962
1515.45279699791	1516.101285837699
1391.7489395977173	1393.1871396014317
1561.0621287418471	1559.3465677093654
1308.076127386361	1307.6626644100363
1615.3762005864992	1614.8310607379155
1111.3894425945473	1112.998366243968
1720.9015002601664	1719.916961217855
1164.171190903784	1163.5260017771259
1091.2315316875465	1095.4344387407361
1360.4004320683598	1360.1169816315173
1506.9647564742481	1509.393906088575
1262.8975719323498	1264.3219639272463
1362.8435079345072	1362.680186861916
1213.4008749199857	1211.7725633825087
1188.7591139186407	1191.4158181838025
1156.171802734927	1155.3605746205858
1508.1739992315124	1510.8103625188198
1254.2535618482216	1255.7272876795494
1441.3891542590572	1440.9472575235409
1462.9905749720929	1461.917178602975
1182.576711190428	1182.350544095332
1047.5867908460787	1048.295566345789
1257.4760772120208	1256.811927668223
1112.3410120811313	1113.0645724298356
1079.1063712649047	1078.404360521381
1453.9002606770664	1453.8955122502928
1378.499188206828	1376.3969200888514
1258.4782142844342	1258.0472537263527
1517.9812418888614	1518.8331829440608
1377.3337569704163	1382.6232225047013
1033.5842710676952	1033.04259931396
999.6025653425604	999.023371499024
1225.2474683854089	1226.0349145511086
1275.6800236090785	1276.9114108782676
1272.8412186403002	1273.5998299013584
1491.0999864829646	1490.94063111147
1116.4789381353476	1121.9926282110919
1375.479625743872	1372.0718290835027
1040.5948491728632	1038.9090280084738
1221.181603474106	1220.7703260251353
1360.2421528881823	1358.7969018701453
1335.8264989786258	1336.1428407635065
1452.524958649621	1453.8907889739473
1288.6734368529287	1288.1336975334336
1620.2585131725937	1620.5951252130174
1152.276331246976	1153.8871310361408
1161.1737859838177	1161.5999701757557
1554.216740120697	1556.2747123518
1140.2207586042932	1148.0665339254322
1405.0460051156988	1405.5997806044609
1553.0735368815658	1553.781757007349
1439.5020850775181	1444.0239556261188
1281.2364016526844	1278.3825357529456
1644.346474670223	1635.8988572085116
1084.828499074385	1086.5297799144969
1018.977801815141	1017.0943436161292
1352.9815205140912	1349.5590625379746
1543.152312267921	1542.4055421830394
1004.5690745066095	1008.4201649712695
1211.5900802354736	1211.8236666921687
1421.2213521962985	1421.7375588056057
1079.9669318645902	1080.437475292699
1339.615234086552	1341.591627203951
951.1860085286899	929.9234619056182
1060.6099565330078	1061.0295386783578
1246.986687863071	1245.4240855270937
1037.5750258274493	1033.9273813767356
1357.5693820012675	1354.5659357589275
1423.2451909958036	1423.4859493757804
1345.080993671174	1345.1666935666235
1314.8664790159673	1313.0285102483379
1135.8802798634279	1138.0541044243325
1415.8482340970659	1414.3744915065374
1427.0016248052416	1427.452736784202
1101.218377282814	1098.6358170014792
1246.3412972635124	1247.8514248242707
987.7967770323739	987.776391917843
1096.4043226911162	1097.0638913939883
1485.2376830411959	1483.486563716216
1361.1464456748217	1363.828782628029
1428.5556762068882	1431.3072048156394
1039.1171277183166	1043.8992634763774
1145.7076968217443	1144.42877213435
1429.6013615047268	1429.4482171321085
1156.6292088128685	1156.7402741504243
1190.0376543019374	1187.6544222945606
1466.9116838193731	1469.0190689956476
1234.1933014132082	1236.4730034441625
1049.834787709755	1048.9604006691866
1164.0111246439046	1166.5806218555792
1246.9372941468027	1248.26919335429
1318.3665354539116	1317.7550904078105
1317.7364184656763	1317.1016102951032
1158.6822819242952	1160.307206594508
1276.152949968906	1276.234263721265
1440.9761132001295	1439.6798907170337
1512.0349504521	1509.0216853525326
1162.883095006633	1163.832806028273
1224.8623632805247	1223.2618124594867
1533.0797293199867	1531.033455660953
747.3048643087386	747.4700893016444
1596.5325643885299	1598.3299852034445
1390.6254609982425	1392.7429473723137
1562.2944259725045	1563.0821186427884
1377.1919076877239	1375.2458344771244
1435.6413913855213	1437.2170096013333
1162.6579928883002	1162.4239552874892
1005.0210222213354	1003.1173844957037
904.034111558256	905.0392565139191
1100.3385255392932	1102.6701366751029
1340.2784113257076	1340.218023689624
1187.3253862353158	1185.320436996436
1341.0911364081549	1341.8636184021432
1254.1969952798972	1253.9603057937368
1469.4384528204391	1469.2106537641378
1292.5913007177587	1293.129782423965
1324.9992028563865	1329.807087380302
1216.6115311247995	1217.2018185974157
1336.9168373801513	1337.0475417793746
1080.7966850919183	1081.9068183986806
1456.6507998699963	1456.397764516404
1615.9379810596874	1616.4085989729201
1281.4025838339294	1282.88466717563
1403.6993715071294	1402.3972455903972
1620.7070936682867	1621.8886945747047
708.1083282406471	705.384700585368
1733.702145323652	1734.6617727710488
1193.467449828051	1194.3678520165652
1379.0198972907674	1377.7264927727233
1290.5764222601429	1291.4145894218113
1004.7750901940744	1006.0514322176494
1325.795767649979	1326.228153089373
820.4301677769108	820.2407107540457
1332.736403946299	1319.2988020143976
1311.4192429312388	1315.3840307888142
1175.3378825190011	1175.8931753598745
972.8934274786443	968.4333848630167
1383.5163461818302	1383.4288842005544
1369.9157027151086	1367.7039383054002
1119.3807160719298	1119.712969466407
1239.8367380388954	1238.5430073776754
1451.3877527713776	1450.0762518755994
1177.0614469702996	1175.0821939916052
1368.7632408302452	1370.3354372186006
1175.7836236666772	1179.0244351384122
1397.743877851608	1398.1637027417041
1621.6354914933327	1621.2753535509758
907.4651870289817	907.5148067023937
561.2645852468122	563.9801560314705
1036.9737021185283	1026.602509086715
1209.1699307130766	1206.3075745796234
886.1381343450339	885.9677946132393
1272.5704550898517	1273.5619380041164
1147.0195212927356	1151.2203142222243
1326.3336319622176	1328.1064851065742
850.4823576931376	850.8250278198266
1622.0290659611637	1620.9462833135615
1263.6935196737468	1261.2619967671005
1329.0617527161958	1330.1881069172894
1300.8357302057266	1302.6268685556652
985.0443425940175	985.4627089507245
976.5761458576017	974.523284113547
785.5844166207826	786.5755580569751
999.7585430988111	997.4040430285958
1488.2011715108238	1489.636772871441
1295.9455045883951	1297.2014591345792
1007.3290155436844	1006.5239282635448
1032.2413322465436	1028.6753843440847
865.2434243482712	862.915734079442
1244.5638483004295	1240.6867156373464
1210.1665437351621	1210.0589257653285
1673.2390280499822	1673.7325921196955
1304.5291329094325	1303.1036497172145
1039.6618269066967	1039.9675865780152
1086.6797036870848	1087.2585625968577
1286.8778364865575	1286.754652793839
1277.4217769994284	1276.5232261746958
1306.2797041181766	1306.4124453063876
1611.7832909453718	1610.3371339201108
1214.5021557791624	1215.1364871246337
1321.1957714140008	1320.653045233675
1419.9220498383802	1421.3721930740521
1063.3337359630968	1061.2958856886487
1549.8765903880412	1550.2290234103223
1052.4645903342753	1052.211338705009
1499.6962754543056	1497.702296414631
1097.5127329751267	1096.8245027280968
1134.1632441408	1133.212242316113
922.5611699020665	924.273198525388
1367.7954393273976	1365.9269054027552
1120.9911007920455	1118.9208687006799
1006.2864368332084	1003.9160347616873
1443.1999851529836	1443.7155161011017
1412.4620332230406	1412.718110167776
1011.9853100092441	1010.339636197612
1374.207226868777	1374.3378360759907
1051.899458142434	1050.9374612754189
1136.600819212268	1132.6858308331214
900.7861018422409	901.8478807963694
1380.4490547174355	1379.9486128636925
878.7575787648675	880.7847832200905
1168.7753677186265	1168.2212528183156
909.3219364262477	909.226356964548
1332.3756463124591	1331.2237973663196
103.43599978019847	128.06840806588653
1138.9614816738758	1135.592104918861
974.048196584481	973.9177567356618
1586.6044900368142	1586.5067188627604
1426.2804091271246	1426.917288912664
1510.6873391611734	1511.3870328131748
1307.1507649999985	1308.8813504622299
1421.9075227079738	1421.225961383545
1014.5900075479876	1011.6756356841122
1464.1943621578102	1464.9346947121207
947.431184096029	946.8726978475686
1564.8783046204771	1563.1946546292918
1086.9485458606505	1091.577756501688
1182.3193855218124	1184.1287916700235
999.0824976958102	1000.1625985991758
1397.664158501837	1397.433106345486
1119.7855255921604	1118.0333811884702
1355.4028394784254	1354.2364653161453
1415.9323149683769	1416.3253017835511
1368.6690647053474	1366.8485983643573
1429.4112030401884	1426.0064766545972
1232.6258348867123	1234.7267515340666
1104.3647016262112	1101.3465639596793
1087.611338941526	1090.5546313560214
691.507622496385	692.3076040935837
1632.036430966953	1630.5124124414633
1430.634693684493	1431.6539812970225
1276.9174238654377	1282.8848901776432
1481.2284824849921	1482.7842769338124
1083.838869080966	1083.6892527271614
1246.0008010428865	1244.854093562692
1635.9811078317289	1635.253245590019
1494.9997469490627	1493.543055447751
1236.5258230434847	1237.341035797148
1334.9034739975177	1334.0457234185137
967.6132077963266	967.258424227643
1219.745628319477	1218.4723535305397
1399.5270307425235	1401.2734689216309
1190.0905351627734	1188.5213697538607
1196.3358774761145	1199.2022989456245
1177.365386306803	1176.2313949190911
1338.6053416068607	1340.1264866665028
973.7779478621669	969.1258224556976
1515.54364151528	1515.383964328816
1448.3054845484148	1448.3175296133877
1138.6719364111195	1136.0630662377707
775.3887267011305	775.9527141217898
1260.589207872952	1258.067183385533
1341.1534627627698	1341.134043509809
1188.4852621134487	1187.9648074002528
955.2398596876883	956.1366826905183
1146.8869859531405	1147.415984192667
1562.3660019768577	1562.855692681454
1217.809704222018	1218.8301438820602
1266.8978638297122	1263.4197909508093
529.1017975410505	531.2863160242706
1057.7877873007674	1057.3756404407911
1551.6435950558516	1549.5928118531842
1155.782401623641	1160.661457151607
1581.6078661510837	1582.2851126141895
1381.7114107252855	1375.7753083274486
1120.4913364462554	1123.06772464382
1275.5193746661535	1275.8830883751607
1333.0103646978678	1334.4086250594396
1161.0498713047418	1159.9476789599955
1347.018637214438	1357.70381452399
1197.3147687816527	1197.5206688953333
1178.2483276985877	1178.672445273949
1247.4518455764046	1252.3956895658764
1443.6362021182722	1446.015540465699
957.687591965223	961.9818607937043
1088.1008593454317	1090.4601821514634
1236.7989883249975	1236.3647818748452
1266.4697201369563	1266.667506691221
1296.8366859423986	1295.3594868384862
1525.1773642210464	1525.9960082386667
1316.6144180991978	1316.3593386055084
1664.5010551042797	1666.9006948286333
877.1876243430888	882.3695706093035
1475.7928904383152	1475.4786124755162
874.1913950182789	872.6041626616721
1147.3282875977748	1145.8059589483669
1282.0276855545526	1283.8762098170941
1476.6297238681582	1476.2691190020619
1063.4191059315926	1063.6144960161728
1117.4265527989483	1117.1853098002155
956.4737036694714	956.952673176468
1447.02784501508	1446.0656241104607
1350.4622522595455	1353.4394352726652
1090.5703969097813	1091.447808749667
979.8078314867453	980.4535414396302
1161.896858600725	1166.3431906840622
1190.5883829395461	1191.5139174711283
1269.915798022208	1269.0411435347075
1142.339376820426	1142.1830772172266
1459.0759440057154	1458.2661268448794
1495.5592935069872	1496.7923633041069
1045.8782999362738	1036.6863906103138
971.4573652629624	973.2105641262771
1190.4261649108375	1189.8336771381116
1429.520562271122	1429.8752530870574
1415.0502477471018	1420.858066102159
1629.6529497474257	1629.2679832362962
1340.4931443257374	1340.784912751072
1108.3428213816078	1109.8508079908372
1610.307240856142	1609.9000733863718
1041.9749044461641	1045.1054044861955
925.0758404204971	920.6248304146808
1090.1094258877856	1088.3054766621517
471.6532875928824	468.02494133739617
1229.4688241166295	1231.63169929686
1115.7292376560217	1118.046026803892
1303.3332717099402	1304.3237452794292
1743.4361878248455	1743.9570911196734
1165.205381294625	1163.7305924677569
1437.2585368851724	1436.1417190318607
1191.6820710865723	1198.1948613557947
1334.6448404068651	1335.6717779936257
1125.1678292951547	1123.424587492907
1068.6145494646917	1064.1765570255
1353.088106149371	1353.8015558461789
1467.9546313223545	1470.1025888284598
1124.5373243090871	1123.8509267481595
614.0224572998559	613.2142634657691
1625.7419160300924	1626.2598058603808
924.6837092798087	922.6944618338608
1107.6906225569255	1108.5466922622745
1382.381432563183	1380.0268641667124
1270.2215118476888	1268.9537719076825
995.9236584562459	993.1212074906352
1260.945200518443	1258.4922683667332
1333.8603779672412	1334.5698861758997
1350.5678600786196	1349.9555300879786
996.5698625651421	996.5106180329385
1512.613065743266	1513.2493026185527
1034.5485934810713	1025.7921485715058
1442.8720701012353	1441.9486519857007
1296.8795410881867	1297.1164074137077
1163.4543950829539	1163.5470876405398
1410.7615966971498	1409.6074694513704
1571.0864769577165	1568.5548681866428
1562.980686063267	1564.420635882351
1290.0674936583673	1288.6300194845119
1272.5550985054579	1265.2099182133843
1041.9150278842426	1042.8333664129339
1523.2728409972624	1522.3088892549797
1644.3448417377658	1641.1372402141546
1357.3368532751629	1357.8859138037765
1268.9247486545064	1269.8364843990225
1501.033902441006	1499.9863448150163
1038.794356059807	1040.0368014289584
1209.1970851574733	1208.3151583318702
1244.6187263238535	1247.991301078938
1568.9240757634107	1567.4360778911384
1224.5114250687766	1224.1164482057193
1545.2507458917971	1544.5131268807154
1166.783936042717	1169.3900418529145
1131.8732629051374	1132.6104608064863
1063.9333586254215	1063.5722280802272
1392.5637910279038	1391.2820925180986
1178.6550856117974	1174.697156752815
1054.3410315060755	1056.6181928903552
1585.4847738757962	1583.5151625942603
1178.6339490231185	1174.2719746353005
1084.517766761477	1081.9053028413423
955.8641346622608	958.6068992966606
1067.762729861075	1067.1018431404093
1121.3675678050495	1119.7510706449743
1036.3719075789559	1037.730189739565
1116.2216274708626	1118.4174781399054
1246.8056323149358	1248.371190142829
1316.7249123817019	1316.6987868957583
1434.7007978636248	1431.7607911741127
1512.717701861955	1510.810494562072
1383.2919274308078	1383.5376947146212
945.0448527981061	945.5164285907969
1190.0970219505252	1189.4057603690035
1004.5374201991362	1005.7872853008838
1076.418647106766	1076.2499250059204
1146.920138234942	1144.7276690895014
1378.5871501707297	1379.4384352536852
1083.848149220663	1084.1009910535267
1366.7563230961678	1369.0113902513
1174.2761293287913	1175.856316119484
1490.9480945962132	1490.835747248938
990.4752430330846	989.5515403381465
1168.4484733261925	1172.2173288840916
961.2163030276424	960.5935897724723
1166.2552055127744	1165.5250737574397
1327.3407161627547	1328.0916699888528
1390.1706411265768	1390.4445416362294
1358.958210197481	1359.5257139866103
1336.7915123895218	1338.3390893736034
858.5808079212438	864.1686916887323
1194.3996618105448	1196.0083722002505
1345.554357873887	1344.9694416264144
1718.8573250660556	1720.2641926180602
1376.9259724280564	1375.6376033793667
1428.5402690488845	1429.6000423847574
1274.436692866031	1273.3456138544857
1478.4754099122365	1481.7577215122622
1090.7132332081965	1084.5195513982246
1165.4472193621623	1168.4912063641773
1423.6728598435293	1419.744732193784
1151.404220690456	1155.8396675605397
975.014236487681	974.5519983734437
1236.6890924943436	1234.4335478989365
1001.9964687764586	1000.8016974658512
1230.4679705689487	1232.0046808995878
1434.7345606011222	1438.117021025829
1330.445435176167	1331.1573562273115
1449.2767348061025	1444.8646344324777
1027.9309953034099	1025.9415742429187
1444.9092079471448	1445.6944470321357
1507.6813330808072	1505.0398512298548
1261.740484334674	1262.391521431766
947.2247041118972	942.6960672476895
1279.7326374964323	1279.572602372224
1429.3146494425891	1430.3188623001063
1383.3365521949017	1383.433321061347
1635.4633960266074	1635.0867963908113
1488.1099440470862	1485.9692340732777
1048.2089752830798	1046.5480324502068
1005.8849551255407	1004.7358904376867
1338.3436757928284	1331.128086172994
1370.1390770441794	1367.1560986601628
1298.890236411622	1295.0368525798083
1304.9328356369806	1306.347807034542
1281.374397863925	1281.573306383163
1517.191957350442	1516.4311534089918
873.5458995756344	872.9455532076429
1613.0619147427497	1611.938865333872
1093.2631177165022	1093.160367901067
1197.013618760655	1194.0079139304653
1381.4706275503268	1379.9755736956527
1511.1162897815811	1511.8345868010185
1196.7513993718894	1197.2285246368122
1193.2905706193415	1195.9017165606276
920.8320024601999	925.5547127098541
1146.321901883406	1142.5251106673454
1321.7720380508108	1323.0493267652944
981.8442496800271	981.2758050835888
1236.8417684058659	1237.718898621039
1185.7706991800806	1183.7409881970054
888.0335723501339	888.4751489854186
1262.722724857449	1262.5008398151492
1491.859420430672	1490.8259843703095
1632.386359140597	1631.8624980832271
1259.7631116861012	1259.8249644724672
1030.895028584171	1028.8024769013389
1250.020599391166	1249.5063959408014
1321.082587576704	1321.854583040906
1248.5615673683642	1248.0159680053498
1621.9809114737145	1622.448366624899
1290.212856036349	1288.7391812240337
1515.765301282605	1514.5185018396392
1629.0415056456113	1628.7142961293332
1254.8070428801002	1255.6852353452566
1318.2438635776343	1317.8489181553132
1284.731371538015	1284.40599065839
1337.083593610354	1337.5012467075207
1268.4432712698763	1269.8535070353432
1140.4794783001416	1141.7309524428317
1386.622685897164	1386.823803737706
908.6226697648963	909.1363731137095
1327.6136985762278	1327.1628598006741
1503.474982599495	1502.3856832187068
1321.9415515788132	1319.2510855525084
1448.496082527854	1447.7354852284218
1498.5711029836966	1497.9701518521238
1047.7522862211626	1048.3176428497873
1188.4798144659144	1188.9112185158783
1288.2768143386347	1288.690979504099
1457.133886058582	1458.4397974722585
1290.932650934934	1288.8764447813828
1531.2826049845899	1530.1395702755049
1599.1753285270825	1599.5314254763591
1505.2680226123484	1501.5580291148012
1189.9265455518034	1190.2044106026456
1651.6065887094592	1648.5317566059607
1191.5197256098618	1188.407862904361
1176.9428195598884	1178.6648211902877
1539.9933526399836	1539.5201451999892
939.8327335782524	937.5870568756504
1403.601643303904	1406.0092548215093
1263.501380760601	1266.5686028941789
877.954355605063	879.3159019723504
1350.7100280658342	1351.4092279695549
999.5215174253972	1001.3887533957061
687.9226473027084	687.9015418776446
1554.1296415220131	1554.0392296219572
970.1232183999382	967.6220975442923
1348.1580342765374	1347.3688935553237
1739.9495648741722	1739.5503164954207
1665.3216153689718	1664.115422076762
1622.0558501159248	1620.3257524157852
1514.8136334313604	1512.5439359028821
946.9783764414315	943.7736229251603
1624.092648012971	1622.816557303543
1473.1859276248433	1473.8148731796998
1246.0882403443975	1245.8393636758285
1131.2617191178142	1133.5685004397262
1190.9059146095242	1190.759925860595
1386.7652988056361	1387.458315079122
1015.3753231122973	1015.7765207770565
1137.7108145545353	1139.1002741831726
971.6297925925464	960.3619023148318
1748.5017367203545	1748.291844759642
1255.7441542837187	1256.8117426121312
1429.6868144289183	1428.8953391831944
1320.8362915328762	1320.907730958009
1290.5133825138619	1289.3633861946587
1634.1944113642967	1631.8375605361166
1477.4367739242152	1477.3878628895593
1245.3175332113751	1250.3905644993615
1341.9473000372527	1339.8792415777714
1513.2365869616624	1513.2538056394712
1618.589555349492	1618.7140676789534
1382.6419261647388	1382.122790102474
1234.1703896356048	1233.9628118193532
1470.470386597095	1470.575426489272
1257.7745798051474	1256.8750722898196
1276.6151606507483	1282.7155590132734
697.9317556928145	699.1352541341123
1177.1721210459655	1176.3592663857178
1331.8920675156987	1332.505750833594
1309.0701537664281	1308.628879974051
1384.989188148029	1384.8462876376957
1494.9803003725829	1493.554394534722
1261.6883127704787	1259.1985637938087
880.9103697590472	881.4054774543747
1125.443618673773	1126.8581034313527
1361.5618876593653	1362.5599665410475
1378.6420490698074	1377.1037400255927
1338.9970488322724	1339.7573576798613
1372.6967093542917	1371.7493585479797
1508.724028498109	1499.6008876437022
1081.0742680552648	1077.1117214416975
1478.9671911214245	1477.9829031515765
1425.9639882846677	1425.6767850470153
1111.1277622445195	1108.4840021538103
1248.3976283726515	1247.3020858924087
1192.4346268319641	1191.239073433401
1087.5276042906917	1086.761471410289
1339.0197959057405	1340.7612700390423
1149.214248366421	1147.3069200504583
1305.584888727346	1303.0689203695504
1448.8586533168855	1447.942421849015
1626.7909661534068	1627.910205718534
1236.7210282128362	1234.6060118772857
1360.8297259768296	1363.60105725351
874.3191209541983	873.8892099035234
1340.3081547613547	1336.372041938968
1381.5567547817482	1381.5518819612948
1415.9934912877507	1413.761960354823
1292.8507315536845	1290.1944154140983
1143.4334275774308	1144.4693312746915
1165.7159020041	1164.9617026251738
1070.4945540293702	1070.9237271575112
1276.902054663282	1276.9004902905306
1264.9068701304204	1265.261088034156
1440.4196298955649	1438.9369257356539
1576.648038821586	1574.846730302273
1279.8644087969442	1279.9226690496196
1060.414793931006	1082.28402713756
1519.6434327607858	1517.751242463108
1432.6403180458	1432.2527664637798
1541.3315259910305	1542.0818215601994
1053.0966607551672	1057.808493197256
1485.6614323907706	1486.2090794014887
1230.1452740516688	1230.7662597173492
1630.4784733658307	1629.6308570787774
1614.572661185026	1614.4004281894422
997.8821268688189	997.2024403681347
976.2486777160084	974.8867814063594
1347.7690920465975	1343.4925667497826
1309.0596452800382	1309.4578878086795
1333.503588216874	1334.491138185978
1055.6190344133647	1062.833816135362
1282.7788025034824	1282.6080047479672
1453.003989351273	1453.3230218874055
1241.7707034173363	1239.8478907451206
1125.316505173454	1125.3797967421062
1361.4411112378293	1363.081037566238
1004.0135265706631	1009.3176970762954
1069.0082452262868	1069.12787912768
1419.1622010886786	1420.20890715584
1230.7381259866816	1231.0784621880757
1390.2089113268885	1390.1366621348795
1360.8081324795494	1363.0245725743684
1384.6879178464587	1385.394094667041
1197.5240244946326	1196.8371562462742
1039.9049846501148	1043.2535717949859
1642.686296259344	1642.644757579346
1226.9335920462618	1230.4212159321862
1315.53073259737	1316.3593478759312
1415.708378498559	1418.2867138961212
1027.9441927257576	1029.2639324893582
1126.182132705464	1127.733838277815
1562.9408771699527	1563.805445552187
1502.949899944564	1502.7844602500065
1276.677436993632	1274.4825878548024
718.765453798318	720.0644408309912
1368.138644961844	1367.8017149523166
1436.3979301490763	1437.2978068874181
1509.5375675909454	1511.3646592861987
1280.8758203624166	1281.2727193062121
1223.975261390733	1221.9987387050767
1336.8341890698648	1336.2842486903107
1381.6419876204454	1383.5916608319974
1369.206454869709	1366.057099170909
1412.5108501867799	1415.7330535713097
1346.7843496292771	1344.5440777263266
578.4313893647632	579.4508045940203
1107.6339451788226	1103.4189008942458
1389.1121724388795	1387.7963765910563
1250.2698141276487	1252.416407040047
1347.2221874186944	1348.7632176960474
1643.6872917728615	1642.3296047139695
1400.2157806224423	1402.136244511322
1546.9444353137224	1544.2463618990805
1286.8862503572018	1286.7116117228097
1461.5368109426054	1460.787914213603
1307.1834680065804	1307.1531594681999
1270.670260644576	1272.9806890282005
1354.7225213407655	1354.859251683098
1130.2578395333258	1130.4757751074785
1459.4649615633534	1455.8744903093245
984.4010812643974	988.3860296604217
1759.1015931101574	1759.6760359703276
1306.5505393600615	1306.4337237995237
1388.8214580578206	1388.1965749973187
574.332391329488	577.0758318346968
1415.5351628983917	1415.2390392842647
1223.172720604809	1218.0325167726737
1621.328351666656	1621.718428741871
1509.6492963671917	1510.1408632593516
1177.980362528062	1175.988860774407
1283.7628322281525	1288.3433191531024
1053.989089689916	1054.1080054039792
1550.0873857720871	1546.760289358635
1683.1705283788033	1683.3935561883911
1104.7670604282757	1107.074293883125
913.0997143825516	914.5556525088294
1602.7215621522046	1603.3496760118526
1293.7094572761853	1293.7501728256968
846.13856390398	846.7273679042553
1274.3931834123505	1275.4237407236083
1320.7922016536177	1320.4592683718329
1620.8535183516215	1621.640886151921
1554.85925055173	1555.3723431905328
1217.8831511221651	1218.0246836018052
1080.687878364668	1078.529077594294
1360.8675531795307	1360.721511653566
1102.2454073483532	1103.3689610714491
1358.1270682277973	1358.332097328041
869.9525958192826	870.2625221530461
1058.075554114621	1056.494782202293
1215.5605694335536	1210.8894791608743
1172.8848359558324	1177.7113389431197
1427.6177841450553	1425.2147970400354
1445.66647358326	1443.3068076372551
1234.663317521161	1237.7254644708182
1202.4990036686359	1203.405548036111
1451.3212109357119	1453.1377861261972
1463.5193826361792	1463.8602285192576
1481.430453194509	1479.9245610403518
1225.8410755066434	1228.4541521822782
1493.4396356306388	1494.3231888712273
1321.2303158341383	1324.5033087826887
1153.7887826252554	1155.7813468596644
1110.163817387278	1109.3699259004013
1231.2654505113023	1234.4165056005502
1258.397897191695	1257.9729136397186
1003.1224490178574	1002.3549913802634
1288.1828931436175	1288.773145092206
1185.3158385135757	1184.8201683435436
927.6626507951005	927.200998758255
953.8930499263806	956.3357924947907
1624.7715653421765	1625.8870643343337
1278.929611503263	1283.6817534668476
1449.383657567465	1444.7134963181688
761.4677174030221	761.753633051011
1441.2518283288518	1441.6163951247486
1362.9302769580972	1361.052348398442
916.214334753633	919.1845272041451
986.1112393976073	984.1709078607685
1082.6060435854597	1083.4990691393718
1343.7972253149492	1345.4799272423834
1357.465563188569	1357.8105394972256
1169.999853455054	1173.9819720533792
1070.80869881119	1069.7439894714605
1076.5086617101915	1079.3911732330614
1132.8182703615166	1134.6093841028842
1278.0670111179934	1277.9363494651602
1202.8928348381014	1202.027863893744
1107.8048730358132	1109.7060073921145
1543.0601786638144	1542.6737178326648
943.3849704942259	945.4833935931775
1279.1990770975244	1276.0384024409952
959.5410310674924	960.8495104840717
1118.5186224750942	1125.6394091550267
683.7291469574411	681.7882086561781
1511.1267305559304	1510.9358383659833
1150.7464291996148	1151.0230718240355
1190.1552074652864	1187.5370197440702
1071.9176831786754	1068.5329557925731
1260.704913684458	1259.5949623317651
1324.8970245492528	1326.7512296261596
1280.2114624466049	1282.0632579833266
1449.003939318005	1449.7503748727258
1110.7721301971178	1108.4165254511638
947.008415608725	946.6046838570026
1062.3727930789755	1060.5144312852387
1502.3348442899296	1502.7241768735043
1197.6555094456708	1190.3255912795044
1484.5444324901619	1482.824093500622
1344.8466543812247	1344.6149008835112
1518.197241690883	1521.6174638598973
1567.3198797533987	1563.1489801791845
1360.5070598486636	1363.796567594172
976.3883578016248	974.7494288351577
1532.5416570265952	1530.8936864072914
1148.7267190715065	1145.7495726160141
1155.8572750510648	1162.2449279452176
1328.8372746475798	1332.8253536362442
1444.3710085665516	1444.986143937994
1269.8711392918194	1269.895729504772
1212.177401450579	1213.862889668606
1170.9965371416765	1171.5244227124588
1285.26374153918	1285.9716110346226
1547.7629902343324	1546.453111126756
1604.2980544877064	1597.4581069843412
1491.302195981145	1495.080973170272
1295.5620982103283	1296.3281798336734
1351.3653375266877	1350.5675641544663
1443.4825666297693	1444.4897697132606
1168.0109453633195	1163.042392450979
1265.153701860545	1263.2408593098714
1513.7939666746825	1516.4082598554185
1212.6526259315142	1212.447599929831
1614.7960279335384	1613.772346273021
1125.287679388217	1129.7823058257184
1182.6467888711195	1183.1265695445122
896.7554349042475	888.320644593743
1628.6501953964762	1629.0487263262025
1195.8996861981868	1193.6938934793302
1215.2618661987653	1214.5800779571373
1396.2623643116676	1394.310785559217
1032.9787543223647	1031.3892428603372
1394.9241785482445	1392.6755428631056
1087.9023587809643	1088.4338823147993
1438.103111848497	1439.3604564656391
1090.4533300202165	1092.490094219974
1227.6043120005634	1226.5290946191017
610.3102205382602	608.2847962205894
1050.7810743893206	1052.7127888371708
1131.519870579621	1131.6090373594898
1028.545001765422	1025.135850864682
1324.9904221365287	1324.0484924170185
1173.4295998851303	1173.7430631839345
1202.5623819012544	1203.3529636595956
1383.6734321975964	1384.3274579237068
811.7338149244315	812.8241829104421
1147.9430244005634	1156.2027492683708
1462.6407656009833	1463.2818879328056
1359.7113896011433	1358.9689090885365
1559.6791872831236	1561.0339768430877
1285.5013118440693	1285.3588674596692
1520.6641459302045	1520.6258815963793
1167.0502923423774	1169.064018986504
1249.5218690903275	1250.343517866625
1407.6317007986945	1408.4828196729106
1458.0326087508292	1461.3664003132205
1342.9767321969266	1345.1870464607016
1166.3928785178286	1166.3769093120284
987.1989013444982	986.8760165373712
1288.929914852226	1289.0130830272942
1439.013434232853	1436.9888475782052
964.717179760919	957.3497924385968
1231.606537924934	1232.4062170901225
1290.1242633382499	1290.11708877747
787.6793067250401	789.3731844120516
1203.3847763567464	1203.5549659527057
1247.433312262554	1246.3763338790986
1325.6678715476592	1327.7049133374694
