1.711583459404559733e+02 5.031000451469569867e+00 1.000000000000000000e+00 1.000000000000000000e+06
1.711555038616061211e+02 5.030965433645966378e+00 1.000000000000000000e+00 3.162277660168379080e+05
1.711465172645808650e+02 5.030854702589198979e+00 1.000000000000000000e+00 1.000000000000000000e+05
1.711181076007711965e+02 5.030504590484206062e+00 1.000000000000000000e+00 3.162277660168379589e+04
1.710283527708842826e+02 5.029397941149339246e+00 1.000000000000000000e+00 1.000000000000000000e+04
1.707453951020384864e+02 5.025886087966830118e+00 1.000000000000000000e+00 3.162277660168379043e+03
1.707387984276130908e+02 5.014296160807294456e+00 3.162277660168379394e-03 1.000000000000000000e+06
1.698606858420766912e+02 5.014340988674076627e+00 1.000000000000000000e+00 1.000000000000000000e+03
1.698541894171889339e+02 5.002746677771910733e+00 3.162277660168379394e-03 3.162277660168379080e+05
1.671484942348609763e+02 4.976680519106004397e+00 1.000000000000000000e+00 3.162277660168379043e+02
1.671427116292625499e+02 4.964764239853519889e+00 3.162277660168379394e-03 1.000000000000000000e+05
1.593568240709702195e+02 4.845286261752768553e+00 1.000000000000000000e+00 1.000000000000000000e+02
1.593527464334725892e+02 4.832654211648372389e+00 3.162277660168379394e-03 3.162277660168379589e+04
1.405751931726032353e+02 4.470616931119515414e+00 1.000000000000000000e+00 3.162277660168379612e+01
1.405703934662802794e+02 4.456677454981803344e+00 3.162277660168379394e-03 1.000000000000000000e+04
1.087072138328204289e+02 3.641188018321320108e+00 1.000000000000000000e+00 1.000000000000000000e+01
1.086872030146998895e+02 3.625635728629694743e+00 3.162277660168379394e-03 3.162277660168379043e+03
1.086871408200589713e+02 3.625587363909409166e+00 9.999999999999999124e-06 1.000000000000000000e+06
7.564761865058397916e+01 2.379807544215986947e+00 1.000000000000000000e+00 3.162277660168379079e+00
7.556191521187513160e+01 2.346630497871407428e+00 3.162277660168379394e-03 1.000000000000000000e+03
7.556165427338207508e+01 2.346530905307902870e+00 9.999999999999999124e-06 3.162277660168379080e+05
4.980214980852193918e+01 1.652205432766548299e+00 1.000000000000000000e+00 1.000000000000000000e+00
4.946886373323875574e+01 1.561399694934009652e+00 3.162277660168379394e-03 3.162277660168379043e+02
4.946795533583075155e+01 1.561120806105570358e+00 9.999999999999999124e-06 1.000000000000000000e+05
3.141606736269317324e+01 1.181738438748807019e+00 1.000000000000000000e+00 3.162277660168379412e-01
3.036793314410489231e+01 9.852012389139698234e-01 3.162277660168379394e-03 1.000000000000000000e+02
3.036534943860023006e+01 9.845759303519233674e-01 9.999999999999999124e-06 3.162277660168379589e+04
2.165034606372207548e+01 1.017359210898626909e+00 1.000000000000000000e+00 1.000000000000000056e-01
1.913083611462749900e+01 6.542372728740846188e-01 3.162277660168379394e-03 3.162277660168379612e+01
1.912530227659450688e+01 6.526382632626235303e-01 9.999999999999999124e-06 1.000000000000000000e+04
1.789393657576363950e+01 6.590953112482202947e-01 1.000000000000000000e+00 1.000000000000000021e-02
1.767626319837041393e+01 6.126527226420255268e-01 1.000000000000000000e+00 3.162277660168379134e-02
1.294419060921255848e+01 4.910586910419738604e-01 3.162277660168379191e-08 1.000000000000000000e+06
1.294417228109810125e+01 4.910706681629035675e-01 9.999999999999999124e-06 3.162277660168379043e+03
1.293913317440930300e+01 4.954572156266395244e-01 3.162277660168379394e-03 1.000000000000000000e+01
9.805762905163195597e+00 4.313297158873540815e-01 3.162277660168379191e-08 3.162277660168379080e+05
9.804898177626142797e+00 4.313373007404533443e-01 9.999999999999999124e-06 1.000000000000000000e+03
9.659300555564120927e+00 4.305407576998234176e-01 3.162277660168379394e-03 3.162277660168379079e+00
8.111337398064810245e+00 3.594881773346109144e-01 3.162277660168379191e-08 1.000000000000000000e+05
8.101340110107702941e+00 3.594294107976965247e-01 9.999999999999999124e-06 3.162277660168379043e+02
7.666471674964183691e+00 3.375587284169777602e-01 3.162277660168379394e-03 1.000000000000000000e+00
7.149909851896376622e+00 2.837008769783719853e-01 3.162277660168379191e-08 3.162277660168379589e+04
7.079900274930439608e+00 2.809100500617791596e-01 9.999999999999999124e-06 1.000000000000000000e+02
6.544091626773590242e+00 2.257585918218405485e-01 3.162277660168379394e-03 3.162277660168379412e-01
6.398384467302517642e+00 2.106127200401651522e-01 3.162277660168379191e-08 1.000000000000000000e+04
6.149766086119163866e+00 2.004624594199161391e-01 9.999999999999999124e-06 3.162277660168379612e+01
5.752864625204475502e+00 1.689429550297327498e-01 3.162277660168379394e-03 1.000000000000000056e-01
5.750219839594810978e+00 1.681009287480213776e-01 9.999999999999999072e-11 1.000000000000000000e+06
5.731185622228101906e+00 1.673289684226556551e-01 3.162277660168379191e-08 3.162277660168379043e+03
5.281689296151043322e+00 1.421158672230204423e-01 9.999999999999999124e-06 1.000000000000000000e+01
5.254887632899018612e+00 1.433326037519961904e-01 9.999999999999999072e-11 3.162277660168379080e+05
5.145193109387139252e+00 1.397450911706490106e-01 3.162277660168379191e-08 1.000000000000000000e+03
5.027103977444909333e+00 1.467435817324528602e-01 3.162277660168379394e-03 3.162277660168379134e-02
4.835298174241685842e+00 1.222648238736257359e-01 9.999999999999999072e-11 1.000000000000000000e+05
4.713462423036585136e+00 1.257711029649069556e-01 9.999999999999999124e-06 3.162277660168379079e+00
4.580013483012352005e+00 1.700058200770469818e-01 3.162277660168379394e-03 1.000000000000000021e-02
4.544902776994510063e+00 1.121042840607194280e-01 3.162277660168379191e-08 3.162277660168379043e+02
4.400066117966986212e+00 8.137031698449348482e-02 9.999999999999999072e-11 3.162277660168379589e+04
4.207120733254107847e+00 1.247169175675882924e-01 9.999999999999999124e-06 1.000000000000000000e+00
4.030979173211196809e+00 8.964760819341470455e-02 3.162277660168379191e-08 1.000000000000000000e+02
3.892533675515614355e+00 5.180295221138812856e-02 9.999999999999999072e-11 1.000000000000000000e+04
3.650691240568722407e+00 1.191557818820618703e-01 9.999999999999999072e-11 1.000000000000000021e-02
3.647501372543638265e+00 1.073865594843210619e-01 9.999999999999999124e-06 3.162277660168379412e-01
3.574589236295593331e+00 8.504272827164154058e-02 3.162277660168379191e-08 3.162277660168379612e+01
3.409479879569739857e+00 7.276380524537225114e-02 9.999999999999999072e-11 3.162277660168379043e+03
3.347197846131623411e+00 1.276233441139677238e-01 3.162277660168379191e-08 1.000000000000000021e-02
3.118665547083543821e+00 9.759283139357469161e-02 3.162277660168379191e-08 1.000000000000000000e+01
3.114834870899840347e+00 8.797695254480297766e-02 9.999999999999999124e-06 1.000000000000000056e-01
3.092232413609386832e+00 6.786443252389007252e-02 9.999999999999999072e-11 3.162277660168379134e-02
3.074797514778888630e+00 8.011502568549495884e-02 9.999999999999999072e-11 1.000000000000000000e+03
2.783793147704447968e+00 8.452775518745404837e-02 9.999999999999999072e-11 3.162277660168379043e+02
2.736523783866497972e+00 5.021226026772684231e-02 9.999999999999999124e-06 1.000000000000000021e-02
2.709412876159175809e+00 1.077753893736857205e-01 3.162277660168379191e-08 3.162277660168379079e+00
2.700662003714753734e+00 6.094311441909937982e-02 9.999999999999999124e-06 3.162277660168379134e-02
2.539697223225052092e+00 7.283539764093611979e-02 9.999999999999999072e-11 1.000000000000000056e-01
2.498387098168387332e+00 8.150755064125038418e-02 9.999999999999999072e-11 1.000000000000000000e+02
2.391772399195514875e+00 6.744913488864061335e-02 3.162277660168379191e-08 3.162277660168379134e-02
2.372051126641876451e+00 1.029881872571501433e-01 3.162277660168379191e-08 1.000000000000000000e+00
2.229216660334492950e+00 7.101198574313753731e-02 9.999999999999999072e-11 3.162277660168379612e+01
2.105030470012984267e+00 8.638980355360345587e-02 3.162277660168379191e-08 3.162277660168379412e-01
2.083484362121184041e+00 7.149101521102943502e-02 9.999999999999999072e-11 3.162277660168379412e-01
2.006681947736015825e+00 6.595745184506542069e-02 9.999999999999999072e-11 1.000000000000000000e+01
2.005512973254173215e+00 6.647535581845306907e-02 3.162277660168379191e-08 1.000000000000000056e-01
1.851916339082030571e+00 5.459351635146836301e-02 9.999999999999999072e-11 3.162277660168379079e+00
1.841840500248971058e+00 5.787434946143617948e-02 9.999999999999999072e-11 1.000000000000000000e+00
