1358.9004129722307	1357.2360507175085
1128.7446700740838	1131.8975669686486
1620.2677501743892	1619.553855378335
1385.5542867396725	1383.976744596956
1467.6972615806735	1467.8651797024236
1344.3874544237915	1353.7245928107168
1168.8568800648209	1165.1825115986599
1377.1919076877239	1374.1066600176032
1227.8258211488428	1226.6316570241527
1372.1580809263105	1371.6789441705862
1479.9897085487028	1480.166253538015
964.462251748424	965.0524799886824
1431.4810809293995	1434.0284874174679
946.1801664217783	948.8793162506194
1211.3835684953665	1205.3123031089006
1277.9964810766396	1281.1900997783164
1259.866528711369	1262.5942657818105
1049.939173810737	1050.6867668163732
1551.3788179022667	1549.4172694630586
1203.824466596241	1204.6799966835865
1281.2364016526844	1280.1347618266766
1411.0548761172686	1410.6105827649365
1672.8453088199894	1673.6718154549685
1324.4721519955492	1326.3983372759767
1734.2988086401892	1734.1022955155536
1515.765301282605	1515.4560548546972
1510.5728149851202	1509.189115675541
1147.356565741764	1147.8643906941577
1623.725106558908	1623.4596348427062
1545.047315628064	1541.9304696702243
1375.4182058594597	1376.4254585219408
1018.7594048237952	1016.3246957732151
1361.3747408986383	1363.494825337458
1537.8734952224477	1536.5006882571772
1282.516053405474	1281.80164581558
1613.7699739132659	1612.904753156323
1091.294401987252	1094.7895179555098
1554.3819469785376	1553.7625470924065
1189.9265455518034	1190.3035710099703
1362.5012901139853	1360.8318265680166
1733.702145323652	1734.3734923810944
1317.5639047388686	1315.4768783474672
1336.8341890698648	1335.878259479327
1607.4085484359239	1605.9823746603415
1516.04939988337	1516.6369214821113
1246.7082807833212	1250.4990820479632
1666.1762111083954	1665.859887889929
1404.181180842861	1405.333656386296
1457.133886058582	1457.732664597199
1362.8827827870555	1361.3213924475942
1074.062050778215	1070.5488012480018
813.1626124600007	812.9286173745464
1625.0444326619618	1625.4083732779557
1325.331006984692	1325.7238418374623
1314.1213374025538	1314.0451327001201
1104.0922783798596	1103.2156132379298
1103.4380994450767	1101.8993817932092
1628.801000745938	1629.1282321270382
1340.5109237926663	1340.5939934439668
1064.3027781708224	1065.5769096674085
1258.5405295704259	1259.902332296201
1138.8101969855488	1146.0483569104358
1325.6678715476592	1328.4505463198439
1369.206454869709	1367.0382889891055
1172.0185495270707	1169.9256742342286
1641.1610078508384	1640.9936813958013
1439.8902984764427	1439.1087228423053
1007.9477364733757	1005.5041287489588
989.5992208200623	990.275056724674
852.8592619067931	852.0729971918815
1152.5624184242915	1159.2867543009454
1428.134972022468	1427.9244881280856
1425.6060942529293	1426.0432691316103
1176.1592227747606	1176.9775310405234
1043.9761680091033	1043.9913732839645
1014.5900075479876	1012.3696620777495
1240.960145322082	1244.4571728058747
1109.7938964297937	1108.40509609213
1077.9361305752245	1081.4159399356897
1284.6940241724078	1285.6707941077898
1089.2137419329083	1089.7248985279605
1187.630352655804	1191.145948685768
1379.7534189721337	1380.7335557061608
1098.5225361595221	1094.7998668594
1130.2695815969491	1130.7155274017714
1620.7070936682867	1621.7362435550601
1503.6939337670046	1501.1404264910166
1733.827451589692	1732.3821865703517
873.5458995756344	872.541015429268
1312.957897399203	1310.7885731356084
1508.3023359047656	1508.9570609189839
1324.9992028563865	1330.0732959787117
892.1523459677701	891.6823662698712
1047.0909826346033	1032.1130562787723
1223.1112156956515	1224.4344975182985
1507.315067328862	1505.2690837782066
696.4964900951891	692.527974432364
985.7566364737868	988.66958802182
1620.8535183516215	1621.3604151571963
1457.3975813563738	1456.625370695133
1227.8808287832653	1229.218355141468
914.8279855813016	913.3938403802983
1188.4852621134487	1187.5171431502936
1350.8948245798529	1349.7713975621189
1547.1727524044982	1545.5846439542188
961.2163030276424	960.1515396543876
1442.3117255510297	1442.3016340832708
1116.375095136813	1113.452075867145
1485.2376830411959	1483.3209937559736
1099.2838414538128	1094.7591365485123
1362.619803466223	1362.3103358159317
777.5018869891064	779.2630259378175
1308.9709722952975	1308.5745026710906
1461.7621080087556	1462.9835978781027
1482.1477005880442	1482.883280485655
1748.8124411542376	1748.8319877180634
1416.9517088078137	1417.3804167056098
1639.962210146914	1641.070636426955
1633.0003464502224	1632.517474826309
1160.6607223454048	1160.6798628902238
1505.4276015343785	1502.284710102767
1298.0775959650928	1295.8627530258004
908.858364284999	907.6061774382143
1168.5792397894547	1158.0302493802728
1059.2863124307187	1060.0570669279025
1501.2293227816117	1499.532091489115
1314.4826476312592	1321.1450087388987
1435.5873313337797	1439.0373484635345
1294.6460042776307	1291.0081224577232
1319.0387561846	1318.9557745692625
1313.1545026802341	1319.8039045042408
1097.0316103242221	1092.7797520657425
748.0333462431881	748.3627450041843
1265.665895849932	1265.5326708065788
1253.4424215851177	1255.6516346618566
1183.9384165383526	1181.7532337176187
1442.026613162714	1441.641346195043
961.2053263437992	967.4610639964915
1430.105612279469	1430.1503378281047
1519.1487657779944	1519.4501396210267
1591.1615947726823	1591.3169975570659
1618.589555349492	1618.7974272516417
1277.825042587443	1278.7348929961558
1077.4488736110216	1080.7014687654096
1623.3299974488327	1625.4843567799626
1158.481392226735	1157.3988394012779
994.0418868144043	992.9704230745225
1489.213251002162	1490.5496695238212
1315.53073259737	1316.6210162502443
1221.8005627585517	1222.349496127213
1254.0367118846916	1255.5182934407476
1475.968496362475	1476.7422761788014
852.304556899122	853.61207561367
1097.1966634363635	1096.9025081194118
1460.2788436384872	1459.6242653176935
989.7275583210285	990.0136401401975
1210.219203724264	1209.8915661954711
1063.7149132722989	1063.2177481298652
978.6720147451852	978.5813687138436
1627.2302111937897	1629.1693065744596
1339.890596989484	1339.8248039135551
1247.8213633253472	1247.2886927847023
1145.2032807299984	1149.5890023089298
1636.1955443426268	1636.8372082238632
1043.6375110120862	1043.082028228999
1126.3730815747695	1124.0025121708181
1302.3885379259882	1300.3167079445357
1340.5164311087574	1340.7810138697487
1252.0358786114084	1249.7557173713005
1535.214251788624	1533.8434107143883
1382.880084093078	1384.76119115311
1273.6535839470162	1273.5965590673961
1641.2754320495296	1627.713170925631
1001.2140023469401	1005.485574270837
1118.150878785149	1117.8319447959955
1609.8058482781926	1608.959070856171
1502.6381823582924	1503.3855485571892
1045.416029462358	1045.7828057240617
1291.0628626563994	1289.167062793773
1617.5999622847012	1616.687722973205
1167.2062705834396	1164.3290827317448
1434.0549233339261	1432.3476096618538
1519.888230597513	1520.853060984934
1274.3931834123505	1274.8735588603136
1268.085558479681	1272.8679684503913
891.1242974320485	891.7135696906805
1493.8676285671245	1493.1892019459005
1645.8145180432766	1645.6266685837609
1191.866740524274	1196.432189498581
1096.019254861836	1097.489116790892
1187.9986514041666	1183.3730605275518
1150.7464291996148	1152.7389909975748
1054.6425726814778	1054.471692849075
1222.1480073155253	1221.8577106438606
1525.6824484728859	1519.1692434267763
1336.9928715486894	1336.4714797309368
925.8846319716249	923.6580460604055
1004.8880524975539	1004.0683499796731
1136.1029654555314	1138.4151375433978
1127.2637867800076	1127.4069971294643
1474.0383135123702	1475.907545145206
1260.0095526448567	1258.5384048649983
1228.6330150809372	1231.9074811476235
1144.887921098125	1149.2818042015995
1370.2686745963874	1370.2714604714652
1571.6538430661312	1570.925103057479
1433.631870094483	1428.6375628417632
1173.8545293161296	1171.71126820167
1392.0808769196155	1391.029580354227
1194.3996618105448	1195.8610952942051
1018.7585653454298	1018.0419707828269
1120.783605048724	1123.6334802404472
1482.2037010880886	1478.6221331905247
889.3955384904402	886.7954315748018
919.5990224051056	919.6884158463085
1227.4835396650888	1225.7253072127369
1257.0756991724193	1257.161848128017
1427.0016248052416	1427.9229836358274
1042.5570717825904	1044.4144649015066
704.2980361693772	702.6201433300629
1328.4126479277038	1327.324920661193
1072.5772779839172	1072.4714050493515
1512.465343652846	1513.4196970268222
1409.1303533542086	1409.219616495593
1467.561265213997	1468.6226089798006
1481.9232554104237	1482.8742048562128
1330.4420823491528	1329.195693695907
1077.248082530481	1079.241853916936
1198.9357078328321	1197.060912611221
1424.7331891679496	1427.7485808493927
1752.6816116103146	1753.817089210235
1311.3688707847032	1307.938898401242
1509.5375675909454	1510.4515022198923
983.1857449507806	983.99963143003
1269.2963099818735	1267.4076736102174
1311.8738495315192	1313.0636027176608
1526.6350335245952	1529.131865595495
953.7538926374982	952.2632436408866
1263.8402954897902	1263.7871236325218
985.0443425940175	986.8801873015944
1176.9428195598884	1179.2806273191368
1514.1980673501967	1516.3859087003304
1094.640819137363	1101.338315103396
878.1209135689278	879.4950229275895
1153.4916738084576	1152.214270256559
1034.5485934810713	1027.320404639549
1124.2441177213623	1124.1447022197524
699.7708491417288	701.2881598847335
1230.8670924479957	1230.5877032307617
1732.5441317782097	1731.227818393922
1527.9454004995932	1527.1768134876302
1049.4882163247094	1049.1756052387286
1234.4576261827606	1237.3463949781535
1018.977801815141	1017.4408810803932
1647.79660045958	1648.4066399557646
1153.4229053518502	1151.733076102469
1211.8864964133245	1211.83670410308
1566.1838732810575	1564.5395396390848
1146.1276429803693	1144.339324653289
1330.3629856826446	1330.0852502798684
1191.6437287202862	1188.930474378956
1203.724517567607	1204.5073746976607
1263.847162243008	1262.7417231236354
987.0270351246872	982.1220206591087
1482.0466475264693	1483.536620870788
1500.2928822379326	1501.6521019435222
1267.280152063584	1268.9129769996905
1518.4995412076823	1517.50887729302
1239.298867417121	1239.5463056121414
973.349624211929	973.6236080518162
1241.1445742487267	1241.1319869749912
1065.574029168347	1066.934010981283
1261.740484334674	1262.3802463545323
1433.1094049052044	1436.3950290276987
1246.0882403443975	1245.1039360544823
1284.9470177088224	1288.9622440291369
1721.9799380534678	1719.6198413072427
1217.809704222018	1218.790897774288
1107.7497277363436	1104.7035597501622
1050.4495179321384	1051.7419164308028
1004.5690745066095	1008.3922785810464
1623.331889157358	1624.3092215417896
1171.8004010851146	1171.302344252917
759.2983461618715	758.8443579489187
1312.9507952237618	1315.3600469163378
1313.4255261722428	1311.4436235070987
1394.1183890791435	1394.046586473581
1409.3391272090375	1409.1359688879045
1219.5236242073588	1221.2501520573915
1322.7257769783027	1318.7215625298534
1006.1831596630509	1008.6114503860291
1492.177647237142	1493.1522054038487
1149.8753522824263	1150.2611480830685
1426.6710063380597	1427.255053339926
1136.5501156448736	1136.7880190317856
1117.3796101647022	1115.6468480218364
1034.3453973745636	1032.6020253665654
1525.641193690215	1526.3973304954252
1357.3368532751629	1358.1318183484702
1268.1784431760607	1272.2405531347829
1372.737179000018	1374.0631080480498
903.1854978467163	903.677340065673
1033.5842710676952	1034.0801262585585
1271.9457792069006	1272.5327579620998
1565.3321099476598	1564.637218818571
1476.916318928328	1478.2408511553513
1453.6323788795853	1454.388771143207
1084.889792812086	1080.9918376820565
1188.7591139186407	1190.5649159264226
729.0028944322548	733.8770796099525
1230.7869687493949	1236.067408006427
1262.722724857449	1266.1537152515773
1477.202706384036	1476.8217693551553
1273.2867477885738	1273.6954057811874
1127.1135908943252	1125.0378154227299
1254.438332444348	1255.0152803739038
1000.9523593032209	1002.4892266986158
1340.3975847022957	1340.3160286928035
1351.3980530256813	1351.0715755971873
1241.7542137926794	1240.8706633247891
1343.1879560630186	1342.871954804297
1269.894671629998	1269.4837606036272
1608.992360631295	1608.936527414912
910.7671183919883	906.2954419955806
1392.5637910279038	1392.3838535758628
1217.2522004528728	1215.996738890069
1647.6197801441594	1650.1605547858992
1085.0113509821822	1083.5623430400174
1226.1711348910176	1228.4964152776433
1335.1503633308748	1334.29957298369
1524.2787654058484	1524.1643721867172
1273.9191053227696	1273.2972644355405
1729.945850866061	1730.9661740634078
1041.458632295893	1041.8323932617848
1363.4629377712845	1358.9807718101551
959.4182987550157	962.020057518172
1274.671973407967	1273.0621491816248
1454.5315514744725	1454.5731233954887
1084.9745686991664	1088.9437556829453
528.6074140086275	526.698348685027
1414.863955126697	1415.2409828775214
1542.6234141244786	1540.1990191554137
1295.9455045883951	1297.0801397610783
1551.9491928976495	1551.491856119823
999.0824976958102	999.9665302738337
1043.418890070403	1044.679025313498
1101.1609126557014	1102.6129765470832
1332.1190504700353	1332.3874394398556
950.8205114117882	948.3264033101561
1098.2770604071848	1099.1150551934654
1273.3243645204348	1276.7511600749904
750.7944241187361	751.5132998709348
1208.1276347911044	1209.2586147936242
1196.9030287284404	1198.1702889934882
894.1188126365596	891.7663531419214
1023.925017985719	1019.6867847441448
1459.8392064151994	1460.488747485027
1255.7675459258026	1253.606669604933
1386.300627083372	1385.261547746573
1105.7588220591424	1105.8602560171428
1072.882068649662	1068.9262045764688
1417.7294028045435	1421.2795901483505
483.0759866333683	481.1142530731802
1227.9318134029454	1229.6396202164703
888.6687058295938	882.0228114171861
1275.4005419989408	1278.6224869585035
1449.2767348061025	1443.8495010029453
1190.9487747155363	1187.8591209399895
999.6025653425604	999.5404257671679
1486.4716877031315	1486.121291568949
841.6264263355406	842.0721875846252
1588.1434506049263	1588.2773332714469
1366.0055954412383	1365.4599686411686
1342.6829443803872	1341.9504821902058
1576.648038821586	1574.94208438524
1143.700070501829	1139.395401424249
1123.9593085429806	1120.0185968730393
1383.263415072317	1383.8699710779872
904.5119491302466	905.4895345696814
1194.949784171884	1198.844414694617
1303.6096629700041	1299.6232804491428
1401.2605038012553	1402.3229010142727
1167.4405961554148	1164.5827856548522
1226.5546926548705	1228.009020748817
1120.4114785583806	1121.1823474885186
1424.4761315851065	1424.94868553474
1624.092648012971	1623.1182891672472
1045.7499805946718	1047.8182362636871
1015.9113351429696	1017.49173844231
1448.9653241297056	1448.1378623032
1276.6754222254676	1276.050271468873
1388.757880167046	1388.5633102552297
1113.8860569382668	1111.935035924729
1423.3697801473318	1421.5204113299885
1300.4867353336886	1299.477680085964
1244.9655631048663	1244.7220721088645
1371.640749314538	1370.3113960565715
1478.9386618499702	1476.9494029142893
1200.7302497780765	1200.6369348447818
1323.8400372534816	1320.605788818805
1151.6084282749507	1154.7873815259834
1354.5932095016178	1351.5289449649795
903.2840779233957	903.8817831825306
1150.4991704899876	1151.2001631542998
1499.6067653014034	1500.3489318283794
1185.6776475750958	1186.062580579088
1203.2979028221162	1204.0843025674096
1611.5018481675652	1610.686942259493
1237.2160284465645	1238.44790232494
992.2478627849487	991.4755684109455
1373.042776610935	1372.7852110243086
849.8507201619213	849.1570794661942
1337.9499738206505	1338.0922779041375
1599.1753285270825	1599.6256002215944
1140.2460562004999	1137.844474818748
1156.984082600713	1156.2582833839544
1323.5073459952546	1324.8478308919787
1429.0620938970824	1429.927401828355
1095.2614210310276	1096.9962387701476
1337.782827459072	1336.537844716586
1345.378852330905	1347.1389177677083
1451.3877527713776	1450.4667691840089
1208.837998412433	1211.5428623642104
1510.6873391611734	1512.0978607765446
1156.6292088128685	1156.791803257606
1113.10724775173	1111.0276776258795
1338.7505020819954	1337.2963272048476
1508.331108313083	1505.1170563555831
1116.4789381353476	1121.5933735564852
1113.6357268331922	1115.621387700711
1486.1300632708007	1484.2289579718436
1447.9100998929935	1448.8088313016451
1106.6700052515953	1107.2267208233102
1051.8835286861868	1051.1217877761178
1464.4602242122928	1464.467427411127
976.568269264506	980.8531006946774
916.214334753633	923.0798264774313
1324.4446717789106	1317.1953197281334
1021.8308272657159	1018.8005624721433
1163.1697351871117	1159.9352358674498
1296.3356127313164	1295.9550729113323
1256.8810938840033	1256.716890997216
1061.9053524299234	1063.1802334343345
1288.9749940630572	1287.898049359303
1334.2774657103291	1335.5478135686244
1211.955024458206	1211.839413567067
1501.7924943257822	1500.1129184660792
1440.0183611866378	1441.9417572825175
1209.9227337326156	1212.0058455796097
850.1753952207218	847.0179144453509
1763.3079842295265	1765.4792248348874
1451.5888084683975	1451.1256679077492
971.4573652629624	972.5832033500311
1296.0715205244778	1297.192696593361
1509.3256416818476	1509.048518553406
1496.2612074646167	1498.6203667674595
1252.545778634114	1253.3933648505047
988.124082543829	985.7881821297977
952.8468317047227	950.4677528813168
1131.4857469262788	1130.3128842909366
1218.3549009512353	1225.809166427084
1328.1605115371058	1330.2960816993318
1093.832694162731	1089.652478731354
1086.9485458606505	1092.5211167397258
1425.5273317153915	1427.29047699738
1165.3166332478868	1169.5734013105123
1435.6413913855213	1437.5471142589083
1137.4815402585082	1141.552899326188
1290.1806726524665	1291.9806510860599
1092.5924719857285	1092.786969324331
1251.3923197895347	1251.4494549438168
1013.3434388327587	1013.0391574568456
1155.413594274898	1157.4508484815224
1276.152949968906	1276.3194588387587
1158.7101876993402	1158.2963837649588
1279.819579675881	1279.3462739066586
1018.655405253754	1014.6738795558944
1007.4568658940261	1003.7789443726504
126.95108544333198	129.32966246153796
1397.743877851608	1398.4594625167156
1427.0485822878254	1431.0544312079453
1726.1470909136988	1726.042427167312
1362.4473497809668	1362.4062165272908
799.3564552441239	804.9288273232528
1755.7906924080162	1756.3838882407208
901.9980426345137	903.8522218577674
1492.1961639046785	1492.1255519080028
1303.1243622490147	1302.4393140717975
1440.5741080433654	1441.7424220128698
1345.0011826262344	1344.204047051906
1265.530168228317	1265.0709270177774
618.209001867086	616.0124187059324
1313.5837864167988	1313.1231703182864
1278.9188257920905	1276.0507326697032
1073.6546962228604	1073.633276183083
1220.6892905481218	1220.7850671521428
1472.548885077209	1473.6557981373003
1391.8858407337393	1390.6794398755135
1840.362455851311	1839.929116971094
1161.8724849443824	1163.8879665763834
1584.1271704476385	1586.443898791763
1144.65876450605	1142.7428234291772
1202.6079035034345	1200.6493168629586
1512.470246195211	1512.452799879221
1270.3346126028919	1270.385215335426
1261.2485386851185	1261.0927202913208
1332.3756463124591	1331.2163384095295
961.9364797828603	959.0524433565148
1073.643442892324	1075.892869005697
1295.5620982103283	1296.2585410431157
1571.0864769577165	1568.7901527522868
1048.6816887359018	1049.0953070665128
1187.3068178846734	1187.7503034911058
1752.753474674886	1753.380205343371
1272.316473176994	1277.9066864182892
1362.9302769580972	1361.179567389674
1378.499188206828	1376.1020397509535
1242.8177398750558	1243.4175430928049
876.8338803022925	875.5937462964589
1613.068917243887	1612.576294615026
1093.8890482135466	1094.0821108037287
1543.031356849824	1544.7833383713867
1633.8775064425718	1634.6691805264868
1080.3851052214159	1080.0475347271065
1065.3099434340256	1064.3249101245383
1233.4750024177774	1235.6374203218045
1486.2410019363742	1487.065980932816
1170.9965371416765	1169.9907240104142
1581.067376556719	1584.2931635542675
1376.9819006228645	1377.962783490008
1182.2117223579553	1186.9063625398683
1639.8668860580947	1640.7239393371567
975.014236487681	974.1635879325319
1301.6629590983212	1304.3666634405333
1476.9195006116643	1477.62325036101
1032.124567123392	1032.868886392655
1454.8409985297185	1450.6871635259995
1428.3726228205487	1426.0150754947085
767.8506557210349	766.0989632054731
1079.5658936412074	1078.481274514602
1335.050187660876	1332.155908861369
1151.404220690456	1156.002155475755
379.2731596425001	376.45563029682273
1426.094984637457	1424.8914597082992
1155.2322086760832	1154.648617454599
1459.0759440057154	1457.8288763411324
1127.263471081038	1126.750051257658
1490.174709811312	1492.3821390164587
1302.8122875906702	1301.0149340034486
1265.317349091405	1267.4554368383865
1215.7031724829576	1212.3722630567636
1327.2393338437541	1329.205864301031
1226.7083963593468	1229.529572135679
1763.5138971772685	1762.3197660171745
1367.112767557148	1367.7715080786843
1404.6674307682842	1403.1086810465101
1478.2071289853193	1479.560614724945
1130.18748032031	1129.5830377976251
1234.9498986155668	1237.01615879823
1111.009633886657	1112.2624081262625
698.7954110003338	700.5310997865794
1198.0267428028747	1197.4445843038275
1120.0979880454834	1117.282951429466
1328.6204722609255	1327.5659689778577
1157.2159920080449	1157.0865986537074
1431.8723592995375	1431.205939896578
1261.7151967817917	1261.0867715293616
1193.7971356008202	1196.140043622973
1404.0589442054625	1401.9276538162853
1546.7309476844384	1546.4187492709334
1208.714651501563	1210.2173176211293
1336.815452075447	1338.1242603315345
1634.5731383779494	1633.666349420352
1332.1628953925974	1332.943845209813
1209.5031922322523	1209.622861767778
1547.2337384572602	1545.101214587253
1246.3717306874169	1249.5670830747983
1342.8191897358338	1339.6758778490241
1491.302195981145	1494.363714937148
1348.9939760671114	1349.2672327165594
1415.9934912877507	1413.5611739586502
1050.7810743893206	1052.2382510102575
1644.3448417377658	1641.7496972026597
1623.7008700798033	1625.1425805061365
1349.447234299325	1347.9300691017731
1043.111480236228	1042.6728859134669
1291.301146810758	1290.9570469392777
1032.8513820764492	1034.5818234850994
1198.9289410489146	1198.714385021177
1171.1166211790114	1169.5768330715941
1053.4986876196635	1054.1795314571489
1369.9615121664247	1370.5879040562259
1117.4265527989483	1116.1973136049332
1173.9195239068358	1174.058419685736
1446.5245658522763	1446.395051211686
1270.670260644576	1272.370125279649
1246.5054935635999	1245.5729755934137
1493.91045713739	1492.9010887657207
1118.6380717752036	1122.9586368004632
1503.407493959472	1507.225162598743
1220.378942778916	1220.518904538309
1431.2698559881828	1430.932526183812
952.0525529890438	953.8927153020079
881.2261647612613	883.0849646315879
1043.0059930184216	1044.5768857677008
1331.4835176826746	1332.413880038577
1132.9428841752524	1139.5972345278674
1437.9543377095833	1439.2315255526723
892.9330312846287	895.4554787341232
925.9292875131068	924.6939102610037
1622.0558501159248	1620.4122300626154
1157.6981468211743	1158.4282532667155
877.645827013388	876.8539983225031
1179.391214072617	1182.3917402423497
1168.1995276779926	1170.0996377680951
1105.6627138774493	1103.9586104929867
1125.443618673773	1128.669085450947
1145.4722577489447	1140.4195456887348
1330.3164165594208	1330.1101917334472
1236.7210282128362	1234.4767323631638
1001.5459835352376	1002.268396513637
1132.1190012132574	1129.3080360876584
1372.4917055146361	1369.3162589360757
1218.6083922247053	1218.3933525144
1068.2288646360103	1063.0974486457376
1505.0432773410867	1507.5263943249786
1614.7960279335384	1613.06952164268
1276.6485437692609	1278.4248848833015
1341.698529080575	1341.7247405602416
1396.9680882604443	1397.6405115024454
1370.1390770441794	1368.5554821827723
1622.0290659611637	1621.0376217433563
1278.1632806549023	1280.2841176125494
1518.1198286631843	1517.7178919025318
1205.491596205131	1205.5604919005048
1106.1567211244546	1103.0824245413949
1296.3106893404329	1295.0218211200006
1273.7518450658245	1277.3685168595314
1456.4604265608068	1454.1893965379636
1197.013618760655	1194.5695199311874
1519.3581032827497	1520.2645400938482
1526.678651657945	1524.8169750009654
1254.1969952798972	1254.1212583513404
1188.196759539249	1184.8066925987605
1539.9933526399836	1539.4745790270388
1485.2738575291296	1489.2577549311516
1350.5409772592539	1349.9641879635146
1197.2150247617392	1207.6868381617621
1075.5891958608117	1081.3247569094406
1600.3810053850757	1600.8949743568558
1067.654025387339	1067.569132901043
1558.77362964215	1559.5709392665776
1384.2923687093426	1387.0717990768198
1005.2848241314059	1004.3785659719966
1000.8024465250783	998.8822803940902
1471.929315480491	1470.3964555901282
1420.738393424137	1419.566162336726
1402.6058309277869	1400.985989823655
1311.6905161261675	1310.7782101507335
1753.7940405267582	1755.9805711365343
1241.7707034173363	1239.519815129057
1231.2654505113023	1235.1229515796326
1076.6610325212823	1076.0416223386426
1399.5423669632582	1400.2961142477723
1105.9483255120576	1102.4779041539944
1437.3478522769292	1433.373850066313
1205.2921527182043	1205.1653425952643
1362.3198359407834	1361.1112745912374
1299.888178370311	1302.8803679111686
1493.5086605700199	1494.1974165643737
1153.9644248765544	1154.9884690813774
910.0552984505775	907.2454300372049
1758.7728914314357	1759.103362195505
920.1259300967504	921.0479800879731
1447.2782061203616	1448.1464062983127
888.3361929326784	886.2430074957027
1397.8398036569415	1397.57959513117
1635.9811078317289	1636.1771787375992
1082.8403007851448	1082.0242615440234
991.9038122064085	991.4704493074472
1146.8869859531405	1147.6858525066527
1533.5272441613197	1538.1030169456183
1432.9577019757999	1431.5277338124997
1497.3531075228238	1494.483683049045
1266.4141790528374	1271.4402840578873
1632.1471539199702	1631.946491141799
1427.1822762176744	1427.0630604407647
1218.2452048347914	1220.799780739536
1075.1680419300683	1084.2752598260652
1520.3589023275708	1520.6026145846363
1483.3937398219714	1484.5286707304522
1188.7614221940166	1191.6062220543
1211.630544033571	1207.406214236672
1219.8922602802631	1219.1150019732913
913.0136143693817	911.3176229456619
1204.8445962401456	1204.021892664731
1367.3503404069343	1367.1555255090093
1321.9415515788132	1319.4554537721738
1182.6467888711195	1183.7432817769477
913.6709328224533	913.2978625336633
1555.1901985998556	1554.352793366834
1306.3612970674585	1306.3884624042666
1474.9174777633452	1472.8255990284408
1078.1008809708292	1078.1321520431306
1136.5655051950598	1139.6939728309792
1136.600819212268	1133.328054287901
1724.2541916175978	1725.8299714073528
1574.8994482372946	1577.2852115720473
1559.4230340053618	1559.7216201023243
1290.3301912498428	1291.0222991343048
1028.2562192819314	1026.115813060374
1207.8016803207283	1210.3757462937817
1298.4176351478964	1295.695867016208
1584.286853454687	1585.2604894676174
980.3056504295964	981.2492772717665
1673.3780435396766	1673.579443416376
1079.1063712649047	1078.9105673612362
1078.924486356991	1082.2971775276305
1392.1069085727213	1395.1806501023534
1368.8063359658408	1370.4036317500393
1491.2376181148575	1490.1078713216152
920.6683093223255	922.4662826483536
1624.4658842095523	1623.3508440695086
1261.6419051182747	1257.2385149860563
1150.779708048096	1149.1230236741653
1468.7133631753095	1469.5370836482268
1148.662288607302	1151.738761494491
1180.9223724763433	1181.5010236586143
889.7436545311066	885.9835591061291
1640.0196801784914	1640.248418994361
1048.2089752830798	1046.377288123735
1277.3987567904987	1282.4475898663457
1285.26374153918	1286.455073692436
1351.7444576287817	1352.517979886735
892.4491873670486	898.7025231223981
1193.2516983470123	1192.117873120769
1143.143931716797	1143.8709673061255
970.6383681668376	974.2822090133501
1253.580811862601	1252.6564944323882
1275.4902039405715	1274.8485386909165
1335.869323389983	1333.9370004398575
1367.0834036955494	1367.383981982574
1108.5843505552039	1110.3110412725707
1134.7194210967573	1139.0254752925987
1072.3832624866627	1073.0180421579114
1558.515872120508	1560.2951266030652
1363.9969137771986	1362.1576757996195
1097.6550142767665	1096.9999752303565
1190.2923136575846	1187.4055060235578
1465.19425959012	1463.7967950916573
1243.8054553995898	1245.0403634293232
1626.7110940743587	1625.986149768208
1368.3254327368923	1368.1273397373006
1726.3477164295327	1726.0583238403105
1147.9430244005634	1156.8675500237418
1536.951391126233	1536.7902634243248
1444.0496744343836	1445.632598410342
1340.7895200973726	1341.269303660025
1471.1158243153768	1472.2733054219534
889.298236430157	891.095415970416
1411.7052751814772	1434.2835956992526
1418.72769697482	1419.1686889134794
1161.896858600725	1171.5558933136542
1403.2904676125618	1400.95610520602
1622.1369678012852	1623.535603032773
1128.9732983366412	1132.411375321611
1396.925052278384	1394.726714220256
1067.5232026127342	1073.1279436073949
1141.8536535609455	1143.526313434207
1191.4784334169235	1188.1201370292238
1214.5021557791624	1216.4497103206922
1338.2665089913644	1339.293722773778
1357.0857654847496	1358.0053793945688
1454.4017443729972	1446.9733698769498
1131.3672941981931	1127.5105902656462
1274.9734396835556	1273.3361661934623
1205.192369006807	1206.8657065786629
1038.8239367991046	1042.3847005566397
1504.8481297537219	1502.1982378594532
1036.956068850297	1035.7731540706425
1494.9187908637396	1493.495414747381
1321.8785991792975	1322.87204926524
1284.5514609778766	1289.3412327350454
1443.4793918853102	1441.8545988652663
1336.9168373801513	1337.2271150116637
1619.046116714715	1618.080164930804
940.5803673757036	939.7180984650572
1526.4990292894072	1528.8383900216697
1128.1949806047196	1128.5786290580697
1284.6522779689403	1285.3726607517501
1309.0701537664281	1309.8913810644272
987.6286823470728	986.2390317649342
1167.6848996445478	1170.0795575055145
1249.2488934993453	1250.83011136595
1131.8732629051374	1132.1095189778875
1438.21787783716	1436.1670548860272
815.8010202787118	817.189042425744
1620.1920287127432	1621.349203448965
1291.2373963824066	1288.255697310186
1128.5020548489701	1128.9922992260956
1187.6305638210906	1186.4416846377346
990.059442984988	989.3623286206828
1048.4281740032893	1045.820612100321
1502.3348442899296	1503.6062071578297
1508.8295135682856	1507.883356625264
1245.898403304629	1243.8233356476003
1646.0450841817656	1648.1572879886535
1300.3114948634757	1303.9072823230524
893.932792868698	895.691021752467
796.1471265628061	798.2431217744938
1383.9850355566887	1383.2891728455375
1509.50264370261	1507.9538295540767
1582.8463890869753	1584.7869607534801
1253.7653748428565	1253.0459804880281
1335.8264989786258	1336.3656884226361
1316.573357763351	1313.9089755914185
1045.4391597638605	1043.0708004180433
1385.9668344159436	1386.2927369328088
938.7184054452227	937.5543910680325
1466.406882831856	1467.0639269670205
960.1150634422083	960.1415097123887
1567.2268858259195	1568.312358022149
1445.798616744607	1442.7232583039963
1517.1726778863522	1513.9032080647544
1387.8667824283475	1388.674196972748
1101.9406448848895	1102.4911956931496
1386.0587849637377	1391.8308800746624
1510.2268824120401	1508.5468098153526
1407.4926753480977	1403.9931326398264
1081.2962389419263	1081.0952794582215
841.9874150063843	845.51425325685
1735.524393388332	1734.2293967171315
1196.6599760070385	1210.6659867788949
1323.403228850133	1321.181643511598
1449.8581925023173	1446.0381578430308
1195.9774070743588	1192.776368118164
1059.7028512184916	1061.3008213365858
1115.059384984197	1116.5270300419709
959.2465868650761	969.8350937095521
1275.1907250949007	1275.7643594191434
1645.6984874795016	1646.4208733148027
1346.33820295005	1345.934662594572
1157.5467370881233	1153.3214434662589
1446.2175490322697	1448.1400769749232
1268.3563571742852	1267.3870771328434
1017.5837798253924	1014.9823979378301
1511.1162897815811	1511.6050725175637
1413.6245296863199	1414.3472795248224
1555.6943718484254	1556.0894509568006
883.7016645878903	887.8526137063166
1279.8309143739752	1281.8832470563725
1277.7821916723042	1279.3143753511124
1287.4292724591796	1287.5351695918946
1023.7240188137512	1021.9913041763558
1244.4514718998398	1242.9558429928707
1103.5553149162151	1062.3204574795259
1409.5299806102412	1409.0340435644002
1133.6603718952974	1134.3800604711746
1343.2513981287193	1344.0729091976823
1084.6120506336156	1084.6686439072798
1031.7410539548437	1033.6279057412212
1255.2036079693644	1255.0004469602723
1177.365386306803	1176.551987127933
1141.2921222927398	1143.1121780794324
1580.662816460972	1580.3681184361008
1060.6515253622201	1064.130961120154
1223.971822746913	1219.9411838338126
1101.844875469833	1101.7016360685486
1221.4366348423646	1219.5881389880053
1386.848835726647	1387.204511005479
1543.152312267921	1543.2538850804506
921.753757020022	929.5970698927554
924.8105023803073	925.2957479982466
1232.353505672625	1230.8904697940604
1145.1486301297555	1149.9930586179366
1014.2646292322315	1015.3788982415747
1322.6085818030988	1324.4726119108402
1274.7469158175227	1277.7555840003713
1447.0155063128623	1447.5879211634476
1639.2302213002695	1639.050749620262
1509.213192243129	1510.5670141905118
1413.391306655656	1412.4108404281983
971.2332667083538	966.4381989862261
1248.28512802982	1245.0704175084884
813.0461289049126	810.8483778164506
984.4010812643974	986.0027165115794
1387.1908332172898	1388.0513492030075
1361.8399642334844	1359.6014929728267
923.1885186895961	920.0462683727542
1434.7007978636248	1432.0625088782954
591.7627315404243	592.9399938971728
1441.0989710632712	1439.652630144122
1126.182132705464	1128.402224460167
1197.670954295143	1197.7432601651067
1232.6258348867123	1234.2829904308921
1348.264931604761	1349.653141012358
1485.3407289193128	1483.2924036644952
1321.271739583026	1321.51070700537
1057.6311731860624	1057.9997522879182
1419.1072170771367	1417.5433431925198
1574.383776797913	1575.0256201230927
1613.0619147427497	1612.3355340104836
1555.785041763651	1553.4940513622207
1078.7157228947617	1079.8338963588935
1101.0701828603342	1101.7512981061088
1239.3411714822869	1238.272329857003
1165.7288206644007	1166.2543652878849
1023.6818204943556	1024.3026300079473
1371.430164036632	1373.6153128250996
1178.9071074077801	1178.7135495287778
1475.4665111070208	1479.1571419345041
1565.812396047928	1564.9162036425248
1184.7363645795267	1187.6703029883854
1101.6876795444405	1100.160990133791
1447.7285558122094	1447.4258773115332
1084.0581152623636	1082.7802742243773
1372.8929477596248	1371.7772749639803
1104.3647016262112	1103.1423051308784
1363.020234984433	1363.08342756567
1203.310258479003	1204.635884413413
1460.3533571101143	1460.4382326422615
1060.7726116515696	1060.7677876104901
1076.1843800822971	1075.1844457022412
1051.3554313609202	1054.1068088243858
1515.1972287601675	1513.1071876725616
1338.448420715722	1340.1345581727528
1118.023632229335	1118.8582730342946
1280.1662298271258	1280.7199360515613
1277.8392807018245	1279.1445082858227
1430.2266053047497	1428.5555399744642
1294.9931052736356	1296.0400523793708
1211.4979422693723	1213.4088004886294
1063.5052197723999	1062.178296266051
1228.1022423738905	1226.8988294753842
1301.7487112742092	1305.447666751669
1503.2864646041417	1501.9906588077274
1100.9998849401309	1097.5798683422831
1453.5933856912307	1453.9286837687737
1152.448295561917	1150.1193517858628
1628.5584719090548	1629.3189055397822
1057.7877873007674	1058.1616976314012
1184.0972832768166	1184.333981352732
1111.3894425945473	1112.5821423181994
1219.798313351639	1219.8033041956267
1353.497689635813	1354.2051549367923
1287.5011526763556	1284.6566941806248
1388.1633312234771	1385.5942434264366
1197.8074314852129	1197.9221754124005
1383.2534241224348	1384.8751905076404
1252.0437946519523	1252.4648199982998
1107.6339451788226	1104.0394797853596
1455.762635423569	1453.7867425420964
1028.5890200151189	1029.689670722441
1403.850575323304	1404.6505259694059
1245.0240913119633	1244.1367153363353
1295.3217195163306	1296.9997371714103
1274.8415273487626	1274.7274522548528
669.4676372329122	669.1034095589915
1010.3486230160343	1009.6322424294175
1431.4263017236954	1433.5344183531706
941.7963506675733	939.3462436065508
1206.6191631272668	1203.4619352641662
1431.0728737669997	1431.4604787773287
1220.4813428320922	1217.182852578714
1204.6116016531014	1205.0812036965842
1275.2221770797332	1266.7778724614072
1667.57132150291	1666.1351231316485
1416.720798521681	1413.9045234199623
1290.4975136874127	1287.07547881236
1724.3223780589178	1721.740701783512
1268.2381061681372	1265.485891561087
1132.0691886881832	1127.2593374251906
1046.153764390503	1044.0696227821584
1417.4182210901927	1422.1453540200803
1651.6065887094592	1650.1981410376286
1282.1989039909386	1287.6421112419628
1244.7837695821945	1244.3932755124224
1642.8373626985995	1643.2118912601854
1339.615234086552	1340.5857556460564
834.587572234741	833.926480872479
1452.758082990651	1451.9080195060603
1281.2395637550508	1280.784833074902
1439.1034129324253	1437.38835302961
1169.977695338137	1170.1744713692829
1426.5217527414788	1425.6872609020404
1406.187692948588	1405.803318361673
1388.1565480438585	1387.0002647087788
1507.0064675150206	1508.8377217205582
1110.6107957236527	1110.3593980077671
1195.3848833831144	1197.8371326445022
1288.0055333601485	1285.7740938619158
1411.3600958517054	1412.0868334940803
1246.797017052595	1244.041099613401
1178.1554359691509	1181.3244953516994
1278.7251286637038	1277.9505310017043
1300.0457696252852	1298.43111349271
1304.6118340934336	1303.634367041638
1085.6470654836448	1085.6886154314107
1255.155828196759	1251.1815835762013
1236.7989883249975	1235.7931621924229
1418.3210641213227	1418.6251576269904
1286.8976809452288	1284.4841305263024
1418.3743262926582	1422.42998152428
1238.9210309708433	1239.760296854255
922.5611699020665	923.713678888367
1351.6035151497636	1351.3560917845903
1231.2675243539852	1230.4903247254165
1110.163817387278	1109.2480524800283
1167.588311745174	1168.805790234598
954.4046853908221	957.2653036889332
860.9088401678018	861.2983930596854
1174.6368066408904	1176.5431576655485
1240.3461662010814	1239.6260123247332
1286.5650982432708	1286.780525839247
1419.1622010886786	1420.1185296387773
1513.7819679125096	1514.0378015776682
1167.8861531987786	1165.4600418174846
1543.9556443153415	1545.2757420804462
1138.8849590436148	1140.1614849565979
1526.53404915813	1526.2173566537256
1614.8972732503025	1616.3336678138849
1370.2102849394723	1370.4358333948937
1493.641608669248	1494.41345164133
1621.6354914933327	1621.643591097349
1494.643036052672	1494.4011289182138
1200.8578061485314	1199.4686508363748
1215.8684617489344	1215.4073700207189
1062.4978282217635	1062.856946669428
1049.153529463947	1048.4394220426893
1042.9399996286666	1047.0161580166962
1604.0964088368928	1605.3890366472108
1476.1225674502493	1473.6217430280558
1248.5615673683642	1247.8423580431981
1345.4318789217505	1346.14290396559
1159.2800456561963	1160.4060292155195
1264.8463928686688	1265.5098605868975
954.0166646382131	961.1690327820158
1099.4823796933051	1099.2140064837142
1392.213591581094	1393.508202355314
1252.8104254062055	1251.6673140953155
1245.9438640089065	1248.9098464950803
1429.520562271122	1430.744254114329
1361.5618876593653	1362.6767599987602
1329.4752969157707	1332.3001738789435
1360.2421528881823	1358.707916291148
1155.6105827631545	1155.9174767250356
1331.1473555538687	1332.5769962245317
1490.228983883775	1490.5772645334189
1485.5900687879475	1485.5718855830794
1306.0570881547173	1304.2952299356766
1238.867761499685	1240.9525334515567
1241.4425881120842	1243.5119807317687
741.4725910786074	737.1211070936276
1546.958576637844	1547.4582445713095
1103.137518061878	1103.7428370632733
1209.8462370726047	1208.1703872062344
1429.5265747041267	1430.2128624837171
1120.2948248266766	1120.7266044245725
976.1292814226763	979.2171428182337
1083.1942520263256	1082.1258782191937
1551.3155444290896	1548.6613398733246
1374.919537580281	1375.0701588286413
1390.1906559542986	1389.8939149332373
1449.4775838031492	1450.2682696688407
1141.9266386752424	1144.35156463236
1250.074734954018	1247.5771393402254
1436.3979301490763	1437.5707449801575
1220.2076284108625	1223.7850391631437
1277.1106692314788	1279.7583231455071
1158.4986030569999	1155.9788177231299
1475.186106995825	1474.6445102654804
1427.7578807753162	1428.502559896235
1380.3456675593334	1376.7944495858635
1276.677436993632	1275.122921924789
1545.4637106115115	1545.3254424061752
1626.40754191851	1625.5016308803356
977.4115793458186	979.1377179036882
1365.479404324229	1364.4158342897372
1487.0002776139881	1485.206785002387
1244.038658123929	1241.9489610669605
1402.457301501825	1403.3722011745426
951.1281166011468	950.9778087497668
879.9679452078999	877.2490335492456
1211.1699573732913	1213.455049161606
719.4791739861394	720.1144565010395
1504.3847169073415	1503.8135509368497
1273.915369757975	1276.0056013946105
1629.9658827800013	1631.2634934682214
787.6793067250401	788.937002131914
1296.6235788540216	1293.0843532117065
1018.4623117011215	1017.7951182981064
1279.7326374964323	1279.1673322595202
1357.963583144301	1360.951488909321
1313.391388380027	1313.343912786485
1208.0671529508254	1211.1820770722404
1036.0077756317332	1032.9082947076597
1255.6082999131759	1260.0077229183787
1513.498010278272	1513.3814613736545
1499.2307570967241	1501.5162554872904
1309.2155313447292	1307.6760924541645
1200.40976496425	1197.2957160641256
1115.7719185682363	1117.659747300472
1339.899083336466	1343.139721848312
1392.7124738195853	1396.1628188589711
1236.7200242168328	1236.047443452684
1372.0487738859374	1371.958206118719
1536.4098968729377	1538.1517197918856
716.5087902168161	716.8443317166868
1574.0639317713503	1575.9483431871188
992.9363546261156	997.6195352094859
1388.8214580578206	1388.9208815484303
1060.3714787373028	1058.955200792048
1334.906774984178	1334.5572193679238
1083.9247906620149	1083.460388826406
1339.3238768584852	1340.469929756764
917.6102934161318	913.5786354855464
1326.3336319622176	1327.5958283138687
818.6863570861751	821.0304679374
1293.7094572761853	1293.3679828521385
1181.5232506104512	1178.0640580755207
1139.5594288195716	1137.5492008193398
1125.573324738216	1124.4027141176398
1609.3498238935717	1608.26186052102
1376.78844457792	1376.6365059319853
1442.4656781113881	1440.4666126814254
1245.045612480957	1248.5603692331288
1165.5912569255743	1163.2887613889893
1283.7628322281525	1287.611184570316
1372.6960108480707	1373.3895550910013
1312.9443326522014	1313.3517392691751
1243.929055913468	1243.7896466668108
1567.8978287678037	1568.8209167018124
1249.886936894909	1247.7347966666787
1492.2669078023173	1491.574418564571
1096.3110494568537	1092.4261223961882
904.1987276590662	900.6948026684134
1163.2997269847838	1162.6180999361675
1475.103853838984	1474.9561373299725
1360.357405945484	1353.8000127465496
1404.631808359205	1402.898913855215
1462.9905749720929	1461.885277404939
1439.013434232853	1437.721028807668
1057.9076358956227	1056.812778024387
932.8883314089326	948.7184162812695
1604.7499463723507	1604.877921058125
1523.3940246227721	1522.3267290149588
1634.3156582351075	1635.5331886786082
1652.61954079743	1654.621925168328
1375.479625743872	1372.4950597879413
1461.5368109426054	1460.7654516495704
1136.7128906212165	1138.284625095416
1292.5603056818072	1290.0898468375067
1141.0870767104498	1142.4299421254748
942.3188368151023	941.3327335542156
940.2490788139694	939.8728418616893
1119.7855255921604	1116.758997902347
1032.1728854336252	1032.4852687303887
1478.4754099122365	1480.7606041338001
1481.430453194509	1480.119180820917
1155.821758318867	1155.7656452846652
1097.1122999145882	1101.3875722154662
1330.8014045862074	1327.4835754996723
1171.8501290750282	1173.0911877717228
1263.4266210704227	1262.1062399269074
313.095737904674	317.59952953613146
1092.672822916822	1094.323295146906
1620.658281156735	1621.123970942828
1290.212856036349	1288.7220009911123
1248.3976283726515	1247.1897621594437
1047.5867908460787	1048.3272367010513
1145.8381418787467	1147.1451132897619
1024.0322310808406	1024.7895357851892
898.8686727141903	896.3882214106378
1669.6686446101521	1667.902871695113
975.1686047344992	973.9910441304445
1252.363281396014	1250.619799417245
1218.5424027939735	1217.7730535492483
1199.6154248891398	1198.0501256019977
1440.8992987888632	1441.5100082490924
1848.7320847638475	1850.0470253798164
1040.5948491728632	1040.1407755161015
1483.2878466377442	1483.6339437357976
1175.2710943173151	1173.5377917685146
1120.6299303282576	1125.0343095304675
1633.7759304109786	1634.7306073303923
1160.5700374177832	1159.0073217561442
1259.944763934589	1261.1402732680535
1273.8842565071245	1272.7310470633672
1110.6777820587158	1111.1622431258654
852.2202928202751	853.1863176894591
1557.7953651430435	1560.2291597489746
1350.0942285649653	1349.9223969349246
1237.6918616017792	1240.024879605988
1128.2909035151824	1128.2214209793606
683.7291469574411	681.6705709454999
1338.2545636664727	1343.7099286746052
1376.6646969488938	1374.1408985736753
1203.0348530561896	1202.707293475072
1633.2377230230195	1633.7835481591094
1493.4396356306388	1494.6863973110671
1666.5398452357913	1667.5132551903903
1242.3423564363911	1242.829264692467
947.431184096029	945.157222802241
1323.736240788392	1323.630981285122
1313.2706564668042	1311.412711115035
1758.349882837152	1759.3791730824537
1391.655021731247	1393.1126984160865
1263.5890973854112	1262.6971982042053
1346.9191237865307	1347.4702065135032
1733.6073761397274	1733.6479210091359
1511.7891028619197	1511.986447253428
1443.6015060974169	1442.5582936679084
1508.1176541107125	1507.6576882169727
1442.282048347406	1441.2344124905226
1388.2133685765148	1388.329675545068
1450.5036042519205	1450.427575526196
1373.7184901433357	1377.9624453079007
1172.8848359558324	1177.9295826785549
1152.5241535257665	1153.7624457072507
1298.2296096703503	1303.4892006284251
1204.4128015357128	1202.5552555531929
1149.5048722804058	1148.8310591116544
1474.3362935506448	1474.4139560048195
1493.1831638222502	1496.5050058137504
1486.3419235021574	1485.8353871774436
1023.3733041647938	1022.806046300151
1004.0097343512753	1007.1892775272047
1429.3962030884286	1430.706381356247
1119.045945647027	1115.3748070264553
1302.737632098375	1303.636665610012
1271.9722012202838	1272.9953399717488
1058.829388536542	1059.2712187698419
1380.4314892673574	1381.8613807704508
1428.5402690488845	1429.7842167616097
1557.9459811946144	1557.6454561231437
1164.7957212846377	1163.0671745197565
1344.166927869548	1343.3737137041348
934.9456668606726	932.5463764934813
1219.0328196306946	1221.4182457894722
1096.1735419924953	1103.3481568757522
1175.0321900516283	1179.371312167521
969.9275991120085	971.1106723630969
1493.7517392557347	1492.9101821204026
1338.8857818638498	1338.1549077734417
1185.7342347924132	1184.348225945831
1217.8831511221651	1218.2709901120802
1412.4620332230406	1413.0377296504578
1334.75760879906	1332.81698468211
1503.4949958307552	1504.4681383992433
1204.2084919037297	1204.7962824762676
879.3222137864796	876.4225511745419
1233.418549215101	1232.2997964659762
1146.9290302136797	1144.3957529315237
1403.338568754145	1403.7264724587976
1016.6936187932442	1015.3635533850744
1135.3365775523707	1135.5019803602536
1383.826625803893	1384.4421946645994
1520.8504814802436	1520.352064523738
1211.5297756609216	1213.0903430037197
952.6480753825163	955.588601543127
1095.0656622736133	1093.6374365309805
1473.353377031337	1474.9777107732086
587.0430134190829	589.6384755331427
1243.0857457799139	1242.9579953531002
1306.4152549718274	1306.7202904160895
1152.3558594479691	1150.963582768596
1315.655736676039	1314.5923202876818
1444.599785348808	1444.2112429000028
1442.7965084453172	1441.483707650733
1210.2851941449335	1211.1399761808154
1063.0716650700488	1065.32965277267
1039.9049846501148	1042.9460153616155
1629.9666362753778	1631.1448146174073
1200.2275659922161	1201.5761945442428
1306.2797041181766	1306.6465052194965
1632.2398863924318	1633.862859267695
1161.4271256798238	1165.6776904321327
981.2672819635773	982.1970094603372
705.6203609162767	704.2798822565861
1005.0210222213354	1003.6411151736758
1276.6606232266058	1274.569994363668
1087.5578523072181	1087.0611251629016
1341.1594004608633	1341.6812977620991
1235.2072423810314	1235.3849361451976
1378.1640218637767	1377.853143078162
1501.4456245650363	1503.5698244290493
995.4724539871386	991.7434452826534
1141.0046745554137	1141.8984472251511
1249.2361579566204	1252.9167789475339
972.5175666494179	972.6095685064523
1023.5291644324316	1022.6974707305133
1195.608647948975	1197.3981048492494
1231.263072863745	1231.4178165866429
1126.5283559628297	1127.0611085960456
1355.2971920326527	1355.1129774466235
1440.4823180895182	1443.0971404674951
1130.2578395333258	1130.3294212799985
1346.2675016869325	1348.1716198764277
959.1761338095821	957.32847911069
1333.503588216874	1335.0321313576917
1182.2240232030745	1182.113435430297
1037.5750258274493	1034.0289617856147
1341.7691019914928	1344.0027324182788
1172.3083621566184	1171.1596909721018
1280.7345701644372	1283.2296797860645
691.507622496385	692.2397361935023
746.3423755132244	746.2122555618
1247.077004176681	1247.546659730687
1022.5663572085323	1021.2186509955304
1120.279837786802	1120.0170567701716
1266.8451220687712	1265.544274673042
1294.7986280492914	1294.3597844172646
1135.251799477759	1136.8539560214394
1142.3684256578272	1139.6028278368149
1279.8043181036483	1277.3060813989373
1356.3449624519562	1359.9814694356526
1437.3736596401432	1438.5205900350838
1111.723410965642	1112.6142220202103
1259.1397355975932	1259.5516921874057
1075.5531114608166	1073.8365264493946
1620.8387650695513	1621.8030036079008
1487.788112988579	1491.1953864349298
1384.849811701948	1384.7581164638077
1304.2836643047049	1302.6805596600548
1295.7364304030489	1290.5296405550898
1079.8148501696123	1077.9193676653838
1267.3118986239715	1266.4232673642273
1448.8586533168855	1448.9603214882043
1237.2960167267302	1235.3451659042266
1249.5218690903275	1248.0081525710834
1063.3337359630968	1061.1008208033118
1115.7966216606146	1117.6747241289738
1460.4622802234953	1461.0165380920503
1518.7532387486426	1519.0091716277054
1063.4528991318075	1056.2115947045684
1345.420827284077	1345.9845471272452
1285.9864213963447	1287.2197566803743
1609.0876759329112	1609.3030709679138
1317.7364184656763	1314.9835874260746
1319.7272321499768	1316.6997741177338
1193.2330890300218	1193.8718729530576
1140.2253626360325	1146.3277532951067
1400.2956599378376	1400.4843390283265
934.8933141416346	935.5663694369618
1075.508738782606	1073.5584829562358
1174.2571898771857	1174.1462914953456
1249.4305603309476	1252.2772012421506
835.9445894350938	833.5315722984637
817.1055850811099	815.2445938388673
1350.3488952468324	1350.0400887151895
1318.1905664839724	1318.901022453823
1169.759072303481	1169.8619300003395
1040.6888206415751	1038.9774632584501
1431.649855294614	1432.7747007852379
1347.320578755287	1345.4099337561324
1096.6555611480144	1104.0560838935448
1421.9075227079738	1421.6601816214816
1359.7113896011433	1360.5339697737047
1623.2773187024286	1624.2996765051446
1444.3710085665516	1445.2097795463412
1409.5603183907806	1407.6415554173366
1429.3146494425891	1430.763580656258
1268.4998184483557	1268.4990806602796
1421.2213521962985	1422.956471156486
1544.544674867182	1543.257761640748
1214.0186301996582	1214.924325597906
1306.6845280686684	1301.9872072407654
1035.8131344793364	1035.0512779908831
1032.7553156780777	1031.7793329899673
1365.6999567049497	1366.2327480956326
1380.2519026736263	1380.4581229165071
1305.5750102406892	1303.0546846019195
1487.925346685195	1489.286079085793
1424.7837003493041	1424.4511051264024
1103.6063578837784	1103.7483487642817
861.3257561521314	863.3929933873279
1534.1851934421575	1534.261113195055
1035.599405533576	1033.9299678029925
1110.9414890752232	1111.2281271168233
1153.3848056028655	1149.5348210258337
1281.6702494418423	1284.855385923195
1499.4408933925151	1499.3680452351261
1181.2997843226767	1181.452043160412
1249.0393469416886	1248.3728698127652
1067.762729861075	1066.2903153147804
1273.8723042132624	1272.574637355367
1619.01025540111	1621.2496746275656
1258.0476159417303	1260.7783795943524
1111.5695579568564	1110.2087383763853
1099.7906964031863	1096.7566790281514
1257.468868364318	1257.2441238353354
1354.71434731083	1352.4448868670172
1319.336869634164	1316.9079690819644
1501.9943936662748	1501.717183812051
877.7593940747902	883.5622745144966
1117.475816078746	1118.5410849936443
1170.6416075653397	1170.9710605974074
1456.0226501316356	1454.6221010285924
1629.7960059045872	1632.4216424889082
1126.4004946450586	1126.7496050059628
1391.0160072561994	1391.3969600691112
1607.444188474561	1609.0691559238323
1425.6037714073027	1423.2287365467769
1510.984308963205	1511.3883226400246
1011.8065632537764	1011.982897239006
1441.3436314696446	1440.286474349902
1749.2322266011906	1748.4444461721548
1538.6710669201857	1536.4924087804995
1187.6142526802141	1186.2329224441442
1347.7211911668128	1346.8991642401904
1354.7154364406015	1353.502249950916
1190.1552074652864	1187.7373336473127
1095.281449485541	1094.6422336556554
1322.2692989277712	1322.4205696220845
1235.567558370909	1233.9747136194414
999.2048579667753	997.9553743919076
1272.3889147761802	1269.9482869730618
1501.3122672734025	1501.0268666135228
1257.2736687104625	1258.9423250220063
1432.4784703940968	1430.3738531354597
944.5946913011139	943.740690998541
1731.3790371957875	1731.2556722689603
1334.6578669114679	1335.3442788536443
1453.9002606770664	1454.8343916528363
