9.351558119837349858e-02 1.687421593471842779e-03 1.000000000000000000e+00 1.000000000000000000e+06
9.351522970800493773e-02 1.687422442593255068e-03 1.000000000000000000e+00 3.162277660168379080e+05
9.351411822911934180e-02 1.687425127658795203e-03 1.000000000000000000e+00 1.000000000000000000e+05
9.351060373676158000e-02 1.687433617660365030e-03 1.000000000000000000e+00 3.162277660168379225e+04
9.349949305968424662e-02 1.687460456173565720e-03 1.000000000000000000e+00 1.000000000000000000e+04
9.346611696086268295e-02 1.688180735321983704e-03 3.162277660168379394e-03 1.000000000000000000e+06
9.346438920758816382e-02 1.687545234234361655e-03 1.000000000000000000e+00 3.162277660168379498e+03
9.335546570487898710e-02 1.688449447721022002e-03 3.162277660168379394e-03 3.162277660168379080e+05
9.335369169501028797e-02 1.687812383637891760e-03 1.000000000000000000e+00 1.000000000000000000e+03
9.300924802822986559e-02 1.689588723517722628e-03 3.162277660168379394e-03 1.000000000000000000e+05
9.300740297318262073e-02 1.688930311086666788e-03 1.000000000000000000e+00 3.162277660168379612e+02
9.195203460624372382e-02 1.692725323597303643e-03 3.162277660168379394e-03 3.162277660168379225e+04
9.195047445942916564e-02 1.692030079716784572e-03 1.000000000000000000e+00 1.000000000000000000e+02
8.892025543866297066e-02 1.701719259972251383e-03 3.162277660168379394e-03 1.000000000000000000e+04
8.891888610656620284e-02 1.700773504113166834e-03 1.000000000000000000e+00 3.162277660168379256e+01
8.140094940688746838e-02 1.671348043862553147e-03 1.000000000000000082e-05 1.000000000000000000e+06
8.140094850944283589e-02 1.671345858009359387e-03 3.162277660168379394e-03 3.162277660168379498e+03
8.140069729113096064e-02 1.670690039774798321e-03 1.000000000000000000e+00 1.000000000000000000e+01
6.798955948886586942e-02 1.586736568148002652e-03 1.000000000000000000e+00 3.162277660168379523e+00
6.798753430385255647e-02 1.587540372327154916e-03 3.162277660168379394e-03 1.000000000000000000e+03
6.798752790541405522e-02 1.587542930378137542e-03 1.000000000000000082e-05 3.162277660168379080e+05
5.431065646555321980e-02 1.484149606593471995e-03 1.000000000000000082e-05 1.000000000000000000e+05
5.431060290700712168e-02 1.484143106286928528e-03 3.162277660168379394e-03 3.162277660168379612e+02
5.429414778340664605e-02 1.481921924561703649e-03 1.000000000000000000e+00 1.000000000000000000e+00
4.675416233991628451e-02 9.387619918683388518e-04 1.000000000000000082e-05 3.162277660168379225e+04
4.675368639579637747e-02 9.387826923786662123e-04 3.162277660168379394e-03 1.000000000000000000e+02
4.347721689694886149e-02 6.690394381811083299e-04 1.000000000000000082e-05 1.000000000000000000e+04
4.347438247745483847e-02 6.691199313674463028e-04 3.162277660168379394e-03 3.162277660168379256e+01
4.135349163174038833e-02 6.502090160280860932e-04 3.162277660168379191e-08 1.000000000000000000e+06
4.135344402351568555e-02 6.502085985791413239e-04 1.000000000000000082e-05 3.162277660168379498e+03
4.133616629779653107e-02 6.498344768123249333e-04 3.162277660168379394e-03 1.000000000000000000e+01
3.931083477827566203e-02 6.754146065850863542e-04 3.162277660168379191e-08 3.162277660168379080e+05
3.931049955324864009e-02 6.753816710597566626e-04 1.000000000000000082e-05 1.000000000000000000e+03
3.921402104640468733e-02 6.662056102459571827e-04 3.162277660168379394e-03 3.162277660168379523e+00
3.744376057862634777e-02 6.268629801195758347e-04 3.162277660168379191e-08 1.000000000000000000e+05
3.744179893016817695e-02 6.266420960340563125e-04 1.000000000000000082e-05 3.162277660168379612e+02
3.705959606341248380e-02 5.752598432512800574e-04 3.162277660168379394e-03 1.000000000000000000e+00
3.586271202509382777e-02 6.122532855561276747e-04 3.162277660168379191e-08 3.162277660168379225e+04
3.585335281957770237e-02 6.116526090981134903e-04 1.000000000000000082e-05 1.000000000000000000e+02
3.505056052104528475e-02 4.208422127904123781e-03 1.000000000000000036e-10 1.000000000000000000e+00
3.458084618426490037e-02 5.849077385657384769e-04 3.162277660168379191e-08 1.000000000000000000e+04
3.453205782023904824e-02 5.853152461062645882e-04 1.000000000000000082e-05 3.162277660168379256e+01
3.357402805371538512e-02 6.008433980766471599e-04 1.000000000000000036e-10 1.000000000000000000e+06
3.357290902698897850e-02 5.997499321865632990e-04 3.162277660168379191e-08 3.162277660168379498e+03
3.330970125032024082e-02 5.996542184154456979e-04 1.000000000000000082e-05 1.000000000000000000e+01
3.302801288051274847e-02 5.927459842660324921e-04 1.000000000000000036e-10 3.162277660168379080e+05
3.301676755706943467e-02 5.908549369572737350e-04 3.162277660168379191e-08 1.000000000000000000e+03
3.273692038574284313e-02 5.944871132665859861e-04 1.000000000000000036e-10 1.000000000000000000e+05
3.265421513386632807e-02 5.817354408880150065e-04 3.162277660168379191e-08 3.162277660168379612e+02
3.248162932879963133e-02 5.551676684212184052e-04 1.000000000000000036e-10 3.162277660168379225e+04
3.228552051231670800e-02 5.601066422359302294e-04 1.000000000000000036e-10 1.000000000000000000e+04
3.214785661071850598e-02 5.220057958087885239e-04 1.000000000000000082e-05 3.162277660168379523e+00
3.205424453071935992e-02 5.034632567493650419e-04 3.162277660168379191e-08 1.000000000000000000e+02
3.198156324236631903e-02 6.304166862983545888e-04 1.000000000000000036e-10 3.162277660168379498e+03
3.152553447609085513e-02 6.402419769249648044e-04 1.000000000000000036e-10 1.000000000000000000e+03
3.111216280267210463e-02 4.584471854891049888e-04 3.162277660168379191e-08 3.162277660168379256e+01
3.083014967510646492e-02 5.364964229432995450e-04 1.000000000000000036e-10 3.162277660168379612e+02
3.067930722777435434e-02 5.080734199911767640e-04 1.000000000000000082e-05 1.000000000000000000e+00
2.978837483954892978e-02 4.342994923668675161e-04 3.162277660168379191e-08 1.000000000000000000e+01
2.970258074457967495e-02 6.798234542050358596e-04 1.000000000000000036e-10 1.000000000000000000e+02
2.864354247582967528e-02 2.003230826772306808e-03 1.000000000000000036e-10 3.162277660168379523e+00
2.767706980642704526e-02 4.565134113120154508e-04 3.162277660168379191e-08 3.162277660168379523e+00
2.748243559178763923e-02 1.154201159729193295e-03 1.000000000000000036e-10 3.162277660168379256e+01
2.666050477639015509e-02 9.958381504956532407e-04 1.000000000000000036e-10 1.000000000000000000e+01
2.534173671741798972e-02 4.202505133819476268e-04 3.162277660168379191e-08 1.000000000000000000e+00
