-0.4217889462948463	-0.44573788529337416
-0.4657196466105802	-0.4660002533002003
-0.29796968066055385	-0.31431424602370756
-0.41132292171558404	-0.4220178805365388
-0.4695418844081729	-0.43680608488346406
-0.4615485394726804	-0.4070510380600895
-0.5009076661301641	-0.5018736690524482
-0.4694561255177625	-0.4852268282598453
-0.3659128068965565	-0.3386998216207404
-0.5515889160667271	-0.5590508253626992
-0.2349793242740894	-0.22675862194022312
-0.5065305412244925	-0.5015855405989063
-0.5111623333843536	-0.5123409622726646
-0.5503255807764624	-0.5533479104961839
-0.4402632290988322	-0.4303542278733823
-0.31732931428199507	-0.2693749844066551
-0.10045091455906885	-0.09548289295103937
-0.41783181285307336	-0.3969621524374427
-0.4773457571358968	-0.4776517688694392
-0.309505218144583	-0.2993592123350769
-0.3617829823505936	-0.36146625319576753
-0.23571601897357297	-0.21382712730946266
-0.5257785756770907	-0.5232324401766463
-0.41899853985075275	-0.4186520872158246
-0.2918696313925633	-0.29060978985441555
-0.30537327820852234	-0.29216644317886953
-0.14611877011503438	-0.24146374839293985
-0.43365140708849736	-0.29581680251913456
-0.38895858469782496	-0.38044428607239283
-0.5361568727325192	-0.5325813721433535
-0.3286058281651272	-0.30749089666787577
-0.38529483273557474	-0.39357785130442385
-0.5005573154629701	-0.49718218828884525
-0.2577790397021964	-0.2398482202776071
-0.3703097721938242	-0.3303351954806299
-0.17282454567432026	-0.18043172002969252
-0.35942550540949014	-0.37341848002847133
-0.2868506276445828	-0.3329271374205643
-0.24969731362185854	-0.24370370871321928
-0.3865522875549079	-0.39133152578317276
-0.37485327093757626	-0.35191433223636753
-0.38267107507026665	-0.36811858977309553
-0.5361976514732412	-0.5340003657565633
-0.2975802942522474	-0.2823065683265117
-0.35274681267511276	-0.35949399596897474
-0.31352795113919285	-0.2323405594272417
-0.3633290480840792	-0.3669483878986371
-0.4310838234951717	-0.4283674844346128
-0.26177082425300924	-0.2629257162816916
-0.32911270754466315	-0.13404884215123683
-0.3217728247940066	-0.269197257508481
-0.3862786612201319	-0.4306817094558736
-0.3838197193757935	-0.35583276721337587
-0.33274258952057956	-0.3348974310040547
-0.25682026862525653	-0.27806793177210026
-0.3961031837165869	-0.4009561374505585
-0.2779813887826439	-0.26002271385302594
-0.25065324303352554	-0.2667288833260141
-0.3284146922367377	-0.3297219600808293
-0.3675148751069983	-0.3809485525167479
-0.27105765712396135	-0.27558655332158594
-0.29338404680500574	-0.2460314767918363
-0.3803841585188934	-0.3731617912405106
-0.3880589889846462	-0.37835120625264473
-0.25721755437045246	-0.23788315672389057
-0.364636780938584	-0.38919061292676826
-0.3666202806998289	-0.3280162895702255
-0.260929645337054	-0.25674871284720113
-0.4002688175271416	-0.40008353360661114
-0.45711779016804144	-0.4520768872477122
-0.26998007319289385	-0.28344037548588863
-0.26447621511307773	-0.2151894098240727
-0.5356584060444938	-0.5192932626310495
-0.20837384410959459	-0.21149201496482933
-0.12639905740474688	-0.1541316800021868
-0.33218185145653933	-0.38412007619386984
-0.25130820835328294	-0.27521847481203615
-0.2641041955697503	-0.24015428625023502
-0.2498610235324321	-0.23882260379666817
-0.3491812022385581	-0.34355058909607106
-0.39824470934195233	-0.39485764236946547
-0.2854757874577345	-0.29408975594022735
-0.3190637500576692	-0.34333838865365696
-0.5502811166261203	-0.568606088703399
-0.3599757180991521	-0.33372175716061103
-0.26160755010810277	-0.27869944655451157
-0.4882287702390613	-0.5080495938539945
-0.28182667508294656	-0.2934292550701921
-0.15550438059305627	-0.1971158764852779
-0.246029493869095	-0.2454610969247571
-0.32878446739235123	-0.2785369892768193
-0.2788328404736973	-0.27310313385949997
-0.5226885151345773	-0.5512683113491014
-0.28030320418677945	-0.24248116495945438
-0.26621781001428246	-0.23779950783247794
-0.4462901248299094	-0.45120164493170595
-0.26331073457960485	-0.2698931225208896
-0.3619846026811402	-0.3054275034055217
-0.5491104303657259	-0.5346616042508829
-0.2551173178545447	-0.26117273044542777
-0.3794143425212262	-0.3789793015781743
-0.4713515002875788	-0.4798297805991949
-0.10961340786117901	-0.11706671198561298
-0.2714040122270802	-0.30381688048028166
-0.4170082079789754	-0.42343659769993086
-0.3983721737241357	-0.39219267345894393
-0.27360832952691894	-0.27215263267599155
-0.3989898816835904	-0.3706272847964902
-0.45913712188693623	-0.3161844409681305
-0.2149441706389119	-0.22537822275518912
-0.09482916377859496	-0.08959051154025276
-0.30941477534371664	-0.3501052378527215
-0.4388864797562988	-0.42656404372426043
-0.31707247999727173	-0.30404163964625325
-0.4170171484824827	-0.4104450064938042
-0.43592046593389355	-0.43285967714235496
-0.2930204218033978	-0.17297459198833062
-0.3164882406384901	-0.29210563633668185
-0.4027675378425144	-0.41337136240518335
-0.141317203216067	-0.12413636744890716
-0.25953261455935106	-0.2587681457576349
-0.4564432733977988	-0.4757554809423367
-0.21169494385497956	-0.26537991854613024
-0.24567740471066912	-0.2555964341208555
-0.2402007323494093	-0.22320744618616262
-0.2801187898870907	-0.23627332944008725
-0.31379527465805523	-0.3298235069288786
-0.36490207288896137	-0.30036836421400576
-0.36266656604018976	-0.3903416949970613
-0.3975792352478926	-0.36191371195057076
-0.24274847496450747	-0.24277165085977123
-0.4196869548381805	-0.40681498536562766
-0.19041609533889847	-0.1907327450703513
-0.2745386686779909	-0.34431690407279986
-0.4894747637527672	-0.49534923935427455
-0.2433588183101989	-0.23484709601890738
-0.19211390250334404	-0.20246559522884272
-0.2856864030679418	-0.37250169393264054
-0.23611872427822078	-0.2304389087939242
-0.34613320494080746	-0.3223023646468728
-0.22887150897674857	-0.25887450641143833
-0.2686017618426497	-0.2586147044944265
-0.40630152769139016	-0.41495268194390905
-0.22044198989308228	-0.19854409039064477
-0.23330089685945943	-0.27995280929565447
-0.2462039333383501	-0.08203686876056045
-0.34995480713169336	-0.35023287717481255
-0.4697916120895069	-0.4756314224739747
-0.315421029821394	-0.2613655468734889
-0.26628937858756174	-0.28318077386007046
-0.24734914971296362	-0.24603267559931208
-0.3074654516133464	-0.3346166396888024
-0.4100361550711771	-0.350614130418133
-0.25214593519185513	-0.2402467490088704
-0.2728572247728671	-0.28450114265315984
-0.2796328621508959	-0.307461951390746
-0.21097895389804222	-0.23829898624813803
-0.2804337813950042	-0.2670579873351687
-0.3211380793790326	-0.29727134081352447
-0.0907459849975254	-0.055992545745447195
-0.24405092465602252	-0.2347208516107522
-0.5365069938023446	-0.5275786490061807
-0.15636542032815726	-0.11478226140089509
-0.414077719932461	-0.38909848785577084
-0.3855273248334008	-0.35658779484455644
-0.4037590980817196	-0.4004681675894043
-0.3694712031267642	-0.36731620008486715
-0.345458726718336	-0.30133856792570174
-0.14259244414451544	-0.13330418638581976
-0.2931310060406922	-0.2846780154942705
-0.360427265301686	-0.3488188773667329
-0.39001290514380926	-0.38643951889526906
-0.5457109503743389	-0.5477694622762571
-0.21378668936283596	-0.26436838449282724
-0.25812639810837723	-0.2394181202048427
-0.08442466347891298	-0.09680232372834396
-0.35336054759200586	-0.3439415187148041
-0.07928997843374219	-0.08089009088438533
-0.39874722724441014	-0.3986120790613569
-0.5566811459978389	-0.5406582674137049
-0.3936180489455694	-0.38939801386551065
-0.47211119509452715	-0.46429404242552175
-0.19597408939562122	-0.23245571947335694
-0.18678596871227526	-0.22782555132063415
-0.33418635991377243	-0.362600487344656
-0.28358808942249425	-0.2811836257149475
-0.4427611439825405	-0.441270052033937
-0.39369058382175837	-0.3712621695110788
-0.4222842161387472	-0.42355824371105566
-0.2915574773785927	-0.2817793284003268
-0.4448366578801277	-0.4478323649495565
-0.4940674067092168	-0.5051540128297091
-0.33485898780320866	-0.27070934181641076
-0.42413695638575	-0.41950838931549406
-0.41116997670999744	-0.4075961870760959
-0.33444909585114857	-0.3634990046499706
-0.38094956611065456	-0.3786156180631937
-0.10531831498871647	-0.09681998660134158
-0.17994671030217724	-0.27102093744696387
-0.28175527266034095	-0.25593924102919613
-0.5486503806212326	-0.5387890933318792
-0.4000544425340422	-0.39931825063176407
-0.37288404814726306	-0.35643343880202594
-0.3264718735159242	-0.2787881399956248
-0.3269553416369142	-0.37216127339559013
-0.44661782628583424	-0.4341642575016986
-0.5306965105192702	-0.524881730075579
-0.4177591824322455	-0.36763252969814547
-0.22086867113034891	-0.23309463192362154
-0.1885505396993139	-0.1757007041315528
-0.28976413812719315	-0.24682475244441232
-0.349452383120088	-0.3652487036148945
-0.3837507791359904	-0.38234033313002436
-0.5162496946122523	-0.5097489586811154
-0.2798275179370897	-0.2550613211504778
-0.5254529265719814	-0.523914487396987
-0.27742489175365215	-0.2750942764984478
-0.17542318931599254	-0.1792695301687658
-0.5529200092307391	-0.5541728270043222
-0.20224964355910124	-0.1936233552718649
-0.26892784739202824	-0.24958660342434238
-0.21899014502835712	-0.2262666563875085
-0.46067339021614373	-0.46044612267615814
-0.17614761750331454	-0.17033471691749744
-0.4000041524486875	-0.39341775574581933
-0.37577999210346746	-0.3765454420124127
-0.28387904472586456	-0.287641830105904
-0.54711773899189	-0.5367180307745988
-0.400868569479794	-0.38688991567185155
-0.18791437740120642	-0.18568255644987527
-0.5086826228178118	-0.5063307102906527
-0.28186799419967024	-0.32236105146937183
-0.28955364894077107	-0.26324210365584
-0.29234764234337973	-0.2793911172712414
-0.23070323103404178	-0.21684988575533937
-0.16030437828083421	-0.1004378844787688
-0.07493889117451147	-0.09974583435372204
-0.423017479491989	-0.5256736116665339
-0.26205245502379526	-0.15957368327711063
-0.3756742476485666	-0.35998000383179446
-0.5062775049369144	-0.5058005944011508
-0.24851777493576854	-0.27535447419437836
-0.25965256679198845	-0.2589602594832065
-0.4326507242656419	-0.4197203961581597
-0.38411346904723054	-0.3885422018150006
-0.3380362334588227	-0.34889977858443366
-0.34852974125754344	-0.3310207827758068
-0.37087148121466207	-0.34251873700753366
-0.38045536702473015	-0.3735975539891474
-0.2527275340175308	-0.2373662112205358
-0.3653062376888272	-0.36222755575115645
-0.3248918529137761	-0.2709513578106081
-0.2848284199417179	-0.25158000232520017
-0.5381923722826691	-0.539872452478216
-0.225323282426519	-0.2240337364749642
-0.2699184325283568	-0.30410561414384835
-0.20161626803677635	-0.21343200576369456
-0.5146445089685763	-0.5038682952387108
-0.26962401995617746	-0.2549245914875572
-0.26733840488365956	-0.251388404949362
-0.5069247655410365	-0.49745818321980845
-0.40518327221956874	-0.4177685126789635
-0.5447029778886971	-0.5503105790728224
-0.18374810973025646	-0.21871906549204828
-0.27225423971994545	-0.2823458714081808
-0.37969194953349295	-0.40482310825963247
-0.23966944229650622	-0.22997197404473027
-0.4175158439594284	-0.3955156724088603
-0.27669348487026113	-0.26606457764478697
-0.22717814363612376	-0.2325576715951454
-0.5275712914289805	-0.5281822745618592
-0.49323443456274774	-0.4949465945192486
-0.1143827755467477	-0.1972841922293381
-0.4240367642062015	-0.41325060249555384
-0.5326336104167027	-0.5367595258697168
-0.2511027932831027	-0.2265286606104399
-0.076312919937509	-0.08522288455185752
-0.23507675318078824	-0.25540839940521814
-0.4386637328191334	-0.42739521228055005
-0.2323127892864072	-0.2669697801660583
-0.33308352825681276	-0.3231345091251754
-0.5342925465894783	-0.5390942309978763
-0.24900795029037148	-0.25039158271479833
-0.35681931463330585	-0.3670816972423298
-0.47122624723443707	-0.4970333257679527
-0.06964047763477055	-0.07019819991528492
-0.5611496535567255	-0.5468470865878681
-0.26680371187220686	-0.25591955584316006
-0.47596294069772327	-0.3002964235386377
-0.37109285900417	-0.31138315511593934
-0.2743043608157709	-0.2874996424229
-0.20679415504603682	-0.23203563193297463
-0.4278094785356288	-0.41305105920171914
-0.34669802052884435	-0.3013603007001862
-0.38122582287945406	-0.36673026988773066
-0.41760521958549646	-0.4019702473365978
-0.0892360301731685	-0.23596871553475635
-0.25176413096413164	-0.26258071139446865
-0.11126965858287896	-0.12708482905883917
-0.4525986746113375	-0.4457339306746451
-0.16515050768138195	-0.2151484593026325
-0.07962912440990877	-0.08615726857287101
-0.051223020080044535	-0.2524628165269146
-0.29149854610796133	-0.31232785055334344
-0.4435609029615257	-0.4045067211971286
-0.3583008691291134	-0.38792336112106823
-0.25877645561195983	-0.2235405447677962
-0.3724131612344017	-0.3796097957865861
-0.4263507142139744	-0.4408781442023122
-0.3008823520106674	-0.3086365383590532
-0.350325455452948	-0.25822468033806445
-0.3758496057181908	-0.3998412539248459
-0.26723502890531314	-0.26619509345530773
-0.4453552676843522	-0.39652691180650024
-0.37605438115333456	-0.35737554153284484
-0.11238449011239027	-0.10468928430849721
-0.2934483147082325	-0.2715310516398653
-0.34653650859115004	-0.35668579394353533
-0.16057403373158508	-0.12393777241981362
-0.11880410358629412	-0.15431005206051038
-0.3894872058470149	-0.37015518676785697
-0.2654064452263931	-0.2696812481642589
-0.3866319806675822	-0.386463226080647
-0.548011533945326	-0.5468846640584903
-0.14038289077955568	-0.14064332492404763
-0.5514533038522558	-0.5388822021427554
-0.3780767436172372	-0.3769642396595567
-0.32436717800474035	-0.3429894104444908
-0.36238567532679156	-0.36620047897118274
-0.3934365257903245	-0.3830563081975497
-0.3616789482996374	-0.3395142036011518
-0.5644007701846547	-0.5480618985815618
-0.39167450389282443	-0.4211228251529093
-0.2823745524094239	-0.26122810765735943
-0.47534980909778923	-0.48656504393489086
-0.16181967750845772	-0.12844898329409377
-0.27092512073225095	-0.2640170102527136
-0.25753064037517603	-0.254914484456972
-0.425964797146289	-0.42222592287111227
-0.40412321697808196	-0.3946980572213339
-0.22654835950601537	-0.20969356623633864
0.05020889514195659	0.05460668292987945
-0.4069127938059083	-0.40152167568935715
-0.3958610616710878	-0.39274216350004104
-0.3858970786510376	-0.4064886420855737
-0.4533584769921628	-0.45771275264501515
-0.3880662149399363	-0.39807577527452864
-0.37662964973037916	-0.3975490920545172
-0.27670333527818514	-0.2838448080197288
-0.24112862927716705	-0.24392584422797262
-0.5140056725784241	-0.4945472034109838
-0.36513483279838255	-0.36351955442261263
-0.2850222168602734	-0.2548705098559115
-0.3066371489011068	-0.29072857991392376
-0.2535757309003497	-0.4395527462094007
-0.28213429449025007	-0.28183531342178975
-0.26576009909996756	-0.25784139480983187
-0.28088473874689157	-0.2658085540567338
-0.2206717221956609	-0.24976942998934304
-0.37673020377612865	-0.3694770490923828
-0.25526133015803154	-0.25200750806770883
-0.48853344856781256	-0.49929537413842745
-0.2796570091832429	-0.27944644385363776
-0.3892655870323125	-0.3770188876794531
-0.33234945944797545	-0.3617340403395425
-0.32337796986290357	-0.3355743881161994
-0.1678314611364904	-0.2097758038196182
-0.1048349235586663	-0.09422289717340109
-0.4359095393814698	-0.4291731565460566
-0.31605436648235496	-0.3363180278149569
-0.24711980952411494	-0.27386268042981077
-0.23798382733036405	-0.23621794669204763
-0.2999060016612791	-0.2674961836491425
-0.2210343928036309	-0.2028720975159095
-0.49194657412489384	-0.4852673981024077
-0.34225538610076534	-0.3037902105584548
-0.34278547115424907	-0.2959707691450109
-0.29125305656062395	-0.3280972834178021
-0.2141108285509219	-0.2414865042423193
-0.5199030688336883	-0.5050206293478552
-0.3423129095856563	-0.3195711802747302
-0.35200323340608897	-0.3546046530003264
-0.39666257442229025	-0.39726237338002685
-0.39787958222576947	-0.33719815125240243
-0.35848096408543206	-0.370717214500565
-0.42648843672191816	-0.3972430914259464
-0.27600355347032846	-0.2552073805089382
-0.23388773525837436	-0.21294544843776267
-0.38867508438890397	-0.3987684451264003
-0.28900198713436964	-0.3249016844517526
-0.35867316806950456	-0.37767612111227156
-0.09846044157352196	-0.09072881048681093
-0.2698919432329987	-0.20570334097101087
-0.3773704532257174	-0.373146372524386
-0.26235413298422827	-0.2581204447602871
-0.3797424107155791	-0.3568063573777999
-0.2723641996226718	-0.23708711931549406
-0.23606641020416674	-0.23982255079258616
-0.2825031422699791	-0.27936610621659913
-0.4282273382348478	-0.27340957375910796
-0.12317073693082037	-0.1168122991448187
-0.25984183823119267	-0.1705691009744189
-0.13246419926461783	-0.12722155776827668
-0.2532995233273745	-0.24181219664177858
-0.29870744057921783	-0.2968689202310505
-0.3857850630888944	-0.3801248850296507
-0.5507453595573715	-0.553698077316674
-0.4233684681336669	-0.41380478101891116
-0.2587952909643789	-0.2864427838527777
-0.2460104009589692	-0.2436046668633823
-0.1573213824293056	-0.20216341123692746
-0.24346916230961568	-0.28667388726079857
-0.29041054118683896	-0.2914136208253446
-0.27611159398704643	-0.2606440782547096
-0.3122942242505058	-0.25916649934214664
-0.4560115304266432	-0.4508850265329386
-0.2903418829062794	-0.2232659391989113
-0.24036535937402448	-0.28190224007305287
-0.24434373550048782	-0.23869553780845174
-0.34689978105856767	-0.36499909201369196
-0.40595363318649547	-0.39627864237621013
-0.24383878753274502	-0.2516658445161707
-0.38823593804695555	-0.38415701604058317
-0.4394819138949764	-0.41337611586185913
-0.5389621135512606	-0.5379203246815987
-0.2766867494295582	-0.23441810783057637
-0.40626067094029494	-0.4025460625533392
-0.5285573495763902	-0.5211307244335043
-0.45384598333907533	-0.4465982758500833
-0.25724757993924996	-0.24911244570312804
-0.4264077471294101	-0.4240880759101308
-0.28928968483668527	-0.2865035596491751
-0.35618806639511646	-0.3439095895481851
-0.40370012953457746	-0.40393037713370067
-0.4236675689151106	-0.3691308430650117
-0.21057758698296425	-0.2578088279417774
-0.5403356342574472	-0.5434247635718275
-0.4291088644120986	-0.3319078804626115
-0.16685505964443692	-0.17493839826246632
-0.4548620338017759	-0.37121376414980783
-0.18853491908400777	-0.24837988066493638
-0.39640731834561116	-0.38715649876933156
-0.32813971289913724	-0.35545897825314665
-0.3048321274219923	-0.30942541274109453
-0.3051232201907368	-0.20610633242282472
-0.17190953564615263	-0.1838527546058806
-0.3932078529489065	-0.3988701828091777
-0.41088557768613754	-0.41356631728068516
-0.4984847556000851	-0.4919398895026803
-0.2642796069243616	-0.24584038753943369
-0.5116791319950202	-0.5190043304912421
-0.4812122967767394	-0.48980190557457604
-0.26678379102364147	-0.2607482159549148
-0.33036696463983084	-0.3036281591105118
-0.2203997687283472	-0.2357237089649107
-0.2664369319533133	-0.2379186525240963
-0.5323302627561315	-0.5337528950273817
-0.144529968433055	-0.20785784845785288
-0.043720550863145746	-0.29237307600492213
-0.2950081934433477	-0.2075973632582888
-0.3723097573880061	-0.37919610394284275
-0.32052816656333505	-0.3109461767152505
-0.3616768545593949	-0.3995175049578287
-0.4580014939157522	-0.4602725387850125
-0.26973023704870513	-0.26952029861379123
-0.2040903129415046	-0.20578340124425232
-0.27098349928136933	-0.2730884461486936
-0.45738692819654325	-0.3517638766857214
-0.27880640911603294	-0.2668388795859043
-0.24897840943460814	-0.27197199044888615
-0.2542060166439377	-0.22745958393973037
-0.42566501777216814	-0.42617242453839
-0.264682176185957	-0.2621619907991526
-0.20504228696936977	-0.2028948688037732
-0.5153905659928171	-0.5104384230905203
-0.3435424117332815	-0.2050439059786099
-0.2688393230048227	-0.26822778531770786
-0.25250367162295007	-0.2470395480674895
-0.5554158461341849	-0.5427077832446078
-0.3741308850301941	-0.2993169548231844
-0.41532927311677525	-0.31800171207508016
-0.27915315035062704	-0.2810408537525433
-0.25630958114728486	-0.24192669566481326
-0.2613498373493499	-0.25245863180287315
-0.40547747902744113	-0.4032877570296852
-0.35779196780287137	-0.35043912966178586
-0.4017465404960756	-0.405358538443984
-0.2493042813119022	-0.2239701026956394
-0.27564100960145055	-0.2944866578968822
-0.5078793860137232	-0.5026713713018833
-0.24814796288206864	-0.32068735706663776
-0.2594819557527792	-0.24581055308116936
-0.3967091115192627	-0.4078648746634666
-0.5511162565223131	-0.5462282724785195
-0.49948854900751094	-0.4963633314232132
-0.24149079999588707	-0.2645434120733597
-0.40246670076538393	-0.3827153672177292
-0.4639684244191784	-0.47370039411046333
-0.5529474125332197	-0.5529894087321952
-0.21935357240623077	-0.22128402543639278
-0.2545433554074883	-0.2564997532257882
-0.47413640009805036	-0.38740511251923404
-0.3695804931101456	-0.37824491014372036
-0.40531223394559035	-0.40473554895687164
-0.32321996961248445	-0.2702069973264034
-0.24295053098036057	-0.23920097267470683
-0.24899558043960113	-0.2526022041640409
-0.2642488249549153	-0.2454927845411635
-0.40863284422602497	-0.40935773529489883
-0.2985125928685761	-0.2658756994852519
-0.2701619574876979	-0.2908659077070071
-0.22731823499513482	-0.2360290531656487
-0.5289248858345061	-0.5299053645495096
-0.2416665876051063	-0.2447598181025213
-0.2774562056666312	-0.25483261496964654
-0.3055577955687703	-0.2894547644583536
-0.3937001657037271	-0.3892566216203094
-0.24079718000482586	-0.26211021583500793
-0.2736149758324995	-0.2602420894866429
-0.2643465980948001	-0.275879543393499
-0.4134369782813323	-0.3761584854929341
-0.5035599745562074	-0.4852274948824987
-0.44173511718320313	-0.4290179710760441
-0.5601173979254863	-0.5531151137887176
-0.5429013630399222	-0.5299725255128444
-0.2713476026740391	-0.2603669425061912
-0.37448597521071747	-0.34495855883762433
-0.3201502080973313	-0.38783936552357867
-0.2744728825631917	-0.24479116467239304
-0.5492622133268252	-0.5442162924059252
-0.2738533220932844	-0.2760965615096089
-0.3630493698750783	-0.34875772404977323
-0.3229854340882472	-0.3883189604271705
-0.11489180453158099	-0.3309168999176405
-0.319575485228512	-0.2860594983381285
-0.5114842861044266	-0.4972492877362892
-0.15392660283509052	-0.30122368979329733
-0.27384508539627817	-0.2589101907124482
-0.26273064924762934	-0.2692836774290267
-0.23209707433990623	-0.25235838859206594
-0.4459792264831641	-0.43969132400431693
-0.413666991806771	-0.3818853326257547
-0.16950314969400715	-0.21572948939925757
-0.2758964096026908	-0.3007471797360021
-0.34761562286985637	-0.4044596741908465
-0.3684224359268029	-0.38353070982376986
-0.10931120564618269	-0.10688354888287331
-0.4162243896693667	-0.4095349561874244
-0.35158730183730214	-0.3655147137650996
-0.22222011194713076	-0.2228758113202134
-0.1256139708393338	-0.23014629294465133
-0.2932932766510312	-0.22906232857875425
-0.3347567561510232	-0.3663693222288312
-0.34110524101264694	-0.23831820306140072
-0.49652473424636945	-0.4963244862635315
-0.3175930598815153	-0.33473909040664546
-0.2642253481208652	-0.26318023952035335
-0.10633931465759261	-0.10605269036859416
-0.20645830184859904	-0.2126598326763821
-0.38931325036987907	-0.38772103886090564
-0.269654116481572	-0.24501176495661636
-0.4403423143056262	-0.441292818288028
-0.3640206748638217	-0.3667111752066339
-0.1300869719046993	-0.23369843258027526
-0.10621034790112915	-0.16577563842872586
-0.4058806498664449	-0.3774406884239887
-0.4189649299402234	-0.40681197593325785
-0.2980673973434911	-0.26961379205067776
-0.4126579099574865	-0.4102764244156034
-0.34405066165459	-0.33481066097166895
-0.35870362266713585	-0.3983545554297797
-0.42029548126567917	-0.4230652863726152
-0.5362242625098883	-0.5375235320443088
-0.06351157266804464	-0.07814422593772899
-0.4378394360655413	-0.41961787028064307
-0.2953225037737006	-0.31814333333363
-0.07667088400024014	-0.0833026356059494
-0.37884849465530124	-0.37171039472516876
-0.27409403973281243	-0.24453248692497168
-0.3584219453653681	-0.3678827597258515
-0.46510585291241036	-0.4748143002333929
-0.2612500940141995	-0.28470884369750116
-0.3983485269252274	-0.3827271355027718
-0.24917009784356736	-0.2427885034037756
-0.3936770430145682	-0.3260372774057376
-0.4951232752961854	-0.39052123939534583
-0.27356164926169235	-0.2470224627582383
-0.26954806521554886	-0.26714340351576377
-0.33448428461916	-0.31209941361587884
-0.09706744800112332	-0.08925136802334202
-0.39030465068976916	-0.38635531112010985
-0.2825115924412245	-0.19293205193571325
-0.3799219245906045	-0.32861625773144554
-0.3726991953096359	-0.3682296449239506
-0.2721398974283993	-0.28647087522300146
-0.32309061124412963	-0.32055001691951823
-0.16891065437013353	-0.19208015307648688
-0.12337905227816393	-0.10294597734244473
-0.39246968854679665	-0.30345371406150473
-0.35346685115308674	-0.3190177175257725
-0.206836376715394	-0.2669895881581248
-0.27281021932345695	-0.33255996048074143
-0.3715907007152097	-0.383627986860579
-0.3093171543053401	-0.316589255378676
-0.5416200947944603	-0.5419849328122602
-0.25843405891609805	-0.22618211122284107
-0.23761651803343042	-0.24701765157074668
-0.08363470747900692	-0.16676553533710964
-0.3539535786560819	-0.3619641714844277
-0.5490620229136294	-0.5325537056104183
-0.3260723443299973	-0.32017311454366837
-0.2524859231600498	-0.25328727323082856
-0.2836619619521059	-0.2133596015109109
-0.3697949524985038	-0.35935340508073366
-0.2132271499805789	-0.20842676303073654
-0.3314720235909068	-0.34521428527182246
-0.40195553740072754	-0.3973395044390096
-0.3655026749126442	-0.3505623786063826
-0.37452885688654547	-0.3910491595527396
-0.31679397833986656	-0.31840420391559804
-0.23002554287586818	-0.2758916031796518
-0.3944990016651957	-0.34747483159075604
-0.12176903224740343	-0.1326874058224279
-0.5322115331329051	-0.5308308040232737
-0.4638246839059441	-0.45239841724443536
-0.38988789729635087	-0.38678666764812364
-0.34185409915438747	-0.34818587747429985
-0.345783471885186	-0.3476938041003888
-0.2933698661676729	-0.2652738858877572
-0.21266340519983373	-0.2625334425404784
-0.21374353992792194	-0.2643201965548665
-0.4273562574248331	-0.4625134596326445
-0.39343584393795084	-0.3837072918363642
-0.41800907538317666	-0.4128680856361195
-0.3136392406147088	-0.27207041998868886
-0.27654358623752984	-0.2747884193798795
-0.1672903912407726	-0.16993375911634048
-0.20912250787953113	-0.23151501670476723
-0.36322156727056765	-0.36484838102369077
-0.24133686512764285	-0.2292638202295528
-0.3806650497152546	-0.38033700511277074
-0.23266520733121965	-0.2426611670556751
-0.10054570584384237	-0.12415397597247375
-0.26523918825478887	-0.2607301671744813
-0.27989595846376325	-0.29008931121365966
-0.35684749033364227	-0.3737695491335457
-0.3456754379699696	-0.3657987625039363
-0.41693048640498276	-0.41899129854816647
-0.35420743571511615	-0.37251178176742655
-0.3521583954681269	-0.3579985928506564
-0.39467436133159417	-0.41028454377791973
-0.35609968694376803	-0.35369855067891165
-0.25679633602448604	-0.24521679946480401
-0.5211012698016457	-0.49368420698279697
-0.2982356611969976	-0.3244022360542821
-0.20033103370448302	-0.15780068513202908
-0.3806422841632937	-0.36771335953782386
-0.3400256520868208	-0.3224897963468073
-0.5594909299444595	-0.5608529533286645
-0.27292199652180393	-0.27252661617552215
-0.23506717674709066	-0.26273659351263734
-0.4105838122596275	-0.408778009443268
-0.5425479422334707	-0.547276804790709
-0.5460679365991812	-0.5456245685819506
-0.10681945750566868	-0.10852730437833868
-0.4587044264374356	-0.4685320628193074
-0.37889197625460014	-0.3674282631349819
-0.3490410624721214	-0.37455991737839
-0.40360763192420457	-0.3850438970697119
-0.2895948865411224	-0.282824714486626
-0.29838397529843164	-0.30901907176990695
-0.34998104019455667	-0.3340995259198404
-0.2833307321114056	-0.2763802499392626
-0.4373565265009294	-0.46412877329993457
-0.1746240427808008	-0.19426376358845304
-0.4038468757264866	-0.3990172115279671
-0.36891906020291465	-0.308840669280605
-0.3600673624386559	-0.33844074943454344
-0.26245591645534105	-0.250257496809156
-0.4977207684127798	-0.4937457515636795
-0.24641284357490534	-0.2680144422292468
-0.480427171896185	-0.4843441396976488
-0.17559691656283505	-0.1999491412773533
-0.16624712658311047	-0.17226339699001625
-0.19107806738522015	-0.19778955364485326
-0.3604632767396865	-0.35785722709560636
-0.5061116767231582	-0.5139409061474772
-0.09177488532780131	-0.10262314388862097
-0.539675954180268	-0.5375354616405366
-0.31465678066101077	-0.36745971408441136
-0.5131274052943269	-0.5067860952830496
-0.3486697998650303	-0.364144175542241
-0.33276270537059816	-0.38055450266782753
-0.4979690774685537	-0.5187039619300599
-0.25536005095346503	-0.24310682989132715
-0.46714776720755324	-0.25392916452834596
-0.384395980933796	-0.36670598767415685
-0.40840625765343574	-0.4335958805321962
-0.09535159654918957	-0.017027124932002598
-0.20030974903983179	-0.20796643711105126
-0.540694036287725	-0.5451151241002336
-0.30329306848348736	-0.3271811544611026
-0.3506503582341054	-0.33746454124539743
-0.5309770047953997	-0.5217565407350214
-0.31785597613871097	-0.3369706348714889
-0.1847598719626209	-0.0816351903346471
-0.2405630715966467	-0.26392204683168635
-0.345669371905748	-0.3503250339646115
-0.4032289619275371	-0.418428215575992
-0.13697305597301757	-0.23663398802778204
-0.2611842656931582	-0.25943217370122973
-0.39006779579807116	-0.3606957197084384
-0.4158102225280018	-0.41943711354865965
-0.5340971624217552	-0.5488617846614084
-0.4041788113274869	-0.3481493946535123
-0.23047523500262912	-0.23036746036645597
-0.2518741513463816	-0.25928508414178836
-0.2543539828985928	-0.262731759320934
-0.26794617799596665	-0.28521275177633704
-0.35469638587341024	-0.35146338513370035
-0.2684393548471782	-0.23535101363731115
-0.13131447581309708	-0.18810206098888935
-0.2754274348539809	-0.26034374906317276
-0.25467077163467877	-0.21755508761256295
-0.25018818170661916	-0.24763472389470245
-0.3087789924666282	-0.3399906434960889
-0.2641464930678161	-0.27262691328141875
-0.12502907319466416	-0.15454159041231894
-0.35616360957677173	-0.31866279137822723
-0.1429689863097927	-0.17862313668774465
-0.351938209240064	-0.32011490991716623
-0.20482337692717678	-0.25135007433216733
-0.4117615560036505	-0.42024828570410433
-0.49443260561375624	-0.5025566449731748
-0.4056658373402975	-0.523243666344947
-0.22254556993606656	-0.23268250459198836
-0.18040548604791695	-0.1499968801122927
-0.22266209375370138	-0.21533797217655698
-0.26530312641639675	-0.1635630843736062
-0.2810066547943517	-0.335750005254652
-0.43346375067801013	-0.385935484758288
-0.06312940682740553	-0.07161063649320125
-0.06632972824252548	-0.06452131484917685
-0.22396597024073728	-0.23471102415585726
-0.48788948001021737	-0.49483618892555353
-0.14035167259827297	-0.21220968845873694
-0.41956736433967734	-0.42386596324697234
-0.41848821690616234	-0.4127917061372144
-0.19582843803575045	-0.2237899243059435
-0.09662003884210435	-0.09594295710691832
-0.3178538009208953	-0.34572323132163635
-0.33827248056183734	-0.265145307557187
-0.36402985932775067	-0.3418702646486247
-0.1050807532832323	-0.1332669718934061
-0.40574229032920783	-0.3943896704119891
-0.3843504559655564	-0.36465253232020256
-0.41889935456113037	-0.43238205553532694
-0.3491155674310278	-0.3374250819753022
-0.37968440264692305	-0.3751297916161957
-0.12189416873814451	-0.11193694249726804
-0.3353180909313238	-0.32571516617047774
-0.2725997351255174	-0.22420247245251224
-0.3510020835356329	-0.2603223484076141
-0.22246919273579024	-0.21973154202865844
-0.24720673833314244	-0.24259804707899643
-0.16379204529581415	-0.2893653848580181
-0.2652326139509231	-0.2544955952769503
-0.25182654468476073	-0.2648610876628644
-0.39181632679397893	-0.39067460824075256
-0.26873765152117635	-0.2994637268993917
-0.28136273809576906	-0.26210745410149316
-0.2712040262955604	-0.26995562525597994
-0.3492897772319594	-0.3301429086289958
-0.2683937172342148	-0.23917403735827958
-0.42962387683670755	-0.4050857321785163
-0.1980055090217192	-0.22022136671954753
-0.5121196690342487	-0.5199194912146755
-0.42569042962731984	-0.42366534945683165
-0.23731230958914296	-0.1879165679527891
-0.2538917594340262	-0.2406628103131588
-0.4257025323110355	-0.43663822342540515
-0.33514826980926316	-0.36336675861176954
-0.28906340860331525	-0.28371286966601905
-0.30518294332791385	-0.3074383266359431
-0.5403215619157002	-0.5363617081840916
-0.5552610815171217	-0.558084400467314
-0.402614471263135	-0.3977703878748491
-0.39505152724287385	-0.39871254192108063
-0.35485468795130615	-0.2882474174618519
-0.28003187951493125	-0.24336241474787063
-0.3287852526390367	-0.3476034797824008
-0.20989169110356087	-0.22653619253185678
-0.25827785929475944	-0.23026095444498618
-0.3353282118753018	-0.33380606051489575
-0.24561000731755023	-0.2478442449199692
-0.42361201840719254	-0.42200040486764684
-0.4714042715521316	-0.4800649210160173
-0.3818818395855068	-0.3010650304732092
-0.46530806513978185	-0.4661909756356723
-0.5436635128175702	-0.5449480384474317
-0.5418298601081197	-0.542527118764003
-0.2646955226354173	-0.2421616638965435
-0.33267903764442686	-0.3731032103726768
-0.43591000458222595	-0.44062793237449543
-0.22954135795724184	-0.21330566890099176
-0.17290116745487794	-0.31988458956976673
-0.24714911620428737	-0.25755583002224075
-0.5207785716498101	-0.5091074593957433
-0.18949275495156748	-0.23468348188048305
-0.3922566154405338	-0.3983462325864204
-0.36562606165050937	-0.33184457771522174
-0.510611134465794	-0.5067487595326625
-0.1581651231426413	-0.18046809994401525
-0.2884007543619518	-0.28634482026959407
-0.43347308897641135	-0.4383817098751637
-0.2877792647923041	-0.2802297196552382
-0.2990709026526588	-0.3026644102110529
-0.5033173061709881	-0.5026551715936547
-0.1896990528887308	-0.22574828475303949
-0.3689596659733496	-0.36134183272689496
-0.3736280882850096	-0.37707512735983434
-0.11264537361157778	-0.22864234250320345
-0.26863502456940935	-0.25225095980187145
-0.49402516441895905	-0.5087108276453548
-0.4014625584200413	-0.39572446080246354
-0.5072772049962886	-0.5265538816161537
-0.2269157324758666	-0.2268166864778142
-0.2613985308770417	-0.29994293050135323
-0.5551447318204108	-0.5449555717783694
-0.24258080456984743	-0.246425669199224
-0.4689613172231244	-0.4856062662315098
-0.12935262979354079	-0.09150296041843506
-0.31291966673791194	-0.24479524916223674
-0.22091974733872277	-0.24352493992216082
-0.2268433234574765	-0.24234411933951294
-0.5067284732753876	-0.5172189770777471
-0.24710732603659125	-0.25531520671368174
-0.28961540702032984	-0.2547351653737357
-0.3577865698039133	-0.34764164801765973
-0.2295325132714332	-0.24433036686129866
-0.4612887169826436	-0.2829536925547088
-0.30376980532555997	-0.26150105479834884
-0.3740235992468186	-0.38593702193311724
-0.2559272947563418	-0.24891966492382098
-0.3338524662234832	-0.27853257255912783
-0.29263512443077566	-0.28601833336889676
-0.34717329658487195	-0.3758429410493368
-0.3847575947344968	-0.3883374009247179
-0.27791898717253716	-0.2736519861540639
-0.5386977262985386	-0.5405447329013982
-0.2235033000299751	-0.2157322374053716
-0.2343832832427566	-0.2598888587509998
-0.3343928009016892	-0.30459814292935194
-0.5002868043112354	-0.5080805221807756
-0.1283175182180898	-0.1825186971688688
-0.4131175712758228	-0.41211689920136896
-0.4132681715780926	-0.40043963360482615
-0.11971224959528115	-0.18403368347421434
-0.4152728553170153	-0.4133333553260457
-0.16017977922047066	-0.19604553919239623
-0.40470577928669194	-0.43614043964290966
-0.539150331080938	-0.5402102667053122
-0.40685301020026365	-0.3923703472158693
-0.3512350193235072	-0.33116849185578284
-0.36188048315135823	-0.3202748663123324
-0.36976152168059073	-0.3829466894074755
-0.3067937724402423	-0.3474988469161487
-0.18862736779765044	-0.03871810167888935
-0.23809419801089504	-0.24827119156001415
-0.3398903005547371	-0.2577855073878339
-0.2654426287726821	-0.2782508419032698
-0.3124593541067391	-0.3000037807094597
-0.3833343006336172	-0.3409582856394411
-0.2587968564034817	-0.22714827032633236
-0.256631947709117	-0.2453579959100499
-0.3493968853475824	-0.2905761365139974
-0.4387457638176411	-0.39191694587960096
-0.16369909041938158	-0.18272318772133284
-0.3600968406403915	-0.36030983231704133
-0.33925665451880604	-0.24485723613376648
-0.062403101231653935	-0.06934715004419761
-0.1480297693178727	-0.14618598491643497
-0.5551837304457496	-0.5557603276429016
-0.3177416050615278	-0.30788792988082
-0.35516548189525565	-0.20187808039062516
-0.29989552661170826	-0.2963816738847577
-0.5503257258078804	-0.537262405788217
-0.44116167708655496	-0.3805358253021987
-0.12149746832496788	-0.15223040305802368
-0.25027221484564777	-0.3818926838346721
-0.4210476915693775	-0.31443800382325443
-0.3576622354669965	-0.3201629664334126
-0.19574204000586093	-0.24281727127584285
0.00011746231051290579	-0.1516984974187851
-0.3884448988590652	-0.4142947588707291
-0.3673246818513114	-0.3567073759100216
-0.08044204911419328	-0.07667833051905296
-0.4327846640912636	-0.38072545690191034
-0.07137216134558066	-0.0847586211463571
-0.3888759091887888	-0.39736118995073494
-0.42676862276593575	-0.42003936151066507
-0.3576295705164121	-0.3763579633176218
-0.31236951969023785	-0.30222363580759964
-0.38863997984372567	-0.3964488908686248
-0.09243090031343115	-0.0867726033466549
-0.353124825241828	-0.35610724919661135
-0.2420286319065461	-0.276047239606793
-0.20382661520782897	-0.20522622655071665
-0.0887246593770783	-0.08244481727003194
-0.07692132822267439	-0.08334288280643538
-0.3378472368385239	-0.3839809818596035
-0.46520814421723955	-0.45688131875933385
-0.5111930788612415	-0.5080072041391832
-0.3946359901263854	-0.40618334797373806
-0.34498511042010804	-0.3393519529512798
-0.32375536583430886	-0.33056497500807436
-0.2277972665472099	-0.2386990347172719
-0.45478656573397913	-0.42575518932443635
-0.33348795083516336	-0.32189499685399725
-0.3731464526006967	-0.379366509769737
-0.35332276454370337	-0.3271535559204121
-0.10235462266305007	-0.1166918978661412
-0.3127133020249424	-0.2868095432662542
-0.2951938636560918	-0.3209143953685484
-0.34877249730756077	-0.3043785063089858
-0.35893341609426344	-0.37926168005320754
-0.437234037314429	-0.44216426724809293
-0.3330284777698367	-0.38571885220113966
-0.28286592158061197	-0.30126143414223755
-0.5352874600681865	-0.5290888989540786
-0.22572662346943417	-0.24509424794395274
-0.2828658614313504	-0.2233366147684728
-0.3590676901127523	-0.2988747830089292
-0.41180570004899053	-0.4059077155613704
-0.2541592750340662	-0.23742245171578508
-0.170167738755719	-0.15573391170045495
-0.3731247200269756	-0.3822917943216713
-0.3021115807145929	-0.2613365664302592
-0.2672971461059106	-0.26892069654214085
-0.3378506489364774	-0.33248314891703307
-0.3875221968354463	-0.3928562055110127
-0.2169060607520059	-0.26019442777924995
-0.39512696695678784	-0.3534652030249604
-0.365632285394188	-0.2646472218176969
-0.3515194067052896	-0.3368935638163715
-0.3299614684355827	-0.24746304123359505
-0.3349416235811873	-0.33492493201311746
-0.04856935530558282	-0.04278273187617785
-0.2562801536824857	-0.2678135698094814
-0.5451831770378224	-0.5350958076407335
-0.47054761551509827	-0.45738862661720564
-0.3681296612695544	-0.31108508610421226
-0.09832257250644716	-0.07020969581581833
-0.3653538981477116	-0.4193095372018317
-0.2740816083022537	-0.26262803560980247
-0.3442070382299871	-0.32856973454942107
-0.31356934523881463	-0.3391264784343774
-0.18283429385362737	-0.1866635640254088
-0.29606980389953463	-0.3264126089583791
-0.3346500000386392	-0.34407853734777516
-0.5241227731250895	-0.4983830842907634
-0.311092508985066	-0.2766480992290114
-0.35671684200788434	-0.3569541652586366
-0.27806982969422656	-0.2657790562502218
-0.3992699570650178	-0.3576128957958613
-0.3959353307464468	-0.38392343723399247
-0.35308954204410625	-0.3346740315301552
-0.3079329930720167	-0.2995872633339272
-0.34009714660700574	-0.2955227659836232
-0.2596073773674199	-0.2550047250993123
-0.46512751325768775	-0.4646147535292382
-0.45322291280692184	-0.44645548214441444
-0.2964494083328013	-0.2679575199186367
-0.24005419340353384	-0.24069797924569558
-0.194273075894154	-0.15621424205827475
-0.10981936674417092	-0.09591145871863116
-0.4172676652923588	-0.4032789782464979
-0.5193290711518301	-0.5300823067087718
-0.2280090218791937	-0.2365359258603805
-0.24064711719129406	-0.24263589406856287
-0.2483332332528736	-0.2824437952158744
-0.558437293163248	-0.547223331517543
-0.5333219090947949	-0.5311127081164372
-0.2362891850769948	-0.24828666569204824
-0.36582315835825696	-0.31352502460499676
-0.336651849629483	-0.34143705905955535
-0.4259274130456614	-0.42565137243360635
-0.2868921038338783	-0.2860753530864436
-0.2780475742083883	-0.27278305152468757
-0.3569184500950193	-0.36142483946652826
-0.3583597363577802	-0.35032904671364967
-0.06184428407812703	-0.14123919565397108
-0.465980236623146	-0.3724983616275718
-0.41216615939950785	-0.4151426419167602
-0.2523515556989029	-0.25852145920807423
-0.3944781094132743	-0.38547574498286125
-0.2655759984595072	-0.26354887032676394
-0.36839682828254894	-0.43341661463022135
-0.3323784842540487	-0.31041674733744273
-0.3833053565812765	-0.29719378235288074
-0.25240314783921036	-0.24048439235366317
-0.5175252771322789	-0.5059885326771767
-0.2621367767013716	-0.2919490368871948
-0.462716183835191	-0.4932426948877933
-0.27060453731603573	-0.2639889044987084
-0.38615581518755704	-0.35211806944675367
-0.31281645853305307	-0.31739463262706397
-0.3347657779032893	-0.3656724073484984
-0.2788911623418304	-0.27834239257138066
-0.3595000115652578	-0.3807764465410632
-0.3326618807190922	-0.28766424826592224
-0.3173664204102522	-0.17453418201512275
-0.07310068769075251	-0.1576104877083205
-0.32243820669944867	-0.29196455088638396
-0.4480003510961197	-0.4629472157578407
-0.5301034999137251	-0.508615751945787
-0.33592015676877196	-0.3913021005469185
-0.36583219534928624	-0.2886816132212113
-0.3910434596189081	-0.38823220040753287
-0.2737406098904813	-0.261956089892226
-0.2687863022954353	-0.270334171425386
-0.5540225698251682	-0.5446706213513035
-0.4092348037736855	-0.4210383305685174
-0.3932810641185185	-0.40753938339399953
-0.2591233206007111	-0.2588134932891952
-0.312592336405924	-0.27227424930466576
-0.4004526702815241	-0.3461594580170003
-0.3006534915267913	-0.26139765562055867
-0.3248424760858981	-0.2973288413416797
-0.4544232890333575	-0.4500626413919017
-0.3738960483842533	-0.3508996213818111
-0.5011420044674928	-0.4860292139540809
-0.3713225822895865	-0.3633126472723863
-0.3927246004580809	-0.3648578362216174
-0.38216066412334904	-0.3516359940204889
-0.2780246613806412	-0.21472737427975702
-0.30342258962343926	-0.3136524158363929
-0.3174490504463865	-0.3369604937673956
-0.35362866323273323	-0.3504609963383979
-0.3089682044583846	-0.3003176759443471
-0.2880796769034184	-0.238799659808763
-0.258555693735115	-0.2608688850094834
-0.2714804456684483	-0.27456008255332764
-0.24652922251703657	-0.23512800645094029
-0.246897396733063	-0.251756992628607
-0.5348919099332932	-0.53556300990827
-0.27917409879461275	-0.23764435822572805
-0.315985223471154	-0.30284931633394657
-0.525106958018192	-0.5178422069089827
-0.1396827441499191	-0.12690165583324214
-0.4040526149683821	-0.3960348224855427
-0.36015470787988235	-0.3992491039099672
-0.49383238608585245	-0.5132773902999764
-0.08974693716690574	-0.10547878734854962
-0.2746460167566944	-0.3016947554289287
-0.3705610847997356	-0.36475768082060467
-0.15418809340586037	-0.15240752369759675
-0.2295459250464873	-0.24264559620363857
-0.13287865448143776	-0.18575554182167495
-0.24824782579447913	-0.25828273074999136
-0.08326102149295522	-0.08114743813044217
-0.5382828787124403	-0.5383033998295902
-0.36515079902689607	-0.36559065969808524
-0.5312252311851395	-0.5283557602697388
-0.33380136030917384	-0.3678740961843396
-0.5225558155445569	-0.5187069133745007
-0.5511071251902173	-0.5505227869829341
-0.46210798162541344	-0.5291390842653676
-0.3294508736405426	-0.33174884700489105
-0.3101744604097192	-0.34417628489216395
-0.5609999621968509	-0.5507888273374891
-0.2486335577171186	-0.249545399746639
-0.3969125425101332	-0.3544259984956552
-0.37655359106351227	-0.3908807985194847
-0.24932261391973043	-0.24157745477708942
-0.2136893608080861	-0.2305723806064211
-0.39395738809304603	-0.3947650489887428
-0.32837746833907744	-0.32411742114596337
-0.33440005390026784	-0.3531696088767601
-0.36511350490914296	-0.36423172160519474
-0.3513315399307686	-0.39381006285691716
-0.22493887705297766	-0.22274837204974607
-0.3756943434381732	-0.37597942257279166
-0.24666742982322276	-0.24428386937003754
-0.11953757133445464	-0.18051245331836052
-0.39220465081803724	-0.41086802104558495
-0.3289848887069624	-0.3970855910716046
-0.3837310241107925	-0.38891357325210807
-0.33349962958845936	-0.34689556673806365
-0.07894919589617189	-0.07713877426667452
-0.27146500437488896	-0.2555357219502634
-0.5301734988263789	-0.5126689785756307
-0.29375650726329106	-0.308708538545105
-0.3541102488843144	-0.3648576984193395
-0.26413425773611365	-0.2791163786969225
-0.28246461318918037	-0.25570476107204015
-0.4231025803164812	-0.41257303375102405
-0.1170757603496213	-0.11215446536941615
-0.33114001382986125	-0.29518309193969655
-0.27271319384106363	-0.27974959610603517
-0.293952685225765	-0.25125732502015935
-0.31445289009131905	-0.26078740682655316
-0.3725944527563243	-0.3621154686399542
-0.33676623621078505	-0.3190577406873734
-0.48517927578256703	-0.4922910204080344
-0.2426130158139479	-0.22002822382693932
-0.07925933840730437	-0.2323685471361986
-0.2325033460282846	-0.21952665215446096
-0.39064196204479984	-0.34859406351329564
-0.4505391825321574	-0.45091033035925576
-0.23892919528889855	-0.2692917917868908
-0.36473018421491865	-0.26318706010542037
-0.3714852782115834	-0.37167614646768415
-0.408313766996768	-0.3995564092696271
-0.3339344858100972	-0.31089302234420557
-0.38774001096983035	-0.39033672515301787
-0.32392853188845017	-0.3478450033901155
-0.22175439491675775	-0.16727915015544445
-0.5585813398410782	-0.5223638796114678
-0.5139608055248477	-0.5222655246064062
-0.36898812368509404	-0.39210254855142035
-0.40401312112984655	-0.3957624478610989
-0.32585287437605537	-0.28371885153079796
-0.2300932411844041	-0.22761239552636725
-0.26230579805293885	-0.26290087482937907
-0.43199846278914933	-0.37125218057527043
-0.5543349223200273	-0.5433764584776599
-0.2537865640433221	-0.30189053445091407
-0.3934265138879294	-0.4069717680148393
-0.2826902656132937	-0.32547664244871627
-0.4819614906050287	-0.5016497902051491
-0.46407059492502967	-0.5031243974717337
-0.3786587622141333	-0.36014414400529166
-0.39201315980310447	-0.3880843918726484
-0.34013321039813604	-0.3073833244723203
-0.4310879174750042	-0.4655120251524812
-0.3978058024200024	-0.1998282395711087
-0.35632885823152805	-0.37952028000514765
-0.3916604629103517	-0.39284521313711823
-0.22481935132695519	-0.25321260430720155
-0.39170908376456914	-0.3972993890779139
-0.2858775424394544	-0.25720151739542185
-0.21832487579906967	-0.1291038239970919
-0.41021423634200005	-0.4094358650198261
-0.14221976097009303	-0.13012499892770027
-0.24811370497591057	-0.2342687546268574
-0.25460242896531504	-0.2507484032154786
-0.36011246037825906	-0.3176742719689225
-0.22852841144560365	-0.22557238526567774
-0.41059958876334335	-0.37417150261628007
-0.31716210616424867	-0.3076230492076075
-0.45958358534895183	-0.4721881603517161
-0.52272948993072	-0.5073873446131992
-0.33447483735841743	-0.3294227656244985
-0.08455463209671521	-0.23677255347666792
-0.12388939101961505	-0.12537903812623144
-0.33928123240797703	-0.29306231913831
-0.31654552563442095	-0.30248711579258325
-0.3416402907505329	-0.38185404384268024
-0.2897666864314292	-0.23422065030295733
-0.33173698475957636	-0.3595496853651525
-0.4264103159773214	-0.3814912789661866
-0.11333218799569877	-0.15766060451674493
-0.34086820388919215	-0.3669751976876987
-0.3859449684621392	-0.3903143031369008
-0.4030188413984046	-0.363646716640422
-0.3567700229519204	-0.283328880346362
-0.14808768542647854	-0.11288198544101315
-0.0816188805967002	-0.09132411804772138
-0.08554824075268286	-0.12113858662067989
-0.27826243187073985	-0.26667793330432316
-0.4816698016865679	-0.4838100537215789
-0.27921147888801556	-0.2854421254599122
-0.3673907393527358	-0.39321972064663796
-0.37791126919358575	-0.3045021734923705
-0.30333396723354866	-0.26975179771121044
-0.23629569329165356	-0.1810403301273807
-0.2761463994836717	-0.2520962020377872
-0.29648221782383644	-0.2702237263905749
-0.4414565897331926	-0.45659109536641773
-0.5393660278021599	-0.5413665716723228
-0.3964134947721316	-0.37469222974710026
-0.37490907834361664	-0.37180893537624193
-0.26744524075631304	-0.22418786174001212
-0.2676207936594128	-0.27204958471007035
-0.37097689320628113	-0.3782976080358088
-0.5542029380530415	-0.5561151166738177
-0.09785628896353415	-0.10196551972460918
-0.36703535750818617	-0.35891636888971207
-0.31376541259825075	-0.32328733403803633
