-0.4217889462948463	-0.4442959931032081
-0.4657196466105802	-0.44075706535089115
-0.29796968066055385	-0.2942403397167623
-0.41132292171558404	-0.42587092937164245
-0.4695418844081729	-0.5435706736358863
-0.4615485394726804	-0.47872546190412674
-0.5009076661301641	-0.4737844447605014
-0.4694561255177625	-0.4930112541569459
-0.3659128068965565	-0.37207491711438667
-0.5515889160667271	-0.5586462951807639
-0.2349793242740894	-0.23995798346770664
-0.5065305412244925	-0.5057856453500646
-0.5111623333843536	-0.518825011901169
-0.5503255807764624	-0.546846943064426
-0.4402632290988322	-0.4373881279679901
-0.31732931428199507	-0.32462264369839655
-0.10045091455906885	-0.07991293342326929
-0.41783181285307336	-0.4117250421910612
-0.4773457571358968	-0.46851650518121124
-0.309505218144583	-0.304814712632247
-0.3617829823505936	-0.36152075295292474
-0.23571601897357297	-0.22558264901934086
-0.5257785756770907	-0.5271947470877988
-0.41899853985075275	-0.41690042253834025
-0.2918696313925633	-0.3456967490511896
-0.30537327820852234	-0.27694646038227083
-0.14611877011503438	-0.14044604472758776
-0.43365140708849736	-0.3781669756815626
-0.38895858469782496	-0.39792452360396785
-0.5361568727325192	-0.5452838825721172
-0.3286058281651272	-0.3496960531261064
-0.38529483273557474	-0.3833922448884881
-0.5005573154629701	-0.5058185204614086
-0.2577790397021964	-0.2525784010104733
-0.3703097721938242	-0.3689926416089616
-0.17282454567432026	-0.18483668838035403
-0.35942550540949014	-0.361736895148171
-0.2868506276445828	-0.3355923211085727
-0.24969731362185854	-0.2506966032927823
-0.3865522875549079	-0.37892571303305456
-0.37485327093757626	-0.3839697685302222
-0.38267107507026665	-0.3600916337239441
-0.5361976514732412	-0.5185793579207819
-0.2975802942522474	-0.3323398467187361
-0.35274681267511276	-0.3367348941473651
-0.31352795113919285	-0.5024861572135015
-0.3633290480840792	-0.36365695053379443
-0.4310838234951717	-0.4178039262749103
-0.26177082425300924	-0.26299883230481524
-0.32911270754466315	-0.1952592491684065
-0.3217728247940066	-0.2729698964313962
-0.3862786612201319	-0.3898629947260082
-0.3838197193757935	-0.3747328416137968
-0.33274258952057956	-0.3480236494999269
-0.25682026862525653	-0.2714108963845076
-0.3961031837165869	-0.39965418735489433
-0.2779813887826439	-0.2544147230941713
-0.25065324303352554	-0.24443962574525607
-0.3284146922367377	-0.33434463435130135
-0.3675148751069983	-0.39191304897429924
-0.27105765712396135	-0.2693260663865998
-0.29338404680500574	-0.25569284921230484
-0.3803841585188934	-0.37034596436626116
-0.3880589889846462	-0.3797143344204272
-0.25721755437045246	-0.3139393540229612
-0.364636780938584	-0.3813549570873625
-0.3666202806998289	-0.36365265580732936
-0.260929645337054	-0.2153116707680127
-0.4002688175271416	-0.3948022077866934
-0.45711779016804144	-0.4456093549596796
-0.26998007319289385	-0.28554380130199153
-0.26447621511307773	-0.22113667909623397
-0.5356584060444938	-0.5484427365875542
-0.20837384410959459	-0.20099053420609403
-0.12639905740474688	-0.1967492507521071
-0.33218185145653933	-0.3479646062543818
-0.25130820835328294	-0.24726372801556495
-0.2641041955697503	-0.25303885692970657
-0.2498610235324321	-0.2422355979104449
-0.3491812022385581	-0.3160134701659531
-0.39824470934195233	-0.40391071842554427
-0.2854757874577345	-0.2908021759005104
-0.3190637500576692	-0.3229699196300101
-0.5502811166261203	-0.5649723730930856
-0.3599757180991521	-0.335134250011909
-0.26160755010810277	-0.26586830882509555
-0.4882287702390613	-0.47383060333334687
-0.28182667508294656	-0.27842935253219436
-0.15550438059305627	-0.169825723962844
-0.246029493869095	-0.2420959227905234
-0.32878446739235123	-0.33418868271314645
-0.2788328404736973	-0.299436652421194
-0.5226885151345773	-0.5208993517064395
-0.28030320418677945	-0.22128389499119278
-0.26621781001428246	-0.26537379416307044
-0.4462901248299094	-0.44628558792752127
-0.26331073457960485	-0.27054026155346356
-0.3619846026811402	-0.3625861252408491
-0.5491104303657259	-0.5422900938153032
-0.2551173178545447	-0.21874421648981945
-0.3794143425212262	-0.3863759211236364
-0.4713515002875788	-0.4489915846157092
-0.10961340786117901	-0.09511499606241561
-0.2714040122270802	-0.2433033381131513
-0.4170082079789754	-0.4304406507474798
-0.3983721737241357	-0.41039008402065347
-0.27360832952691894	-0.27101970016749644
-0.3989898816835904	-0.4027380337943844
-0.45913712188693623	-0.511462895553977
-0.2149441706389119	-0.22693673217980292
-0.09482916377859496	-0.07241856427347923
-0.30941477534371664	-0.287044202146549
-0.4388864797562988	-0.4324974708702818
-0.31707247999727173	-0.3285800834968629
-0.4170171484824827	-0.39113220120127284
-0.43592046593389355	-0.4220750645084151
-0.2930204218033978	-0.2421309201194594
-0.3164882406384901	-0.29846140444330965
-0.4027675378425144	-0.4274155660097743
-0.141317203216067	-0.13122900251475975
-0.25953261455935106	-0.2585561488556278
-0.4564432733977988	-0.4555266069015195
-0.21169494385497956	-0.27815569720286293
-0.24567740471066912	-0.22937986833894794
-0.2402007323494093	-0.22522937169629353
-0.2801187898870907	-0.20406172293438532
-0.31379527465805523	-0.33558745997396344
-0.36490207288896137	-0.3520907975608786
-0.36266656604018976	-0.3658327659038362
-0.3975792352478926	-0.3973980421943759
-0.24274847496450747	-0.23372354487273378
-0.4196869548381805	-0.4102256449991009
-0.19041609533889847	-0.17721949228660863
-0.2745386686779909	-0.2712884319207672
-0.4894747637527672	-0.4907338709575634
-0.2433588183101989	-0.23604412266617306
-0.19211390250334404	-0.13709707075590866
-0.2856864030679418	-0.3265922765440555
-0.23611872427822078	-0.19317954160207043
-0.34613320494080746	-0.3205587871389546
-0.22887150897674857	-0.2191179458720601
-0.2686017618426497	-0.2717965504005346
-0.40630152769139016	-0.4041318665643633
-0.22044198989308228	-0.22610009445499987
-0.23330089685945943	-0.26404565861720025
-0.2462039333383501	-0.3770325053465001
-0.34995480713169336	-0.33396246490104853
-0.4697916120895069	-0.4602544532810277
-0.315421029821394	-0.26934042615176207
-0.26628937858756174	-0.26808930803159464
-0.24734914971296362	-0.23898920106295055
-0.3074654516133464	-0.3467232327364586
-0.4100361550711771	-0.3681242394175255
-0.25214593519185513	-0.2163906984276325
-0.2728572247728671	-0.22330343957522708
-0.2796328621508959	-0.28856063135534
-0.21097895389804222	-0.2664653614140973
-0.2804337813950042	-0.2871700154494169
-0.3211380793790326	-0.3003712106169829
-0.0907459849975254	-0.08399904799928126
-0.24405092465602252	-0.2658013321225804
-0.5365069938023446	-0.5328122000474036
-0.15636542032815726	-0.13389506294329176
-0.414077719932461	-0.43416921330089725
-0.3855273248334008	-0.3560994743990212
-0.4037590980817196	-0.3834520139351668
-0.3694712031267642	-0.3504035539747224
-0.345458726718336	-0.39077332038109736
-0.14259244414451544	-0.1256938845365383
-0.2931310060406922	-0.2983930087332929
-0.360427265301686	-0.3504748000708909
-0.39001290514380926	-0.37610725995284755
-0.5457109503743389	-0.5345419622191724
-0.21378668936283596	-0.3427398346615618
-0.25812639810837723	-0.2661951131657096
-0.08442466347891298	-0.1086055657406427
-0.35336054759200586	-0.3301062090935705
-0.07928997843374219	-0.0763343007140301
-0.39874722724441014	-0.37844207039256617
-0.5566811459978389	-0.5472253899849668
-0.3936180489455694	-0.3593892965481297
-0.47211119509452715	-0.47165492405233256
-0.19597408939562122	-0.21676228601716754
-0.18678596871227526	-0.2532829898657666
-0.33418635991377243	-0.31660382211219534
-0.28358808942249425	-0.3021436838378049
-0.4427611439825405	-0.4309779833255484
-0.39369058382175837	-0.39296412041973133
-0.4222842161387472	-0.4215504793528675
-0.2915574773785927	-0.2789641095770421
-0.4448366578801277	-0.4491333586391643
-0.4940674067092168	-0.49390611184595445
-0.33485898780320866	-0.3028795857919149
-0.42413695638575	-0.433294032026416
-0.41116997670999744	-0.37568866913497867
-0.33444909585114857	-0.3388194136389663
-0.38094956611065456	-0.36446264845809045
-0.10531831498871647	-0.09150140773672842
-0.17994671030217724	-0.20281819546881327
-0.28175527266034095	-0.27579250295140795
-0.5486503806212326	-0.5410423860097107
-0.4000544425340422	-0.3968510376750735
-0.37288404814726306	-0.359576736085019
-0.3264718735159242	-0.22821549513774478
-0.3269553416369142	-0.33854826367194923
-0.44661782628583424	-0.4432792585656114
-0.5306965105192702	-0.5343536294382009
-0.4177591824322455	-0.38995556106412105
-0.22086867113034891	-0.22386133007594902
-0.1885505396993139	-0.18658592382120623
-0.28976413812719315	-0.30368182353909995
-0.349452383120088	-0.29262932321221097
-0.3837507791359904	-0.3804566130241191
-0.5162496946122523	-0.5091582228874795
-0.2798275179370897	-0.25388817490419513
-0.5254529265719814	-0.5251431428668689
-0.27742489175365215	-0.26390426201493244
-0.17542318931599254	-0.15080612610182512
-0.5529200092307391	-0.5560093912096844
-0.20224964355910124	-0.1762490791844884
-0.26892784739202824	-0.26660187864716023
-0.21899014502835712	-0.18807354976962376
-0.46067339021614373	-0.48713329865384397
-0.17614761750331454	-0.15516270634387036
-0.4000041524486875	-0.3980441294258302
-0.37577999210346746	-0.38337328974905843
-0.28387904472586456	-0.27594298073855394
-0.54711773899189	-0.5410061701767117
-0.400868569479794	-0.3883401330875167
-0.18791437740120642	-0.18462739940965445
-0.5086826228178118	-0.5146502727325548
-0.28186799419967024	-0.27649324672674064
-0.28955364894077107	-0.2629792854863882
-0.29234764234337973	-0.30116546622758483
-0.23070323103404178	-0.23612831779277682
-0.16030437828083421	-0.16813792149273044
-0.07493889117451147	-0.09635381967063464
-0.423017479491989	-0.5232046119243504
-0.26205245502379526	-0.3230554469191464
-0.3756742476485666	-0.33094546802515684
-0.5062775049369144	-0.5054162600696301
-0.24851777493576854	-0.22913082865290058
-0.25965256679198845	-0.2697646198876088
-0.4326507242656419	-0.42287494222460564
-0.38411346904723054	-0.37263852817164306
-0.3380362334588227	-0.33178110018035767
-0.34852974125754344	-0.3607104654304335
-0.37087148121466207	-0.3615148895479531
-0.38045536702473015	-0.3871800902494709
-0.2527275340175308	-0.24584097126876364
-0.3653062376888272	-0.36273329182279346
-0.3248918529137761	-0.2597128115386801
-0.2848284199417179	-0.2731812494861929
-0.5381923722826691	-0.533593701721187
-0.225323282426519	-0.218522116218727
-0.2699184325283568	-0.2886136370139291
-0.20161626803677635	-0.34140691675721674
-0.5146445089685763	-0.508606730689088
-0.26962401995617746	-0.2699639486444425
-0.26733840488365956	-0.26103832282199374
-0.5069247655410365	-0.5174611094416842
-0.40518327221956874	-0.4188252920383471
-0.5447029778886971	-0.5184024873965356
-0.18374810973025646	-0.18538627942514957
-0.27225423971994545	-0.30661463709179226
-0.37969194953349295	-0.382728796558467
-0.23966944229650622	-0.22196603879344448
-0.4175158439594284	-0.45488899259519566
-0.27669348487026113	-0.257026063011639
-0.22717814363612376	-0.269422614782876
-0.5275712914289805	-0.5259714574611466
-0.49323443456274774	-0.49217606492292604
-0.1143827755467477	-0.22744707181549545
-0.4240367642062015	-0.4226701953169041
-0.5326336104167027	-0.5291288671204707
-0.2511027932831027	-0.2532592548538677
-0.076312919937509	-0.08712097639788773
-0.23507675318078824	-0.22410118663648662
-0.4386637328191334	-0.43134984505158463
-0.2323127892864072	-0.2798122547502288
-0.33308352825681276	-0.3364155641369846
-0.5342925465894783	-0.5433315988796142
-0.24900795029037148	-0.27396556006411604
-0.35681931463330585	-0.35857339217498124
-0.47122624723443707	-0.4586765824245596
-0.06964047763477055	-0.06799506402837477
-0.5611496535567255	-0.5681182945578663
-0.26680371187220686	-0.250232632624815
-0.47596294069772327	-0.3824710843768549
-0.37109285900417	-0.3601115567304764
-0.2743043608157709	-0.32444480457930924
-0.20679415504603682	-0.1937669256669963
-0.4278094785356288	-0.4367778929065942
-0.34669802052884435	-0.35036534954452025
-0.38122582287945406	-0.3675355825621118
-0.41760521958549646	-0.4210631445459144
-0.0892360301731685	-0.14306495338385647
-0.25176413096413164	-0.25650718515940835
-0.11126965858287896	-0.13669797727675193
-0.4525986746113375	-0.4515794258477019
-0.16515050768138195	-0.18392561842509134
-0.07962912440990877	-0.09169505016312386
-0.051223020080044535	-0.24287145221590467
-0.29149854610796133	-0.2971501488946577
-0.4435609029615257	-0.3871477599285196
-0.3583008691291134	-0.3701631685716679
-0.25877645561195983	-0.24762810994398415
-0.3724131612344017	-0.38013907346935455
-0.4263507142139744	-0.4324728874676863
-0.3008823520106674	-0.33429566766355334
-0.350325455452948	-0.34924924252750383
-0.3758496057181908	-0.37362169763459
-0.26723502890531314	-0.26446893054401727
-0.4453552676843522	-0.42121715031062174
-0.37605438115333456	-0.3691412409066037
-0.11238449011239027	-0.101447676793786
-0.2934483147082325	-0.3158437578010855
-0.34653650859115004	-0.344471345054624
-0.16057403373158508	-0.13076178586940726
-0.11880410358629412	-0.1666055680179306
-0.3894872058470149	-0.3665962367985373
-0.2654064452263931	-0.2771838955999855
-0.3866319806675822	-0.37436023947887104
-0.548011533945326	-0.5353893013978542
-0.14038289077955568	-0.1254014962505422
-0.5514533038522558	-0.5456108923264549
-0.3780767436172372	-0.37209915820998235
-0.32436717800474035	-0.2810189871259524
-0.36238567532679156	-0.3557636977809697
-0.3934365257903245	-0.3966249274627193
-0.3616789482996374	-0.33923079938813694
-0.5644007701846547	-0.5518869960827608
-0.39167450389282443	-0.3808179025445173
-0.2823745524094239	-0.2691931543543439
-0.47534980909778923	-0.47495224455641605
-0.16181967750845772	-0.15254755172359583
-0.27092512073225095	-0.26905076130078115
-0.25753064037517603	-0.266181666255213
-0.425964797146289	-0.42540185748008863
-0.40412321697808196	-0.38437375469818563
-0.22654835950601537	-0.3001153327647657
0.05020889514195659	0.13000307832392385
-0.4069127938059083	-0.4149082822055748
-0.3958610616710878	-0.39153526699969177
-0.3858970786510376	-0.3852822911078196
-0.4533584769921628	-0.4535572396951314
-0.3880662149399363	-0.3889083390399241
-0.37662964973037916	-0.3759318989672722
-0.27670333527818514	-0.28491176417722597
-0.24112862927716705	-0.24762191280469048
-0.5140056725784241	-0.5100344851359555
-0.36513483279838255	-0.3652221417686128
-0.2850222168602734	-0.30045304012963453
-0.3066371489011068	-0.30003947000283754
-0.2535757309003497	-0.34551047883454045
-0.28213429449025007	-0.2816218816990501
-0.26576009909996756	-0.2664444862327575
-0.28088473874689157	-0.2848290860503406
-0.2206717221956609	-0.2507944131494794
-0.37673020377612865	-0.34320403930543597
-0.25526133015803154	-0.2507036549050551
-0.48853344856781256	-0.49719761628199766
-0.2796570091832429	-0.2904258607887193
-0.3892655870323125	-0.3929564389204832
-0.33234945944797545	-0.33523271881439376
-0.32337796986290357	-0.31004009337107247
-0.1678314611364904	-0.20509088055618654
-0.1048349235586663	-0.11797004393677281
-0.4359095393814698	-0.4385082635672539
-0.31605436648235496	-0.38848552887675203
-0.24711980952411494	-0.2756281798401164
-0.23798382733036405	-0.25202343835130103
-0.2999060016612791	-0.2729473646415119
-0.2210343928036309	-0.22632348340054212
-0.49194657412489384	-0.4781259788700847
-0.34225538610076534	-0.32404086565980816
-0.34278547115424907	-0.3378055056014941
-0.29125305656062395	-0.3409865503013605
-0.2141108285509219	-0.22994889433683524
-0.5199030688336883	-0.5169914125805485
-0.3423129095856563	-0.3503384777872877
-0.35200323340608897	-0.3559771211484024
-0.39666257442229025	-0.3744974259049416
-0.39787958222576947	-0.3514895845792376
-0.35848096408543206	-0.34884678662846313
-0.42648843672191816	-0.3657898241410003
-0.27600355347032846	-0.2573280612404483
-0.23388773525837436	-0.2678867723864017
-0.38867508438890397	-0.4229922238330737
-0.28900198713436964	-0.2869100436083763
-0.35867316806950456	-0.353425749938686
-0.09846044157352196	-0.1822250771149159
-0.2698919432329987	-0.2932056822358751
-0.3773704532257174	-0.37260716944217714
-0.26235413298422827	-0.26145050556973776
-0.3797424107155791	-0.3593345157202164
-0.2723641996226718	-0.2585574144020458
-0.23606641020416674	-0.2398729982646117
-0.2825031422699791	-0.30547205539811406
-0.4282273382348478	-0.2578397496581465
-0.12317073693082037	-0.13152847354359753
-0.25984183823119267	-0.2625353379224095
-0.13246419926461783	-0.1439726328645165
-0.2532995233273745	-0.2545688899482525
-0.29870744057921783	-0.34501787965109443
-0.3857850630888944	-0.40245322854019827
-0.5507453595573715	-0.5570027546887255
-0.4233684681336669	-0.41416137988325125
-0.2587952909643789	-0.2744907812245048
-0.2460104009589692	-0.24778435933107387
-0.1573213824293056	-0.18389058181982462
-0.24346916230961568	-0.2435689932265141
-0.29041054118683896	-0.2914130238014859
-0.27611159398704643	-0.2635234395258069
-0.3122942242505058	-0.3251898445996286
-0.4560115304266432	-0.4506487798571241
-0.2903418829062794	-0.4583295713334857
-0.24036535937402448	-0.21988736713059606
-0.24434373550048782	-0.25466883430431997
-0.34689978105856767	-0.3548149723247867
-0.40595363318649547	-0.3627183342170049
-0.24383878753274502	-0.23366523458495597
-0.38823593804695555	-0.4082361025386969
-0.4394819138949764	-0.4526923444264667
-0.5389621135512606	-0.5361837815750868
-0.2766867494295582	-0.3033719700097344
-0.40626067094029494	-0.41231779920686973
-0.5285573495763902	-0.5303909966804985
-0.45384598333907533	-0.4591232584976388
-0.25724757993924996	-0.22193958540393627
-0.4264077471294101	-0.42500350892408884
-0.28928968483668527	-0.2994953243588037
-0.35618806639511646	-0.34944484972676565
-0.40370012953457746	-0.40253723760255744
-0.4236675689151106	-0.38109177442914616
-0.21057758698296425	-0.24380527368505295
-0.5403356342574472	-0.5376135403493779
-0.4291088644120986	-0.44378418791218016
-0.16685505964443692	-0.19745555488610614
-0.4548620338017759	-0.4267956036384406
-0.18853491908400777	-0.1792423364908151
-0.39640731834561116	-0.3634829252760733
-0.32813971289913724	-0.3470395660518778
-0.3048321274219923	-0.2952721251121548
-0.3051232201907368	-0.3161103411949718
-0.17190953564615263	-0.17590845177061798
-0.3932078529489065	-0.41101423493865
-0.41088557768613754	-0.40814696938358425
-0.4984847556000851	-0.48808437117150727
-0.2642796069243616	-0.33275914167597526
-0.5116791319950202	-0.4930740924263676
-0.4812122967767394	-0.4756724850356513
-0.26678379102364147	-0.2983894018109403
-0.33036696463983084	-0.3020960284485672
-0.2203997687283472	-0.2227458137853447
-0.2664369319533133	-0.2241376521750268
-0.5323302627561315	-0.5358000653682053
-0.144529968433055	-0.18557143201336979
-0.043720550863145746	-0.1573439060391875
-0.2950081934433477	-0.23012327886382908
-0.3723097573880061	-0.37251017941352205
-0.32052816656333505	-0.3430180748500959
-0.3616768545593949	-0.4114171900548094
-0.4580014939157522	-0.4773942281108932
-0.26973023704870513	-0.2695858412235092
-0.2040903129415046	-0.19971146260218242
-0.27098349928136933	-0.26816399621703724
-0.45738692819654325	-0.46097010785878856
-0.27880640911603294	-0.3048393164389064
-0.24897840943460814	-0.2677562034636374
-0.2542060166439377	-0.21142953257684338
-0.42566501777216814	-0.4277768905789629
-0.264682176185957	-0.282880667473797
-0.20504228696936977	-0.19710935942957908
-0.5153905659928171	-0.5082172126097511
-0.3435424117332815	-0.23850814657018518
-0.2688393230048227	-0.2616037680309862
-0.25250367162295007	-0.2523037895407063
-0.5554158461341849	-0.5461881953292781
-0.3741308850301941	-0.32877556129571733
-0.41532927311677525	-0.4029342492663864
-0.27915315035062704	-0.2596524478856984
-0.25630958114728486	-0.2684261253665908
-0.2613498373493499	-0.26149060241616273
-0.40547747902744113	-0.41005375562201457
-0.35779196780287137	-0.3673141878318824
-0.4017465404960756	-0.3956042425538248
-0.2493042813119022	-0.2554171000128441
-0.27564100960145055	-0.32565950545190475
-0.5078793860137232	-0.5231117449475143
-0.24814796288206864	-0.3366534024128257
-0.2594819557527792	-0.26528877364486647
-0.3967091115192627	-0.40517669060030576
-0.5511162565223131	-0.5458180548747855
-0.49948854900751094	-0.5024179073871943
-0.24149079999588707	-0.21875127386937362
-0.40246670076538393	-0.33377860877549215
-0.4639684244191784	-0.45456752044734455
-0.5529474125332197	-0.5590565906964705
-0.21935357240623077	-0.23485983681283926
-0.2545433554074883	-0.2501868463832406
-0.47413640009805036	-0.4539800783501961
-0.3695804931101456	-0.39168173988561245
-0.40531223394559035	-0.3790367122304582
-0.32321996961248445	-0.2817335637000298
-0.24295053098036057	-0.24293490552586136
-0.24899558043960113	-0.2613673321881721
-0.2642488249549153	-0.27264226293993127
-0.40863284422602497	-0.41329233292655754
-0.2985125928685761	-0.3171995592005034
-0.2701619574876979	-0.27828094489161564
-0.22731823499513482	-0.2735021456442264
-0.5289248858345061	-0.5219867241252368
-0.2416665876051063	-0.23761885600705027
-0.2774562056666312	-0.269855184844167
-0.3055577955687703	-0.30254416110388765
-0.3937001657037271	-0.405318179793013
-0.24079718000482586	-0.2682856999535662
-0.2736149758324995	-0.26834942317349614
-0.2643465980948001	-0.3407858817544706
-0.4134369782813323	-0.4146924857823275
-0.5035599745562074	-0.4918989016380694
-0.44173511718320313	-0.42191449230130723
-0.5601173979254863	-0.5535194914824906
-0.5429013630399222	-0.5379099752550154
-0.2713476026740391	-0.2752942776641001
-0.37448597521071747	-0.4356277968694971
-0.3201502080973313	-0.2957646588452693
-0.2744728825631917	-0.25930378085429645
-0.5492622133268252	-0.54039632306123
-0.2738533220932844	-0.2733801338212005
-0.3630493698750783	-0.3331613951951438
-0.3229854340882472	-0.35702704310626454
-0.11489180453158099	-0.33102376958325014
-0.319575485228512	-0.31868157127144453
-0.5114842861044266	-0.49986958379814384
-0.15392660283509052	-0.19490503004106696
-0.27384508539627817	-0.2346468442964445
-0.26273064924762934	-0.2519241624070934
-0.23209707433990623	-0.2125529121886484
-0.4459792264831641	-0.36326590233241535
-0.413666991806771	-0.40834948904596746
-0.16950314969400715	-0.08125982681010079
-0.2758964096026908	-0.3115622648240258
-0.34761562286985637	-0.3314813877167834
-0.3684224359268029	-0.3686643879811001
-0.10931120564618269	-0.13243851336250534
-0.4162243896693667	-0.4036403034899061
-0.35158730183730214	-0.37305546549774393
-0.22222011194713076	-0.2391126976358401
-0.1256139708393338	-0.1724580644359641
-0.2932932766510312	-0.2828873137823133
-0.3347567561510232	-0.35845364378667627
-0.34110524101264694	-0.33303086482064065
-0.49652473424636945	-0.494821724843085
-0.3175930598815153	-0.3444000942454474
-0.2642253481208652	-0.2665166149839463
-0.10633931465759261	-0.10734623168887432
-0.20645830184859904	-0.21102808959335645
-0.38931325036987907	-0.40673090665285017
-0.269654116481572	-0.2741652202343145
-0.4403423143056262	-0.4290971164480538
-0.3640206748638217	-0.3624261404619694
-0.1300869719046993	-0.1854981335494073
-0.10621034790112915	-0.1318391238109049
-0.4058806498664449	-0.414249853224352
-0.4189649299402234	-0.4029779600610296
-0.2980673973434911	-0.2815515866454804
-0.4126579099574865	-0.41279932783234147
-0.34405066165459	-0.32246702768130836
-0.35870362266713585	-0.3898933164353493
-0.42029548126567917	-0.43423347674997564
-0.5362242625098883	-0.5368710391681627
-0.06351157266804464	-0.07007063872766549
-0.4378394360655413	-0.4280399653909162
-0.2953225037737006	-0.2755833418548776
-0.07667088400024014	-0.08793564695171607
-0.37884849465530124	-0.39246903369569197
-0.27409403973281243	-0.2799384052355172
-0.3584219453653681	-0.3692204311204007
-0.46510585291241036	-0.46350378573634804
-0.2612500940141995	-0.2741506077012809
-0.3983485269252274	-0.4157431026070866
-0.24917009784356736	-0.3146547753127968
-0.3936770430145682	-0.37858021621745386
-0.4951232752961854	-0.44149102037226134
-0.27356164926169235	-0.2983757172531188
-0.26954806521554886	-0.27573165916539927
-0.33448428461916	-0.297463106172633
-0.09706744800112332	-0.20446933022066144
-0.39030465068976916	-0.37632934684101144
-0.2825115924412245	-0.26566618812461273
-0.3799219245906045	-0.3800296156431819
-0.3726991953096359	-0.3706358073992772
-0.2721398974283993	-0.28348781159332725
-0.32309061124412963	-0.3176927603628989
-0.16891065437013353	-0.17255031506080976
-0.12337905227816393	-0.11923835349086546
-0.39246968854679665	-0.35551349889117695
-0.35346685115308674	-0.32231131891090703
-0.206836376715394	-0.22101596587504474
-0.27281021932345695	-0.2762623715940233
-0.3715907007152097	-0.37985307823429226
-0.3093171543053401	-0.31504686375047836
-0.5416200947944603	-0.5421763777099237
-0.25843405891609805	-0.398642258800831
-0.23761651803343042	-0.2491534755840034
-0.08363470747900692	-0.04330669691600307
-0.3539535786560819	-0.3353775499528511
-0.5490620229136294	-0.5341214704207862
-0.3260723443299973	-0.3465509030691813
-0.2524859231600498	-0.24908889826934705
-0.2836619619521059	-0.24941886126028048
-0.3697949524985038	-0.3512734681208457
-0.2132271499805789	-0.2302872001661396
-0.3314720235909068	-0.3236379570121608
-0.40195553740072754	-0.4082235855817284
-0.3655026749126442	-0.36811203067946024
-0.37452885688654547	-0.3863575081100507
-0.31679397833986656	-0.31905668100634577
-0.23002554287586818	-0.29088862671945337
-0.3944990016651957	-0.3650867600837623
-0.12176903224740343	-0.11736894921907898
-0.5322115331329051	-0.5402042910757535
-0.4638246839059441	-0.44845584677542255
-0.38988789729635087	-0.4065232931984219
-0.34185409915438747	-0.3579102246638866
-0.345783471885186	-0.3225799487842359
-0.2933698661676729	-0.30919894113072277
-0.21266340519983373	-0.23823625748635374
-0.21374353992792194	-0.2355988955385573
-0.4273562574248331	-0.3985873877593429
-0.39343584393795084	-0.3975696168314956
-0.41800907538317666	-0.4212519445092788
-0.3136392406147088	-0.2607116218024927
-0.27654358623752984	-0.27145663746706805
-0.1672903912407726	-0.17983935882600594
-0.20912250787953113	-0.18442241864568654
-0.36322156727056765	-0.3662719622327688
-0.24133686512764285	-0.25663707122791046
-0.3806650497152546	-0.39078415604074673
-0.23266520733121965	-0.23561155541875317
-0.10054570584384237	-0.14938226977196029
-0.26523918825478887	-0.2678909506431949
-0.27989595846376325	-0.27026526749937513
-0.35684749033364227	-0.378401499514058
-0.3456754379699696	-0.36170802439889205
-0.41693048640498276	-0.4381903857009776
-0.35420743571511615	-0.36912159854262416
-0.3521583954681269	-0.3470392611215949
-0.39467436133159417	-0.4081346126933697
-0.35609968694376803	-0.3149068847583069
-0.25679633602448604	-0.23714721484234064
-0.5211012698016457	-0.5323880355042218
-0.2982356611969976	-0.2969842641102649
-0.20033103370448302	-0.18517367954594652
-0.3806422841632937	-0.3636242530098875
-0.3400256520868208	-0.35278456416476256
-0.5594909299444595	-0.5561870610870834
-0.27292199652180393	-0.27497975127405805
-0.23506717674709066	-0.23222942918550757
-0.4105838122596275	-0.42292711807683414
-0.5425479422334707	-0.5440618729063358
-0.5460679365991812	-0.5425461017977149
-0.10681945750566868	-0.11770940870662476
-0.4587044264374356	-0.4330530208268997
-0.37889197625460014	-0.3771988583343587
-0.3490410624721214	-0.34281926698375403
-0.40360763192420457	-0.3832919344643295
-0.2895948865411224	-0.268394111588019
-0.29838397529843164	-0.31275582645131655
-0.34998104019455667	-0.3482646916617884
-0.2833307321114056	-0.2813235239747335
-0.4373565265009294	-0.4790866922045129
-0.1746240427808008	-0.24178023634067658
-0.4038468757264866	-0.4039290292484718
-0.36891906020291465	-0.20533386788799535
-0.3600673624386559	-0.36705787760537745
-0.26245591645534105	-0.2505401429923433
-0.4977207684127798	-0.4801554762783909
-0.24641284357490534	-0.26278462602262403
-0.480427171896185	-0.48159657798626004
-0.17559691656283505	-0.1464353745926268
-0.16624712658311047	-0.17212617013925322
-0.19107806738522015	-0.19542449817743626
-0.3604632767396865	-0.35697819724382723
-0.5061116767231582	-0.51479318232903
-0.09177488532780131	-0.10769135309278183
-0.539675954180268	-0.5363105435614587
-0.31465678066101077	-0.3213728574931295
-0.5131274052943269	-0.5272446540308233
-0.3486697998650303	-0.36520948481656546
-0.33276270537059816	-0.3395283959527272
-0.4979690774685537	-0.5098283210158211
-0.25536005095346503	-0.2830951664449174
-0.46714776720755324	-0.29740000972021713
-0.384395980933796	-0.37795357747001285
-0.40840625765343574	-0.42221052613151683
-0.09535159654918957	-0.1843838977398958
-0.20030974903983179	-0.21970329035023653
-0.540694036287725	-0.5516942968240888
-0.30329306848348736	-0.340261936440763
-0.3506503582341054	-0.33936788905592535
-0.5309770047953997	-0.5275978085754577
-0.31785597613871097	-0.31923277020755314
-0.1847598719626209	-0.16177840578986807
-0.2405630715966467	-0.2585630073484044
-0.345669371905748	-0.3521775979577374
-0.4032289619275371	-0.4027753603100749
-0.13697305597301757	-0.17301108874273669
-0.2611842656931582	-0.2649991853591457
-0.39006779579807116	-0.34894116127399016
-0.4158102225280018	-0.4140707762115709
-0.5340971624217552	-0.5365089446587349
-0.4041788113274869	-0.4093677435959629
-0.23047523500262912	-0.214195484348864
-0.2518741513463816	-0.28718884050006016
-0.2543539828985928	-0.2664472181533976
-0.26794617799596665	-0.2740195204356198
-0.35469638587341024	-0.35894635586152035
-0.2684393548471782	-0.2613436096179624
-0.13131447581309708	-0.20483836528932994
-0.2754274348539809	-0.24009768437969362
-0.25467077163467877	-0.2366494873822234
-0.25018818170661916	-0.26400536790242285
-0.3087789924666282	-0.3475941728581677
-0.2641464930678161	-0.26617079566297597
-0.12502907319466416	-0.19459221181074782
-0.35616360957677173	-0.3681866904538913
-0.1429689863097927	-0.19630091905182306
-0.351938209240064	-0.3053372991430511
-0.20482337692717678	-0.22545801511048175
-0.4117615560036505	-0.4106260760985526
-0.49443260561375624	-0.5007471277520694
-0.4056658373402975	-0.5938991435819315
-0.22254556993606656	-0.2516723119173493
-0.18040548604791695	-0.1958246625512818
-0.22266209375370138	-0.21623312934844657
-0.26530312641639675	-0.2750322860388124
-0.2810066547943517	-0.29553466162930464
-0.43346375067801013	-0.4296111314481855
-0.06312940682740553	-0.06018280496264446
-0.06632972824252548	-0.060583174582368074
-0.22396597024073728	-0.22139671230106608
-0.48788948001021737	-0.488588053717776
-0.14035167259827297	-0.15727653788886503
-0.41956736433967734	-0.4290910180590543
-0.41848821690616234	-0.42967806561431154
-0.19582843803575045	-0.16834797779062555
-0.09662003884210435	-0.0892204985766436
-0.3178538009208953	-0.33785180722408087
-0.33827248056183734	-0.26850464122076567
-0.36402985932775067	-0.3724157683542341
-0.1050807532832323	-0.15565873686849538
-0.40574229032920783	-0.39293383870991244
-0.3843504559655564	-0.37243297584991153
-0.41889935456113037	-0.41945456233766776
-0.3491155674310278	-0.3345626151940616
-0.37968440264692305	-0.35722825194005564
-0.12189416873814451	-0.12456351087068321
-0.3353180909313238	-0.34610348350824977
-0.2725997351255174	-0.24726558267077722
-0.3510020835356329	-0.24079149143586445
-0.22246919273579024	-0.1991576074630149
-0.24720673833314244	-0.24437405236125365
-0.16379204529581415	-0.22692459865032766
-0.2652326139509231	-0.2669549735261638
-0.25182654468476073	-0.26354649387868
-0.39181632679397893	-0.40517410755187455
-0.26873765152117635	-0.2845865604313187
-0.28136273809576906	-0.27154912478263016
-0.2712040262955604	-0.2538247217295472
-0.3492897772319594	-0.3636100569734225
-0.2683937172342148	-0.25836386955029655
-0.42962387683670755	-0.42083778642285563
-0.1980055090217192	-0.2276005860466137
-0.5121196690342487	-0.5071757884293592
-0.42569042962731984	-0.43568123155664906
-0.23731230958914296	-0.19841989590132428
-0.2538917594340262	-0.25881460854209265
-0.4257025323110355	-0.42047282437167227
-0.33514826980926316	-0.3604184762850329
-0.28906340860331525	-0.2565356851231268
-0.30518294332791385	-0.33627481529363623
-0.5403215619157002	-0.5381828768580235
-0.5552610815171217	-0.5611792478060662
-0.402614471263135	-0.4135755015369938
-0.39505152724287385	-0.3933058048157511
-0.35485468795130615	-0.19080042708219022
-0.28003187951493125	-0.25517455804891775
-0.3287852526390367	-0.3456225758169471
-0.20989169110356087	-0.20273625306295062
-0.25827785929475944	-0.22763999027028642
-0.3353282118753018	-0.3334113870900263
-0.24561000731755023	-0.2294384351937389
-0.42361201840719254	-0.42532654547627163
-0.4714042715521316	-0.4856476515249867
-0.3818818395855068	-0.3118443861454826
-0.46530806513978185	-0.46423235779296645
-0.5436635128175702	-0.542679523323414
-0.5418298601081197	-0.5392766251340462
-0.2646955226354173	-0.26009787455830363
-0.33267903764442686	-0.33817720114734806
-0.43591000458222595	-0.4297772758744663
-0.22954135795724184	-0.2409672481516008
-0.17290116745487794	-0.3107605911095676
-0.24714911620428737	-0.2613964689673309
-0.5207785716498101	-0.501879956942431
-0.18949275495156748	-0.30947896411537035
-0.3922566154405338	-0.41092680791457525
-0.36562606165050937	-0.3147168639738655
-0.510611134465794	-0.5180188901637602
-0.1581651231426413	-0.15918421580094447
-0.2884007543619518	-0.22268562546025938
-0.43347308897641135	-0.4267539432067758
-0.2877792647923041	-0.28506853734216026
-0.2990709026526588	-0.29473428372273774
-0.5033173061709881	-0.5022660576566115
-0.1896990528887308	-0.12477131089624766
-0.3689596659733496	-0.377794740509657
-0.3736280882850096	-0.366855881936355
-0.11264537361157778	-0.17995622993486488
-0.26863502456940935	-0.2658836314230712
-0.49402516441895905	-0.5068640101541417
-0.4014625584200413	-0.36225105224653786
-0.5072772049962886	-0.49585583634383357
-0.2269157324758666	-0.24549832666815716
-0.2613985308770417	-0.4941806982056346
-0.5551447318204108	-0.5430807585553094
-0.24258080456984743	-0.24560028241709872
-0.4689613172231244	-0.4503610431772708
-0.12935262979354079	-0.12146636283783187
-0.31291966673791194	-0.29786696972534205
-0.22091974733872277	-0.2360989222959779
-0.2268433234574765	-0.2435134330252952
-0.5067284732753876	-0.5128748827593219
-0.24710732603659125	-0.2646284203190189
-0.28961540702032984	-0.2925959912309176
-0.3577865698039133	-0.3824327925102535
-0.2295325132714332	-0.23551755519509732
-0.4612887169826436	-0.8680187515832786
-0.30376980532555997	-0.3611096500200288
-0.3740235992468186	-0.4124824083195048
-0.2559272947563418	-0.248144171836832
-0.3338524662234832	-0.30191112814879056
-0.29263512443077566	-0.2821718303059707
-0.34717329658487195	-0.3440178868603542
-0.3847575947344968	-0.347361442419855
-0.27791898717253716	-0.27264635499939033
-0.5386977262985386	-0.564621941945416
-0.2235033000299751	-0.2041385470122378
-0.2343832832427566	-0.23969979202335925
-0.3343928009016892	-0.33831913573532396
-0.5002868043112354	-0.5070217385147421
-0.1283175182180898	-0.1226737280893503
-0.4131175712758228	-0.4093017753816429
-0.4132681715780926	-0.4097313607730034
-0.11971224959528115	-0.18992080871021483
-0.4152728553170153	-0.41353812221300623
-0.16017977922047066	-0.11655670454673302
-0.40470577928669194	-0.4343743275186117
-0.539150331080938	-0.5280499965827441
-0.40685301020026365	-0.4107515868989951
-0.3512350193235072	-0.32663703508309944
-0.36188048315135823	-0.33901859113010585
-0.36976152168059073	-0.37843055461461905
-0.3067937724402423	-0.31367516494912356
-0.18862736779765044	-0.19957217849394562
-0.23809419801089504	-0.24591723142284894
-0.3398903005547371	-0.20811894442784443
-0.2654426287726821	-0.26954419606727853
-0.3124593541067391	-0.30010915424326157
-0.3833343006336172	-0.34873017221995106
-0.2587968564034817	-0.2720708353460013
-0.256631947709117	-0.31238596109225725
-0.3493968853475824	-0.30780303396480774
-0.4387457638176411	-0.3685769469751557
-0.16369909041938158	-0.19846320206790993
-0.3600968406403915	-0.34896009872095063
-0.33925665451880604	-0.26397158713410973
-0.062403101231653935	-0.160904968392036
-0.1480297693178727	-0.1476848777582523
-0.5551837304457496	-0.5662829848025435
-0.3177416050615278	-0.2935157884265631
-0.35516548189525565	-0.22512930839618595
-0.29989552661170826	-0.2915426449732564
-0.5503257258078804	-0.5460721492133483
-0.44116167708655496	-0.4790760170753379
-0.12149746832496788	-0.11329579160335465
-0.25027221484564777	-0.31926307805459075
-0.4210476915693775	-0.358287485169697
-0.3576622354669965	-0.3739413694101093
-0.19574204000586093	-0.22569812172430287
0.00011746231051290579	0.00011480778016007546
-0.3884448988590652	-0.4283894210647489
-0.3673246818513114	-0.3966195669801531
-0.08044204911419328	-0.10448374998699897
-0.4327846640912636	-0.3312844114820954
-0.07137216134558066	-0.06804440092070352
-0.3888759091887888	-0.3953217378061746
-0.42676862276593575	-0.40305996438855657
-0.3576295705164121	-0.35900808579538024
-0.31236951969023785	-0.31136901013539664
-0.38863997984372567	-0.39189406786187736
-0.09243090031343115	-0.084765761658183
-0.353124825241828	-0.3493734409510929
-0.2420286319065461	-0.2414090371434717
-0.20382661520782897	-0.2300432967404871
-0.0887246593770783	-0.08566642898802594
-0.07692132822267439	-0.08201160887300969
-0.3378472368385239	-0.37153159479437975
-0.46520814421723955	-0.46238477771484543
-0.5111930788612415	-0.5119854784536139
-0.3946359901263854	-0.36924975232418383
-0.34498511042010804	-0.3527200375844673
-0.32375536583430886	-0.34193307848904514
-0.2277972665472099	-0.24232889488604722
-0.45478656573397913	-0.4226867966942817
-0.33348795083516336	-0.33007712841907605
-0.3731464526006967	-0.37919707555944726
-0.35332276454370337	-0.33780333429186665
-0.10235462266305007	-0.10683509853646798
-0.3127133020249424	-0.30402861268723785
-0.2951938636560918	-0.2631187452206318
-0.34877249730756077	-0.33475229221675823
-0.35893341609426344	-0.3628118638516999
-0.437234037314429	-0.4587034993705777
-0.3330284777698367	-0.36447913949481237
-0.28286592158061197	-0.2856407349003872
-0.5352874600681865	-0.5368680206399036
-0.22572662346943417	-0.2713146435929867
-0.2828658614313504	-0.23503721712582762
-0.3590676901127523	-0.34321451316366197
-0.41180570004899053	-0.4054704480668898
-0.2541592750340662	-0.2511045414146415
-0.170167738755719	-0.17975942827816632
-0.3731247200269756	-0.38310380342913086
-0.3021115807145929	-0.4342298684959492
-0.2672971461059106	-0.25693947082898866
-0.3378506489364774	-0.3127572019573747
-0.3875221968354463	-0.377717921955744
-0.2169060607520059	-0.21476841658702886
-0.39512696695678784	-0.370316143746301
-0.365632285394188	-0.33374462176339864
-0.3515194067052896	-0.34551897136221293
-0.3299614684355827	-0.24581169395941438
-0.3349416235811873	-0.32522271520200297
-0.04856935530558282	-0.044375246092730206
-0.2562801536824857	-0.23795940814560665
-0.5451831770378224	-0.5289107592946564
-0.47054761551509827	-0.47280943249952706
-0.3681296612695544	-0.34291329463095355
-0.09832257250644716	-0.10295945707845545
-0.3653538981477116	-0.3569529918193754
-0.2740816083022537	-0.2686134611091098
-0.3442070382299871	-0.30081337405281244
-0.31356934523881463	-0.311771898055237
-0.18283429385362737	-0.1991820476721468
-0.29606980389953463	-0.29849574152882097
-0.3346500000386392	-0.33452271416554785
-0.5241227731250895	-0.5107152246327108
-0.311092508985066	-0.317177266240606
-0.35671684200788434	-0.3600715228301196
-0.27806982969422656	-0.2883161524114024
-0.3992699570650178	-0.3635501249798997
-0.3959353307464468	-0.4112420980621639
-0.35308954204410625	-0.3305530605959747
-0.3079329930720167	-0.29727084010622695
-0.34009714660700574	-0.3332466814738903
-0.2596073773674199	-0.2804758045358027
-0.46512751325768775	-0.4653587065145818
-0.45322291280692184	-0.4368141799569517
-0.2964494083328013	-0.2892665995179125
-0.24005419340353384	-0.24092944157392676
-0.194273075894154	-0.13635414419263564
-0.10981936674417092	-0.11188597419486251
-0.4172676652923588	-0.43386279478242834
-0.5193290711518301	-0.5271751851784754
-0.2280090218791937	-0.2519767868223858
-0.24064711719129406	-0.24648462485266392
-0.2483332332528736	-0.24542586603332198
-0.558437293163248	-0.551124370831297
-0.5333219090947949	-0.535087242832615
-0.2362891850769948	-0.27422084856642087
-0.36582315835825696	-0.29949364491871155
-0.336651849629483	-0.335370837840977
-0.4259274130456614	-0.4139863519677396
-0.2868921038338783	-0.3167904530476937
-0.2780475742083883	-0.2896611292235936
-0.3569184500950193	-0.33213843276912286
-0.3583597363577802	-0.28639474755535027
-0.06184428407812703	-0.15833079162611743
-0.465980236623146	-0.4696262387771097
-0.41216615939950785	-0.41633109604408447
-0.2523515556989029	-0.18784272783058628
-0.3944781094132743	-0.4012223795920017
-0.2655759984595072	-0.2740488316075075
-0.36839682828254894	-0.3616342371105558
-0.3323784842540487	-0.3338729301020706
-0.3833053565812765	-0.28349091412470667
-0.25240314783921036	-0.2517003926919591
-0.5175252771322789	-0.5202381886198771
-0.2621367767013716	-0.2651788397223623
-0.462716183835191	-0.4911142504850918
-0.27060453731603573	-0.26753174040349814
-0.38615581518755704	-0.3798990236647462
-0.31281645853305307	-0.3254893280059609
-0.3347657779032893	-0.38265448418281395
-0.2788911623418304	-0.32324956850610204
-0.3595000115652578	-0.38297570285913046
-0.3326618807190922	-0.313973372667166
-0.3173664204102522	-0.23112017182541597
-0.07310068769075251	-0.17727294463791832
-0.32243820669944867	-0.3115470691492426
-0.4480003510961197	-0.4620362993332664
-0.5301034999137251	-0.5362312825165397
-0.33592015676877196	-0.31064212258539886
-0.36583219534928624	-0.3956021200679146
-0.3910434596189081	-0.3907003718175735
-0.2737406098904813	-0.2565538830661962
-0.2687863022954353	-0.26065643736987987
-0.5540225698251682	-0.542104500598191
-0.4092348037736855	-0.40333316762348786
-0.3932810641185185	-0.37133764294632987
-0.2591233206007111	-0.2558771386481613
-0.312592336405924	-0.2662933865971951
-0.4004526702815241	-0.3653839636224939
-0.3006534915267913	-0.28195302366574454
-0.3248424760858981	-0.31762593541744694
-0.4544232890333575	-0.452582260084699
-0.3738960483842533	-0.3953751623405425
-0.5011420044674928	-0.501455004719628
-0.3713225822895865	-0.3690214162861389
-0.3927246004580809	-0.36394334775095577
-0.38216066412334904	-0.3882304629275807
-0.2780246613806412	-0.23253769921515183
-0.30342258962343926	-0.30317197455350137
-0.3174490504463865	-0.35226177020370475
-0.35362866323273323	-0.35960031598122094
-0.3089682044583846	-0.3154173177327922
-0.2880796769034184	-0.2349379725631457
-0.258555693735115	-0.22447097717693903
-0.2714804456684483	-0.2773752176648144
-0.24652922251703657	-0.21864409886473984
-0.246897396733063	-0.22519977653638346
-0.5348919099332932	-0.5348980652298598
-0.27917409879461275	-0.25369932938270984
-0.315985223471154	-0.31195422858358274
-0.525106958018192	-0.5227655978133929
-0.1396827441499191	-0.16743502543252842
-0.4040526149683821	-0.4112672140662888
-0.36015470787988235	-0.36131793657170724
-0.49383238608585245	-0.5213143520251786
-0.08974693716690574	-0.17424478908295601
-0.2746460167566944	-0.27813092726129585
-0.3705610847997356	-0.3787117464901262
-0.15418809340586037	-0.12966617260486793
-0.2295459250464873	-0.24269051232272357
-0.13287865448143776	-0.1847381859744924
-0.24824782579447913	-0.25368378455527835
-0.08326102149295522	-0.07601665379550945
-0.5382828787124403	-0.5395895236169586
-0.36515079902689607	-0.36299316526171177
-0.5312252311851395	-0.5270071135649752
-0.33380136030917384	-0.3335161658454387
-0.5225558155445569	-0.5209238612692413
-0.5511071251902173	-0.5667629489126711
-0.46210798162541344	-0.5304170486325596
-0.3294508736405426	-0.2896559101539667
-0.3101744604097192	-0.33487984469880816
-0.5609999621968509	-0.5550151278486398
-0.2486335577171186	-0.2388640696406626
-0.3969125425101332	-0.39223058056240934
-0.37655359106351227	-0.3707617323584547
-0.24932261391973043	-0.2591786977652941
-0.2136893608080861	-0.3297925585294362
-0.39395738809304603	-0.3985119723053632
-0.32837746833907744	-0.326092081990586
-0.33440005390026784	-0.33772015828684177
-0.36511350490914296	-0.37643499643076317
-0.3513315399307686	-0.36118172867810666
-0.22493887705297766	-0.21953658992829153
-0.3756943434381732	-0.3618894207389593
-0.24666742982322276	-0.2483421007015262
-0.11953757133445464	-0.12557509874090067
-0.39220465081803724	-0.40582721063599136
-0.3289848887069624	-0.31061911558981103
-0.3837310241107925	-0.3890595154613454
-0.33349962958845936	-0.3455339162456617
-0.07894919589617189	-0.07532603416772861
-0.27146500437488896	-0.24905970550316245
-0.5301734988263789	-0.5450837224704481
-0.29375650726329106	-0.23992056856422922
-0.3541102488843144	-0.34856042175743335
-0.26413425773611365	-0.2697407762027658
-0.28246461318918037	-0.2520086220962581
-0.4231025803164812	-0.413169171728886
-0.1170757603496213	-0.1274499970500721
-0.33114001382986125	-0.31473904271528824
-0.27271319384106363	-0.2920980832242033
-0.293952685225765	-0.31002938927304496
-0.31445289009131905	-0.28488406895754526
-0.3725944527563243	-0.3691840661064276
-0.33676623621078505	-0.35734243167717616
-0.48517927578256703	-0.4925329756781545
-0.2426130158139479	-0.2118437520517296
-0.07925933840730437	-0.17424719113468318
-0.2325033460282846	-0.21495138066136446
-0.39064196204479984	-0.36461974135757574
-0.4505391825321574	-0.44386286553160625
-0.23892919528889855	-0.2523787892533943
-0.36473018421491865	-0.2973524208278374
-0.3714852782115834	-0.3743069565287827
-0.408313766996768	-0.415152366615285
-0.3339344858100972	-0.30924529215083185
-0.38774001096983035	-0.3942556934171285
-0.32392853188845017	-0.33732802340479917
-0.22175439491675775	-0.1821571654747287
-0.5585813398410782	-0.5348491243279861
-0.5139608055248477	-0.5030745088759936
-0.36898812368509404	-0.3629711105772157
-0.40401312112984655	-0.4010774242990926
-0.32585287437605537	-0.30458576379870567
-0.2300932411844041	-0.224486570793486
-0.26230579805293885	-0.2762100559473527
-0.43199846278914933	-0.3960338176874955
-0.5543349223200273	-0.5536158209521995
-0.2537865640433221	-0.2610933030301156
-0.3934265138879294	-0.32697248695831493
-0.2826902656132937	-0.3465968869017019
-0.4819614906050287	-0.5174037420897788
-0.46407059492502967	-0.42136039378025225
-0.3786587622141333	-0.36528954784929973
-0.39201315980310447	-0.4122323985193326
-0.34013321039813604	-0.3060789350387942
-0.4310879174750042	-0.4464381159785821
-0.3978058024200024	-0.1453433926674459
-0.35632885823152805	-0.38495449031883566
-0.3916604629103517	-0.37280515141426096
-0.22481935132695519	-0.3103328638924268
-0.39170908376456914	-0.4094049736326425
-0.2858775424394544	-0.28007982567468015
-0.21832487579906967	-0.20463531070644317
-0.41021423634200005	-0.4079401257842993
-0.14221976097009303	-0.13046002367412865
-0.24811370497591057	-0.28000200918355606
-0.25460242896531504	-0.26095803806018886
-0.36011246037825906	-0.3445064747293854
-0.22852841144560365	-0.18988430065725648
-0.41059958876334335	-0.4152118607251619
-0.31716210616424867	-0.31235752510259235
-0.45958358534895183	-0.47323126642489727
-0.52272948993072	-0.518863849577125
-0.33447483735841743	-0.354654228825225
-0.08455463209671521	-0.16293604433274458
-0.12388939101961505	-0.13364645830271207
-0.33928123240797703	-0.35859727902507427
-0.31654552563442095	-0.2025555173912614
-0.3416402907505329	-0.3594362064715203
-0.2897666864314292	-0.26639952122827115
-0.33173698475957636	-0.34406455640472955
-0.4264103159773214	-0.4139011690845308
-0.11333218799569877	-0.12756585971157147
-0.34086820388919215	-0.3607040095635497
-0.3859449684621392	-0.42318344183562684
-0.4030188413984046	-0.44012279217144296
-0.3567700229519204	-0.30253051641435486
-0.14808768542647854	-0.2132796165636087
-0.0816188805967002	-0.09032023347914035
-0.08554824075268286	-0.13518934073596503
-0.27826243187073985	-0.26026399097466973
-0.4816698016865679	-0.47234504687129575
-0.27921147888801556	-0.2974605173990204
-0.3673907393527358	-0.3775193949594643
-0.37791126919358575	-0.37077844684021755
-0.30333396723354866	-0.33768658962391296
-0.23629569329165356	-0.21700215972950823
-0.2761463994836717	-0.26512848593237487
-0.29648221782383644	-0.24384470819640217
-0.4414565897331926	-0.45050722993872866
-0.5393660278021599	-0.5392991842009403
-0.3964134947721316	-0.3653581095585184
-0.37490907834361664	-0.35521287159853243
-0.26744524075631304	-0.22726935744625948
-0.2676207936594128	-0.2800151793671489
-0.37097689320628113	-0.37663774988780035
-0.5542029380530415	-0.5522167293730433
-0.09785628896353415	-0.10711203806291074
-0.36703535750818617	-0.35135807814104764
-0.31376541259825075	-0.3243337767800253
