1.319217876440950954e-01 2.300446643819061693e-03 1.000000000000000000e+00 1.000000000000000000e+06
1.319216922126888181e-01 2.300445211110428972e-03 1.000000000000000000e+00 3.162277660168379080e+05
1.319213904334282095e-01 2.300440680503017601e-03 1.000000000000000000e+00 1.000000000000000000e+05
1.319204361370395484e-01 2.300426353606072755e-03 1.000000000000000000e+00 3.162277660168379225e+04
1.319174185211261230e-01 2.300381049396685307e-03 1.000000000000000000e+00 1.000000000000000000e+04
1.319086723106034642e-01 2.301493813204857561e-03 3.162277660168379394e-03 1.000000000000000000e+06
1.319078773238974711e-01 2.300237799077150484e-03 1.000000000000000000e+00 3.162277660168379498e+03
1.318785262372863532e-01 2.301038334817707889e-03 3.162277660168379394e-03 3.162277660168379080e+05
1.318777188236304465e-01 2.299784943425962382e-03 1.000000000000000000e+00 1.000000000000000000e+03
1.317833386408399643e-01 2.299585775685787994e-03 3.162277660168379394e-03 1.000000000000000000e+05
1.317824880648913177e-01 2.298352196470260667e-03 1.000000000000000000e+00 3.162277660168379612e+02
1.314839339400301621e-01 2.294692599757232679e-03 3.162277660168379394e-03 3.162277660168379225e+04
1.314830083665831650e-01 2.293514534626626793e-03 1.000000000000000000e+00 1.000000000000000000e+02
1.305533955644964939e-01 2.278437194091280718e-03 3.162277660168379394e-03 1.000000000000000000e+04
1.305523739263285132e-01 2.277246331869779185e-03 1.000000000000000000e+00 3.162277660168379256e+01
1.277570503202849483e-01 2.229876344958597271e-03 1.000000000000000082e-05 1.000000000000000000e+06
1.277570456913782460e-01 2.229872180621338563e-03 3.162277660168379394e-03 3.162277660168379498e+03
1.277556003045675903e-01 2.228553688401679715e-03 1.000000000000000000e+00 1.000000000000000000e+01
1.201774291111956383e-01 2.118106873032415700e-03 1.000000000000000082e-05 3.162277660168379080e+05
1.201774216876876078e-01 2.118101451730441086e-03 3.162277660168379394e-03 1.000000000000000000e+03
1.201751155502662760e-01 2.116337922906800281e-03 1.000000000000000000e+00 3.162277660168379523e+00
1.040445261480001521e-01 1.824884695493948598e-03 1.000000000000000082e-05 1.000000000000000000e+05
1.040445188028930878e-01 1.824879327852261569e-03 3.162277660168379394e-03 3.162277660168379612e+02
1.040421982642291132e-01 1.823180643241512989e-03 1.000000000000000000e+00 1.000000000000000000e+00
8.217552733121682995e-02 1.233107352644120932e-03 1.000000000000000000e+00 3.162277660168379412e-01
8.217369057486660633e-02 1.234470946984941950e-03 3.162277660168379394e-03 1.000000000000000000e+02
8.217368497954795348e-02 1.234475278805174329e-03 1.000000000000000082e-05 3.162277660168379225e+04
6.730469893458877750e-02 5.280162930421522516e-04 1.000000000000000082e-05 1.000000000000000000e+04
6.730461419153557778e-02 5.280072287082715476e-04 3.162277660168379394e-03 3.162277660168379256e+01
6.727865432788979194e-02 5.249427962876322164e-04 1.000000000000000000e+00 1.000000000000000056e-01
6.076680883868448152e-02 6.678156286133201313e-04 1.000000000000000082e-05 3.162277660168379498e+03
6.076680117475624643e-02 6.678327554506049979e-04 3.162277660168379191e-08 1.000000000000000000e+06
6.076594573253877446e-02 6.678094665313560841e-04 3.162277660168379394e-03 1.000000000000000000e+01
6.052328222747639652e-02 6.624796086202234440e-04 1.000000000000000000e+00 3.162277660168379134e-02
5.727218584481456182e-02 8.025559364380018381e-04 3.162277660168379191e-08 3.162277660168379080e+05
5.727216320993387677e-02 8.025576660304222952e-04 1.000000000000000082e-05 1.000000000000000000e+03
5.726393267191916964e-02 8.027606918172344860e-04 3.162277660168379394e-03 3.162277660168379523e+00
5.578916739724979618e-02 8.345162429551135916e-04 1.000000000000000000e+00 1.000000000000000021e-02
5.363212357070210740e-02 8.654626933303416004e-04 3.162277660168379191e-08 1.000000000000000000e+05
5.363188003431000606e-02 8.654676845334575595e-04 1.000000000000000082e-05 3.162277660168379612e+02
5.355687558339734811e-02 8.663036062055823848e-04 3.162277660168379394e-03 1.000000000000000000e+00
4.879978634781452496e-02 7.877224442748147768e-04 3.162277660168379191e-08 3.162277660168379225e+04
4.879799291431261704e-02 7.876715527439299329e-04 1.000000000000000082e-05 1.000000000000000000e+02
4.831945311151647493e-02 7.778619684564648962e-04 3.162277660168379394e-03 3.162277660168379412e-01
4.327395288728218270e-02 6.733089683155545416e-04 3.162277660168379191e-08 1.000000000000000000e+04
4.326556252924845802e-02 6.727160332177859045e-04 1.000000000000000082e-05 3.162277660168379256e+01
4.204343403459044615e-02 6.472263766622851156e-04 3.162277660168379394e-03 1.000000000000000056e-01
3.776487844890703827e-02 6.688547336741670771e-04 3.162277660168379191e-08 3.162277660168379498e+03
3.776185564903938169e-02 6.695007834791910943e-04 1.000000000000000036e-10 1.000000000000000000e+06
3.774093368749902033e-02 6.688617213275469334e-04 1.000000000000000082e-05 1.000000000000000000e+01
3.680753959173083123e-02 7.441294190235769618e-04 3.162277660168379394e-03 3.162277660168379134e-02
3.341371836741302559e-02 6.591247502577632237e-04 1.000000000000000036e-10 3.162277660168379080e+05
3.341083018249220438e-02 6.590789218936232968e-04 3.162277660168379191e-08 1.000000000000000000e+03
3.331727815210401566e-02 6.738069707936580194e-04 1.000000000000000082e-05 3.162277660168379523e+00
3.229302504006123509e-02 6.473665229971039799e-04 3.162277660168379394e-03 1.000000000000000021e-02
3.045575793813561777e-02 5.797324455542817410e-04 1.000000000000000036e-10 1.000000000000000000e+05
3.045118177768916731e-02 5.789822404168618953e-04 3.162277660168379191e-08 3.162277660168379612e+02
3.022448508570996922e-02 5.925988085657985785e-04 1.000000000000000082e-05 1.000000000000000000e+00
2.831462365128760081e-02 4.946745640098025804e-04 1.000000000000000036e-10 3.162277660168379225e+04
2.828692723995504532e-02 4.914971767294562923e-04 3.162277660168379191e-08 1.000000000000000000e+02
2.782664718594391948e-02 4.740743251107272949e-04 1.000000000000000082e-05 3.162277660168379412e-01
2.656251309826981183e-02 4.701343054071464400e-04 1.000000000000000036e-10 1.000000000000000000e+04
2.644332809827300984e-02 4.750124081888346464e-04 3.162277660168379191e-08 3.162277660168379256e+01
2.530215870371755812e-02 4.022649676617378982e-04 1.000000000000000082e-05 1.000000000000000056e-01
2.481058628892660739e-02 3.973558310314588777e-04 1.000000000000000036e-10 3.162277660168379498e+03
2.444438602156526891e-02 4.093545635075510167e-04 3.162277660168379191e-08 1.000000000000000000e+01
2.286937405169166965e-02 4.106543930447771606e-04 1.000000000000000036e-10 1.000000000000000000e+03
2.219867265866572875e-02 4.483571735120723623e-04 3.162277660168379191e-08 3.162277660168379523e+00
2.211303636478828549e-02 3.168686889784279553e-04 1.000000000000000082e-05 3.162277660168379134e-02
2.086455976538614462e-02 5.263053446574406319e-04 1.000000000000000036e-10 3.162277660168379612e+02
1.983758242750848638e-02 5.697704366656582099e-04 3.162277660168379191e-08 1.000000000000000000e+00
1.939597596452611455e-02 3.657001186717852336e-04 1.000000000000000082e-05 1.000000000000000021e-02
1.920886234430281905e-02 6.423365283110692332e-04 1.000000000000000036e-10 1.000000000000000000e+02
1.796246532496091966e-02 6.790654307240015682e-04 1.000000000000000036e-10 3.162277660168379256e+01
1.761217084874156305e-02 6.053751908113785352e-04 3.162277660168379191e-08 3.162277660168379412e-01
1.679265844277163383e-02 7.211720611554271439e-04 1.000000000000000036e-10 1.000000000000000021e-02
1.669122410939642004e-02 7.410553622769249426e-04 1.000000000000000036e-10 1.000000000000000000e+01
1.605232392868742933e-02 5.881599744387897401e-04 3.162277660168379191e-08 1.000000000000000056e-01
1.550964401546363856e-02 7.676343308815913348e-04 1.000000000000000036e-10 3.162277660168379523e+00
1.491545607049494029e-02 6.620477211134026324e-04 3.162277660168379191e-08 3.162277660168379134e-02
1.484303757455597908e-02 8.011950720033791593e-04 1.000000000000000036e-10 1.000000000000000000e+00
1.470453382836060287e-02 7.901493022640717094e-04 1.000000000000000036e-10 3.162277660168379134e-02
1.430041465004924274e-02 8.183101916423007058e-04 1.000000000000000036e-10 3.162277660168379412e-01
1.422830117674437310e-02 7.372709970754284543e-04 3.162277660168379191e-08 1.000000000000000021e-02
1.403674934525552843e-02 7.212414726101137657e-04 1.000000000000000036e-10 1.000000000000000056e-01
