1.680395757076106888e-01 1.375987330885733266e-03 1.000000000000000000e+00 1.000000000000000000e+06
1.680357148606857476e-01 1.375971473268206664e-03 1.000000000000000000e+00 3.162277660168379080e+05
1.680235072348208181e-01 1.375921330363507169e-03 1.000000000000000000e+00 1.000000000000000000e+05
1.679849193210098679e-01 1.375761562437322061e-03 1.000000000000000000e+00 3.162277660168379225e+04
1.678630692529400892e-01 1.375258069308915457e-03 1.000000000000000000e+00 1.000000000000000000e+04
1.674793882714982196e-01 1.373686742549337604e-03 1.000000000000000000e+00 3.162277660168379498e+03
1.674791745828365652e-01 1.373645900877361152e-03 3.162277660168379394e-03 1.000000000000000000e+06
1.662816622969228997e-01 1.368799014504429529e-03 1.000000000000000000e+00 1.000000000000000000e+03
1.662814857385890854e-01 1.368761752370069697e-03 3.162277660168379394e-03 3.162277660168379080e+05
1.626421445360476115e-01 1.350747819669475321e-03 1.000000000000000000e+00 3.162277660168379043e+02
1.626420377305292653e-01 1.350719634990382766e-03 3.162277660168379394e-03 1.000000000000000000e+05
1.524362326184788841e-01 1.291219118552550289e-03 1.000000000000000000e+00 1.000000000000000000e+02
1.524359592744807257e-01 1.291210105503148419e-03 3.162277660168379394e-03 3.162277660168379225e+04
1.291984503274383744e-01 1.144419423858553759e-03 1.000000000000000000e+00 3.162277660168379256e+01
1.291958033360681157e-01 1.144430320344874859e-03 3.162277660168379394e-03 1.000000000000000000e+04
9.422726095520078671e-02 7.980693844521676841e-04 1.000000000000000000e+00 1.000000000000000000e+01
9.421660165368138384e-02 7.979772404149882174e-04 3.162277660168379394e-03 3.162277660168379498e+03
9.421656796728632155e-02 7.979769541942206444e-04 9.999999999999999124e-06 1.000000000000000000e+06
6.146429638050650984e-02 4.415183539119106929e-04 1.000000000000000000e+00 3.162277660168379523e+00
6.144617916782657563e-02 4.409825806929158721e-04 3.162277660168379394e-03 1.000000000000000000e+03
6.144612197970680117e-02 4.409808796853241465e-04 9.999999999999999124e-06 3.162277660168379080e+05
4.105036305185871814e-02 3.301584190175676516e-04 9.999999999999999124e-06 1.000000000000000000e+05
4.105035373374761598e-02 3.301603764943341593e-04 3.162277660168379394e-03 3.162277660168379043e+02
4.104820866179723776e-02 3.304882861866053766e-04 1.000000000000000000e+00 1.000000000000000000e+00
3.180512522865935193e-02 3.715572416967076854e-04 9.999999999999999124e-06 3.162277660168379225e+04
3.180458738734789903e-02 3.715672935630545638e-04 3.162277660168379394e-03 1.000000000000000000e+02
2.817190637240488821e-02 3.773599026792021278e-04 9.999999999999999124e-06 1.000000000000000000e+04
2.816805652321228287e-02 3.773863584296397095e-04 3.162277660168379394e-03 3.162277660168379256e+01
2.638911213739673564e-02 3.460885052778241763e-04 3.162277660168379191e-08 1.000000000000000000e+06
2.638902627196571676e-02 3.460851918709017530e-04 9.999999999999999124e-06 3.162277660168379498e+03
2.636197365151229932e-02 3.461271362641991987e-04 3.162277660168379394e-03 1.000000000000000000e+01
2.505176868658259837e-02 3.227312307264767533e-04 3.162277660168379191e-08 3.162277660168379080e+05
2.505111390549599748e-02 3.227309541226937436e-04 9.999999999999999124e-06 1.000000000000000000e+03
2.485405061617327466e-02 3.224886818121296020e-04 3.162277660168379394e-03 3.162277660168379523e+00
2.382534511251519979e-02 3.051599237766981993e-04 3.162277660168379191e-08 1.000000000000000000e+05
2.382046382525884395e-02 3.051463290142122594e-04 9.999999999999999124e-06 3.162277660168379043e+02
2.271675741661267900e-02 3.015835497538680958e-04 3.162277660168379394e-03 1.000000000000000000e+00
2.264329308612116759e-02 2.936035388157517013e-04 3.162277660168379191e-08 3.162277660168379225e+04
2.260912176698375714e-02 2.932755572696624496e-04 9.999999999999999124e-06 1.000000000000000000e+02
2.157719497987089369e-02 3.133185481472080549e-04 3.162277660168379191e-08 1.000000000000000000e+04
2.134843958730764379e-02 3.092720121015003873e-04 9.999999999999999124e-06 3.162277660168379256e+01
2.077251670138264422e-02 3.232009095030231286e-04 1.000000000000000036e-10 1.000000000000000000e+06
2.076678419712564908e-02 3.227799249422675602e-04 3.162277660168379191e-08 3.162277660168379498e+03
2.009499061683731741e-02 3.030687441436850731e-04 1.000000000000000036e-10 3.162277660168379080e+05
2.004539846807528586e-02 3.012124117429850595e-04 3.162277660168379191e-08 1.000000000000000000e+03
1.956788211833217217e-02 2.722444454763901962e-04 9.999999999999999124e-06 1.000000000000000000e+01
1.945860826395432938e-02 2.594346653428466912e-04 1.000000000000000036e-10 1.000000000000000000e+05
1.910311506616356458e-02 2.469187310755858620e-04 3.162277660168379191e-08 3.162277660168379043e+02
1.892770130440450671e-02 2.234423796636563278e-04 1.000000000000000036e-10 3.162277660168379225e+04
1.851890732891438643e-02 2.011799379988848154e-04 1.000000000000000036e-10 1.000000000000000000e+04
1.786663244928530722e-02 1.913156148453591221e-04 1.000000000000000036e-10 3.162277660168379498e+03
1.748786823058296955e-02 1.871743539732101120e-04 3.162277660168379191e-08 1.000000000000000000e+02
1.740122776169796340e-02 1.952768737095807367e-04 9.999999999999999124e-06 3.162277660168379523e+00
1.659013710126872390e-02 1.766340293479073541e-04 1.000000000000000036e-10 1.000000000000000000e+03
1.605770610299397244e-02 1.791461166659360897e-04 3.162277660168379191e-08 3.162277660168379256e+01
1.580196852235849977e-02 2.131412833965236667e-04 9.999999999999999124e-06 1.000000000000000000e+00
1.543218822249512769e-02 2.090276008641128898e-04 1.000000000000000036e-10 3.162277660168379043e+02
1.489138531057605450e-02 2.039713829408377880e-04 3.162277660168379191e-08 1.000000000000000000e+01
1.430261240888848831e-02 2.376428692229027879e-04 1.000000000000000036e-10 1.000000000000000000e+02
1.365362823686554206e-02 1.907826857187337928e-04 3.162277660168379191e-08 3.162277660168379523e+00
1.321778381410785609e-02 2.504034853456778265e-04 1.000000000000000036e-10 3.162277660168379256e+01
1.240398223371417738e-02 2.019952568315486294e-04 3.162277660168379191e-08 1.000000000000000000e+00
1.237081625414076028e-02 1.971356843978703556e-04 1.000000000000000036e-10 1.000000000000000000e+00
1.226304324663643995e-02 3.337181939440774783e-04 1.000000000000000036e-10 1.000000000000000000e+01
1.191894464628081608e-02 2.840854739548195115e-04 1.000000000000000036e-10 3.162277660168379523e+00
