-0.12318653209106234	-0.1408865690824066
-0.32483998769741174	-0.3164272812711268
-0.2926494058322646	-0.3041861451126898
-0.13214814581377965	-0.1312515391349798
-0.12716336357397395	-0.12179559080387127
-0.2829276139963586	-0.29016307269483593
-0.2763248021643179	-0.27417589803888687
-0.5064450828395035	-0.4684780228060138
-0.3594982950902912	-0.3292546376905174
-0.3615185995888721	-0.3680804535788432
-0.14933366714075724	-0.14264392663761954
-0.3584092435882038	-0.33000399364413
-0.2914148984904035	-0.2770662511486296
-0.25276726293899987	-0.25957201218007536
-0.33553780581015324	-0.3340935445462694
-0.3685039603238458	-0.42345620183811394
-0.3245809140064271	-0.3258659364608978
-0.49672367332802736	-0.4944830188970603
-0.1350550267984616	-0.2060340724585524
-0.2639050025730896	-0.2741864874525591
-0.22707589134112993	-0.2118223336125768
-0.04719783249884202	-0.05217960231651742
-0.2779771420664181	-0.24140121504387385
-0.447219145661391	-0.3989358205283811
-0.04262274653358755	-0.051638173608689
-0.339765604496006	-0.3436963039759147
-0.17148519167047027	-0.1700847556470147
-0.05779671399325892	-0.05758407662138078
-0.06371231661428656	-0.04809839298969449
-0.5277738341863456	-0.51291195186125
-0.24725494660495784	-0.22125651116422657
-0.5313135859520965	-0.5242209736167522
-0.22938650185885479	-0.2154928929217406
-0.18402879401157612	-0.15834851299457092
-0.2915757356725255	-0.2940318803170224
-0.16474676969623125	-0.17432380426822366
-0.24146507865807543	-0.22264296928038882
-0.2624039298667036	-0.293043922866457
-0.31408165646048936	-0.31632973883707655
-0.35947451650062767	-0.3511211291590561
-0.1621852330898026	-0.17904482885676934
-0.06343448702784471	-0.04728667193063281
-0.495079706008287	-0.4663463151120746
-0.08882923595256642	-0.09944345991681795
-0.26996824530822927	-0.2753640634273854
-0.3352524731323214	-0.334767259493073
0.009053070629000182	0.015864520197029223
-0.3232427940992153	-0.3380472647235271
-0.49941725832111317	-0.4964787763469161
-0.05675858075014517	-0.3600280973873667
-0.16512892695793724	-0.17491210211591224
-0.11493439376646641	-0.11614042088812647
-0.2548519917192671	-0.2574668803328977
-0.21709831925806444	-0.24399253337299462
-0.035137094802855984	-0.05356447149355781
-0.1895619412542775	-0.19250653689552494
-0.06390320195542198	-0.014611845598721121
-0.36447936237629364	-0.3681756193305934
-0.2834681316770933	-0.28068192258606817
-0.26192345490866487	-0.35126091766349327
-0.3825638454928928	-0.3699643634581452
-0.3801532730539847	-0.37274270515435726
-0.2762166358691047	-0.27551752315315275
-0.04628280784499594	-0.06157169349915829
0.008816431648311251	0.021520334285624842
-0.4716896514938753	-0.4701994132003542
-0.10283549923088842	-0.10897879143886045
-0.25063475653496337	-0.21741191028684237
-0.4359437687790688	-0.4527203263786994
-0.3532031680690171	-0.36028594565047667
-0.12400609450377864	-0.13116635056974185
-0.4138971725708753	-0.4229294682482517
-0.4962165807167782	-0.5465297457273431
-0.05424403979792913	-0.05272201233830057
-0.3501700137190831	-0.3582194080441746
-0.12083946110178623	-0.1337192536324752
-0.17614326513517575	-0.18839167026600467
-0.414897775637046	-0.3786342712331308
-0.1882949180020823	-0.1747379064003733
-0.4750319108407446	-0.46233920757721325
-0.09636880262234904	-0.09915611313205827
-0.2590407228848157	-0.27090604638388255
0.027607986420961517	0.019297085034816284
-0.13870470779053878	-0.1216268891186987
-0.017872972288576428	-0.008397366845270506
-0.30060153663054123	-0.3095836076578994
-0.12640952447567066	-0.1403366857936873
-0.0823346385184145	-0.07988416462848393
-0.529938701729324	-0.5157310779279103
-0.3326704973019172	-0.33021386443956485
-0.31811937039548965	-0.3212011057194193
-0.3916806123138068	-0.36013935181845697
-0.16656791517014735	-0.14932558254117287
-0.10837036364619568	-0.11929103717853846
-0.18730294294699856	-0.18983457515452387
-0.3963005523216854	-0.3667133307336746
-0.1931895705729083	-0.2086622661473761
-0.3573451317802192	-0.32592120437757793
-0.10302529125325144	-0.11661195035682773
-0.23875617340200073	-0.2592378457214051
-0.17310358900677514	-0.18452397348596894
-0.055201632872844186	-0.04253754619526196
-0.05318097201528538	-0.056097028435838185
-0.5155703081898251	-0.4741823569820343
-0.13142170131189435	-0.1317368199335237
-0.1389344430842545	-0.16346485576555994
-0.2704812777932357	-0.25395153889858924
-0.42986875392432466	-0.41565047572222885
-0.34190197849700876	-0.36329426226880834
-0.29337857454139815	-0.28558011286184465
-0.36181442523062657	-0.35637637932030575
-0.08814365476858654	-0.09853241551319354
-0.5577076206369727	-0.559525845237135
-0.09704427439476149	-0.11796290112451673
-0.17371239894148083	-0.16626355889167735
-0.4134038105587585	-0.41608952243037534
-0.08577117121899391	-0.09500515115797416
-0.1466912284499058	-0.12097225495457113
-0.3873182043621757	-0.36585283342810315
-0.4308181485225031	-0.45401008455282227
-0.356196195497847	-0.36215712952372886
-0.4848780953932499	-0.4880067196122026
-0.16087844674159335	-0.15854817883840502
-0.11379565712274609	-0.10512941774120155
-0.0857687681051793	-0.07831644426884854
-0.40830815329335124	-0.4046998011785384
-0.15930233673198746	-0.14364193496131328
-0.45101531688823293	-0.4635840809195524
-0.07974298961147763	-0.061295810191056926
-0.21373238483858437	-0.3356147652734904
-0.12865501991639938	-0.141248437530392
-0.301963762505304	-0.30869001085572567
-0.2453476180673677	-0.2492411790376627
-0.4031972065349425	-0.4226661476710804
-0.1369500704033051	-0.14038383048156988
-0.4737827004213937	-0.45469599539763217
-0.007329768761264788	-8.583341371390258e-05
-0.07528800828577786	-0.0691624152318461
-0.37134920618579415	-0.3740869023532802
-0.40931846057985766	-0.44873345456231284
-0.14310843580067178	-0.12131009209113164
-0.3348392948046284	-0.34524006805121654
-0.24216583034085115	-0.28559558479684566
-0.23669348602818907	-0.22647429020743653
-0.2681552126274944	-0.19473523124752345
-0.5140077144121982	-0.4946796783232739
-0.3940959394461032	-0.38998165673262075
-0.2815730065473421	-0.293702685940304
-0.18356227722915808	-0.1544913002033639
-0.3555473280826913	-0.33057508848049
-0.5034309562097903	-0.46834205444418814
-0.3818047856611413	-0.36958833820887216
-0.3713087868205722	-0.3782125897329206
-0.12612963763704776	-0.13545636957638876
-0.3388221425288407	-0.3254414792247329
-0.10148185551234334	-0.12548943351424863
-0.4959178312795327	-0.497344583007144
-0.028609118551823798	-0.023351992442648028
-0.4274443507788739	-0.4380708500892131
-0.37699107333628756	-0.37931097750076526
-0.2977142209168857	-0.2942093746047691
-0.41576942726518595	-0.4398362721163047
-0.3986301174865954	-0.4047805761183873
-0.28729343555684306	-0.2925739903431364
-0.2732723553262222	-0.2770516523775314
-0.3662002958713977	-0.37841492538503513
-0.4939230568601243	-0.4642872212883154
-0.11318006114042234	-0.12771681941497337
-0.2713939046553637	-0.30220765629373336
-0.15030724875615853	-0.14858968282413088
-0.45962225331905415	-0.45760331876412397
-0.19924252503933904	-0.19260781667248247
-0.15415906992534012	-0.14752978994490315
-0.416096555119271	-0.4302899376347969
-0.2872965035927759	-0.3079159421429112
-0.17686885348243653	-0.15733388986911018
-0.1346154448305832	-0.13851739852228956
-0.14311444575275	-0.14722916275778203
-0.2414399082011327	-0.2286805024625592
-0.06375352296231895	-0.044429833289907364
-0.47025786223897903	-0.4638890395067541
-0.10093432498130372	-0.0992905285640368
-0.3039296326465397	-0.2786340684635618
-0.3396451280529771	-0.34347117946111355
-0.380462122420651	-0.35067696476119986
-0.4418570742400387	-0.4546389115794503
-0.4326217160020569	-0.44865900773939904
-0.13971183416162525	-0.13465210885257026
-0.18586106368750777	-0.17626761397794932
-0.35274388326993034	-0.3186735936277527
-0.277678270074011	-0.33365084474365053
-0.20646743304600612	-0.20712308192781018
-0.43743049607501483	-0.4585048795411246
-0.07337878002026166	-0.06941655829956081
-0.12931128465414954	-0.12710871252853448
-0.07769868447884498	-0.05831451204624068
-0.27308129696401195	-0.25462155411956683
-0.23918757495034892	-0.25002264784117056
-0.08638980685971376	-0.10223957009338785
-0.28217513729558785	-0.27021652154299874
-0.05557563892361195	-0.07485586579445655
-0.0682157570445705	-0.07590948928325768
-0.04687938554999871	-0.048750814640473476
-0.32811198615382153	-0.3251463456209411
-0.4568815207639947	-0.4349547446972882
-0.0916353239164085	-0.07437835971802895
-0.32787724099271465	-0.3373821853228597
-0.14346388674021693	-0.13354702209790642
-0.37775976878399486	-0.37226295194895226
-0.4234587379135073	-0.41681851711289297
-0.040791797974657484	-0.04364787336000022
-0.4467988827014331	-0.45918964201040546
-0.30564489975880527	-0.308660500230379
-0.42489998972134124	-0.40823879373440897
-0.39642289976376954	-0.42619643397048645
-0.2205497773074203	-0.2051814119708055
-0.30997367397466924	-0.31607097207375756
-0.03634980426348555	-0.03962320033365894
-0.33985785825371906	-0.3690964607091077
-0.14081736181092808	-0.13977436408518826
-0.4573815157949621	-0.45342528518708003
-0.23456766511780192	-0.23998455432659405
-0.31901473601149277	-0.30897894875507503
-0.18864782137551117	-0.22725685168400622
-0.5010239594585766	-0.4773879856366261
-0.27101117753519155	-0.27670914350582126
-0.31676079438656046	-0.302929222110399
-0.05956967052166462	-0.07743381414693201
-0.34703978034828253	-0.300462354397625
-0.14065850605125618	-0.1507918403447665
-0.0937555285559899	-0.1085886323679685
-0.30910766992116123	-0.3033236782191896
-0.24898627612875757	-0.23355205341795485
-0.05416061313542109	-0.053995744001233775
-0.4990166207091713	-0.5601848761380591
-0.27586650968923365	-0.27210033309587184
-0.33993639055902847	-0.2730749119075183
-0.30416183167602195	-0.3165517072562644
-0.23425722315005348	-0.24553164248655648
-0.3350556149262385	-0.3465217309500442
-0.537021496751418	-0.5283014514821467
-0.37388706785885617	-0.35544760305034956
-0.12485339617725444	-0.1390013300145258
-0.4303058110132074	-0.4042915052753703
-0.5179090230719341	-0.5135142139962771
-0.5028667562286309	-0.49239654566693036
-0.48319632060305473	-0.44871741221602385
-0.06328816717536423	-0.0793362923321209
-0.44131463007654936	-0.45720468385757906
-0.22601501168360993	-0.22833833075747512
-0.05326061485743239	0.0235070834668011
0.07384980194698088	0.06932080562357101
-0.3770965000015245	-0.34235725145823687
-0.28420910575943825	-0.2698337716615839
-0.169445581305542	-0.17996116904063614
-0.6139983735020245	-0.6114840586824986
-0.15818522286345704	-0.1529632540124091
-0.3125288962056949	-0.30120979249026086
-0.34760703038728114	-0.3581755300852234
-0.18534125643597044	-0.18018849554337746
-0.12637662441689557	-0.11576664035526839
-0.06007594674152461	-0.061618393488216634
-0.09629336968933	-0.08851785029874977
-0.2958172053016881	-0.3012055611764332
-0.17751864660213812	-0.17489081618841765
-0.039026262200778206	-0.048535781865380934
-0.17609481274646122	-0.19235692471620622
-0.18923217109531087	-0.1975526312820288
-0.3123830526202642	-0.314948735539993
-0.3114644387746033	-0.2162313530889115
0.03708063501464931	0.040173776266154836
-0.6101720974406426	-0.641240003142053
-0.18173775801263936	-0.1890881602818464
-0.34924339089073975	-0.3412319212329512
-0.5310550256064523	-0.5093901404875523
-0.29547683478906883	-0.3047674163149453
0.04854652440249918	0.0363245638042377
-0.34155116276139275	-0.3632527404121752
-0.16463340552572525	-0.14290276595358
-0.4940024525850948	-0.5139654427717429
-0.14270812295359825	-0.10575713133263406
-0.4713834347760475	-0.46055253165608523
-0.13078534576286316	-0.14284066423547004
-0.19937976021906323	-0.2055894719699828
-0.47741610085028796	-0.4677057184978376
-0.3905432458663842	-0.4090559173214928
-0.19206532839824408	-0.19057268213651038
-0.4565764256260856	-0.4551884759491053
-0.2775593346318299	-0.2768509167987859
-0.5450946574077795	-0.54383707045467
-0.3445822757968582	-0.3511456402540223
-0.2867332109716001	-0.29970246373554155
-0.10934429597648965	-0.12262183676159322
-0.12248076880534597	-0.13319897298588113
-0.25577769037743003	-0.25262613636482834
-0.3680811398319772	-0.36526334720752635
-0.18076401543122333	-0.17895241514509494
-0.2166817387137865	-0.2197961867752278
-0.474651387029807	-0.47746212203878274
-0.2887552950644334	-0.2782020405808937
-0.28925488268891186	-0.291604127403672
-0.13589451606740965	-0.1361474992968287
-0.0364018933368504	-0.05375967618598179
-0.5692769449759592	-0.5510707388982099
-0.007528615023773	0.003998175858668544
0.054643102735848714	0.044130546152082256
-0.11820852194149367	-0.11984200973021464
-0.4421970163601152	-0.44327897709973757
-0.5062794833107613	-0.5091627397525675
-0.20948335322560396	-0.24389207107091415
-0.47011040380630664	-0.4740304125455357
-0.08481261729451184	-0.10373132969598788
-0.2453057053705976	-0.2161506666592209
-0.34141931594413144	-0.2912822326562582
-0.46809946239744704	-0.4403531835657772
-0.1988512682011354	-0.224975439242488
-0.16549875189721241	-0.1819789343795592
0.028806119366057814	0.021791580576667413
-0.04698663933674574	-0.09002213104466883
-0.34489171494575643	-0.3278578792036665
-0.2686308277655236	-0.2758449834201308
-0.438425024281468	-0.44177151286584854
-0.6126148997178227	-0.6101184782364025
-0.1747286941869861	-0.17890144687691167
-0.09976252358859572	-0.09395707807682097
-0.2880751055744213	-0.27439761891669756
-0.27632032029380404	-0.26192627751451203
-0.5176045486906746	-0.48050675080740934
-0.4787192193789771	-0.4874113907734717
-0.42450805509313483	-0.420296429520334
-0.332695275181349	-0.3159440229941999
-0.1937819313566269	-0.17476867354991768
-0.6122094041759727	-0.6031696741999476
-0.5168817645756434	-0.5177287157267896
-0.29551558467358774	-0.2828019864762033
-0.3058472374741381	-0.2894804837650993
-0.07613396810447437	-0.08700242433193282
0.027463879980921035	0.020269681358197903
-0.012349352592091023	-0.005286315755631083
-0.11613916425740989	-0.12709447592707115
-0.04222845079558191	-0.037901995588220876
-0.4452746888707395	-0.443927415823658
-0.3146866093821288	-0.3089566692194913
-0.5112579359627167	-0.529007072739598
0.01237035774144779	-0.02961241934252734
-0.4125825981008413	-0.3963794912103186
-0.33573172543784224	-0.3337279963131821
-0.150825956385237	-0.1841361727057988
-0.13066811136439593	-0.10628361712754184
-0.021508195296609856	-0.014950596212178254
-0.39257315485327915	-0.42725195198080335
-0.14651824727756235	-0.13765422714278097
-0.4617275017789737	-0.4435206140595272
-0.33952862955120366	-0.386364045626593
-0.15124559400410043	-0.1442748502468389
-0.22142627016876926	-0.20088341766010423
-0.2200326560396224	-0.21650945737741767
-0.04109577829550748	-0.028930994826545858
-0.4707595112555474	-0.46431255530392135
-0.6186836666932063	-0.581240022195236
-0.10671759918989387	-0.11172896523935852
-0.21797336314983795	-0.25869330273249663
-0.1694847267028825	-0.18041878422759022
-0.455154511514519	-0.5054304258069902
-0.2974700281191103	-0.2952612358146057
-0.629086734833928	-0.609188964637698
-0.2638736681710725	-0.28773380790360953
-0.5602058341100022	-0.5486766735631107
-0.05583043019444922	-0.02815715794101899
-0.12818680361133694	-0.1437813922589971
-0.28894618292292584	-0.3577860717146202
-0.26134319921690885	-0.24754944149163458
-0.2632186018076972	-0.28388846290159897
-0.3739387929398337	-0.4071840723979815
-0.1643808212602007	-0.21464777159471846
-0.2730304797141194	-0.2683576638847711
-0.03323059580704246	-0.03307922233409923
-0.3419244838759763	-0.33908096581205643
-0.48117330738396547	-0.48750666718667907
-0.2748553193561172	-0.2745876667898705
-0.179315262047135	-0.22651541635023756
-0.15910716542986858	-0.14867151633826076
-0.23790836574034468	-0.2531230363466885
-0.13247049999304128	-0.13650991523334088
-0.2190463655404038	-0.22221799259432912
0.05856564276089582	0.06446242092385648
-0.0030110035924364453	0.003645458945778412
-0.289749676604961	-0.30803756580853175
-0.28766507036685685	-0.2849450113803939
-0.07797444019380784	-0.06855177437636113
-0.4875511802129662	-0.4762050904281276
0.07628435176180837	0.04630974689894132
-0.09595398889259954	-0.1105481403065236
-0.4787870336250366	-0.4947764456766972
-0.03195343391097616	-0.043654702664431555
-0.27254755559859234	-0.30086238970755363
-0.18665928857792657	-0.1923837805784494
-0.12154629300098918	-0.13041315331089745
-0.37279119627540513	-0.3550195487488587
-0.453688956008369	-0.4515660395957448
-0.6241905902952478	-0.6254187315674044
-0.20242373658824064	-0.20865807575565082
-0.34655723265976945	-0.30573651672089935
-0.32029677174248317	-0.27989754054623894
-0.19116753236023598	-0.1710579997084813
-0.0398704985586571	-0.029860382031649185
-0.31315903304746406	-0.30482333331584655
-0.3357533494151319	-0.35569440707340777
-0.27555188563382416	-0.29896215362242917
0.058569489593431	0.05329595550906908
-0.17440098950378058	-0.16878798734306005
-0.4869232484375736	-0.5001629927068866
-0.5043079727760791	-0.5095531940968748
-0.17219949389754063	-0.16642682205492085
-0.049473639996428176	-0.06118791935865817
-0.5569569700652233	-0.5500921073731634
-0.34468722037139976	-0.3287987171595217
-0.5178397130740784	-0.5152456654955484
-0.2667193041926552	-0.28856361988470586
-0.49824600664215524	-0.4889426202018254
-0.14984904725518788	-0.13347656310590952
-0.07948064230140339	-0.08375805197132234
-0.1782651305319778	-0.184621732772267
-0.335319859046872	-0.3452370404186881
-0.19367895786727374	-0.20564726968311495
-0.3874355169426327	-0.39884921285975056
-0.1278643573742606	-0.11736307664514388
-0.08560690065151455	-0.07599861917002672
-0.2837083826689861	-0.2814920622366868
-0.5075607040869938	-0.5108423917828318
-0.10424637849075946	-0.09790556441299356
0.04844165291927727	0.05314473375911094
-0.052318362566166066	-0.10219688329078828
-0.32812487253080036	-0.33089598712631757
-0.3699570698005754	-0.36202400033519866
-0.07443396972715632	-0.08068003600175346
-0.17680017892299915	-0.17873956544625721
0.035080441603225765	0.022013102508054074
-0.3130208548827387	-0.3178045875056477
-0.3160711311395481	-0.32370426073301095
-0.16566109608159607	-0.1293181759588299
-0.026577635379474884	-0.021742528245205395
-0.3128032861267904	-0.32217766797727704
-0.0972802022348489	-0.09186082022920182
-0.17939543319307383	-0.2544190080941715
-0.35253842258177315	-0.34942153413328736
-0.044336071647371966	-0.03646016951283801
-0.20763764941618668	-0.19410676167064608
-0.08612235437017457	-0.08399204482911783
-0.28156807116007876	-0.29963376568900724
-0.0824704578692188	-0.06650601024701375
-0.35277912942782397	-0.3522694108135495
-0.4909345271146375	-0.528629028092581
-0.588559310843829	-0.6217764542830261
-0.33923982300012945	-0.3481584700644847
0.07920586767861515	0.08006195991951182
-0.45964926597774713	-0.42759989555944594
-0.19118326714785994	-0.1705890555117491
-0.16277260358012047	-0.1728762966667058
-0.6344656763295511	-0.6132753140836331
0.09535284170558977	0.08947153220129171
-0.26645856915681954	-0.27134684561533257
-0.17577305274915922	-0.20275206567057846
-0.1339290795395165	-0.1413915000858484
-0.18329640273362635	-0.2121361421074189
-0.3193044425612115	-0.325921129730183
-0.24858405258570304	-0.22851844025496365
-0.1878446410096588	-0.1768026351483807
-0.08124583375881578	-0.08443190477122779
-0.6173608859204442	-0.6015357203388612
-0.3124335672888927	-0.31114064624992466
-0.09507350701765205	-0.08836022325502779
-0.30762601759699937	-0.29683682443016063
-0.4129728280840652	-0.4125235102976131
-0.27303741855635355	-0.28574378618879903
-0.09722563117445304	-0.10678313029065516
-0.16577093827928113	-0.17918713263876054
-0.19055094162706787	-0.20083746828632182
-0.5155736040924559	-0.5175438653292743
-0.2804088225711876	-0.2643881967711877
-0.09356393299043297	-0.10144539719423451
-0.5443923904762187	-0.5491074481914864
0.07936867416625137	0.08289577688527504
-0.16497954793689829	-0.1264072013294573
-0.5443307828426063	-0.5276167079926842
-0.0032982263212613105	-0.02503867611095126
-0.1787571424786698	-0.19712332933180615
-0.49067503682675717	-0.4962272448670257
-0.33563292234182285	-0.3614252447115585
-0.4296905723846711	-0.421622501399773
-0.3378284671295937	-0.3368217668756189
-0.3630213454557829	-0.37101529140942635
-0.26995035337152906	-0.2810850397359781
-0.2668173586665503	-0.2740478624883095
-0.563213667007405	-0.5569246860018994
-0.3818373055716089	-0.37949003743534604
-0.24085699115496872	-0.23841849554952824
-0.09545244170046807	-0.10392350044188366
-0.17140468194508962	-0.18694457437905806
-0.3186711254478176	-0.31768944660962695
-0.28879976037602173	-0.2884222658653693
-0.04517354047279731	-0.04584091075693211
-0.4829471636941971	-0.49466515499257085
-0.5364870453757646	-0.512397915932844
-0.02778346431679246	0.005041661172178161
-0.17921277608350294	-0.1696285073631962
-0.08787988710703853	-0.08287324690482041
-0.5117570962310314	-0.4867889883055572
-0.23117173948334457	-0.23743395552844632
-0.2731770760107235	-0.29044162023811587
-0.3431404113334775	-0.3492134320083653
-0.1855795586227691	-0.19114686318488378
-0.48123261186785093	-0.47449854716332535
-0.16502592640675573	-0.13816946733243482
-0.4388076634846918	-0.44261954770957335
-0.127042999448423	-0.12415338540699491
-0.1790625169812703	-0.1764211238799747
-0.2414409023954276	-0.2564858233829307
-0.3216295987528657	-0.30230868648896525
-0.4799985835258891	-0.4710751126373491
-0.3458133217361796	-0.34978758209962857
-0.36626754297932784	-0.3594652880330666
-0.4689233492474765	-0.4731665222431645
-0.040483991348393644	-0.017473353144346667
-0.07266559972223785	-0.05721155336255265
-0.29503841859841184	-0.279250346794468
-0.5984547820055353	-0.6117786003418425
-0.28867819801646455	-0.27607663101760427
-0.33963470665673157	-0.3756949560520638
-0.17743385126040145	-0.17932388659877044
-0.47251082822049817	-0.45762378979536594
-0.21537198210829267	-0.2205771137598294
-0.4128748091941299	-0.4266038684457117
-0.3453284485973498	-0.31930930046387623
-0.11604024963128623	-0.12003824868775309
0.019700955339320814	0.020500865810385346
-0.1845429712395692	-0.18351299141883887
0.08807775002508134	0.07472845819500318
-0.248472019774578	-0.251156990298207
-0.13855765345146764	-0.15653092319319994
-0.3122938650249649	-0.3204562548334782
-0.32096417354973017	-0.31125222487677956
-0.3492813086565292	-0.3250581195495825
-0.29394188765363616	-0.3047165833808647
-0.4845932137744766	-0.4996308399371702
-0.4713995621692959	-0.4631989977038423
-0.45259859792955837	-0.46711796402632716
-0.16585595083182536	-0.15472084381183054
-0.2797595694461821	-0.2959491588660996
-0.4970995344349838	-0.518510179213724
-0.6090219980751943	-0.6060762537331388
-0.09969337192154448	-0.1064998091721759
-0.17186286759320524	-0.17391486667439024
-0.11129132730350744	-0.08809899514000204
-0.37518169742617324	-0.36698137477204196
-0.18637836074663738	-0.19336924120795057
-0.03896318749903216	-0.046530024568303574
-0.04667015000354713	-0.035757988591272466
-0.09755727128312586	-0.0935404612520118
-0.43350551969348494	-0.38032000471698685
-0.06158228237458907	-0.05841242345154447
-0.6147181425827357	-0.6315629358212864
-0.31855595703758155	-0.31085318408124707
-0.5384518223570218	-0.5277642100380423
-0.3274806317819472	-0.3197663061633235
-0.13666418372663092	-0.13589348318438058
-0.1791138536677046	-0.17792257846181694
-0.1198587478516151	-0.1301845291640785
-0.04490962701161649	-0.03228251023101468
-0.19304149582753727	-0.5198027336592363
-0.1278931253179234	-0.13971299151502797
-0.20295939139311692	-0.19399588264754966
-0.3562553549648495	-0.35915365911307623
-0.354098296273504	-0.34494457460953765
-0.16177190522759055	-0.15320482049918374
-0.28715862625361765	-0.2859678427199529
-0.0859000477426326	-0.08741911214907014
-0.30980690872315186	-0.39645877545375674
-0.2791850115902914	-0.27958094996704447
-0.2572054651720812	-0.270412971516373
-0.17621720396741658	-0.16634632364140817
-0.46483602640916644	-0.4551572709337051
-0.43536587687037276	-0.4150055893629277
-0.1085844858520364	-0.09315742867998045
-0.2869140385865254	-0.36333276038255213
-0.0502261606510217	-0.046706132673790944
-0.1798206452149813	-0.17395145435246406
-0.5678753979052642	-0.5646242562171082
0.00839201928972777	-0.04379437039714897
-0.23242296783477734	-0.26438288101728163
-0.25837841733247835	-0.260420116819571
-0.25452637342463724	-0.2761327549218446
-0.12069012499420317	-0.13024539988671963
-0.17192322709648167	-0.2284904907155097
-0.3885234237214492	-0.3290982383822585
-0.4492197244429059	-0.4530174937988235
-0.5055118882884502	-0.49861281097912685
-0.19544917445742982	-0.15703458235605444
-0.5170471954431122	-0.5250316888123989
-0.23535680720129193	-0.25286814419450254
-0.06452086577066041	-0.0672546980469121
-0.13127767528009127	-0.12502007224287068
-0.26860844677954177	-0.2506736963905584
0.005212454607628203	-0.07207793527635162
-0.24515620758968737	-0.2563093673105557
0.0669559744352286	-0.07014929865407825
-0.3617201414893181	-0.3583861799980137
-0.3030173054235661	-0.3048504344775038
-0.2974990420305579	-0.3098485241032063
-0.0874504837531882	-0.08877091428884062
-0.13973873236829526	-0.1259663823280397
-0.3084501913087223	-0.31514054242759443
-0.39899851504363504	-0.3619669118993787
-0.2492069570743265	-0.2711728398636757
-0.09886595640906748	-0.09762735925513975
-0.17961650953116326	-0.17882892639958672
-0.05867094069735046	-0.04736365054143721
-0.3378208515442367	-0.3375045077115272
-0.47918449876992053	-0.47400629268693273
-0.049433256375238877	-0.04838167425923296
-0.47608649986824236	-0.4697700720803737
-0.3380283513937563	-0.3402620317291518
-0.3072619706430917	-0.3002059231350354
-0.4139785176568287	-0.3934719997215385
-0.3011519574089796	-0.2774982140024778
-0.14402307962465954	-0.15711781402441308
-0.4050034565861136	-0.4223345164004107
-0.34669436030338296	-0.3094275348070826
-0.12861139738826388	-0.1192709770487803
0.06372142054290819	0.09644726651403777
-0.08321308360459945	-0.16098075369551718
-0.38220976876760737	-0.3592351135214813
-0.44435628685161	-0.45797796072615765
-0.3229756846584628	-0.33573648210795937
-0.4340103000832034	-0.44733974065139287
-0.5655780322464832	-0.5568377399940446
-0.37445900745653304	-0.36511416117308515
-0.3149409534610488	-0.31607650447421476
-0.04506632627497531	-0.03275684796309609
-0.1896473471354554	-0.190090532496579
-0.28514715786772804	-0.26948239775317917
-0.299688686908798	-0.2665880704227074
-0.4861375074751413	-0.4999468336734402
-0.13127910483348337	-0.12737464059432657
-0.5500724401493855	-0.5467785084613335
-0.4097707738291785	-0.4130387307055448
-0.4856499875586602	-0.45442810937993244
-0.2700750110548018	-0.2781396807977335
-0.024545265219016343	-0.0657906778481975
-0.3663199877096801	-0.34931677931971195
0.051148227414683944	0.043982854467462466
-0.1808157782570312	-0.17629708924789805
-0.2963597634914832	-0.27319964900183225
-0.2697977340417088	-0.26626243586313014
-0.16925362876872274	-0.20306257008468015
-0.08504065155649876	-0.09369687693786519
-0.3685838493989362	-0.35956226262336793
-0.06741580895471877	-0.07996954152478446
-0.33189139762002107	-0.38980167234128144
-0.058935811486190204	-0.06289138727231383
-0.08852040069493139	-0.09640614206754682
-0.18940589924825701	-0.1984865682981458
-0.2822201919255214	-0.31901929926669553
-0.06185447043594294	-0.04577111615411202
-0.47936348268981543	-0.4648031475717707
-0.2840496880242789	-0.291859207740242
0.0064785931524848905	0.01817671452307512
-0.0015149904944991022	-0.018697213620134965
-0.25088602775810465	-0.30687429943749117
-0.3731594618421603	-0.36715354549719265
-0.09360539482354113	-0.11975855924794333
-0.19987516555363172	-0.1477765066605278
-0.1058653603371793	-0.1640369609011068
-0.0981952557266057	-0.1176924084037475
-0.47777233856537027	-0.478267041247479
-0.4670602971535125	-0.4243956300303732
-0.012218585694864004	-0.029843971410678908
-0.08464306672565058	-0.08051838287421835
-0.5450167022590762	-0.5367793218376593
-0.4847835903918698	-0.4706219760361567
-0.2929015312797638	-0.27956976029358666
-0.15062519528351181	-0.13704997044058334
-0.20701929748554537	-0.21702629491058228
-0.48055202390371043	-0.46718630441786724
-0.31866044030659424	-0.3045323938212428
-0.45670360694080436	-0.46834941759817633
-0.1917389767288764	-0.24444694912084058
-0.26462214140151197	-0.2537630923678603
-0.03188997779381175	-0.04662185379219314
-0.4990780864880877	-0.495525686743656
-0.03340284237440816	-0.03073033294578966
0.06411877975980662	0.04388938388438148
-0.06799875637280817	-0.07537405517439168
-0.4266891457479307	-0.3961253716502924
-0.1003347440379736	-0.09425425025813391
-0.1884560889223259	-0.19053992934787825
-0.4358559442026415	-0.4179901899831718
-0.15948402509387005	-0.16339623343105114
-0.4867493191809178	-0.47637477198350336
-0.256506370286683	-0.24229601133611411
-0.16166733111135034	-0.1689139238794706
-0.04348755704757856	-0.04369542522432368
-0.06814969737950882	-0.08801275582679768
-0.07365545825090614	-0.07436211865040103
-0.08178869756038942	-0.038806974288273746
-0.40516923423868434	-0.42791436544581646
-0.43964286224445104	-0.4453699877582963
-0.11284086097841772	-0.12065474147823649
-0.009914663215203845	-0.04413797478860536
-0.26566377274372055	-0.3733335927498626
-0.16647933068002985	-0.14232443347326101
-0.26333964517225716	-0.2738683280974477
-0.4413062979834006	-0.4301279039105959
-0.3569090304988993	-0.31937239742450607
-0.10917529687637462	-0.12286594327077582
-0.4163599203116011	-0.44402327032699646
0.0002579046819173314	-0.021463170429314508
-0.5164851522562515	-0.4634744642564238
0.12346602726291156	1.4574164157459404
-0.5512174243762349	-0.5488919581849586
-0.03151784580033912	-0.04159669411332406
-0.08114227073543923	-0.08051382706818916
-0.03604048905074997	-0.05321630869491931
-0.46225230747781687	-0.45897248671651014
-0.33167277068585577	-0.3110501957723427
-0.3931039357257866	-0.4203580030456252
-0.17684729803923904	-0.17688715819791337
-0.33114204512646683	-0.38055656017718065
-0.13374546388195796	-0.1458747517928239
-0.06001553732622966	-0.056953887151402094
0.04231335379406165	0.023010322188022406
-0.14256715768775408	-0.1433993254609845
-0.3422477473104433	-0.34552712790108525
-0.4865653399337919	-0.4951491893416199
-0.584279670778864	-0.5986948479404942
-0.31206141563760337	-0.3007737822824049
-0.09953503564188004	-0.04772847547335854
-0.08473335127369719	-0.08054980913580141
-0.3013335227193785	-0.28121613734362255
-0.2238729396338961	-0.20272397178246548
-0.19839815143603978	-0.20210198588685543
-0.32857078812791585	-0.3298055029241707
-0.22441782885759132	-0.2157625826397133
-0.5265966864975482	-0.4296643570099104
-0.3250543115551441	-0.3103706082565186
-0.10337469620671413	-0.10217309471737336
-0.2971159368134071	-0.3190847775771357
-0.08997699111004565	-0.10903883335939471
-0.1444568182062742	-0.1582694470888769
-0.17145986440174	-0.14634561788676953
-0.08204151992767628	-0.07558914690834101
-0.3027875083828331	-0.29822445069341597
-0.11465366977474645	-0.11409537564864997
-0.1289623782107716	-0.1428498705988377
-0.28155874543027437	-0.3111846598725837
-0.2870874833513888	-0.29622906483443195
-0.2647308098984542	-0.2613490808602196
-0.4451962488770569	-0.45267969846779027
-0.1284754129278074	-0.12588371492227374
-0.16327530134913282	-0.15992305917733005
-0.27646272967787944	-0.27363607256285427
-0.19570885430784024	-0.2167792483817874
-0.4591694953433336	-0.46406905993685066
-0.3218090785917749	-0.3102242640974974
-0.24593594575287892	-0.2395976312623216
-0.2987517896077776	-0.3062651599481641
-0.3158783634218425	-0.30413073875971713
-0.2536384505105538	-0.26334694162487876
-0.10069492754471199	-0.0929730746106966
-0.20973692835572244	-0.20026206916082828
-0.42987480403039413	-0.44296504287686433
-0.14368166664845816	-0.1390663295372375
-0.015989430347980615	0.00803166291657058
-0.5050711060078585	-0.5143267612022443
-0.28959638723178216	-0.27789202861301654
-0.61799486297447	-0.5982647463678196
-0.1952230504076775	-0.20664732214039877
-0.486861196964381	-0.5050792247512471
-0.41757712200627495	-0.4106661354053202
-0.36275159539344237	-0.3650275132653107
-0.4592349206708528	-0.45287414914240304
-0.2605340871910382	-0.25210003253432506
-0.11516441318105741	-0.12932487483746685
-0.3977471987733381	-0.4079857955333159
-0.1270044099135763	-0.13619259650409576
-0.19370258539416163	-0.21083718561784612
-0.329319661181362	-0.2970525695337292
0.004917638480842257	0.011884205199283258
-0.18760130536674335	-0.16259097628054606
-0.1720344702772545	-0.18752606532189164
-0.014170154449178796	-0.018155689061190694
-0.09185676652553099	-0.19182818502378954
-0.15622641178653218	-0.1688479133850834
-0.2971781951325969	-0.2805791848716728
-0.6119288270847889	-0.6115307121781504
-0.23520400009916997	-0.2568040355807549
-0.1358036645669971	-0.14022181738277992
-0.4884162470480131	-0.4780164369491063
-0.5682580214892594	-0.530748133401692
-0.29632625040849625	-0.28974943791061564
-0.07554995205943182	-0.05795696325994539
-0.23103929876029738	-0.24468181889710514
-0.14349240518395057	-0.14230956840228048
-0.08087516345743495	-0.07122168650039645
-0.20557986186802957	-0.24115821754447545
-0.18846778969917555	-0.2215241396415854
-0.34652541559817873	-0.34115528328291683
-0.4053568285986726	-0.4009622723215406
-0.012757060700531397	-0.020472955918854632
-0.16098561913971743	-0.17554415271026866
-0.31268120704556956	-0.3102167788472367
-0.11198252502892814	-0.12513775425669643
-0.4658454168466317	-0.46754925112749524
-0.07392125383442316	-0.16791598583012338
-0.3215630127594409	-0.31205832994349264
-0.18462613341534695	-0.1796077307339864
-0.22237966013262955	-0.20191050227506321
-0.6258874130500391	-0.6190404517013998
-0.19375320177357036	-0.1847976927250568
-0.10840224180095959	-0.10604444948024902
-0.036660677460518265	-0.03921602765445641
-0.48472392256966135	-0.47682141373843456
-0.19070201211881255	-0.20297036674109573
-0.23002905058275225	-0.3450015073402298
-0.03996472571215648	-0.037531187663838284
-0.4403931961077623	-0.4409847559150105
-0.14139115509952838	-0.182121603849853
-0.2257345738174994	-0.17176557074117188
-0.06070174300308562	-0.06528470338611975
-0.09968581215522843	-0.0935075501319576
-0.3400890042074298	-0.3502888643655599
-0.20067905377891826	-0.19231361277250222
-0.08277397585281676	-0.08679484595045003
-0.27252346932668203	-0.25899696278748635
-0.21374839964905057	-0.23449841273106378
-0.13085679470355593	-0.13762571450020297
-0.2753788340636758	-0.27325109631997574
-0.1730959565093393	-0.17793375909754905
-0.43296576681882293	-0.4311170842837888
-0.22519593634678614	-0.20786459830085746
-0.33737685636913994	-0.34747241835628223
-0.3578823968252056	-0.3351221509194556
-0.3761610806135707	-0.3931034848840534
-0.1907062142998246	-0.2337324005408557
-0.0831633895262236	-0.07770631266085379
-0.28781328615679147	-0.3055913480804963
0.009043978695173038	0.009487987699728041
-0.1762554285815625	-0.17250159972515203
-0.05193409197031862	-0.08361962411983263
-0.38639650234440026	-0.3558973547295171
-0.08857288855101508	-0.08698291266596735
-0.29948754655070253	-0.28907478489292343
-0.3376232982314402	-0.3288345086670024
-0.12706120644047036	-0.13915922374141038
-0.4456780145999346	-0.439682842388226
-0.45580395111619776	-0.44810013275778315
-0.5661735992918704	-0.559797003328571
-0.11845393921980563	-0.18155846441001772
-0.29289016237544185	-0.3202878212684612
-0.15941739111099196	-0.15029316156183972
-0.16284707046309066	-0.16145668648756917
-0.14453607343251385	-0.15153389361445643
-0.11088396970995973	-0.10535814966710151
-0.09648954578882751	-0.09024367763944419
-0.2497545935904828	-0.26602213510665973
-0.3052100153806556	-0.2836546366990475
-0.14079986949622025	-0.12068894582186657
-0.2059486728964366	-0.17582308606129585
-0.2595630042294621	-0.25593774672841735
-0.32477018638353705	-0.3198482936256935
-0.49218489179607694	-0.46671567421783106
-0.15757902543054847	-0.14386888441754211
-0.3983876192606264	-0.4018759057822321
-0.03838332650091392	-0.0543063782858584
-0.309573042014196	-0.3044985147101238
-0.03357236375271633	-0.03779818023356261
-0.27538444843903953	-0.2753864163170666
-0.4513337521690932	-0.43723856648584064
-0.3358287886456228	-0.36194044964254696
-0.2673066798796526	-0.26208120273556657
-0.27535375546785623	-0.2683302873789835
-0.32593120462951397	-0.3300776742255065
-0.48558307262520817	-0.4806146887645134
-0.15218511661174894	-0.14450546538855708
-0.26972046245949066	-0.2888704230331231
-0.323227100211116	-0.3276437125155646
-0.2728606609460167	-0.2880870738195144
-0.285158772428991	-0.3028314997525101
-0.10317748728900789	-0.09933703871010337
-0.38990640029125245	-0.42470041383241836
-0.15654313059753022	-0.16394655691850585
0.056568207554803074	0.05958048503679586
-0.2801763383317173	-0.23544090104766485
-0.273284312144928	-0.2769033601113457
-0.49658071287321803	-0.4904408000192591
-0.03818573146294302	-0.03992382010221403
-0.1803704425861543	-0.17795695837541747
-0.4428278161553001	-0.4546778873034732
-0.42923189070326195	-0.4189849528069235
-0.44320899959557103	-0.47055031993432583
-0.2104431922070944	-0.18448357687181577
-0.2049110389686124	-0.2156797918288924
-0.4120248463465028	-0.3591069141043098
-0.23307065451322906	-0.25716371040441743
-0.15890365572382414	-0.14936388150040966
-0.17147093610213737	-0.16961235811810196
-0.13330474202762765	-0.12830435712658314
-0.3775903088397943	-0.35419293753369085
-0.15087024579511787	-0.14349754469577927
-0.413626218791733	-0.43146228193266567
-0.4112285267426099	-0.41533059772207537
-0.5137323319389999	-0.4872853631379147
-0.3108454177836766	-0.3060904379723548
-0.12447412306373451	-0.12924046185182633
-0.35787851198611254	-0.34818449080860664
-0.08806291946168265	-0.07824100680172895
-0.5019269093607654	-0.4906764066279096
-0.3373044785133743	-0.4275359069926851
-0.2657351853362879	-0.2786296285221596
-0.5161472936213372	-0.5078621715794949
-0.046265796707912976	-0.08482149322892753
-0.16770708561726444	-0.1507465923155941
-0.40668443920325625	-0.3949946476415681
-0.2797780054770538	-0.26672733967189405
-0.4876095552500228	-0.4509825883983992
-0.26644883095929295	-0.2904171060421067
-0.1498648206725468	-0.162445726152475
-0.32577767032553595	-0.320088299649399
-0.5228909135307447	-0.49307983308818376
-0.2204738004281861	-0.24782275280505742
-0.323708846668632	-0.32682562217953265
-0.3270329824042406	-0.33398455498448354
-0.2900216937020659	-0.2801302987530753
-0.28262002812988474	-0.2788920035509136
-0.1831278525875284	-0.1747332161329814
-0.2896357667655227	-0.28822106780494117
-0.47545165351314367	-0.49662215625093836
0.14033791330015788	0.15344971450101416
-0.26726946606184665	-0.23333765762503736
-0.3081922018255714	-0.29723411604297123
-0.19409215286952453	-0.3327401881118005
-0.2995637622192877	-0.29989437050718637
-0.1777102466775169	-0.18107626297547672
-0.30882071284841395	-0.30051854842171927
-0.35813111092919936	-0.34733533237818986
-0.07943674576734061	-0.09178317083621217
-0.2908675096398685	-0.2969871190414262
-0.3358331648199986	-0.30482283402297716
0.04341319693548229	0.007328461585371445
-0.42522569163925183	-0.4059621074680522
-0.5557380880428324	-0.5522113811052084
-0.1837127290401055	-0.1967327090011041
-0.20027029159852194	-0.22025129531638687
-0.4642634000732109	-0.45470988688716596
-0.20014958664406102	-0.23866319247727996
-0.44578693116606516	-0.44104001965341244
-0.5716812060595986	-0.5370763192135217
-0.17402639739596992	-0.17526144010626152
-0.2560187342011684	-0.25461077149312855
-0.568539135374051	-0.5805859302438346
-0.3920776508050352	-0.3663969354854577
-0.09632084705654265	-0.10088134494008669
-0.11952853326450885	-0.11915927818739203
-0.5274171346065515	-0.5028591201519547
-0.39957000421518707	-0.41752107790143933
-0.07679712134765015	-0.0560883307351549
-0.5559406243482368	-0.5577244490531756
-0.12984699670972688	-0.19231898208936987
-0.28062514988471143	-0.21441226575943234
-0.17651042083454271	-0.16445817420855396
-0.4090207542403288	-0.4205375842800937
0.0353750681677365	0.02058651560268325
-0.2509482614822094	-0.2563663669055709
-0.356744897632856	-0.3695415041216351
0.06214112542441441	0.07786728144002657
-0.5484462909561252	-0.5582981153624236
-0.1665912937564844	-0.1742600036307676
-0.16893074297006372	-0.19482436846708362
-0.46995572678500963	-0.4765714370021765
-0.32374806419894586	-0.33336930680618143
-0.33581033704360674	-0.3347482124917854
-0.28781367872928065	-0.27897088836352957
-0.36193135839265	-0.35474942266975923
-0.4605613795815069	-0.47393626581453785
-0.25900437226282147	-0.16890270609929425
-0.36762865786768906	-0.382018167258058
-0.33971903630040856	-0.3018728131102325
-0.39074536522802283	-0.36465733295828284
-0.5024900155410927	-0.48698756509626795
-0.3337474816770918	-0.31971562678719984
-0.14488255294446084	-0.13593181523097148
-0.25872933523907626	-0.28856862898967434
-0.23239365400184475	-0.2340712922724107
-0.2936781164470599	-0.27596001904282286
-0.6035195866141194	-0.6060374343479921
-0.3266761387875299	-0.3339259370643249
-0.4299638753699986	-0.4560747753391583
-0.03205727674479775	-0.028998384529121967
-0.28999482081784755	-0.295467823407332
-0.47595634313483615	-0.4649204911061445
-0.18121258454401712	-0.12500140462275025
-0.30946542003691135	-0.3316261640702614
-0.378804276370885	-0.39712323972634495
-0.337722121433746	-0.3460220120585151
-0.3107078184876553	-0.3075744180761415
-0.3299557250461769	-0.3179382365720362
-0.21059175449350143	-0.24324750925749622
-0.15429828443287086	-0.15574449512203392
-0.06672294487486496	-0.09227651492486846
-0.1902044068163251	-0.13366451608877603
-0.1445394708449843	-0.14248207891573236
-0.1710253307826628	-0.169325292115356
-0.17385921931049708	-0.18854306586323052
-0.14807727112771296	-0.14631560967324414
-0.2622859519838521	-0.2598430469671047
-0.2874639266318324	-0.2952684599476475
-0.0651359062579191	-0.06705153096729159
-0.06175725612597294	-0.0563419049281518
-0.08805896180033024	-0.08467244027809967
-0.20315360842686303	-0.21081694720197552
-0.46037246157259126	-0.4989721596348619
-0.27994522676802536	-0.2938534891371973
-0.23387698934167567	-0.22175071646392472
-0.4660973264115622	-0.4678843016848834
0.0580887545817621	0.05321052636915887
-0.35098765364206574	-0.34154054713767357
-0.18080214808710338	-0.1708020258823754
-0.31833819809037056	-0.3191094279906798
0.08526327380234555	0.07831580591203097
-0.4429436536213167	-0.4350765191626603
-0.06608550570039284	-0.06830825464427819
-0.026766646325739885	-0.0162634554280705
-0.3759963003048359	-0.36156123419637953
-0.29072914156284924	-0.27902889811209153
-0.48393155604128957	-0.477183515745791
-0.6232342701321194	-0.6083845139057851
-0.10282828662652488	-0.10360764981970981
-0.6212131335209907	-0.6174178111407426
-0.09842228142417397	-0.10198587309629922
-0.5234574814578759	-0.5264063391129608
-0.017190116036580605	-0.02038511484329722
-0.3391556260061588	-0.3429368577016241
-0.36151806234498274	-0.35585558150891883
-0.2448604308933815	-0.23408346585213838
-0.5842466132351873	-0.5738989113747562
-0.32781960107618247	-0.3152532325106555
-0.020884412604242897	-0.01982039083287018
-0.09451952133096775	-0.10769671034665021
-0.2977306805551754	-0.28933597925488164
-0.1899551899277485	-0.1868033207861027
0.00022504533831746443	0.01780824497186018
-0.08562418060224442	-0.07596178826643203
-0.3228482070235881	-0.3162156751892862
-0.13426801134727206	-0.13478836204997155
-0.13188000722372628	-0.12509979457220957
-0.43723985888960204	-0.4346733147351691
-0.22351494301457642	-0.2286479220266005
0.014436120307321332	-0.014836328546461651
-0.15188767701899053	-0.175798270796518
-0.3126527752268995	-0.2002444563795836
-0.1983071438927304	-0.29286277241416986
-0.1915025467769471	-0.17428968973689196
0.00762150145497742	0.03100221406445586
-0.36743334195426236	-0.36384040015678937
-0.27594482813692434	-0.2851650852560683
-0.2666884919829151	-0.2857525788625916
-0.16543156183293917	-0.1730646161719476
-0.3916146737201265	-0.37581366077920797
-0.33819613780209323	-0.33439300698177116
-0.4917112284596197	-0.44793087219159344
-0.14021695610040208	-0.1611862967901469
-0.1862534673107712	-0.18656886384263893
-0.3039441980713953	-0.3008195954253192
-0.5065843664823255	-0.5004419625652838
-0.3445063101342374	-0.31566881440986794
-0.29569300594387293	-0.33660720587000875
-0.17943708590737995	-0.19047183137367643
-0.050391077483363134	-0.06015953537107058
-0.4216855453171311	-0.4332506391846705
-0.5139808815080222	-0.5030769010076305
-0.17647568153688198	-0.13982682634922014
-0.030779736338562458	-0.03232729095986175
-0.1319792923710823	-0.13997859080561245
-0.2726672373507677	-0.28595017644238524
-0.14508037392905848	-0.14156175648327132
-0.17190973248087982	-0.13417388552586987
-0.18486592091679555	-0.1483916170023689
-0.02308186237403831	-0.020775346097903505
-0.13191740382212647	-0.12594315118716792
-0.023385505368262116	-0.02814411909740921
-0.25633721948813903	-0.25088562679549486
-0.15150478588211147	-0.1454614499323754
-0.49640491349904536	-0.5164593871279786
-0.4215227842381326	-0.4565378877419197
-0.41699672964160417	-0.38688619579360956
-0.19315014128781094	-0.19273080468872353
-0.34179486703776085	-0.30808245584512056
-0.3941537524644039	-0.3745633353183246
-0.3731016907213984	-0.42462009230329417
-0.4625895949968726	-0.4456871229033753
-0.4497923368580441	-0.45600653933748253
-0.11052858570843682	-0.10199195328520543
-0.08942484938416406	-0.07665566173378055
-0.18161123756824793	-0.2137221281242011
-0.0666597416408532	-0.05999409306353321
-0.07084879496943852	-0.08831945184831202
-0.5052736266239819	-0.5179016640385801
-0.07538273839079768	-0.07394987670595873
-0.14547286692772854	-0.13414450971199052
-0.04443863355551869	-0.03186571610896146
-0.0823136037545158	-0.08175927705529021
-0.10687348163410171	-0.09713510035938003
0.067942862828553	0.051623015625658554
-0.20297281693139269	-0.23017692656058267
-0.19423971042462362	-0.19325936354329187
-0.2354576207546346	-0.2591800441887858
-0.2221595143530557	-0.2300816334147187
-0.21130747117109827	-0.20418031621543448
-0.5054388456879195	-0.49080528424873804
-0.5346069325826033	-0.539697512674672
-0.3322342627971224	-0.3227150798062738
-0.18834318749572532	-0.1914170149954357
-0.2810283613244611	-0.28151083623853884
-0.2685836421626391	-0.2680383943649372
-0.25893751334749915	-0.27591802096267054
-0.10132134229315248	-0.08467766379701025
-0.25256716868296714	-0.2860719310273006
-0.3320154754124367	-0.3789034305391714
-0.2936137716061804	-0.2708670273946207
-0.3851080456957652	-0.4196708027368969
-0.33412538682937765	-0.3165986482702943
-0.35809044246648547	-0.39965022161378894
-0.28734322743963325	-0.2585078773455871
0.07405789884999514	0.10423979651339231
-0.20174532119458544	-0.20857299817185415
-0.23941226959989237	-0.2582739211450814
-0.293278692726628	-0.31194972292816614
-0.2857759466612828	-0.28152521753015436
-0.3054163586254761	-0.3097128386848626
-0.3124886269106728	-0.32505331767581774
-0.1025418839910417	-0.1088295554353875
-0.18663594736727518	-0.19356466478010162
-0.31864220065079607	-0.32728346364735805
-0.29442685175371075	-0.267371271156311
-0.056676234210057075	-0.04710350419499615
-0.3330054667382729	-0.30539717560861146
-0.1833884119546969	-0.1905106271608462
-0.1659906762396819	-0.16222985310049215
-0.21303867145176092	-0.21115161462939347
-0.16633272758404694	-0.1761622669605654
-0.38080817015984003	-0.33746662539138694
-0.34162566940171857	-0.3327229556845809
-0.2831353976215709	-0.2795735621794711
-0.4808037327721948	-0.46234692093189045
-0.05963080317180669	-0.07820508140107288
-0.18207683736981028	-0.21121035188719905
-0.13496479780573445	-0.13307521838744824
-0.36758742856658433	-0.4175741670616387
-0.4195428212647343	-0.42076737139036813
-0.36404352790920314	-0.3692503592929218
-0.432606777882647	-0.42251344382151523
-0.5038449593368703	-0.4992258118407845
-0.13151153572557206	-0.14270569911676867
-0.2524944266131648	-0.23462912044652098
-0.27363607375770016	-0.2388294633388115
-0.4209148612434088	-0.4318015698363711
-0.012490591439507703	-0.004814412830041859
-0.4663666971322691	-0.4612088245491779
-0.06847762303200788	-0.06927456957490617
-0.5929225751050016	-0.6102320777488555
-0.44693341628884564	-0.4241208958055263
-0.5581701336849925	-0.5129614031425963
-0.20818020794379066	-0.2184994288287954
-0.28468628822676934	-0.3283139719067251
-0.5038109399838602	-0.5063864502117346
-0.06914602643500167	-0.08182452840086762
-0.17836015971172792	-0.18603511265030204
-0.4569200119695118	-0.47514280031212003
-0.49455488135949466	-0.48276106188736573
-0.5647974535945668	-0.5202483136908427
-0.26970978247408883	-0.2801409766336174
-0.47448885339705527	-0.47412732374416816
-0.11306904665918083	-0.09271045718452697
-0.43166815605148834	-0.3944324501837902
-0.32668398958367995	-0.355572336264065
0.0446026949200089	0.01572213074614142
-0.5240248014970277	-0.5125596226086616
-0.21815225121280513	-0.20778357216193963
0.05427271478414486	0.05686879504619982
-0.28333179389152363	-0.28806624921331836
-0.4400244635579522	-0.4357781655582118
-0.2665926847954587	-0.2417851200561528
-0.630910568700715	-0.6287556777223249
-0.2713107264722261	-0.2332743451768727
-0.3398704448701988	-0.3473048043506506
-0.4594278874544928	-0.45955945095854794
-0.108099726973645	-0.09261388989843292
-0.3869797276461284	-0.3758316163978741
-0.5529937959644418	-0.5581236822246826
-0.4943454102977274	-0.5200907895767198
0.039719989240262876	0.0584182222073698
0.03148824112628823	0.06319126389755858
-0.091149660585784	-0.08109019915947492
-0.19613820154852135	-0.2079779323694421
-0.5062683353858812	-0.4892257753314262
-0.16388029095392742	-0.16131065447534512
-0.20948115887974872	-0.19715621438737635
-0.28821985937802985	-0.2590017042697162
-0.4678550909086656	-0.42924274695983344
-0.20403460232972037	-0.21951270262622014
-0.17723457459951053	-0.16990077702966064
-0.4696420484141832	-0.48687795978414383
-0.2789937309544879	-0.2879068174065479
-0.3151183743569934	-0.35756738054558473
-0.02673200225896455	-0.0150249543796346
-0.22507098541790338	-0.20708388573376396
-0.33638840884602494	-0.3199403358161831
-0.09300693673564187	-0.09541835662007797
-0.023644909772126965	-0.027534526767023424
-0.14814330409663246	-0.1418402221552732
-0.16194436742772833	-0.17587559660074042
-0.2440620986283193	-0.2284424218469975
-0.27863944505218363	-0.2676482528626369
0.0011974374981127411	0.006648756962457103
-0.18949697523795184	-0.18933744828309265
-0.02831777940784619	-0.042610832226733286
-0.013128947388113765	0.006014320199174393
-0.11063320509302699	-0.11000644489352432
-0.24006529985173408	-0.23054573704315492
-0.16425433072619278	-0.15031943391947988
-0.5994309923930778	-0.6072769597618279
-0.13353463435398716	-0.13728875520822442
-0.34921508710534255	-0.3311462516151479
-0.16120619804411973	-0.16058951727118784
-0.1362657348684948	-0.14213479931210296
-0.30723671283739673	-0.2888070132882438
-0.3579652907458364	-0.3598030644122758
-0.30090484387510585	-0.3289139894674393
-0.4619868478131721	-0.4721341941214574
-0.1947117529256399	-0.18765655008105014
-0.10876303996089298	-0.10037999817299276
-0.24809551927974205	-0.26940965351928886
-0.18490373905773794	-0.183269632991129
-0.2925750252494339	-0.34515330844538367
-0.13252141431763054	-0.1277308277511068
-0.21302578213829104	-0.21058664161366575
-0.6295073789468324	-0.6206698897052702
-0.31071277332241554	-0.24657128973171805
-0.17855350399984893	-0.18098836889619896
-0.09529700190601353	-0.11081239257563448
-0.3212312186092099	-0.3072516669300004
-0.18291374262807292	-0.17957082003616529
-0.18132240101571995	-0.171683072025088
-0.30215820921472236	-0.3580621468521078
-0.030373225260738934	-0.04235959290622394
-0.21420317251121368	-0.21859415993796397
-0.18838207007233976	-0.18927420673279052
-0.006035873343273934	-0.07846380160978121
-0.2535208260692139	-0.26398660954878456
-0.07843068515556517	-0.055799148510513895
-0.34576833673597296	-0.3563653773662548
-0.038891685796083486	-0.022441872011806627
-0.11707427974183027	-0.12384132465330876
-0.2150626355257872	-0.2414659155278649
-0.1583333462089236	-0.15471193088386273
-0.32632295061132677	-0.3260493229409153
-0.29642954214855877	-0.29003749674860235
-0.34445091071792255	-0.3806199773453799
-0.12916151762997963	-0.14982269007868274
-0.3032140047845733	-0.29838948208891003
-0.09515597397896514	-0.09502514405755416
-0.15249962163880149	-0.18076236417336816
-0.28393345660837	-0.29638543119516764
-0.09290954250939087	-0.0878974137828984
-0.26459552486410054	-0.2832965402559945
-0.5042255580950936	-0.49396323579720963
-0.4386911253066632	-0.4350900492307345
-0.19336938018767036	-0.1919747466421489
-0.15504916374150302	-0.16092664451522842
-0.4549529200943354	-0.46323801276568866
-0.005736124896044359	0.010703648226177311
-0.22973804611690163	-0.20135761437311608
-0.13628127294177617	-0.14621303027780677
-0.08988489592054805	-0.09715152638450705
-0.12756448647961705	-0.13707584635525616
-0.20859528192587007	-0.2219689424489644
-0.38918358846500745	-0.3980525008381159
-0.38180412651473183	-0.3842484291741043
-0.44737791574797825	-0.44875502354076624
-0.43636729385765793	-0.39370333134689695
-0.17748192126111562	-0.16579487169265344
0.03183363752764379	0.03833860422835233
-0.4393838623824635	-0.45589918294046033
-0.13306843937560764	-0.2322682573202542
-0.5067485256545519	-0.49571262272547945
-0.11798346288255335	-0.13181026527227155
4.814404142639006e-05	-0.0071396056382652725
-0.35396617952156717	-0.3413506952682061
-0.2991366756844229	-0.30263987887002286
-0.08653851627609477	-0.08187147459258531
-0.21839296705532796	-0.2364911124130531
-0.32654952862781883	-0.343911431551491
-0.41891109392743253	-0.41675424917838527
-0.2536664483497164	-0.20693592548446357
-0.27645057520349603	-0.2777859261823682
-0.30904595675223856	-0.3411822375815066
-0.3338634877285944	-0.3055346673155477
-0.20138697154825458	-0.18713152422372276
-0.01794530501505598	-0.013528545558285487
-0.168203691321966	-0.16592788002963665
-0.044944313180135254	-0.045875065452929735
-0.22970646539789108	-0.22405904862558645
-0.253219191306604	-0.25647304731891035
-0.14425332604168872	-0.13013054857148867
-0.08925646667707277	-0.0766902383991562
-0.24248088827620684	-0.27230564697715876
-0.24045561401415227	-0.266736419436886
-0.406655601675074	-0.3728070414811212
-0.44317550039372655	-0.4172915379168585
-0.49861657165651074	-0.4808590354926844
-0.13460318093179868	-0.121611780337117
