1.318019247685234541e-01 2.488442276358636494e-03 1.000000000000000000e+00 1.000000000000000000e+06
1.318008626357857482e-01 2.488439352234544759e-03 1.000000000000000000e+00 3.162277660168379080e+05
1.317975040231094130e-01 2.488430105187181690e-03 1.000000000000000000e+00 1.000000000000000000e+05
1.317868846165692331e-01 2.488400861902235767e-03 1.000000000000000000e+00 3.162277660168379589e+04
1.317533176902930536e-01 2.488308370990361534e-03 1.000000000000000000e+00 1.000000000000000000e+04
1.316481514612700132e-01 2.488671751167437305e-03 3.162277660168379394e-03 1.000000000000000000e+06
1.316473348154781620e-01 2.488008207890655531e-03 1.000000000000000000e+00 3.162277660168379043e+03
1.313147257734824935e-01 2.487711567684049163e-03 3.162277660168379394e-03 3.162277660168379080e+05
1.313137714522936150e-01 2.487032264848597178e-03 1.000000000000000000e+00 1.000000000000000000e+03
1.302760642091777554e-01 2.485287229960985236e-03 3.162277660168379394e-03 1.000000000000000000e+05
1.302748978671840752e-01 2.484683541333672450e-03 1.000000000000000000e+00 3.162277660168379043e+02
1.271483781358014598e-01 2.474109218652643678e-03 3.162277660168379394e-03 3.162277660168379589e+04
1.271464020062832989e-01 2.473622215395225501e-03 1.000000000000000000e+00 1.000000000000000000e+02
1.186112851381582872e-01 2.439442043151305011e-03 3.162277660168379394e-03 1.000000000000000000e+04
1.186083480424687114e-01 2.439284131525685205e-03 1.000000000000000000e+00 3.162277660168379612e+01
1.004015947879492998e-01 2.348107179780162864e-03 9.999999999999999124e-06 1.000000000000000000e+06
1.004015914916058377e-01 2.348105822136383782e-03 3.162277660168379394e-03 3.162277660168379043e+03
1.004005455079328701e-01 2.347677523290742172e-03 1.000000000000000000e+00 1.000000000000000000e+01
7.536809196350395534e-02 2.110145287709574383e-03 1.000000000000000000e+00 3.162277660168379079e+00
7.535625807729248726e-02 2.110228291989020653e-03 3.162277660168379394e-03 1.000000000000000000e+03
7.535622060215832474e-02 2.110228553961950547e-03 9.999999999999999124e-06 3.162277660168379080e+05
7.309925053554476582e-02 1.544904252882439537e-02 9.999999999999999072e-11 1.000000000000000021e-02
5.659362245179455631e-02 1.601803528598134399e-03 1.000000000000000000e+00 1.000000000000000000e+00
5.657269212237638761e-02 1.601908302360819736e-03 3.162277660168379394e-03 3.162277660168379043e+02
5.657262714460339209e-02 1.601907720505309782e-03 9.999999999999999124e-06 1.000000000000000000e+05
5.230884925656413553e-02 6.118692927545688921e-03 9.999999999999999072e-11 3.162277660168379134e-02
4.830055984995202528e-02 1.184244873024688444e-03 9.999999999999999124e-06 3.162277660168379589e+04
4.830025586225844547e-02 1.184270573598636975e-03 3.162277660168379394e-03 1.000000000000000000e+02
4.821060904882679826e-02 1.192121691103869858e-03 1.000000000000000000e+00 3.162277660168379412e-01
4.380038870597847966e-02 8.934889660628243628e-04 9.999999999999999124e-06 1.000000000000000000e+04
4.379585654129693889e-02 8.934887866398123248e-04 3.162277660168379394e-03 3.162277660168379612e+01
4.275306589479398178e-02 8.809099531016668493e-04 1.000000000000000000e+00 1.000000000000000056e-01
3.987882164483422948e-02 6.486671598735931120e-04 3.162277660168379191e-08 1.000000000000000000e+06
3.987866777602341178e-02 6.486710967434248729e-04 9.999999999999999124e-06 3.162277660168379043e+03
3.983230229391400423e-02 6.480562905236524887e-04 3.162277660168379394e-03 1.000000000000000000e+01
3.646619084798173593e-02 4.917121124381563851e-04 3.162277660168379191e-08 3.162277660168379080e+05
3.646465817762409301e-02 4.917343317042327305e-04 9.999999999999999124e-06 1.000000000000000000e+03
3.602689553499992259e-02 5.003840253750986003e-04 3.162277660168379394e-03 3.162277660168379079e+00
3.584148249434245675e-02 6.498619409418621368e-04 1.000000000000000000e+00 3.162277660168379134e-02
3.301060600902720743e-02 5.369659808299995013e-04 3.162277660168379191e-08 1.000000000000000000e+05
3.299606420613301894e-02 5.371426092506942753e-04 9.999999999999999124e-06 3.162277660168379043e+02
3.147073231852366010e-02 2.237496836147441059e-03 9.999999999999999072e-11 1.000000000000000056e-01
3.046587187242023181e-02 5.885385182738911381e-04 3.162277660168379394e-03 1.000000000000000000e+00
2.979478386029684248e-02 6.928020254720558459e-04 1.000000000000000000e+00 1.000000000000000021e-02
2.928859162520124418e-02 6.572054943037078899e-04 3.162277660168379191e-08 3.162277660168379589e+04
2.917653486800763155e-02 6.600140926620453544e-04 9.999999999999999124e-06 1.000000000000000000e+02
2.596156848135029380e-02 7.858762957836972537e-04 3.162277660168379191e-08 1.000000000000000000e+04
2.534380653857988205e-02 8.097367505916128715e-04 9.999999999999999124e-06 3.162277660168379612e+01
2.492478047048124479e-02 6.841574791485362933e-04 3.162277660168379394e-03 3.162277660168379412e-01
2.430888369404172675e-02 2.340720781829589044e-03 9.999999999999999072e-11 3.162277660168379412e-01
2.411459342577245216e-02 1.173808594180165716e-03 3.162277660168379191e-08 1.000000000000000021e-02
2.356112950883277463e-02 7.800575527218343548e-04 9.999999999999999072e-11 1.000000000000000000e+06
2.354504075026607815e-02 7.800952799474185091e-04 3.162277660168379191e-08 3.162277660168379043e+03
2.183002554456203032e-02 7.255969162664150729e-04 9.999999999999999072e-11 3.162277660168379080e+05
2.182648137247382089e-02 8.245107477188436335e-04 9.999999999999999124e-06 1.000000000000000000e+01
2.172353050251774054e-02 7.258613356911269767e-04 3.162277660168379191e-08 1.000000000000000000e+03
2.142078725667921277e-02 7.993212385143476763e-04 3.162277660168379394e-03 1.000000000000000056e-01
2.069096863048432502e-02 6.164022890186160583e-04 9.999999999999999072e-11 1.000000000000000000e+05
2.005658351598568756e-02 6.223555804277525194e-04 3.162277660168379191e-08 3.162277660168379043e+02
2.001138596689323521e-02 5.269168945855530906e-04 9.999999999999999072e-11 3.162277660168379589e+04
1.945182709875130020e-02 1.539348021444946358e-03 9.999999999999999072e-11 1.000000000000000000e+00
1.944973764859347920e-02 1.101818070288086400e-03 3.162277660168379191e-08 3.162277660168379134e-02
1.943861733621775681e-02 5.637258121879143088e-04 9.999999999999999072e-11 1.000000000000000000e+04
1.936379233904987618e-02 8.011346886702487612e-04 9.999999999999999124e-06 3.162277660168379079e+00
1.845944876804659490e-02 6.423009507830506519e-04 9.999999999999999072e-11 3.162277660168379043e+03
1.837064361292981701e-02 5.970383070576511545e-04 3.162277660168379191e-08 1.000000000000000000e+02
1.831462476078473192e-02 7.680318131861698424e-04 3.162277660168379394e-03 3.162277660168379134e-02
1.825088870293600438e-02 1.511219209871312230e-03 9.999999999999999072e-11 3.162277660168379079e+00
1.779888861828849908e-02 2.149989757555930033e-03 9.999999999999999072e-11 1.000000000000000000e+01
1.757020491969914569e-02 5.844325220891735066e-04 9.999999999999999072e-11 1.000000000000000000e+03
1.744872761326560565e-02 7.355469540952006393e-04 9.999999999999999124e-06 1.000000000000000000e+00
1.712207089669444404e-02 6.311307052169186447e-04 3.162277660168379191e-08 3.162277660168379612e+01
1.711035539963694924e-02 4.717385278909863784e-04 9.999999999999999072e-11 3.162277660168379043e+02
1.693953607067723646e-02 1.385204333569258709e-03 9.999999999999999072e-11 3.162277660168379612e+01
1.687355408660235270e-02 7.939032052372850578e-04 9.999999999999999072e-11 1.000000000000000000e+02
1.657726634265754145e-02 1.193258541510315964e-03 3.162277660168379191e-08 1.000000000000000056e-01
1.623005219245278116e-02 5.307016986052753675e-04 3.162277660168379191e-08 1.000000000000000000e+01
1.607625574553614087e-02 7.055505166950555487e-04 3.162277660168379394e-03 1.000000000000000021e-02
1.591119389787076094e-02 6.510227108511300364e-04 9.999999999999999124e-06 3.162277660168379412e-01
1.550129761635251659e-02 1.108901241972427799e-03 3.162277660168379191e-08 3.162277660168379412e-01
1.542369921139074770e-02 4.769480159351514067e-04 3.162277660168379191e-08 3.162277660168379079e+00
1.525713107807949095e-02 8.249553190888891463e-04 3.162277660168379191e-08 1.000000000000000000e+00
1.504942289176612949e-02 8.208901355408311723e-04 9.999999999999999124e-06 1.000000000000000021e-02
1.478089748845233878e-02 5.960314987973059893e-04 9.999999999999999124e-06 1.000000000000000056e-01
1.442101271151154974e-02 7.113729796736092091e-04 9.999999999999999124e-06 3.162277660168379134e-02
