-0.12972986798988728	-0.12744108244802652
-0.2815959378499766	-0.2769752093622165
-0.19674476502942362	-0.23276959872695108
-0.23873638055679436	-0.23902946000789485
-0.4343835516105585	-0.4260240154945013
-0.2226738636101011	-0.2254214221485781
-0.23690518664240656	-0.24477857612519552
-0.22246919273579024	-0.2219116307904452
-0.5340779169646872	-0.5417559589574275
-0.5193290711518301	-0.5259475579157356
-0.3791548357028205	-0.3751327689101939
-0.3693882298474307	-0.36906273055760525
-0.2103938756704622	-0.23024927264654346
-0.5502831326098239	-0.554979663322024
-0.23907322695829336	-0.24629793596961294
-0.2494975663572525	-0.26018027733063726
-0.235808989258679	-0.2216768860793353
-0.1366432704489675	-0.11904822833513992
-0.3636574068740721	-0.33428312436895546
-0.5279825435633683	-0.5063239258494686
-0.2546184427884395	-0.25963690965237846
-0.16436794264194887	-0.20759877633092727
-0.2396650488845502	-0.26995249413394934
-0.22690586663115653	-0.22905881136596468
-0.37177332605079627	-0.31569755033911656
-0.4743724135347769	-0.4496826375268805
-0.2758889887592275	-0.2882826889569161
-0.3367897536066611	-0.2765466534888597
-0.4082305028272408	-0.4010978030300358
-0.37087148121466207	-0.35150604888890297
-0.5290276868527819	-0.5301645675811042
-0.14196810560421902	-0.13081222015095864
-0.25192186509377557	-0.25488580352450163
-0.5187159197676792	-0.5092215703735715
-0.20653310842535078	-0.30821840023705444
-0.16895204667730823	-0.2135720476302261
-0.33275367921234356	-0.3364118353248558
-0.4259274130456614	-0.4412488078200557
-0.5257351771231633	-0.5137691376909941
-0.24327103598589161	-0.22018522529931944
-0.331158076517454	-0.34247594958862626
-0.07669854345889959	-0.17920919031502774
-0.388242635215013	-0.40150254248302747
-0.3901506037828675	-0.36963778157620525
-0.28015810712511424	-0.2920857842389567
-0.07771587747438424	-0.034010044230668
-0.4243926838729415	-0.42753353355214707
-0.2780475742083883	-0.2826930782039901
-0.05683554339296748	-0.11744289527214677
-0.4004526702815241	-0.3718535385253887
-0.5549013599225141	-0.5551251059095746
-0.24383878753274502	-0.2370068484565848
-0.27327886033291904	-0.2717608722879796
-0.29670223394481	-0.2774044604854926
-0.319397491742869	-0.31549014725583513
-0.1900626009842732	-0.1922267225964798
-0.385072191043486	-0.026593657046819114
-0.42148939040045796	-0.4140109313884511
-0.29796968066055385	-0.2613323164993519
-0.1678314611364904	-0.20698744241449502
-0.4684844630497125	-0.454667057411462
-0.09630466037863172	-0.11378910027525543
-0.30426398930108967	-0.3167690906393586
-0.2902791355094081	-0.25606508474118744
-0.2933151624727337	-0.3403489269898961
-0.27138189882530384	-0.2734508598162233
-0.5298816289248123	-0.5203501611332079
-0.2915088945894535	-0.27106374648013193
-0.3122942242505058	-0.3027544281480227
-0.36754287990037326	-0.378887439520123
-0.3415477842036516	-0.3392279242232822
-0.2835488474374799	-0.25390814390280586
-0.07959798514536942	-0.14080896982417823
-0.300609366763517	-0.29969131105158675
-0.4560115304266432	-0.4528996776492133
-0.5468167994450006	-0.5396625141777872
-0.4210476915693775	-0.38268458000059524
-0.260922992568549	-0.2252489450542249
-0.08256823187205065	-0.07796353668080613
-0.5376870105968106	-0.5418891212904455
-0.4584291616583318	-0.4456537499930347
-0.38438743488829097	-0.39846940928451735
-0.16350126079503724	-0.18099429671853506
-0.3196103133895143	-0.31438546326673034
-0.45809364715180934	-0.4598608179095268
-0.4641020499698243	-0.46415436786066566
-0.38637754081612385	-0.40892925897759347
-0.46985763572964245	-0.42252417620476
-0.3062339157801617	-0.29658370885853896
-0.23058222887814317	-0.23081525292178942
-0.27104529887021656	-0.2562272564731633
-0.17624962690733526	-0.16978388513885703
-0.25193264500769885	-0.26623003452971983
-0.2527275340175308	-0.24462297627834725
-0.3823594822834018	-0.38939069192682013
-0.5352015727410411	-0.5304822113331188
-0.26873649703823155	-0.2684227328572229
-0.03500546255088821	-0.13169731369118606
-0.41364384536510457	-0.43137814984835654
-0.26140901153564045	-0.27081273962557584
-0.27146500437488896	-0.25859044256563707
-0.5495511473194998	-0.5445795972538197
-0.33754168070442603	-0.3434586206627416
-0.2590028320077771	-0.2538699210118673
-0.3840238116461858	-0.365776476360435
-0.2724474838835498	-0.24722907735234811
-0.3412909830716977	-0.3303397629610038
-0.2713476026740391	-0.2788225666494086
-0.2562801536824857	-0.2688829380834513
-0.23827595069166918	-0.27997268887930604
-0.3844735197569964	-0.34996133219275705
-0.41180570004899053	-0.41357612969384927
-0.33440005390026784	-0.34163864872400856
-0.2650344455022662	-0.2503000722095159
-0.2844700462106573	-0.28571689921910676
-0.1589719084068939	-0.2582400476235283
-0.22884160342554338	-0.2744830024819272
-0.3937232557317678	-0.373067592124632
-0.1396827441499191	-0.13707253715128087
-0.23070323103404178	-0.23246315418591385
-0.1237930046806639	-0.15224777084063687
-0.10958987208957005	-0.1175164910251424
-0.34299348301378885	-0.363888860497548
-0.385340560626771	-0.39670009683665347
-0.2664369319533133	-0.24436873095338582
-0.3287322511143014	-0.1687669139799826
-0.26576009909996756	-0.2564344295025112
-0.2696367922333245	-0.2781240077794098
-0.5068280180127172	-0.5131835584122899
-0.25237333271575935	-0.24738418109789245
-0.3506503582341054	-0.3518211490737171
-0.39605708586952915	-0.31559414282599096
-0.30604313563497954	-0.2637188033384824
-0.1664468422690355	-0.22708871804361108
-0.46530806513978185	-0.4556984908830067
-0.2683253974389075	-0.2997088837014369
-0.4250302572308229	-0.4297961454136263
-0.21649179613240577	-0.21772261242152463
-0.48359975679382217	-0.4857039898472693
-0.17878294783298365	-0.20468329527043452
-0.2986615683447269	-0.2933988689906595
-0.3922566154405338	-0.3938076312758723
-0.2999098106321725	-0.29595655346905864
-0.5279699393355983	-0.5295718757085749
-0.40809521941858407	-0.39027098741797256
-0.24033972717693786	-0.19444509549972783
-0.24488234449978208	-0.27882398471175174
-0.19732699983181057	-0.23146736765322537
-0.3850147528791581	-0.4016878390632184
-0.4326507242656419	-0.40257788120741095
-0.5226657884810315	-0.5152753253251217
-0.22222011194713076	-0.21812834057969682
-0.12306935410108544	-0.09128326775462822
-0.23446562841153984	-0.24153861337843097
-0.3978058024200024	-0.09106387484795127
-0.2642796069243616	-0.2760246848265925
-0.2163418289852217	-0.21680834076377195
-0.20311766052840952	-0.18724537626061005
-0.17842828853357418	-0.15299400952568074
-0.2919359743994683	-0.3007647508576352
-0.24622411433309388	-0.2644622181158765
-0.3068357564205151	-0.27562285976386036
-0.2582891326519636	-0.25560456531263787
-0.22657262955442192	-0.20627642092463724
-0.40749346241594964	-0.41061590571942624
-0.5009076661301641	-0.5032954100462218
-0.5230381809245301	-0.5211559122886863
-0.3298905466598985	-0.20863913935318257
-0.43890840970848366	-0.4197177752362613
-0.403760628723532	-0.3389490996079603
-0.38057199690752697	-0.39488422640355236
-0.384395980933796	-0.3609062326337171
-0.3888172943062074	-0.3953411424292689
-0.3503321005333486	-0.31736373169079246
-0.3353180909313238	-0.33414149698996287
-0.24112862927716705	-0.2407493627270756
-0.4419740042894915	-0.4390917459724797
-0.3834705633106257	-0.34998314592586627
-0.299200820768867	-0.2937287586920243
-0.33046119552441056	-0.345767802914844
-0.3831157295184209	-0.39310310834153467
-0.35942550540949014	-0.3524905169002716
-0.2663389681980952	-0.3090636359770398
-0.3241203311650267	-0.3173549906830931
-0.32412045046365456	-0.31611845793164706
-0.3490372363026495	-0.33782540360915647
-0.40794058962156576	-0.3971745048865387
-0.2754274348539809	-0.2823419741607894
-0.13746546238770918	-0.1347941938349349
-0.36958554514205844	-0.3619480973179002
-0.5441846239805255	-0.5354820854691936
-0.45971321621222216	-0.4511638696869203
-0.2717264659246119	-0.2590611937972739
-0.11157115852976318	-0.20405522503491622
-0.271459891268524	-0.27161440518621416
-0.5057209895101202	-0.516997215939073
-0.5449057388518845	-0.5602577490273944
-0.2588173542555783	-0.2581835655455839
-0.43927003730096637	-0.4209267220174359
-0.28497891804692443	-0.2908156568428077
-0.2614791740530791	-0.2815242928199631
-0.2945088073837212	-0.29651087729834535
-0.07826095369132702	-0.06741789396014496
-0.14454182392569415	-0.13242787024736816
-0.4275556446779234	-0.44056651347209813
-0.3362774637310437	-0.3135254126305865
-0.10981936674417092	-0.11574069155974334
-0.21263584059164842	-0.3121428163453571
-0.34009714660700574	-0.2976605513158299
-0.37091554797940773	-0.3837662750360437
-0.1731037982860748	-0.1617250186581055
-0.23130263465519008	-0.2774644390368477
-0.26064236978331934	-0.28521179434264854
-0.20379385921406445	-0.2166930540916406
-0.23680226730131082	-0.23342793862848363
-0.2308234028834022	-0.22904742494733032
-0.27826243187073985	-0.26579208775757285
-0.3101744604097192	-0.29672149818444493
-0.3794133128710975	-0.37915197746452134
-0.533239041959396	-0.5338393497886772
-0.3501699014006743	-0.3552782688598285
-0.3805748590436302	-0.3546964984977719
-0.2235319840355725	-0.23637703370313232
-0.2132271499805789	-0.2352923114799629
-0.30538033935187414	-0.2919221066865389
-0.08271178921081201	-0.0986546831440618
-0.29888198769162955	-0.29598616258615157
-0.19692360315301372	-0.2010703779323135
-0.37750852128909784	-0.359171974083392
-0.46068070384664495	-0.471581058772464
-0.41550278175628463	-0.4300113460174345
-0.1765175672503254	-0.2578975187215843
-0.2698919432329987	-0.31884398730198343
-0.48517927578256703	-0.48071022216260695
-0.5656786605674355	-0.5630447047830811
-0.49738038222810665	-0.5056628661792304
-0.18853491908400777	-0.12933625163566317
-0.16379204529581415	-0.18914651313155342
-0.3382700821556597	-0.34949226369547415
-0.364636780938584	-0.39062625100934933
-0.2583409091188287	-0.23934409663802264
-0.2868258179655534	-0.278189516225503
-0.21763272623103092	-0.18410690661425136
-0.5291786732448482	-0.5249833310089989
-0.266711217213615	-0.2914088052037064
-0.2989142065403456	-0.2537516822030561
-0.24642850526944926	-0.21983001245878606
-0.228168360431507	-0.2824064135879008
-0.22731823499513482	-0.29997341234636404
-0.48095628449134864	-0.4778809301891675
-0.5647173014653912	-0.5417204620420317
-0.40480337941807676	-0.4175038572743768
-0.2577164955719766	-0.2949851562220907
-0.41484778900094277	-0.42327724431941527
-0.3002401884960264	-0.30026160621126696
-0.34197834105165015	-0.3154900110981943
-0.11333218799569877	-0.12423135460944991
-0.2576648293157433	-0.25529227342473493
-0.4173722583706585	-0.3523307742794131
-0.37951761849775245	-0.3696657543838537
-0.4041788113274869	-0.3782510449642256
-0.25965256679198845	-0.24912207522428337
-0.2328204776932985	-0.2854715439325334
-0.2103869933311593	-0.21054395139298124
-0.4939321612643184	-0.46416748827031706
-0.43241684744332964	-0.45683482991101054
-0.3701371762236114	-0.36454353718442695
-0.41120548146185776	-0.4126442298262982
-0.29854343925464377	-0.3217977575974572
-0.24666742982322276	-0.23984979482604288
-0.26548764736420694	-0.2720087049895516
-0.39914117477448485	-0.41847260135777326
-0.23331706627674365	-0.27012547203603404
-0.19078009661414796	-0.18006289478874413
-0.3714852782115834	-0.3818107014503566
-0.5389148259828183	-0.5459537819681302
-0.26659813505864705	-0.2813994639946997
-0.2420476055284091	-0.17559080597439883
-0.3820462814823049	-0.380409894093145
-0.2995776761555664	-0.28910130515577365
-0.501152330482368	-0.5048594410903877
-0.33598976126536506	-0.2853223999303765
-0.34240619031415065	-0.3344396501312021
-0.3269553416369142	-0.3290821058944894
-0.4056658373402975	-0.4663885117192033
-0.31236951969023785	-0.2830250346655534
-0.23897992933087053	-0.27461359169817645
-0.28725987600004466	-0.31729552789590365
-0.22696314889709157	-0.24294125991799229
-0.49054527335628606	-0.49292853850336066
-0.5005573154629701	-0.5078483016843742
-0.2539111397314926	-0.2559057949496899
-0.18386240694842826	-0.24795549288926177
-0.435143033358635	-0.4232070518270342
-0.31089418530526913	-0.31185749035866156
-0.4972872751201791	-0.4836764109511026
-0.40187661504710803	-0.40122874816422666
-0.20915217907753458	-0.19654412367012272
-0.558437293163248	-0.5517278672390381
-0.23061676320348923	-0.2857447400081246
-0.5142405754720762	-0.49698522360894903
-0.2810919221823127	-0.2652721634770681
-0.34187124851979256	-0.3420988202595594
-0.3345555275176224	-0.30188794599394947
-0.4600541561670184	-0.47270704558007914
-0.39666257442229025	-0.3835668992255702
-0.36566541124703633	-0.38232901311274503
-0.33925665451880604	-0.2462938032040259
-0.54509278863787	-0.538467868753453
-0.2884437377926865	-0.2651445206043659
-0.31785597613871097	-0.33714944734238556
-0.44977785141258764	-0.4345900819880539
-0.3114812923398116	-0.29743343542419176
-0.23475408489086647	-0.2537680881484204
-0.540710391700415	-0.5437864078814005
-0.41505441266638954	-0.39921827987343605
-0.22699964942478523	-0.25707102499301504
-0.29041054118683896	-0.2855559740305237
-0.25081985281876484	-0.2692091592476083
-0.26898724745436375	-0.26742427887846315
-0.11606042507710157	-0.10374853856033349
-0.36558824317406113	-0.3466861675083514
-0.4376321834187955	-0.43512771795156674
-0.21738137470817165	-0.16408291276441256
-0.29137908657432554	-0.3137239233622765
-0.5312864914891762	-0.5287843365250345
-0.3459192810970819	-0.3025768877315471
-0.3524769635240119	-0.34270644794527266
-0.2804359617541117	-0.28912862647628557
-0.3967634077186055	-0.37994685504264913
-0.16606000891705008	-0.12284325000175741
-0.25464090008676266	-0.24485824984179133
-0.5543855554094854	-0.5537252283902465
-0.5011420044674928	-0.49491004938082306
-0.4184860564262287	-0.41862948525111543
-0.41677524028111534	-0.42049610432192136
-0.25875226844386034	-0.2653505380765603
-0.37097046988348126	-0.3272024297393586
-0.30717841951148017	-0.33349845485761853
-0.1412391051177	-0.19462541025330063
-0.4524667994745002	-0.45302805923627193
-0.4181054523647205	-0.4215898872502452
-0.2596169803122024	-0.27366490645102565
-0.2518169067391227	-0.2530886690580935
-0.3176849009326226	-0.32525779404881167
-0.350325455452948	-0.33991136015802853
-0.33928123240797703	-0.3136233450806711
-0.4158102225280018	-0.40833033085935516
-0.3619846026811402	-0.31625049468016336
-0.5072772049962886	-0.5297061541321236
-0.10918968739542478	-0.10948776613876117
-0.4545331591294346	-0.4605783265032801
-0.3817416790615642	-0.39471713767780975
-0.225493833206718	-0.22878131842001556
-0.260371220826638	-0.29124349324149845
-0.10564398805887976	-0.1321584672331876
-0.35049023356460296	-0.3569731108138468
-0.5101395663894497	-0.5084454889230765
-0.4140242468425086	-0.3982188340306398
-0.3758804481673792	-0.376512163730347
-0.2650876604305594	-0.24030683132848576
-0.36666145024745944	-0.3620718720382903
-0.28976413812719315	-0.2598550456433725
-0.20100370803030287	-0.19867043896147657
-0.34567332464805745	-0.33306083489577754
-0.10329009406517642	-0.1355692692111135
-0.3685938851068613	-0.3589587735761808
-0.2774562056666312	-0.26465126831958474
-0.3684224359268029	-0.3596491562312046
-0.4255608004682152	-0.4349518085675081
-0.44116167708655496	-0.442282823233833
-0.36928552458670083	-0.3635724562933941
-0.3990372831857414	-0.3904177973877095
-0.1887443100086834	-0.2471009626180536
-0.14230757842951647	-0.16160217616547903
-0.16369909041938158	-0.22904105403528965
-0.24201413934230054	-0.23228437032374097
-0.32481959182054254	-0.317095663075673
-0.37934680443057545	-0.3810258970330906
-0.16632396574638264	-0.18271705279878483
-0.3304969113200329	-0.3135677761179473
-0.45384598333907533	-0.46862244132896896
-0.45354151818599675	-0.45592374402855507
-0.2875992812173358	-0.28407515576994224
-0.3959353307464468	-0.40510858514005615
-0.42263104864985834	-0.4218732098144005
-0.16017977922047066	-0.11623451505238205
-0.10826930849834504	-0.09444128340628846
-0.13462994735255762	-0.14398428381921752
-0.23862617443685608	-0.2525948977959853
-0.3758496057181908	-0.3988547504496097
-0.2617974566529284	-0.29651459741316327
-0.10606886973869578	-0.13047083333602927
-0.25949380751592166	-0.2927977838811188
-0.2157390111780586	-0.21142771018178894
-0.13037464551154088	-0.17830835303650483
-0.3512385424141229	-0.34991708984336284
-0.2931310060406922	-0.2981356177640589
-0.12366669740639225	-0.21013046244788394
-0.4133967593380614	-0.4179530524105362
-0.2902878889124345	-0.29519346976653926
-0.3992014582451091	-0.4083433783016439
-0.35794483674164823	-0.3688828167008539
-0.228558722382326	-0.22991882841898795
-0.2618526604740694	-0.27045009086443783
-0.3393299219686412	-0.3777857802560966
-0.38993942734086495	-0.3947242245802082
-0.39369058382175837	-0.3907317536316419
-0.29280984886523775	-0.28760107324263007
-0.23399677094885973	-0.24776218385859292
-0.10530706883433005	-0.12748631588107656
-0.3080736848644712	-0.3077166287448826
-0.352103933631275	-0.35804432425784505
-0.08554824075268286	-0.10905501873638208
-0.2741914328586468	-0.26786219802827144
-0.38931325036987907	-0.3954480043542727
-0.24634415933889997	-0.2543488049101188
-0.294706322973429	-0.32441301550534024
-0.3761314920257597	-0.3572909816229419
-0.24230448513442226	-0.2569302756082687
-0.29264108287586055	-0.282101760473536
-0.27181067938551706	-0.25204324036084796
-0.0836031700357136	-0.07901699771119312
-0.35838405453009514	-0.3837287144368851
-0.07677682223570415	-0.10714372068669425
-0.3914035863953256	-0.3874782866974931
-0.5164300545151157	-0.5137885851491215
-0.2930204218033978	-0.2807630413424016
-0.4217889462948463	-0.45285452158560535
-0.353124825241828	-0.34823272819267537
-0.4729945464700087	-0.46451814676311154
-0.25140325960852294	-0.2557857218127593
-0.2195728336044347	-0.2360863542731375
-0.5219278073732738	-0.5252451218040654
-0.31641652345232885	-0.30642906392123687
-0.1578096198470469	-0.15927459851972411
-0.38388793858126924	-0.38139403527571464
-0.2100230943189505	-0.28700389785505825
-0.3149011535640973	-0.30098516011394333
-0.250291347881026	-0.2813716250541397
-0.2277972665472099	-0.2384122580241573
-0.34993987921548	-0.32062389877762904
-0.3238037986903599	-0.30613775965095935
-0.3532234254772746	-0.32591284888289473
-0.23640028909634125	-0.2816885141480885
-0.14935950237865114	-0.11011568506844584
-0.2630244874505614	-0.25774789035816226
-0.5529474125332197	-0.5479300727165755
-0.3983521362345961	-0.3760334640541682
-0.2744873418198104	-0.2862241875590717
-0.26628937858756174	-0.25526022547105043
-0.34225538610076534	-0.34642767446020073
-0.2694705710347556	-0.2510923761626976
-0.35748274400356905	-0.3571517393579699
-0.28139908929132673	-0.3131716727370649
-0.5111623333843536	-0.5020846627529596
-0.17559691656283505	-0.1648985953148283
-0.3879884964649811	-0.39720144473376273
-0.21970217194322927	-0.2192997887513722
-0.4022491327441884	-0.39447476592226827
-0.3275358453836219	-0.23603433355416123
-0.32975951525278546	-0.20312968465453643
-0.08414945206577684	-0.11164400149927635
-0.3067937724402423	-0.30921900082624654
-0.2576468414121198	-0.255224015830487
-0.24932261391973043	-0.24802970684133752
-0.24024277921683002	-0.23434320319775942
-0.37334916058004275	-0.36972654258299087
-0.3340810172177857	-0.31399030511534026
-0.33924547290012974	-0.33759389899890957
-0.4907120430489975	-0.5116173286444614
-0.3154006237408602	-0.33054630860957146
-0.12078956613926906	-0.10150686757344811
-0.5289248858345061	-0.5372363599530089
-0.2742671442151181	-0.28442639744098636
-0.2428791982324423	-0.2139676123174054
-0.39343584393795084	-0.39199537642467996
-0.18144310900714444	-0.10671771179289195
-0.09112690770610854	-0.09756173019947975
-0.14221976097009303	-0.14767558257598937
-0.5498938192185072	-0.5453571155282331
-0.4894747637527672	-0.4835535532387466
-0.4236675689151106	-0.39104549189526694
-0.19588129799780596	-0.1859080921970582
-0.2659013081615331	-0.26936892252385236
-0.27135801856698194	-0.27252536170761976
-0.1013527673101855	-0.23852734462253095
-0.5388655011562022	-0.5431229753902074
-0.33485898780320866	-0.356308016709278
-0.3550475945240521	-0.3312978927095474
-0.27356164926169235	-0.3034843470605651
-0.5241227731250895	-0.5131213857135769
-0.5419371858308342	-0.5394182378037709
-0.32032692172146326	-0.3275021796075773
-0.2163369565792017	-0.231463157314358
-0.2701624086964607	-0.26175417900288983
-0.21674005012059183	-0.20612061900958498
-0.3105693819060473	-0.3211815289009418
-0.22671310964900115	-0.2361532269233821
-0.265071637847651	-0.2687934943499468
-0.2683937172342148	-0.25579315677878756
-0.09064339065287896	-0.07682381160146619
-0.2932614529036375	-0.29430773373873725
-0.13851886498675015	-0.15321745674436493
-0.21832487579906967	-0.17343501279911724
-0.3515194067052896	-0.32677193105615626
-0.27958586188474577	-0.3066747323367976
-0.34199353530618737	-0.3260240128247148
-0.30872951358954737	-0.12526757807621144
-0.19831044310175372	-0.23434718902517776
-0.4031256570904098	-0.3940832021075711
-0.468980505426531	-0.4631385852424322
-0.3704320916698407	-0.3923201594714236
-0.3214462031126786	-0.3503391223169691
-0.4490068377307459	-0.4361385002162142
-0.24660933071584346	-0.2656649223471939
-0.4664611618407264	-0.4851290545992335
-0.47482927771721783	-0.4045659049683297
-0.2736815231190448	-0.25083186605212143
-0.07205349797676774	-0.14041471852596304
-0.319401400719606	-0.2985066110272661
-0.39122801942458985	-0.3884098928140931
-0.20860904853980777	-0.21786286198038546
-0.34331641653739275	-0.3445225803894783
-0.5460679365991812	-0.5397520601754536
-0.3262819693021335	-0.3095582140239214
-0.24652067776736608	-0.275567599170196
-0.541831925336739	-0.5350844185811275
-0.24498757199197208	-0.24177491470057705
-0.04557559222723029	-0.049935820896728586
-0.17745232504724484	-0.01938225676127675
-0.2838325935257693	-0.3021543588173441
-0.4071244495776565	-0.415735122140839
-0.2573531514773606	-0.2482679424359912
-0.47623891513449834	-0.4755766003161954
-0.32103282598605354	-0.2915250120299009
-0.2236815170793811	-0.2146018573484188
-0.26318424944508756	-0.31188800000053457
-0.3465385480391632	-0.3391221220943056
-0.23676977728887394	-0.22640608016501537
-0.41812026897038024	-0.42784175661916507
-0.38984114496284406	-0.3673388842636621
-0.26693092407739094	-0.2600059390025864
-0.3142979788649569	-0.2959932041339843
-0.3127133020249424	-0.3021938761151731
-0.47177798944762195	-0.47937828603542043
-0.30435443932271866	-0.28049186607732873
-0.2512975737875216	-0.24388657975517977
-0.13530783742661612	-0.09961365122046512
-0.29453132766886725	-0.2962675693654235
-0.20026759463540422	-0.1960828120287381
-0.3944781094132743	-0.3980319059744072
-0.2235033000299751	-0.2140372971886309
-0.28900198713436964	-0.2996643598776191
-0.24997364821490287	-0.25455751765084333
-0.27325723439419747	-0.24094579566635976
-0.24636882953378958	-0.27408534894106834
-0.25240314783921036	-0.2400431101059064
-0.27388531781435077	-0.2654415086654668
-0.4468819634529666	-0.42811937198217237
-0.3765117837559675	-0.39409887416550465
-0.1315834925525614	-0.1484036525352051
-0.4339423703208496	-0.4482270091342443
-0.2873088572367273	-0.29165536079539717
-0.3580586843733453	-0.3500840195025635
-0.20146256423805653	-0.3206515642528077
-0.5388946309200442	-0.528723622110451
-0.28300716729759934	-0.2839297667918939
-0.23049871560831647	-0.23888066778792505
-0.3749663999436095	-0.25885981846848366
-0.3808629369569392	-0.3899423843662522
-0.25214593519185513	-0.24280610007557224
-0.3673907393527358	-0.33539812889413345
-0.2769813401324335	-0.2649841566423451
-0.3649700689264428	-0.3401882063119137
-0.3595432170391071	-0.35505300997151634
-0.46729791478457017	-0.4561434066285877
-0.3827031094860871	-0.36419044463547645
-0.27487767227170323	-0.3009907027189264
-0.25314050976433755	-0.2672344894300406
-0.3952196323665298	-0.39711019736727177
-0.2455827872659544	-0.24156657287044994
-0.3510250830423125	-0.37016742928599183
-0.2717595629564862	-0.2741423116778655
-0.3439897515001302	-0.34592979538416235
-0.2711751978188417	-0.2816660103604114
-0.41493412493240456	-0.4030416692283828
-0.4752039460875519	-0.45958169706008456
-0.5685968627298106	-0.5452197104430517
-0.30096321567618567	-0.306148040116836
-0.30790360297331887	-0.26572000912932464
-0.08326102149295522	-0.078875989561139
-0.26612844522536605	-0.2347553436126448
-0.2791208344739786	-0.2744746809767182
-0.08919240364915737	-0.08382497316311677
-0.3357089156919706	-0.3338252782912988
-0.07909623845051428	-0.09857122462651603
-0.36555889464393587	-0.3608890706840302
-0.2651036707528842	-0.22056445078654244
-0.38064539389741014	-0.40040693533856725
-0.24403414846959848	-0.26971432595953837
-0.46051702487175916	-0.5059947093052252
-0.2752966057565569	-0.2951649441179977
-0.27467778924216546	-0.3081982335214345
-0.397428203601109	-0.4056673265106068
-0.20769197869693024	-0.2989656191830966
-0.5436635128175702	-0.5193295386233269
-0.26421582096300256	-0.2624073552012529
-0.2717763987572823	-0.27374201680891336
-0.40996094290612106	-0.3434172698338375
-0.44790927160341454	-0.44414616962157427
-0.315985223471154	-0.28857155427608994
-0.23314647670619948	-0.2313629656390479
-0.4800078961022791	-0.46950052081703686
-0.5432393211681834	-0.5325778030174568
-0.4533584769921628	-0.45714503055634786
-0.41105277036324495	-0.398945730051771
-0.4374682537636936	-0.46684084993533476
-0.33683680362219803	-0.28106985355933917
-0.2825031422699791	-0.28705370298110855
-0.5155758520066929	-0.520509870079674
-0.379089526060989	-0.39692444591689147
-0.1478037182988423	-0.1461021925798417
-0.26273064924762934	-0.2736994435351999
-0.37817369183557403	-0.38353264754014343
-0.5276928416276956	-0.5404720413039986
-0.3880589889846462	-0.3793659146900741
-0.36788269713345834	-0.3542380132709806
-0.39645488667772	-0.3897927429076711
-0.40462657601792884	-0.3998929367054949
-0.30123483207740875	-0.2783056296936339
-0.3521583954681269	-0.35441285885929924
-0.10797460617753174	-0.11592506746987763
-0.337053125776567	-0.2962401296259644
-0.2560956324461685	-0.2465538061274025
-0.30838131440850347	-0.29539416153595816
-0.07229200106603706	-0.09075000890353142
-0.43030996915238795	-0.4552914991495691
-0.4403423143056262	-0.4341479739395565
-0.335480036681151	-0.3294244063524017
-0.29870744057921783	-0.3309574897003212
-0.3537551677008324	-0.371539359845121
-0.3872580044376832	-0.364617084079505
-0.5294989324799637	-0.5089659034843433
-0.15418809340586037	-0.14131043267605103
-0.3323784842540487	-0.3311635170393585
-0.36091914601416164	-0.39534104560852756
-0.25874025597802586	-0.22765376171370058
-0.3678357594106245	-0.35405232268024955
-0.42178146099728764	-0.36391530454402843
-0.17190953564615263	-0.18340372665961202
-0.24092583284854108	-0.2428698880675056
-0.53311644203378	-0.5332452676623886
-0.38353260323086147	-0.3865471982910406
-0.22512156579933773	-0.22008076691762601
-0.44519470978300646	-0.44928640721552077
-0.3031157950090346	-0.2925482206327058
-0.32196619137782534	-0.3140317870052413
-0.35158730183730214	-0.36031932572103187
-0.25120018252191123	-0.25469870667609285
-0.21865886700722115	-0.19589245529902732
-0.20645830184859904	-0.2110219011339102
-0.5591242521859456	-0.5657529473134426
-0.09396002278247728	-0.06634136846626776
-0.34126723905166756	-0.3374702096265701
-0.212741126486236	-0.23437548526048188
-0.3113624157179373	-0.31747999598708526
-0.3544398146718013	-0.3634445177972409
-0.38038238061973395	-0.35950258379071076
-0.22158412724193255	-0.2460888005810077
-0.28074029553387625	-0.2775254867987292
-0.2791024463789231	-0.28393081207019893
-0.315089790662638	-0.33089150317460264
-0.0927431838352284	-0.18307244112813148
-0.41508875674331236	-0.41474614926090503
-0.24965819115521448	-0.27792044272758953
-0.36186307080311053	-0.34760837329323074
-0.27660164844402146	-0.2756067337273376
-0.32785167851415054	-0.3608771049772257
-0.18678596871227526	-0.23331160914521668
-0.2624785597807815	-0.25416741263406406
-0.43195628506611783	-0.42460675361839534
-0.3956171746248742	-0.38907083401023196
-0.11224822656854272	-0.14398525586176575
-0.12144349900282947	-0.09408734823226389
-0.28246461318918037	-0.28569937376002186
-0.22050963975033788	-0.2775918356619145
-0.07925933840730437	-0.23961351843466566
-0.3204025756537039	-0.27739316378902745
-0.3177777122000336	-0.3471632477942031
-0.14933182637662057	-0.15687442097993728
-0.2720572319898178	-0.305598371587148
-0.32052816656333505	-0.3497452063357249
-0.40326590793771544	-0.3740308044680946
-0.0357661069585653	-0.03427211356742548
-0.2437405828728476	-0.24928201342764686
-0.5334473552962571	-0.5357546853194524
-0.5095029918814422	-0.5134867783373364
-0.46968870929076445	-0.43158451485577254
-0.2816272195118259	-0.290560040735969
-0.3719012319798729	-0.36054704457268066
-0.43591000458222595	-0.43836889957935987
-0.3151860777125819	-0.3139865824878601
-0.17226519060364964	-0.20449507269795672
-0.2950081934433477	-0.2560250767179432
-0.40122607473272964	-0.4143518058919013
-0.1746240427808008	-0.26362374442684067
-0.22839687558667876	-0.19796533519391357
-0.42061054867400394	-0.42061499404252883
-0.06636734459141103	-0.10675220051014517
-0.4975500443513532	-0.4911513443572853
-0.10762986970061661	-0.1175963478382853
-0.4267069978720581	-0.39539948181951
-0.4264243802144545	-0.4127222160601845
-0.3945411361389404	-0.3895316306278345
-0.40378431999687336	-0.3994091218617859
-0.3531218573706294	-0.3440545691356024
-0.19031670890529284	-0.188214391181728
-0.30980153302910907	-0.29364892173083484
-0.21053853221022223	-0.2245532759171211
-0.37888620129169226	-0.3728865312996634
-0.31716210616424867	-0.337363872455086
-0.2367858187549814	-0.24002154725811445
-0.20706140214659285	-0.23396166573806462
-0.5263593861603546	-0.5227848967403514
-0.35671684200788434	-0.3394400039845221
-0.21999893216280597	-0.21613862570073536
-0.3739019656007443	-0.36474600484945985
-0.41012205457655426	-0.41681185939655113
-0.2641464930678161	-0.26176127758128154
-0.3972645841230644	-0.3897797465244437
-0.36188048315135823	-0.34384405154321723
-0.3279508677828602	-0.351458739682758
-0.1327351619644137	-0.049807977659212355
-0.4693980128381643	-0.4673245953001142
-0.23209707433990623	-0.23929423338862613
-0.3599202174209637	-0.3485956865724114
-0.13763443293616717	-0.0867992275532067
-0.31707247999727173	-0.3190244209563478
-0.24250228574691768	-0.2170338458821235
-0.39582514489810094	-0.3897025488869013
-0.07767421253568152	-0.07008734280281967
-0.1771228798346698	-0.18622890821817983
-0.38863997984372567	-0.3794148556342622
-0.28071400449143624	-0.29887616196298505
-0.27834410083841377	-0.26066445005763944
-0.2823001334782802	-0.31874397053264647
-0.3093171543053401	-0.31861203467236426
-0.25630958114728486	-0.2622783963726973
-0.14808768542647854	-0.2080697057596071
-0.4122973993587493	-0.40332363603781296
-0.17542318931599254	-0.14424529149350496
-0.2688353336352449	-0.27026214229369616
-0.21374353992792194	-0.24051830912348035
-0.33605006147347893	-0.3235024562429849
-0.1398194968629376	-0.20284403796087
-0.2967854336328202	-0.27518424387780926
-0.5361568727325192	-0.5249047630159832
-0.27921147888801556	-0.2984176026771345
-0.568219473450311	-0.5589122578509184
-0.4100397121030337	-0.4172135961343197
-0.44275826061980617	-0.4421956230124662
-0.13237924042245375	-0.1739448664721749
-0.4054458560060539	-0.400771049627452
-0.09858516417133423	-0.13339163649402644
-0.5385365394032302	-0.5516867718809837
-0.27465267990884357	-0.2980176513957366
-0.5609666385492034	-0.5624313399427123
-0.5396177766018067	-0.5295284741756584
-0.26551322111895104	-0.24817888595861676
-0.22903214240149516	-0.2863452733136299
-0.38016225596641817	-0.3735052480662091
-0.2498610235324321	-0.2504097369569063
-0.19310145982396065	-0.09536169834842487
-0.11095524123019018	-0.13115961468272055
-0.37942077455464585	-0.40608191831614365
-0.49356052438188946	-0.4848590404577246
-0.34305469673715017	-0.25614125166301605
-0.4448366578801277	-0.4417946230761494
-0.5397089436576596	-0.5401791994541698
-0.1931429827775233	-0.18849542166898375
-0.32352939089518884	-0.27449509012437706
-0.4278094785356288	-0.4317127328997838
-0.32635545760950535	-0.32905658540985544
-0.3714445107475388	-0.3593449309393978
-0.28679422014696954	-0.27391571268329895
-0.3738899852789146	-0.3632820574249838
-0.3398903005547371	-0.195173993838476
-0.17322866977629303	-0.20432994245291514
-0.24700466790163844	-0.2545511374876046
-0.3378011483805814	-0.35474631659258904
-0.23354752714636007	-0.2727534506627157
-0.5324809466106988	-0.5360953567583903
-0.26151989779022244	-0.3543789338890283
-0.4385885808777026	-0.4333246408737288
-0.2661790385056655	-0.31474925712827206
-0.36467180506426544	-0.3652451943533225
-0.08156950548001163	-0.11570473554630067
-0.5079328448652944	-0.5000241291076816
-0.11126965858287896	-0.09248671295535078
-0.46829569758256184	-0.4109233107121063
-0.37673020377612865	-0.36503933494650653
-0.5466579594191323	-0.5477332178524081
-0.510092831773834	-0.5067585216687089
-0.08602064148312749	-0.10824406307622926
-0.26680371187220686	-0.2631502091766765
-0.2551093172126606	-0.24223621959500924
-0.10187945907667739	-0.11305581614670075
-0.41814828021889916	-0.42661589969529023
-0.3932078529489065	-0.40186061947750695
-0.546107157884375	-0.5446311931350114
-0.2652326139509231	-0.2623547284198514
-0.33890937580255454	-0.31979347467097313
-0.4273978831559102	-0.4320583334899611
-0.3892655870323125	-0.3862855596621023
-0.35489562168219635	-0.3264762214291422
-0.29609815829923036	-0.3145513448347346
-0.13660485512834875	-0.13603064853855304
-0.2787139536593273	-0.2755662366361032
-0.22746843933732208	-0.17804922053725264
-0.3368022500449612	-0.39160491474208703
-0.24472812627474738	-0.2325389998765465
-0.45159406124645507	-0.4344026071323471
-0.2480399877750905	-0.25038339986967173
-0.5450611086946324	-0.5250194279532062
-0.09188868110251036	-0.07713347246801165
-0.2798275179370897	-0.26340278325833155
-0.315421029821394	-0.3146754274568865
-0.30825265843115446	-0.28092107819811085
-0.24079718000482586	-0.2574870891044839
-0.22904973104343185	-0.23349040948633198
-0.10995126368692709	-0.10645102618972106
-0.44171136017611445	-0.43726562745360564
-0.27611159398704643	-0.265864072240325
-0.19834198897014765	-0.22020590645252908
-0.33276270537059816	-0.3513534921318311
-0.5332020397702664	-0.5232508927937599
-0.3616789482996374	-0.34789406826110203
-0.4053999281525602	-0.3832835946708768
-0.24654789583684078	-0.24394201508268906
-0.3699610855616058	-0.3856524075115695
-0.5264977557503521	-0.48809294129956066
-0.35867316806950456	-0.37298451815212386
-0.2161192786570627	-0.2215584197507453
-0.45526438983520734	-0.43680307628370785
-0.41800907538317666	-0.4289572624946596
-0.36454893215021933	-0.37298442051594916
-0.35266273321793307	-0.33146980823174427
-0.12075709006004232	-0.12866551115219454
-0.4896967454140366	-0.5043705290658114
-0.1060254348344376	-0.23876006474351527
-0.5261631635980528	-0.5178197701940139
-0.2339782062841138	-0.265113844278636
-0.3045675429905188	-0.3281164773919022
-0.19281566903966407	-0.16534287227998543
-0.4196869548381805	-0.4105376665953544
-0.3916604629103517	-0.37313413490309866
-0.3041396926257107	-0.24585433778113747
-0.3642856392036524	-0.3508083605885132
-0.4229623366762105	-0.4382743411410187
-0.36635056181053827	-0.3358708316416717
-0.20981931766106676	-0.21237848807512621
-0.31976345383759863	-0.32598177098966813
-0.28352948349338547	-0.30743438988805155
-0.42586096669746176	-0.4198295479030781
-0.26368507048712253	-0.38203454513548535
-0.41783181285307336	-0.42499774186708894
-0.32158179898137895	-0.345112064308893
-0.2289627503616174	-0.24388577241568393
-0.263296668850451	-0.27410524248805007
-0.3684457422760854	-0.3498986308160465
-0.3558257239781817	-0.3579774967422199
-0.29149854610796133	-0.3036864061759334
-0.008654074998645456	7.714487546253416
-0.24799512326116258	-0.25526896448105557
-0.3888759091887888	-0.38334424399144396
-0.27360078329881077	-0.26898317624705487
-0.3640004204321041	-0.3773798328871842
-0.3697949524985038	-0.35508336537756097
-0.3806650497152546	-0.373133970962722
-0.3597397771673272	-0.35028782759393784
-0.35485468795130615	-0.2682138465216114
-0.5514533038522558	-0.5496428025983002
-0.05514427415276124	-0.07963063256982349
-0.2694914771880246	-0.27722381239152727
-0.4930558335248669	-0.49295477073016947
-0.3089682044583846	-0.31919596229394925
-0.3495970100943957	-0.2985592653517058
-0.16443819193883868	-0.17096713486444126
-0.38061189307996557	-0.37890739021631115
-0.19107806738522015	-0.18582984443936731
-0.4283800326633127	-0.44347329706598526
-0.4305168132609474	-0.4218908740440207
-0.12191532214338174	0.047990121734904016
-0.40780320818760885	-0.37353826504239684
-0.32952712035387677	-0.318179215230986
-0.3827459302259957	-0.3773006681260703
-0.418017488271218	-0.3574207998114479
-0.3702842653370695	-0.3752282227720195
-0.28780681830634514	-0.26386784060626506
-0.22237329710096887	-0.2180721664944252
-0.35632885823152805	-0.3551362899387078
-0.40557277553311444	-0.4113394293530234
-0.3875221968354463	-0.3777490704961449
-0.2903240274133463	-0.2982890688090072
-0.3857850630888944	-0.3809891327415449
-0.4132681715780926	-0.4108483963092825
-0.2846980637066814	-0.2696681306096446
-0.40013006641768634	-0.3921886659690256
-0.06441705586201962	-0.23794886788424022
-0.3628059410587703	-0.393383086688992
-0.206836376715394	-0.20794164402727724
-0.3359634989051443	-0.3550326496723656
-0.3239002853533499	-0.3622655684545952
-0.3599636829999202	-0.34551461427950964
-0.34726969767697113	-0.3301317651983584
-0.39238923576718143	-0.3890423271155147
-0.5695432441752644	-0.5688193561188659
-0.32037159432705664	-0.31179768370626765
-0.2516999645271145	-0.25608572358893866
-0.22979328658825793	-0.24133157675406416
-0.2705104410289305	-0.25413103786293006
-0.31693916206796224	-0.3451264653127268
-0.3746283683656131	-0.35973376560286896
-0.34693616667946614	-0.3418120819457798
-0.05260331177507993	-0.06767739236440701
-0.16950314969400715	-0.12902983091545764
-0.3913361395334576	-0.3907763437720836
-0.2545433554074883	-0.253581542697524
-0.26795530544892365	-0.26304973617340305
-0.3989898816835904	-0.42616348774241813
-0.4503009312739614	-0.4351931064880741
-0.5000800254652926	-0.5004549726169945
-0.3180886962876812	-0.3354268366901324
-0.3841595192066034	-0.3629672993920647
-0.400868569479794	-0.39524292405756617
-0.3938519062682424	-0.40014255394028425
-0.4407976643959035	-0.42247169242405763
-0.37435928943376595	-0.3209007016344858
-0.3509901284948107	-0.34698771686627333
-0.5324572270066046	-0.5303769966689491
-0.27271319384106363	-0.31001563724224773
-0.3213560574421397	-0.23300101468909437
-0.24095621698329595	-0.24582657645667527
-0.47413640009805036	-0.46812462420303136
-0.557690020091858	-0.5534369958884774
-0.16685505964443692	-0.15468545994223165
-0.26962401995617746	-0.2777104657377345
-0.27055334297138955	-0.3540272021763646
-0.29722793650268287	-0.29291191248102516
-0.32769234751613574	-0.3304687111971178
-0.3833343006336172	-0.3511272827504826
-0.5192206254089768	-0.5194057130275369
-0.40841387620591085	-0.4091201082656433
-0.345669371905748	-0.32921071188430917
-0.5243541737847277	-0.5146800618558285
-0.3409432803002552	-0.3403223522902451
-0.37302794010221874	-0.34757665050043923
-0.3263347963042573	-0.1739561712675301
-0.22654835950601537	-0.3104428186953762
-0.5430692241286881	-0.5435303272226021
-0.4821068198501983	-0.4602380978997426
-0.4031419402270835	-0.40342253578596743
-0.45738692819654325	-0.4744731777980489
-0.2627061949009697	-0.24403914855200176
-0.3879654939892614	-0.3852636256877218
-0.4096428032131705	-0.40230802111734093
-0.4131175712758228	-0.4094579459901622
-0.27072440905661566	-0.2829183620992964
-0.3838021446157178	-0.37566820717383625
-0.24191869392691068	-0.2500084892046198
-0.1510346309566586	-0.23319042287972255
-0.5488225289471131	-0.5453446078436378
-0.3581562007992556	-0.3905202589585892
-0.3282228135918537	-0.31269752376875054
-0.12984613514246846	-0.12050512238986016
-0.2362891850769948	-0.24565169899693828
-0.12178231271422035	-0.1601074761527679
-0.37791126919358575	-0.3689236752210124
-0.34889717652962027	-0.3548709503412304
-0.2295459250464873	-0.2368318338718565
-0.22757666310630142	-0.21912910653970394
-0.41627959633504297	-0.3892540959960637
-0.25753064037517603	-0.24881424012999934
-0.3051264146531878	-0.30649531906977007
-0.26461080679208493	-0.2536076813646806
-0.2714040122270802	-0.25954762822125593
-0.3932810641185185	-0.4007871684679749
-0.43346375067801013	-0.3979354138513774
-0.35420743571511615	-0.3579761572159122
-0.4146893610375404	-0.37640180273363466
-0.09688852711934359	-0.100246120277893
-0.06312940682740553	-0.04482236289188524
-0.18870576417203289	-0.15269211420804088
-0.3132216205109497	-0.3158777792692131
-0.3868463238834021	-0.39296812276161786
-0.37185593182841714	-0.37269059511949254
-0.11922702896165127	-0.11772260924241544
-0.31072995341295595	-0.2910423534005229
-0.2693835523873105	-0.27564290104736255
-0.2496584106043791	-0.26252359971872935
-0.2325033460282846	-0.24843760938984488
-0.2426130158139479	-0.23498384813888723
-0.42270637002947353	-0.42020631558788707
-0.3802893486149532	-0.38279669431622504
-0.37575256725420836	-0.3754259988712941
-0.27630114538607486	-0.2793773850316103
-0.2938273081623457	-0.2835594098289313
-0.1971228149271127	-0.1759756878904083
-0.4203936978937186	-0.43247117189970613
-0.4621929400303202	-0.41758371793426513
-0.34491771066113586	-0.3599781275461768
-0.3776611758198367	-0.3577760438886995
-0.24810882591157934	-0.27673371905228145
-0.36562606165050937	-0.3044906984245712
-0.3153235197151467	-0.3319678746630913
-0.21493230092422877	-0.27898078059644404
-0.41087691749665467	-0.3994722936286782
-0.39386521203580926	-0.3689504579432046
-0.3076881240369218	-0.29053366069980535
-0.10051845211082444	-0.07986248883135141
-0.23848771890332188	-0.23999478022662515
-0.13618756626781447	-0.16522454751511367
-0.27450317238185207	-0.24370699027730716
-0.4829650558768819	-0.4665974409327762
-0.47211119509452715	-0.4697664472481915
-0.3989276732605873	-0.3699903755729571
-0.033815005495053896	-0.11315923054365834
-0.1660122178901169	-0.20876345302166388
-0.2792586798528056	-0.27943056235584024
-0.26434741060958444	-0.2698122696254626
-0.25779487437967674	-0.25517650666190533
-0.36885859729805404	-0.38755564695785205
-0.29838397529843164	-0.30744730730220016
-0.24567740471066912	-0.2359432858924813
-0.36232341108641286	-0.3502781809400642
-0.2766867494295582	-0.3478185897626576
-0.2246908801278522	-0.26514106186712705
-0.4493162007840006	-0.42546116881480667
-0.5489462652311321	-0.5401143716349294
-0.3893513010238614	-0.40521562538275435
-0.1283175182180898	-0.11710732613245158
-0.3305736821658023	-0.3201329507715387
-0.47709444193131034	-0.4714351049851856
-0.5028912933647192	-0.5129945653769914
-0.06308920815495433	-0.057639345190933375
-0.2828442652665899	-0.2667128419815849
-0.2862914113387447	-0.26120602522596503
-0.414077719932461	-0.41780189511957355
-0.39341684257791343	-0.38966377797616664
-0.37780766487921014	-0.38219607513936765
-0.3469436473554204	-0.33973058429935554
-0.39914114901318243	-0.3959976525604887
-0.49652473424636945	-0.5292322237533158
-0.2854677375599941	-0.27700067751485125
-0.14003810467349354	-0.17081823805464905
-0.11171347427221079	-0.1492492858622705
-0.3775811879583859	-0.3770832242343924
-0.3640191528879022	-0.3721943471926429
-0.35348608546708604	-0.3806326277340893
-0.3339344858100972	-0.3250401301071389
-0.3726991953096359	-0.3669074471738476
-0.29753192802468575	-0.3103719488187656
-0.24280447380651005	-0.23913887821912058
-0.056717283969344834	-0.09772878570629694
-0.5605718510685627	-0.5593173019001627
-0.2588456953774312	-0.27511727583263873
-0.5370535153826381	-0.5385171279245095
-0.41064241431159765	-0.4072065995987196
-0.40143912458603026	-0.3938441512909117
-0.24928353707666417	-0.2723393124975743
-0.26071141820108323	-0.2525957712781445
-0.23813732964087286	-0.2521784748563536
-0.37889197625460014	-0.3504610836526764
-0.13996462280882938	-0.182919616769073
-0.41036113430978105	-0.29571667040340616
-0.09774392839130286	-0.11009714251194427
-0.4109486017397579	-0.40948071497815325
-0.2786572866574577	-0.2015587695885127
-0.35267631397046273	-0.36189777835321363
-0.19216673116408245	-0.19416897156132717
-0.1545639224944999	-0.1601566472898539
-0.23935487603519867	-0.24891341169519146
-0.3686854867379452	-0.39164262885963946
-0.3806422841632937	-0.3763957356240952
-0.28652441224517666	-0.2785559604622176
-0.3789972745532033	-0.3789770184432647
-0.36217112329993206	-0.34309509760107587
-0.4900530942185686	-0.4808841411818976
-0.2868921038338783	-0.2671790204471754
-0.31333612934589894	-0.31118477196901984
-0.20837384410959459	-0.22080817837753833
-0.2680885888771769	-0.26536026490847564
-0.33603809499709136	-0.331858862842612
-0.4077829099869952	-0.4007884552862215
-0.08935677721060387	-0.1257043534877216
-0.1885505396993139	-0.19171009981351736
-0.47749185293514884	-0.47892349577395943
-0.45719305977618063	-0.45120722961566045
-0.14172721192341342	-0.1104341859835099
-0.45303324294960845	-0.4475095771074962
-0.24899558043960113	-0.24473572724935427
-0.22887150897674857	-0.23551251826552408
-0.4951232752961854	-0.4801112121369621
-0.37430521284820273	-0.4066425288669451
-0.375753942701202	-0.3252055795598036
-0.13626742266253444	-0.1282684840537262
-0.23907022640431563	-0.27999394589165905
-0.23792044430855697	-0.24546690480980027
-0.5045405445337519	-0.4841423372844116
-0.2342435411558128	-0.22885663141101853
-0.1062190507471108	-0.09942558802783984
-0.3743605776208252	-0.39087288199296316
-0.28896684937168793	-0.2851461227431997
-0.36591534859094565	-0.37382880930328577
-0.45179681621331724	-0.458798495813971
-0.1980258792895473	-0.29343336515400853
-0.4152728553170153	-0.4102295597713076
-0.2352432354917937	-0.2280256588753571
-0.2689547012042919	-0.28594183826573966
-0.27541789449361787	-0.2951154418253602
-0.13925999507515208	-0.1936324920350457
-0.274370039480079	-0.29802084506538795
-0.4038468757264866	-0.398697184235722
-0.2606029690907512	-0.2487343851300302
-0.2461541757242074	-0.24411390392659402
-0.4050193071128927	-0.3857207467353761
-0.42935853895293263	-0.43237073269206006
-0.06903656343171427	-0.07774815097081557
-0.3741308850301941	-0.33094582655515853
-0.34690308095937894	-0.35449173123067457
-0.18283429385362737	-0.18467685522240468
-0.12399364649489897	-0.10775137634118326
-0.5439822076726575	-0.5501510801130814
-0.262450913794833	-0.2569964627960974
-0.26439154480707217	-0.26852098692860865
-0.36891906020291465	-0.1762067474150186
-0.09613395451829199	-0.12425868788620621
-0.1448369001133596	-0.1646728317109787
-0.29809035268440454	-0.31627687160577694
-0.35736112494471683	-0.35951601064939226
-0.30528971638948654	-0.36956641699201076
-0.2596290763189799	-0.2675764521729467
-0.2210343928036309	-0.23303896454395717
-0.5289408860346878	-0.5438609030018352
-0.23737872164722162	-0.23890628035758668
-0.3336594003376039	-0.32547379207332505
-0.33537941892286405	-0.3163030980105342
-0.5277892885628646	-0.5280957440074966
-0.3782784412875131	-0.3861198606251724
-0.22481935132695519	-0.21586058033124267
-0.2906565717145	-0.2876089955760844
-0.5166537187675537	-0.5304264311041548
-0.264374047644127	-0.2654434009487625
-0.21935357240623077	-0.20721492577830808
-0.32878521062434274	-0.33958593082042027
-0.33505513325789593	-0.2951955243457379
-0.18833457859501834	-0.2649077153672159
-0.20989569882986991	-0.21714568386758432
-0.2252998010154279	-0.20709889838232456
-0.27409403973281243	-0.26585231406780013
-0.20482337692717678	-0.22930304045754882
-0.4488725442315058	-0.46036710462614516
-0.2788150797741764	-0.2740265813750081
-0.5133945639083599	-0.5038659316051217
-0.14342945222592896	-0.08527222292287287
-0.2098172222713366	-0.2947687274766071
-0.2980699835993441	-0.2867200780341815
-0.389855306704991	-0.39590695844261303
-0.4285173434710714	-0.40952849302608807
-0.502658622181098	-0.5016537546554087
-0.2969698116316337	-0.3047129265380001
-0.3756943434381732	-0.38123165231268613
-0.5403215619157002	-0.5129371980822599
-0.4953547125945761	-0.48663087856496984
-0.39064196204479984	-0.3788875550489098
-0.2737329554844212	-0.2901084104487579
-0.3839733877782123	-0.3741635614371578
-0.3401830798819834	-0.3477637132124358
-0.2748471147409912	-0.2631369674021085
-0.2723796241202141	-0.27506267694960423
-0.30941477534371664	-0.27123251229476875
-0.3115770648856184	-0.3006949130094998
-0.47881220782855394	-0.49530971696970744
-0.23452036132549736	-0.2342398073819763
-0.5067301422162949	-0.518072549174525
-0.28906340860331525	-0.28705519556207915
-0.08860774788701065	-0.2177239960324322
-0.4470129466495578	-0.4619091583541325
-0.3701692763690634	-0.36246993594674276
