3.003626277501853514e-01 1.477199285382015115e-02 1.000000000000000000e+00 1.000000000000000000e+06
2.999719244953993336e-01 1.475989243312930861e-02 1.000000000000000000e+00 3.162277660168379080e+05
2.987433619781176830e-01 1.472180668892185060e-02 1.000000000000000000e+00 1.000000000000000000e+05
2.949264899915268745e-01 1.460313291714086803e-02 1.000000000000000000e+00 3.162277660168379225e+04
2.834992389640665356e-01 1.424466452403699152e-02 1.000000000000000000e+00 1.000000000000000000e+04
2.532917207684138861e-01 1.345015244482455040e-02 3.162277660168379394e-03 1.000000000000000000e+06
2.527716851885241089e-01 1.327438395210927408e-02 1.000000000000000000e+00 3.162277660168379498e+03
1.897330048160548177e-01 1.103790319421102048e-02 3.162277660168379394e-03 3.162277660168379080e+05
1.896249929224528841e-01 1.082213786025489587e-02 1.000000000000000000e+00 1.000000000000000000e+03
1.109222421537849612e-01 6.887579435732454035e-03 1.000000000000000000e+00 3.162277660168379612e+02
1.101494068982633578e-01 7.121185204103786318e-03 3.162277660168379394e-03 1.000000000000000000e+05
7.876942089227188804e-02 2.238192282893673030e-02 1.000000000000000036e-10 1.000000000000000000e+00
7.679532882973591490e-02 2.053471261271115622e-02 1.000000000000000036e-10 3.162277660168379523e+00
7.116227069612229839e-02 1.879186706490493589e-02 3.162277660168379191e-08 1.000000000000000000e+00
6.934917989201844213e-02 2.178930312409391168e-02 1.000000000000000036e-10 1.000000000000000000e+01
6.066648603327939870e-02 1.570721702773814413e-02 1.000000000000000036e-10 3.162277660168379256e+01
5.865568390006985211e-02 4.508149167601051450e-03 1.000000000000000000e+00 1.000000000000000000e+02
5.663912272019831079e-02 5.118604731126455941e-03 3.162277660168379394e-03 3.162277660168379225e+04
4.902566912188544707e-02 8.308535347896318229e-03 3.162277660168379191e-08 3.162277660168379523e+00
4.284048418965281935e-02 2.907544058219060402e-03 1.000000000000000000e+00 3.162277660168379256e+01
4.123612201196503319e-02 7.921852968640251402e-03 3.162277660168379191e-08 1.000000000000000000e+01
4.105766794694955951e-02 3.705399562928016546e-03 1.000000000000000000e+00 1.000000000000000000e+00
4.054473863385000404e-02 3.655428598620987478e-03 3.162277660168379394e-03 1.000000000000000000e+04
3.977105462900266258e-02 3.291124564851624981e-03 1.000000000000000000e+00 3.162277660168379523e+00
3.969595495022199688e-02 2.459023691433249482e-03 1.000000000000000000e+00 1.000000000000000000e+01
3.811053036247939729e-02 6.675211442843310104e-03 1.000000000000000036e-10 1.000000000000000000e+02
3.765400580835658734e-02 3.080604537871215257e-03 1.000000000000000082e-05 1.000000000000000000e+06
3.764814756250080968e-02 3.071014081137340718e-03 3.162277660168379394e-03 3.162277660168379498e+03
3.667013245161353241e-02 2.711649865375626196e-03 1.000000000000000082e-05 3.162277660168379080e+05
3.658501188489006462e-02 2.756638685780243847e-03 3.162277660168379394e-03 1.000000000000000000e+03
3.585662302583135508e-02 2.452365680814649635e-03 1.000000000000000082e-05 1.000000000000000000e+05
3.541685178057076000e-02 2.916361506415736295e-03 3.162277660168379394e-03 3.162277660168379612e+02
3.497800539524997809e-02 2.247342798090352749e-03 1.000000000000000082e-05 3.162277660168379225e+04
3.446832715471402631e-02 5.106188973742528669e-03 1.000000000000000082e-05 1.000000000000000000e+00
3.400640167080208609e-02 3.563848551891270634e-03 3.162277660168379394e-03 1.000000000000000000e+02
3.370195757876944670e-02 2.407158877729574740e-03 1.000000000000000082e-05 1.000000000000000000e+04
3.269847271245221454e-02 7.810328359796798320e-03 1.000000000000000036e-10 3.162277660168379612e+02
3.254673995998037805e-02 4.220515543242220509e-03 3.162277660168379394e-03 3.162277660168379256e+01
3.252193166636994925e-02 2.741157697027051671e-03 3.162277660168379191e-08 1.000000000000000000e+06
3.235765467142474178e-02 3.271885447195126400e-03 1.000000000000000082e-05 3.162277660168379498e+03
3.233516343860023956e-02 6.617874650737372126e-03 3.162277660168379191e-08 3.162277660168379256e+01
3.189691888633039429e-02 3.228381242878706082e-03 3.162277660168379191e-08 3.162277660168379080e+05
3.178099280557829254e-02 4.092162385259105750e-03 1.000000000000000082e-05 1.000000000000000000e+03
3.140476889900903346e-02 5.515745600321700186e-03 1.000000000000000082e-05 3.162277660168379523e+00
3.132639744154079586e-02 3.788480847009750851e-03 3.162277660168379191e-08 1.000000000000000000e+05
3.130323595478785859e-02 4.069443390978519370e-03 3.162277660168379394e-03 1.000000000000000000e+01
3.097807056201895559e-02 4.692891711862712256e-03 1.000000000000000082e-05 3.162277660168379612e+02
3.062993807681855390e-02 4.349178560233232620e-03 3.162277660168379191e-08 3.162277660168379225e+04
3.018732394584956041e-02 4.784993879289406449e-03 3.162277660168379191e-08 1.000000000000000000e+04
2.997237805895714910e-02 4.235524553311265789e-03 3.162277660168379394e-03 3.162277660168379523e+00
2.974600954940526121e-02 4.749881958804592214e-03 1.000000000000000036e-10 1.000000000000000000e+06
2.961817968659156280e-02 5.857446691048821992e-03 3.162277660168379394e-03 1.000000000000000000e+00
2.937259112089147389e-02 5.002147176490045859e-03 1.000000000000000036e-10 3.162277660168379080e+05
2.934507932024592661e-02 5.174359808701066085e-03 3.162277660168379191e-08 3.162277660168379498e+03
2.905347490940817304e-02 4.420680156624403299e-03 1.000000000000000082e-05 1.000000000000000000e+02
2.855395704855853700e-02 4.185545347637030858e-03 1.000000000000000036e-10 1.000000000000000000e+03
2.848743433316426252e-02 3.837130975756458933e-03 3.162277660168379191e-08 1.000000000000000000e+02
2.845314808810425755e-02 3.859285195016482189e-03 1.000000000000000082e-05 1.000000000000000000e+01
2.830948847271306384e-02 5.082119650094576654e-03 1.000000000000000036e-10 1.000000000000000000e+05
2.780400597971353222e-02 3.680850941526789093e-03 1.000000000000000082e-05 3.162277660168379256e+01
2.776152624289469212e-02 4.765249812383701156e-03 3.162277660168379191e-08 1.000000000000000000e+03
2.719912769264821659e-02 4.324317343323651891e-03 1.000000000000000036e-10 3.162277660168379225e+04
2.703701715773175820e-02 2.400156850866675372e-03 1.000000000000000036e-10 3.162277660168379498e+03
2.659196959016926765e-02 2.904091894958638152e-03 1.000000000000000036e-10 1.000000000000000000e+04
2.653099347890072041e-02 3.939330900917641272e-03 3.162277660168379191e-08 3.162277660168379612e+02
