9.314588148021421543e-02 1.379330930026001750e-03 1.000000000000000000e+00 1.000000000000000000e+06
9.314585865101203399e-02 1.379330865140117541e-03 1.000000000000000000e+00 3.162277660168379080e+05
9.314578645891945230e-02 1.379330659951582324e-03 1.000000000000000000e+00 1.000000000000000000e+05
9.314555816930625287e-02 1.379330011072666881e-03 1.000000000000000000e+00 3.162277660168379225e+04
9.314483627245200015e-02 1.379327958978829576e-03 1.000000000000000000e+00 1.000000000000000000e+04
9.314372444036973786e-02 1.379903892848697786e-03 3.162277660168379394e-03 1.000000000000000000e+06
9.314255361702482305e-02 1.379321468104936950e-03 1.000000000000000000e+00 3.162277660168379498e+03
9.313651308560000341e-02 1.379883412717698276e-03 3.162277660168379394e-03 3.162277660168379080e+05
9.313533705463672430e-02 1.379300926332162856e-03 1.000000000000000000e+00 1.000000000000000000e+03
9.311372704518483534e-02 1.379818494045592300e-03 3.162277660168379394e-03 1.000000000000000000e+05
9.311253851476175569e-02 1.379231129680915172e-03 1.000000000000000000e+00 3.162277660168379612e+02
9.304186199944078361e-02 1.379601209246293734e-03 3.162277660168379394e-03 3.162277660168379225e+04
9.304065296056876488e-02 1.378975865143847353e-03 1.000000000000000000e+00 1.000000000000000000e+02
9.281661447584015068e-02 1.378899442214756403e-03 3.162277660168379394e-03 1.000000000000000000e+04
9.281524253712862549e-02 1.378225886376679586e-03 1.000000000000000000e+00 3.162277660168379256e+01
9.212552002680869656e-02 1.376703429070505642e-03 1.000000000000000082e-05 1.000000000000000000e+06
9.212551470800896258e-02 1.376700852788731140e-03 3.162277660168379394e-03 3.162277660168379498e+03
9.212386302235399393e-02 1.375927523753674858e-03 1.000000000000000000e+00 1.000000000000000000e+01
9.011904718807964287e-02 1.366816503024762767e-03 1.000000000000000082e-05 3.162277660168379080e+05
9.011903816040167658e-02 1.366813658295440870e-03 3.162277660168379394e-03 1.000000000000000000e+03
9.011620581938439845e-02 1.365937527438221798e-03 1.000000000000000000e+00 3.162277660168379523e+00
8.501705390676775331e-02 1.325005038983970975e-03 1.000000000000000082e-05 1.000000000000000000e+05
8.501702511593825506e-02 1.324999985975663409e-03 3.162277660168379394e-03 3.162277660168379612e+02
8.500797860151068641e-02 1.323358224346425508e-03 1.000000000000000000e+00 1.000000000000000000e+00
7.480529540628605423e-02 1.193278706653114803e-03 1.000000000000000082e-05 3.162277660168379225e+04
7.480519966937468346e-02 1.193269835171684255e-03 3.162277660168379394e-03 1.000000000000000000e+02
6.184833634787334500e-02 8.158527918280865463e-04 1.000000000000000082e-05 1.000000000000000000e+04
6.184811029981847341e-02 8.158427199578197064e-04 3.162277660168379394e-03 3.162277660168379256e+01
5.366449696907085037e-02 5.691025453341078816e-04 3.162277660168379191e-08 1.000000000000000000e+06
5.366449348404764980e-02 5.691019911476451025e-04 1.000000000000000082e-05 3.162277660168379498e+03
5.366404480784141284e-02 5.690964777838111591e-04 3.162277660168379394e-03 1.000000000000000000e+01
4.973108092434040672e-02 6.890161305684386339e-04 3.162277660168379191e-08 3.162277660168379080e+05
4.973107807845963957e-02 6.890152359019539657e-04 1.000000000000000082e-05 1.000000000000000000e+03
4.972959393958821528e-02 6.892311732816164879e-04 3.162277660168379394e-03 3.162277660168379523e+00
4.684172681652357811e-02 8.314074617093943943e-04 3.162277660168379191e-08 1.000000000000000000e+05
4.684170961739638622e-02 8.314072433953123044e-04 1.000000000000000082e-05 3.162277660168379612e+02
4.683567597518301096e-02 8.323756667762324249e-04 3.162277660168379394e-03 1.000000000000000000e+00
4.452027855732247630e-02 9.437898813629979917e-04 3.162277660168379191e-08 3.162277660168379225e+04
4.452015152940964199e-02 9.438104373151361484e-04 1.000000000000000082e-05 1.000000000000000000e+02
4.241121777314917768e-02 9.666484008305849425e-04 3.162277660168379191e-08 1.000000000000000000e+04
4.241026514531189701e-02 9.667426109389121256e-04 1.000000000000000082e-05 3.162277660168379256e+01
4.066745111835927406e-02 9.054884716621566798e-04 1.000000000000000036e-10 1.000000000000000000e+06
4.066645887434384293e-02 9.055705351756523479e-04 3.162277660168379191e-08 3.162277660168379498e+03
4.065947625454608555e-02 9.058943840214958880e-04 1.000000000000000082e-05 1.000000000000000000e+01
3.932561733681394500e-02 8.181549745345216302e-04 1.000000000000000036e-10 3.162277660168379080e+05
3.932509424767792472e-02 8.183649377143044530e-04 3.162277660168379191e-08 1.000000000000000000e+03
3.929194224530447449e-02 8.223125507898888060e-04 1.000000000000000082e-05 3.162277660168379523e+00
3.785491210415287133e-02 7.693228585776249210e-04 1.000000000000000036e-10 1.000000000000000000e+05
3.785345871227394771e-02 7.691912471103899999e-04 3.162277660168379191e-08 3.162277660168379612e+02
3.777732199286841508e-02 7.721428377975856142e-04 1.000000000000000082e-05 1.000000000000000000e+00
3.623577830030912106e-02 7.386020659938718124e-04 1.000000000000000036e-10 3.162277660168379225e+04
3.623317054646542357e-02 7.391695469522669218e-04 3.162277660168379191e-08 1.000000000000000000e+02
3.470671728125505895e-02 8.144189470658281258e-04 1.000000000000000036e-10 1.000000000000000000e+04
3.468749125204318579e-02 8.138221477918875218e-04 3.162277660168379191e-08 3.162277660168379256e+01
3.321057678720464035e-02 9.217750098642661996e-04 1.000000000000000036e-10 3.162277660168379498e+03
3.311013957718463713e-02 9.223055945936024357e-04 3.162277660168379191e-08 1.000000000000000000e+01
3.152663892842466620e-02 1.007810152580597939e-03 1.000000000000000036e-10 1.000000000000000000e+03
3.117804118098955329e-02 1.062901272861769414e-03 3.162277660168379191e-08 3.162277660168379523e+00
2.988375017546662099e-02 1.087235165777864073e-03 1.000000000000000036e-10 3.162277660168379612e+02
2.917570987097978935e-02 1.184057198460793450e-03 3.162277660168379191e-08 1.000000000000000000e+00
2.858662080653599086e-02 1.169536417775838980e-03 1.000000000000000036e-10 1.000000000000000000e+02
2.756564618651463627e-02 1.121428733668520085e-03 1.000000000000000036e-10 3.162277660168379256e+01
2.636891419623649258e-02 8.992730648712434893e-04 1.000000000000000036e-10 1.000000000000000000e+01
2.478749870317507875e-02 6.459033210719640180e-04 1.000000000000000036e-10 3.162277660168379523e+00
2.344173245086004359e-02 4.500091797406847050e-04 1.000000000000000036e-10 1.000000000000000000e+00
