-0.4217889462948463	-0.451043841823004
-0.4657196466105802	-0.46508407513101474
-0.29796968066055385	-0.24804702765725797
-0.41132292171558404	-0.45306066194136674
-0.4695418844081729	-0.39099320491746903
-0.4615485394726804	-0.4310321573231415
-0.5009076661301641	-0.49620772444535416
-0.4694561255177625	-0.4921398492421037
-0.3659128068965565	-0.35391553742974685
-0.5515889160667271	-0.5556950179590878
-0.2349793242740894	-0.23105306531020195
-0.5065305412244925	-0.5034048026076468
-0.5111623333843536	-0.5034813554001873
-0.5503255807764624	-0.5362202608411542
-0.4402632290988322	-0.44248895317892933
-0.31732931428199507	-0.3125809593259342
-0.10045091455906885	-0.09707393990960426
-0.41783181285307336	-0.43491293277025916
-0.4773457571358968	-0.4677309632234639
-0.309505218144583	-0.27900722107674364
-0.3617829823505936	-0.3728073203915035
-0.23571601897357297	-0.23210524205750663
-0.5257785756770907	-0.5269702992622797
-0.41899853985075275	-0.40710484313810474
-0.2918696313925633	-0.23290481411120134
-0.30537327820852234	-0.3203839277781939
-0.14611877011503438	-0.13048554667219972
-0.43365140708849736	-0.3862466753579005
-0.38895858469782496	-0.4141461517491943
-0.5361568727325192	-0.5275029081907151
-0.3286058281651272	-0.36416001134905335
-0.38529483273557474	-0.3756819791908328
-0.5005573154629701	-0.5061665575968849
-0.2577790397021964	-0.25329121966599766
-0.3703097721938242	-0.3566087059522725
-0.17282454567432026	-0.13410973643352214
-0.35942550540949014	-0.35854904028741574
-0.2868506276445828	-0.35701100244067335
-0.24969731362185854	-0.24816325302277364
-0.3865522875549079	-0.3735396985722399
-0.37485327093757626	-0.373675532658131
-0.38267107507026665	-0.3897645334429044
-0.5361976514732412	-0.5236089431926522
-0.2975802942522474	-0.3697667440046351
-0.35274681267511276	-0.33627817428251944
-0.31352795113919285	-0.3032806844628543
-0.3633290480840792	-0.3536752355424308
-0.4310838234951717	-0.4287735007370792
-0.26177082425300924	-0.2717496253116362
-0.32911270754466315	-0.1885451468654882
-0.3217728247940066	-0.3035143052577493
-0.3862786612201319	-0.386541961644945
-0.3838197193757935	-0.3822940459300578
-0.33274258952057956	-0.301347118543302
-0.25682026862525653	-0.26483245355260904
-0.3961031837165869	-0.38400189218342673
-0.2779813887826439	-0.2729747501409192
-0.25065324303352554	-0.2421189634644661
-0.3284146922367377	-0.34451970465784465
-0.3675148751069983	-0.304536873375579
-0.27105765712396135	-0.27316925802143127
-0.29338404680500574	-0.26776648446369133
-0.3803841585188934	-0.36813652537389946
-0.3880589889846462	-0.38661290319035085
-0.25721755437045246	-0.2687104767988467
-0.364636780938584	-0.37104684808585486
-0.3666202806998289	-0.36977128130978837
-0.260929645337054	-0.2750691750107166
-0.4002688175271416	-0.3941772683865528
-0.45711779016804144	-0.44176177338211753
-0.26998007319289385	-0.29094997243964515
-0.26447621511307773	-0.2544144628924682
-0.5356584060444938	-0.5109201683720664
-0.20837384410959459	-0.223307954831256
-0.12639905740474688	-0.1964493515512471
-0.33218185145653933	-0.335153550217581
-0.25130820835328294	-0.22638810902793946
-0.2641041955697503	-0.27644818913305796
-0.2498610235324321	-0.262034558693736
-0.3491812022385581	-0.3229618820521427
-0.39824470934195233	-0.38971317482921936
-0.2854757874577345	-0.2824103298741822
-0.3190637500576692	-0.3276256439354805
-0.5502811166261203	-0.5654894773172044
-0.3599757180991521	-0.35260813936222457
-0.26160755010810277	-0.2734087991583693
-0.4882287702390613	-0.49461076334060405
-0.28182667508294656	-0.2774937300080309
-0.15550438059305627	-0.154953876947297
-0.246029493869095	-0.24731314607838467
-0.32878446739235123	-0.323202201582244
-0.2788328404736973	-0.2807777339685993
-0.5226885151345773	-0.5107577388350735
-0.28030320418677945	-0.25984594367774305
-0.26621781001428246	-0.2625955497398545
-0.4462901248299094	-0.4423903539684281
-0.26331073457960485	-0.2620693783925459
-0.3619846026811402	-0.3312253972242466
-0.5491104303657259	-0.5456375583512717
-0.2551173178545447	-0.24976474591563322
-0.3794143425212262	-0.36702859575934005
-0.4713515002875788	-0.4568783284269013
-0.10961340786117901	-0.075781703591374
-0.2714040122270802	-0.25674599868819586
-0.4170082079789754	-0.4232279166538189
-0.3983721737241357	-0.40224754668127627
-0.27360832952691894	-0.2445900335684258
-0.3989898816835904	-0.4298064722279324
-0.45913712188693623	-0.44263890974121317
-0.2149441706389119	-0.2435863048184589
-0.09482916377859496	-0.1449931523304383
-0.30941477534371664	-0.2550211788625675
-0.4388864797562988	-0.43038844564247836
-0.31707247999727173	-0.3126167345291039
-0.4170171484824827	-0.4116650011140744
-0.43592046593389355	-0.4299448842889308
-0.2930204218033978	-0.27830996196137264
-0.3164882406384901	-0.2990200490701355
-0.4027675378425144	-0.40840885151447853
-0.141317203216067	-0.14857977738598474
-0.25953261455935106	-0.25659600670631905
-0.4564432733977988	-0.45615011464306326
-0.21169494385497956	-0.2777405111173862
-0.24567740471066912	-0.23010370142058148
-0.2402007323494093	-0.23910892502957143
-0.2801187898870907	-0.2565017327557853
-0.31379527465805523	-0.3370137270744625
-0.36490207288896137	-0.33247310615194714
-0.36266656604018976	-0.366251090976075
-0.3975792352478926	-0.41142255664681227
-0.24274847496450747	-0.25176396908923665
-0.4196869548381805	-0.4200541960003693
-0.19041609533889847	-0.19388773683937974
-0.2745386686779909	-0.29145420230231284
-0.4894747637527672	-0.4898885969586985
-0.2433588183101989	-0.23935971914346527
-0.19211390250334404	-0.1922709620145879
-0.2856864030679418	-0.29247441322761236
-0.23611872427822078	-0.2056076631205231
-0.34613320494080746	-0.3280903500301081
-0.22887150897674857	-0.23873809792120518
-0.2686017618426497	-0.2734571975214908
-0.40630152769139016	-0.3977180778666392
-0.22044198989308228	-0.21041316483499978
-0.23330089685945943	-0.24687355120772056
-0.2462039333383501	-0.19949912743584602
-0.34995480713169336	-0.3470204864040277
-0.4697916120895069	-0.46247861458253636
-0.315421029821394	-0.29585626395381764
-0.26628937858756174	-0.2433685582874486
-0.24734914971296362	-0.24495920100717752
-0.3074654516133464	-0.34510189704342414
-0.4100361550711771	-0.38164846844086037
-0.25214593519185513	-0.26543466351328887
-0.2728572247728671	-0.26502056210341496
-0.2796328621508959	-0.280289402067267
-0.21097895389804222	-0.25215622930694787
-0.2804337813950042	-0.2807220739858804
-0.3211380793790326	-0.2918400833870356
-0.0907459849975254	-0.08346214628627553
-0.24405092465602252	-0.24642989236410004
-0.5365069938023446	-0.527698082867898
-0.15636542032815726	-0.1221787451643417
-0.414077719932461	-0.4428338239348218
-0.3855273248334008	-0.37349664281373496
-0.4037590980817196	-0.3996402930644677
-0.3694712031267642	-0.35517866336343107
-0.345458726718336	-0.32157874796718966
-0.14259244414451544	-0.12846948668299607
-0.2931310060406922	-0.29398176183502644
-0.360427265301686	-0.3548601323655925
-0.39001290514380926	-0.37447384221140656
-0.5457109503743389	-0.5392157211207089
-0.21378668936283596	-0.3444953106049977
-0.25812639810837723	-0.2730730168016984
-0.08442466347891298	-0.08655450018746781
-0.35336054759200586	-0.24615192463922772
-0.07928997843374219	-0.06931064923147197
-0.39874722724441014	-0.3742023629980379
-0.5566811459978389	-0.5487198353356483
-0.3936180489455694	-0.34073442338272636
-0.47211119509452715	-0.47676803926356986
-0.19597408939562122	-0.19323143142475457
-0.18678596871227526	-0.24306517043644385
-0.33418635991377243	-0.3279530213473782
-0.28358808942249425	-0.28013644348213973
-0.4427611439825405	-0.4451980560350202
-0.39369058382175837	-0.3928407296408834
-0.4222842161387472	-0.4255635699342134
-0.2915574773785927	-0.30422416251209566
-0.4448366578801277	-0.4438844227566403
-0.4940674067092168	-0.49743699277225173
-0.33485898780320866	-0.3215390660144719
-0.42413695638575	-0.43460849476916913
-0.41116997670999744	-0.4016577467448489
-0.33444909585114857	-0.34080621045694925
-0.38094956611065456	-0.36564709044716215
-0.10531831498871647	-0.1066463885539962
-0.17994671030217724	-0.2109938208625146
-0.28175527266034095	-0.2602390040059111
-0.5486503806212326	-0.5511675677868922
-0.4000544425340422	-0.40201229608167144
-0.37288404814726306	-0.3360537630613022
-0.3264718735159242	-0.2859295472842354
-0.3269553416369142	-0.3462288046573434
-0.44661782628583424	-0.4351951142944716
-0.5306965105192702	-0.5288024129039642
-0.4177591824322455	-0.41184643645419083
-0.22086867113034891	-0.2281868533026637
-0.1885505396993139	-0.20694994904598163
-0.28976413812719315	-0.26794021201247686
-0.349452383120088	-0.434933764042011
-0.3837507791359904	-0.39011537491343096
-0.5162496946122523	-0.516527274872925
-0.2798275179370897	-0.2721674609397478
-0.5254529265719814	-0.5349701161145848
-0.27742489175365215	-0.26468027661795235
-0.17542318931599254	-0.1289432691733927
-0.5529200092307391	-0.545423647358588
-0.20224964355910124	-0.1673499537317138
-0.26892784739202824	-0.2380758971191454
-0.21899014502835712	-0.22839344495438071
-0.46067339021614373	-0.49267875554520635
-0.17614761750331454	-0.14902357659314044
-0.4000041524486875	-0.40103707007421274
-0.37577999210346746	-0.35777980182867725
-0.28387904472586456	-0.29193919305309085
-0.54711773899189	-0.5463843031915586
-0.400868569479794	-0.39098381659785314
-0.18791437740120642	-0.1886570150107283
-0.5086826228178118	-0.5257106170250974
-0.28186799419967024	-0.27205293104672545
-0.28955364894077107	-0.2640129907712035
-0.29234764234337973	-0.2895405877373599
-0.23070323103404178	-0.23289346026808036
-0.16030437828083421	-0.17479846770318497
-0.07493889117451147	-0.09263319378062936
-0.423017479491989	-0.5063401546643921
-0.26205245502379526	-0.3250456155535907
-0.3756742476485666	-0.3252587840362332
-0.5062775049369144	-0.507922826040161
-0.24851777493576854	-0.22560648836957475
-0.25965256679198845	-0.2401538218264407
-0.4326507242656419	-0.408797097087316
-0.38411346904723054	-0.3778124417836373
-0.3380362334588227	-0.34148282297898297
-0.34852974125754344	-0.3491189095260853
-0.37087148121466207	-0.35738945286093793
-0.38045536702473015	-0.3785985534541356
-0.2527275340175308	-0.2482469985227932
-0.3653062376888272	-0.32705978623651016
-0.3248918529137761	-0.3340099595039465
-0.2848284199417179	-0.26877170128952904
-0.5381923722826691	-0.5346159523224769
-0.225323282426519	-0.2222944960254796
-0.2699184325283568	-0.27198078300263906
-0.20161626803677635	-0.3408411573810146
-0.5146445089685763	-0.5115814209879195
-0.26962401995617746	-0.2746105142433478
-0.26733840488365956	-0.2603077856315532
-0.5069247655410365	-0.508384807288492
-0.40518327221956874	-0.44125178348134025
-0.5447029778886971	-0.5473088105239307
-0.18374810973025646	-0.18846368657763587
-0.27225423971994545	-0.2526659248180535
-0.37969194953349295	-0.3867532045757001
-0.23966944229650622	-0.24917183529896117
-0.4175158439594284	-0.41765912997730165
-0.27669348487026113	-0.2588551470977117
-0.22717814363612376	-0.29123967771661036
-0.5275712914289805	-0.5238507974553626
-0.49323443456274774	-0.49207563361675033
-0.1143827755467477	-0.2398827174856138
-0.4240367642062015	-0.41352172220218
-0.5326336104167027	-0.530670101367294
-0.2511027932831027	-0.24309299109833338
-0.076312919937509	-0.05159166418180405
-0.23507675318078824	-0.22862119916235585
-0.4386637328191334	-0.4305475041039693
-0.2323127892864072	-0.24983106453039178
-0.33308352825681276	-0.34814635205898964
-0.5342925465894783	-0.5328978364897932
-0.24900795029037148	-0.27879219264860383
-0.35681931463330585	-0.3464440932560844
-0.47122624723443707	-0.48540407539055985
-0.06964047763477055	-0.05549379052951787
-0.5611496535567255	-0.5826299290387771
-0.26680371187220686	-0.25785744032817287
-0.47596294069772327	-0.47682587097359763
-0.37109285900417	-0.35296222646452846
-0.2743043608157709	-0.3095384061503884
-0.20679415504603682	-0.1800770538704453
-0.4278094785356288	-0.43448812041824536
-0.34669802052884435	-0.3232701242717434
-0.38122582287945406	-0.3717139978636051
-0.41760521958549646	-0.4163852280264157
-0.0892360301731685	-0.15691219392094985
-0.25176413096413164	-0.25322428876698616
-0.11126965858287896	-0.11499898493146164
-0.4525986746113375	-0.437237216203527
-0.16515050768138195	-0.2052416523811207
-0.07962912440990877	-0.09358662144473182
-0.051223020080044535	-0.24767832208697738
-0.29149854610796133	-0.3031391938179427
-0.4435609029615257	-0.40070488042463576
-0.3583008691291134	-0.3824181300223953
-0.25877645561195983	-0.20842940008228258
-0.3724131612344017	-0.380744790372156
-0.4263507142139744	-0.4388032282041896
-0.3008823520106674	-0.2993817110738104
-0.350325455452948	-0.3491400110330939
-0.3758496057181908	-0.39562582656555106
-0.26723502890531314	-0.27014733959445425
-0.4453552676843522	-0.4729037119475561
-0.37605438115333456	-0.38244162314082275
-0.11238449011239027	-0.10038406043102194
-0.2934483147082325	-0.30077941497161215
-0.34653650859115004	-0.362229082240387
-0.16057403373158508	-0.12325221279037094
-0.11880410358629412	-0.08053929081159932
-0.3894872058470149	-0.36761641195277805
-0.2654064452263931	-0.2684413022890028
-0.3866319806675822	-0.3738837606932088
-0.548011533945326	-0.5458063177225795
-0.14038289077955568	-0.1271300804799474
-0.5514533038522558	-0.5540219487085092
-0.3780767436172372	-0.3718340777854146
-0.32436717800474035	-0.32729137217499915
-0.36238567532679156	-0.3638750017758647
-0.3934365257903245	-0.4048827655551001
-0.3616789482996374	-0.34634907002037874
-0.5644007701846547	-0.5561194942257469
-0.39167450389282443	-0.391421637633531
-0.2823745524094239	-0.27090513277017486
-0.47534980909778923	-0.471735401754702
-0.16181967750845772	-0.15068466350047863
-0.27092512073225095	-0.2685574873682433
-0.25753064037517603	-0.25890093054169316
-0.425964797146289	-0.42547859891158646
-0.40412321697808196	-0.40151016090393343
-0.22654835950601537	-0.26036933357316383
0.05020889514195659	0.03378515377003434
-0.4069127938059083	-0.42124224264300086
-0.3958610616710878	-0.3918442655399348
-0.3858970786510376	-0.37651287527174354
-0.4533584769921628	-0.4559949432829703
-0.3880662149399363	-0.3719214263791666
-0.37662964973037916	-0.3613032145141841
-0.27670333527818514	-0.27819381288691936
-0.24112862927716705	-0.24360361614831988
-0.5140056725784241	-0.5098134549709681
-0.36513483279838255	-0.35589626738284774
-0.2850222168602734	-0.33528642141541654
-0.3066371489011068	-0.29399019328995113
-0.2535757309003497	-0.32362727607611236
-0.28213429449025007	-0.2706525391127992
-0.26576009909996756	-0.26198830026176706
-0.28088473874689157	-0.2806941393225976
-0.2206717221956609	-0.2549775480168367
-0.37673020377612865	-0.368384169500724
-0.25526133015803154	-0.25065599043974357
-0.48853344856781256	-0.48942091972536544
-0.2796570091832429	-0.2743726808947437
-0.3892655870323125	-0.37339615726215014
-0.33234945944797545	-0.3180457074854631
-0.32337796986290357	-0.30066894221128787
-0.1678314611364904	-0.20488819805976205
-0.1048349235586663	-0.09837343390336632
-0.4359095393814698	-0.4214990947947796
-0.31605436648235496	-0.38585996328769334
-0.24711980952411494	-0.2800167943591833
-0.23798382733036405	-0.2307071252319965
-0.2999060016612791	-0.2928105953344495
-0.2210343928036309	-0.1709078717797652
-0.49194657412489384	-0.4908196874194867
-0.34225538610076534	-0.3396424540457795
-0.34278547115424907	-0.3354080938965879
-0.29125305656062395	-0.33392586622030246
-0.2141108285509219	-0.23556395238652672
-0.5199030688336883	-0.5150822777649048
-0.3423129095856563	-0.338395171321958
-0.35200323340608897	-0.36143156289183676
-0.39666257442229025	-0.38373609559348937
-0.39787958222576947	-0.375885144638343
-0.35848096408543206	-0.35089074205618165
-0.42648843672191816	-0.3874388287834844
-0.27600355347032846	-0.27176164236504996
-0.23388773525837436	-0.23522693460275118
-0.38867508438890397	-0.3811107571334455
-0.28900198713436964	-0.29625249255240865
-0.35867316806950456	-0.3798293389686503
-0.09846044157352196	-0.19385597795248405
-0.2698919432329987	-0.3369957685761609
-0.3773704532257174	-0.373520617611349
-0.26235413298422827	-0.28587463999841584
-0.3797424107155791	-0.36076799472892984
-0.2723641996226718	-0.2654514173959735
-0.23606641020416674	-0.2443209162261538
-0.2825031422699791	-0.29223801277470296
-0.4282273382348478	-0.2807913147246038
-0.12317073693082037	-0.10713111734877437
-0.25984183823119267	-0.19668021856889645
-0.13246419926461783	-0.12667109075092056
-0.2532995233273745	-0.25223405824043754
-0.29870744057921783	-0.3473277128018096
-0.3857850630888944	-0.36944392457408937
-0.5507453595573715	-0.5527076652679259
-0.4233684681336669	-0.4148444043393725
-0.2587952909643789	-0.2891184455444166
-0.2460104009589692	-0.2687108619971679
-0.1573213824293056	-0.16325993702481417
-0.24346916230961568	-0.2444792364996654
-0.29041054118683896	-0.2861876482163626
-0.27611159398704643	-0.26127298541683913
-0.3122942242505058	-0.3064437271169806
-0.4560115304266432	-0.44709279724152423
-0.2903418829062794	-0.25240799833255373
-0.24036535937402448	-0.2402514866067193
-0.24434373550048782	-0.23549883987878806
-0.34689978105856767	-0.35508632945293267
-0.40595363318649547	-0.3809444741371883
-0.24383878753274502	-0.2288026845111452
-0.38823593804695555	-0.386621178267115
-0.4394819138949764	-0.4008265074714939
-0.5389621135512606	-0.5368459253115928
-0.2766867494295582	-0.31273156674606123
-0.40626067094029494	-0.39898349991517723
-0.5285573495763902	-0.5268538091464898
-0.45384598333907533	-0.47034733945327106
-0.25724757993924996	-0.24204311871328124
-0.4264077471294101	-0.42509729544288655
-0.28928968483668527	-0.2660755366648567
-0.35618806639511646	-0.37877362690314786
-0.40370012953457746	-0.4096811581054662
-0.4236675689151106	-0.4007574117317968
-0.21057758698296425	-0.23971467351519724
-0.5403356342574472	-0.5373448418966015
-0.4291088644120986	-0.44662801243609157
-0.16685505964443692	-0.16275499281460346
-0.4548620338017759	-0.4415831708659384
-0.18853491908400777	-0.1486445063942116
-0.39640731834561116	-0.39555617862147946
-0.32813971289913724	-0.3114111455807671
-0.3048321274219923	-0.3124248468262194
-0.3051232201907368	-0.3456958597931592
-0.17190953564615263	-0.17714696394880142
-0.3932078529489065	-0.40675419891283904
-0.41088557768613754	-0.40850033889567644
-0.4984847556000851	-0.5020797950107024
-0.2642796069243616	-0.2956640031488803
-0.5116791319950202	-0.5095646129869863
-0.4812122967767394	-0.4669282748228486
-0.26678379102364147	-0.27457171200263253
-0.33036696463983084	-0.3025703655964837
-0.2203997687283472	-0.221347434267453
-0.2664369319533133	-0.22195284387046427
-0.5323302627561315	-0.5289605116596392
-0.144529968433055	-0.18852854485378256
-0.043720550863145746	-0.15277175945630797
-0.2950081934433477	-0.2505967177560528
-0.3723097573880061	-0.3816684268088319
-0.32052816656333505	-0.322895720899316
-0.3616768545593949	-0.37078439968909593
-0.4580014939157522	-0.4379615271552122
-0.26973023704870513	-0.2706919772314132
-0.2040903129415046	-0.2027932825830027
-0.27098349928136933	-0.26429754347632783
-0.45738692819654325	-0.45667287048281546
-0.27880640911603294	-0.2791432687527547
-0.24897840943460814	-0.25718925259829767
-0.2542060166439377	-0.2429375803165699
-0.42566501777216814	-0.4313625623848251
-0.264682176185957	-0.2614870079874794
-0.20504228696936977	-0.21466785970779764
-0.5153905659928171	-0.5192434994465921
-0.3435424117332815	-0.34514808136963016
-0.2688393230048227	-0.26570226655856455
-0.25250367162295007	-0.24080278841252173
-0.5554158461341849	-0.5493195659541606
-0.3741308850301941	-0.33650891121642273
-0.41532927311677525	-0.38113544334751004
-0.27915315035062704	-0.26523585347474465
-0.25630958114728486	-0.2502867628100484
-0.2613498373493499	-0.24043838934224937
-0.40547747902744113	-0.39707967037281666
-0.35779196780287137	-0.36499950895971267
-0.4017465404960756	-0.40083591853036316
-0.2493042813119022	-0.26368184417322743
-0.27564100960145055	-0.29860228109056536
-0.5078793860137232	-0.5141844913908217
-0.24814796288206864	-0.3566590329745714
-0.2594819557527792	-0.2829088760036348
-0.3967091115192627	-0.3897060744844973
-0.5511162565223131	-0.5547889683456765
-0.49948854900751094	-0.48895616673715403
-0.24149079999588707	-0.23409279506429678
-0.40246670076538393	-0.4103577350991162
-0.4639684244191784	-0.4723516306021558
-0.5529474125332197	-0.5438552701467049
-0.21935357240623077	-0.21057632072932186
-0.2545433554074883	-0.2557533635457402
-0.47413640009805036	-0.4134472199024587
-0.3695804931101456	-0.37129107437509024
-0.40531223394559035	-0.3963095134439355
-0.32321996961248445	-0.27458679344797143
-0.24295053098036057	-0.24517561343373284
-0.24899558043960113	-0.2359616734874264
-0.2642488249549153	-0.2860306084106365
-0.40863284422602497	-0.41279389952191076
-0.2985125928685761	-0.2885050497227724
-0.2701619574876979	-0.2606199457805116
-0.22731823499513482	-0.2926473641807868
-0.5289248858345061	-0.5318737604726793
-0.2416665876051063	-0.25249838361114435
-0.2774562056666312	-0.2679690906660969
-0.3055577955687703	-0.31690148154157216
-0.3937001657037271	-0.42131267678142525
-0.24079718000482586	-0.2608700544840326
-0.2736149758324995	-0.2968817532386558
-0.2643465980948001	-0.2917353096457633
-0.4134369782813323	-0.4108243441659054
-0.5035599745562074	-0.4955317131094447
-0.44173511718320313	-0.42756957169742427
-0.5601173979254863	-0.5632572401111272
-0.5429013630399222	-0.5332188671219676
-0.2713476026740391	-0.28957604574784995
-0.37448597521071747	-0.44152862181381397
-0.3201502080973313	-0.3184632001266671
-0.2744728825631917	-0.2646659899519087
-0.5492622133268252	-0.5359444077707087
-0.2738533220932844	-0.26325546558690005
-0.3630493698750783	-0.34636878442010005
-0.3229854340882472	-0.3356428513031845
-0.11489180453158099	-0.30549807408062074
-0.319575485228512	-0.278251740247905
-0.5114842861044266	-0.5124301975029981
-0.15392660283509052	-0.13073477507312403
-0.27384508539627817	-0.27789640726691245
-0.26273064924762934	-0.2683478844078477
-0.23209707433990623	-0.23819266441232823
-0.4459792264831641	-0.40649822519537854
-0.413666991806771	-0.3968316220815885
-0.16950314969400715	-0.14126808661700152
-0.2758964096026908	-0.2926782543129914
-0.34761562286985637	-0.32837637516097373
-0.3684224359268029	-0.3700686501403709
-0.10931120564618269	-0.10481556514767268
-0.4162243896693667	-0.4114846342793272
-0.35158730183730214	-0.3537425169968141
-0.22222011194713076	-0.22095100638741713
-0.1256139708393338	-0.2187130498249442
-0.2932932766510312	-0.3181941406277205
-0.3347567561510232	-0.35182317035520266
-0.34110524101264694	-0.3333370649137951
-0.49652473424636945	-0.49815776321117916
-0.3175930598815153	-0.3091120826646092
-0.2642253481208652	-0.2550886047702825
-0.10633931465759261	-0.09314055949023822
-0.20645830184859904	-0.20446947214801195
-0.38931325036987907	-0.40013353165049365
-0.269654116481572	-0.2813100427751047
-0.4403423143056262	-0.4298793735103826
-0.3640206748638217	-0.3694945180427662
-0.1300869719046993	-0.15776405731571183
-0.10621034790112915	-0.11464760206024635
-0.4058806498664449	-0.4545220226322605
-0.4189649299402234	-0.4054784582216125
-0.2980673973434911	-0.26657262905722257
-0.4126579099574865	-0.4170142389847815
-0.34405066165459	-0.34659076742385875
-0.35870362266713585	-0.37241407230053486
-0.42029548126567917	-0.4102342894971988
-0.5362242625098883	-0.5416949043230448
-0.06351157266804464	-0.058961809652598715
-0.4378394360655413	-0.42503938192932
-0.2953225037737006	-0.288307489809962
-0.07667088400024014	-0.07795355876995404
-0.37884849465530124	-0.39502124614489215
-0.27409403973281243	-0.2718238272263191
-0.3584219453653681	-0.36067955761679166
-0.46510585291241036	-0.4618117469335669
-0.2612500940141995	-0.2686401293869047
-0.3983485269252274	-0.38444769668898454
-0.24917009784356736	-0.3673303185065812
-0.3936770430145682	-0.37748557301491703
-0.4951232752961854	-0.4630706325611802
-0.27356164926169235	-0.30324119927266346
-0.26954806521554886	-0.2592975516203007
-0.33448428461916	-0.28855449698039654
-0.09706744800112332	-0.19387498290180746
-0.39030465068976916	-0.3740257187256117
-0.2825115924412245	-0.2741839905760917
-0.3799219245906045	-0.36416005652149475
-0.3726991953096359	-0.36862916197660806
-0.2721398974283993	-0.2837549916085276
-0.32309061124412963	-0.33585619924979776
-0.16891065437013353	-0.1859364197697193
-0.12337905227816393	-0.11278075921907296
-0.39246968854679665	-0.3632229986477606
-0.35346685115308674	-0.32685409983133706
-0.206836376715394	-0.20002853016643043
-0.27281021932345695	-0.2720536605334863
-0.3715907007152097	-0.37713887536477575
-0.3093171543053401	-0.30039606384946055
-0.5416200947944603	-0.5362248428997891
-0.25843405891609805	-0.1923246988501075
-0.23761651803343042	-0.23976065249291847
-0.08363470747900692	-0.040671974614729114
-0.3539535786560819	-0.34151855695307065
-0.5490620229136294	-0.5418496813088979
-0.3260723443299973	-0.33428036243744613
-0.2524859231600498	-0.24461672300920131
-0.2836619619521059	-0.27941825610779614
-0.3697949524985038	-0.37417437197123454
-0.2132271499805789	-0.23498030909606732
-0.3314720235909068	-0.30904833319928815
-0.40195553740072754	-0.4047048880946368
-0.3655026749126442	-0.3601657624628705
-0.37452885688654547	-0.39565475033676817
-0.31679397833986656	-0.3154283473575297
-0.23002554287586818	-0.2708431752748133
-0.3944990016651957	-0.36642149077129943
-0.12176903224740343	-0.11138946238562385
-0.5322115331329051	-0.530880074366821
-0.4638246839059441	-0.46784004958470454
-0.38988789729635087	-0.39824011897368494
-0.34185409915438747	-0.3417910063521754
-0.345783471885186	-0.3433490653297705
-0.2933698661676729	-0.3206768178631535
-0.21266340519983373	-0.29561643243060015
-0.21374353992792194	-0.2519135069907466
-0.4273562574248331	-0.4155750860334191
-0.39343584393795084	-0.38549193854662017
-0.41800907538317666	-0.42364704871874553
-0.3136392406147088	-0.29487404462469086
-0.27654358623752984	-0.27814857355766787
-0.1672903912407726	-0.14084231035017494
-0.20912250787953113	-0.2515051284423727
-0.36322156727056765	-0.36289092171757387
-0.24133686512764285	-0.2521114271240848
-0.3806650497152546	-0.36504811725564906
-0.23266520733121965	-0.24073344718742215
-0.10054570584384237	-0.15510706638086336
-0.26523918825478887	-0.26897425157499627
-0.27989595846376325	-0.22414032401865613
-0.35684749033364227	-0.37821460939743323
-0.3456754379699696	-0.323753536593254
-0.41693048640498276	-0.4339700795631442
-0.35420743571511615	-0.36883404971649475
-0.3521583954681269	-0.3419295893289498
-0.39467436133159417	-0.39702388987054393
-0.35609968694376803	-0.3281689492122403
-0.25679633602448604	-0.23856952725949446
-0.5211012698016457	-0.504760108262943
-0.2982356611969976	-0.3112184813527782
-0.20033103370448302	-0.18024245804221364
-0.3806422841632937	-0.36693112466692035
-0.3400256520868208	-0.34495136880288685
-0.5594909299444595	-0.5634878189204356
-0.27292199652180393	-0.2594411085305159
-0.23506717674709066	-0.25280060469798044
-0.4105838122596275	-0.4240039532233338
-0.5425479422334707	-0.5426560829506974
-0.5460679365991812	-0.5381551243130478
-0.10681945750566868	-0.09203636803206175
-0.4587044264374356	-0.4371104567419849
-0.37889197625460014	-0.37180882758463085
-0.3490410624721214	-0.3272467004858937
-0.40360763192420457	-0.3915874887438302
-0.2895948865411224	-0.2660883909138471
-0.29838397529843164	-0.30110271619672946
-0.34998104019455667	-0.33542864225305996
-0.2833307321114056	-0.27803961836094643
-0.4373565265009294	-0.4409248133265401
-0.1746240427808008	-0.3081588696060943
-0.4038468757264866	-0.40112653892631545
-0.36891906020291465	-0.219071487898515
-0.3600673624386559	-0.3558440407076317
-0.26245591645534105	-0.256026491983165
-0.4977207684127798	-0.47281515667899715
-0.24641284357490534	-0.26308840739955397
-0.480427171896185	-0.4954380606300936
-0.17559691656283505	-0.15926650697633224
-0.16624712658311047	-0.15879944728254292
-0.19107806738522015	-0.1837690681111541
-0.3604632767396865	-0.36976846457672796
-0.5061116767231582	-0.5145099014646066
-0.09177488532780131	-0.14526799779529811
-0.539675954180268	-0.5308760798455259
-0.31465678066101077	-0.3812187850536044
-0.5131274052943269	-0.5180889537557468
-0.3486697998650303	-0.3726432898908483
-0.33276270537059816	-0.3619575530789953
-0.4979690774685537	-0.50762879516927
-0.25536005095346503	-0.2982963073601935
-0.46714776720755324	-0.3340271014918304
-0.384395980933796	-0.30698080654176857
-0.40840625765343574	-0.42987005961683955
-0.09535159654918957	-0.22449261882500884
-0.20030974903983179	-0.24618351381438283
-0.540694036287725	-0.5406754547089573
-0.30329306848348736	-0.3019654517628762
-0.3506503582341054	-0.33689205043589765
-0.5309770047953997	-0.5235627711581002
-0.31785597613871097	-0.3294006293825651
-0.1847598719626209	-0.14283699341178396
-0.2405630715966467	-0.2638533178369171
-0.345669371905748	-0.3342184980617802
-0.4032289619275371	-0.4059113152936864
-0.13697305597301757	-0.16340750797607392
-0.2611842656931582	-0.2569263660328371
-0.39006779579807116	-0.33366982871116735
-0.4158102225280018	-0.4054215210984498
-0.5340971624217552	-0.5365571365173638
-0.4041788113274869	-0.3844861074885849
-0.23047523500262912	-0.19614677697102803
-0.2518741513463816	-0.2715517712998525
-0.2543539828985928	-0.2548506103220888
-0.26794617799596665	-0.24972725808872204
-0.35469638587341024	-0.34352907956822376
-0.2684393548471782	-0.2699552825894206
-0.13131447581309708	-0.20577092642419711
-0.2754274348539809	-0.2764548536420593
-0.25467077163467877	-0.25436786555244695
-0.25018818170661916	-0.24563241764997257
-0.3087789924666282	-0.3204033401373945
-0.2641464930678161	-0.26110312900882754
-0.12502907319466416	-0.11127536013272145
-0.35616360957677173	-0.3560570068680618
-0.1429689863097927	-0.17508029515226003
-0.351938209240064	-0.2652861620465559
-0.20482337692717678	-0.22829629292975767
-0.4117615560036505	-0.42948497791993157
-0.49443260561375624	-0.49728618610638203
-0.4056658373402975	-0.45659333069252395
-0.22254556993606656	-0.2268095320940147
-0.18040548604791695	-0.14327728479131352
-0.22266209375370138	-0.20666422326758263
-0.26530312641639675	-0.31324119939134065
-0.2810066547943517	-0.3053515948562656
-0.43346375067801013	-0.3898326591316994
-0.06312940682740553	-0.04773970733153215
-0.06632972824252548	-0.09157395058326098
-0.22396597024073728	-0.2338029748485502
-0.48788948001021737	-0.46689374728561117
-0.14035167259827297	-0.16409098420372603
-0.41956736433967734	-0.41183363411586377
-0.41848821690616234	-0.41784701523477297
-0.19582843803575045	-0.18577632385963808
-0.09662003884210435	-0.1043071935140625
-0.3178538009208953	-0.31364985975244264
-0.33827248056183734	-0.2668324940820533
-0.36402985932775067	-0.387421983830848
-0.1050807532832323	-0.12748520258633445
-0.40574229032920783	-0.4038948311856419
-0.3843504559655564	-0.36576894682817207
-0.41889935456113037	-0.4339023129668717
-0.3491155674310278	-0.34437784205873595
-0.37968440264692305	-0.44567146828384074
-0.12189416873814451	-0.13648836665311187
-0.3353180909313238	-0.33391383428826776
-0.2725997351255174	-0.2755029252487373
-0.3510020835356329	-0.28984479184976925
-0.22246919273579024	-0.2212914499436115
-0.24720673833314244	-0.23182027116054185
-0.16379204529581415	-0.16934774901891445
-0.2652326139509231	-0.26681660739553287
-0.25182654468476073	-0.2740652385867517
-0.39181632679397893	-0.3924131854604492
-0.26873765152117635	-0.3151468870566606
-0.28136273809576906	-0.26447461866440874
-0.2712040262955604	-0.2701682121255096
-0.3492897772319594	-0.3948308418733996
-0.2683937172342148	-0.2963117135061282
-0.42962387683670755	-0.42707764984854896
-0.1980055090217192	-0.2707903216443209
-0.5121196690342487	-0.5105124506254868
-0.42569042962731984	-0.4346192319325589
-0.23731230958914296	-0.26098082460713906
-0.2538917594340262	-0.2850199328054248
-0.4257025323110355	-0.43890945106551893
-0.33514826980926316	-0.3431990876681732
-0.28906340860331525	-0.2846281813508829
-0.30518294332791385	-0.299460989815824
-0.5403215619157002	-0.5115807778133107
-0.5552610815171217	-0.5576721978848462
-0.402614471263135	-0.4112864518129239
-0.39505152724287385	-0.41132767445086693
-0.35485468795130615	-0.23176563239132103
-0.28003187951493125	-0.24234156956345237
-0.3287852526390367	-0.3276005338316566
-0.20989169110356087	-0.23260934460801314
-0.25827785929475944	-0.23206004265309585
-0.3353282118753018	-0.33465522184853413
-0.24561000731755023	-0.23555851754356202
-0.42361201840719254	-0.42861072452872195
-0.4714042715521316	-0.48271534193792587
-0.3818818395855068	-0.3053532221433081
-0.46530806513978185	-0.46066231445280964
-0.5436635128175702	-0.5301508910414454
-0.5418298601081197	-0.540328185728696
-0.2646955226354173	-0.3034097694697156
-0.33267903764442686	-0.36488768797314153
-0.43591000458222595	-0.4500381333799189
-0.22954135795724184	-0.2536709959610078
-0.17290116745487794	-0.17060505565947154
-0.24714911620428737	-0.25351735863821545
-0.5207785716498101	-0.5117466737154408
-0.18949275495156748	-0.2295826969022507
-0.3922566154405338	-0.4005959677908455
-0.36562606165050937	-0.29523656933458164
-0.510611134465794	-0.5076041265281062
-0.1581651231426413	-0.16116707647323109
-0.2884007543619518	-0.23679453333293543
-0.43347308897641135	-0.4314069021238994
-0.2877792647923041	-0.285649035010908
-0.2990709026526588	-0.3007578310849298
-0.5033173061709881	-0.5054641408899003
-0.1896990528887308	-0.17154901781284912
-0.3689596659733496	-0.3684104774242797
-0.3736280882850096	-0.39301116467935227
-0.11264537361157778	-0.1476633461730339
-0.26863502456940935	-0.2621850186315353
-0.49402516441895905	-0.506874174657272
-0.4014625584200413	-0.38429217526484005
-0.5072772049962886	-0.5377735812237088
-0.2269157324758666	-0.2522625772551809
-0.2613985308770417	-0.3251288676798693
-0.5551447318204108	-0.5441058180595565
-0.24258080456984743	-0.24518296147302526
-0.4689613172231244	-0.4847327764009221
-0.12935262979354079	-0.12668695613698072
-0.31291966673791194	-0.30131592073888785
-0.22091974733872277	-0.23961835298368506
-0.2268433234574765	-0.2454406506405865
-0.5067284732753876	-0.5233365220915601
-0.24710732603659125	-0.2845131261690429
-0.28961540702032984	-0.27816862456358166
-0.3577865698039133	-0.3608955940969318
-0.2295325132714332	-0.2391605035919087
-0.4612887169826436	-0.43594943767455857
-0.30376980532555997	-0.2421617785996725
-0.3740235992468186	-0.40161908637846905
-0.2559272947563418	-0.25201331420864254
-0.3338524662234832	-0.31630307402638663
-0.29263512443077566	-0.2764330671433103
-0.34717329658487195	-0.32676985744258263
-0.3847575947344968	-0.3633268890264894
-0.27791898717253716	-0.25929077133320866
-0.5386977262985386	-0.5305809579130201
-0.2235033000299751	-0.21520048940532918
-0.2343832832427566	-0.24528849567402167
-0.3343928009016892	-0.3326159437396817
-0.5002868043112354	-0.49800111976774025
-0.1283175182180898	-0.12650588229327078
-0.4131175712758228	-0.4136318234631868
-0.4132681715780926	-0.40407810740167455
-0.11971224959528115	-0.1907222225097672
-0.4152728553170153	-0.4095362519321929
-0.16017977922047066	-0.15806932072432106
-0.40470577928669194	-0.4270578891744543
-0.539150331080938	-0.5341004848352405
-0.40685301020026365	-0.42388317046853785
-0.3512350193235072	-0.34046839647920896
-0.36188048315135823	-0.35078685872797194
-0.36976152168059073	-0.3616129744744104
-0.3067937724402423	-0.31496282128336184
-0.18862736779765044	-0.17323074221226628
-0.23809419801089504	-0.23916272050639667
-0.3398903005547371	-0.17325056931213362
-0.2654426287726821	-0.2687895884359939
-0.3124593541067391	-0.3269800331221137
-0.3833343006336172	-0.34742998644412687
-0.2587968564034817	-0.2621927260107346
-0.256631947709117	-0.2944106604985806
-0.3493968853475824	-0.30524050557300386
-0.4387457638176411	-0.4060713812526678
-0.16369909041938158	-0.24653094387414845
-0.3600968406403915	-0.3464738581483535
-0.33925665451880604	-0.22835392163330426
-0.062403101231653935	-0.1836724062803472
-0.1480297693178727	-0.15515611587953793
-0.5551837304457496	-0.5619214353123325
-0.3177416050615278	-0.3140548793116056
-0.35516548189525565	-0.15617951926201684
-0.29989552661170826	-0.3018328338312691
-0.5503257258078804	-0.5384113312032367
-0.44116167708655496	-0.44764848540988483
-0.12149746832496788	-0.11919093178338067
-0.25027221484564777	-0.2528166676686309
-0.4210476915693775	-0.3759737398478325
-0.3576622354669965	-0.3488035921637737
-0.19574204000586093	-0.2609262108712664
0.00011746231051290579	-0.12477136108945533
-0.3884448988590652	-0.42911435475256354
-0.3673246818513114	-0.3567721354914996
-0.08044204911419328	-0.06577300623446843
-0.4327846640912636	-0.2819308823875501
-0.07137216134558066	-0.0804637327167248
-0.3888759091887888	-0.3881833413897088
-0.42676862276593575	-0.4089240388288074
-0.3576295705164121	-0.36542335460647407
-0.31236951969023785	-0.27034193396962
-0.38863997984372567	-0.37314162924235766
-0.09243090031343115	-0.09825932085911186
-0.353124825241828	-0.3494779540502047
-0.2420286319065461	-0.2535614921825874
-0.20382661520782897	-0.2239915724602917
-0.0887246593770783	-0.07394618414861873
-0.07692132822267439	-0.0697872330176755
-0.3378472368385239	-0.35243527260189383
-0.46520814421723955	-0.452111795936396
-0.5111930788612415	-0.5183621561674117
-0.3946359901263854	-0.3974260213472652
-0.34498511042010804	-0.30802052363097615
-0.32375536583430886	-0.32529496594439616
-0.2277972665472099	-0.23923655513147463
-0.45478656573397913	-0.44223852132890124
-0.33348795083516336	-0.3095034414766101
-0.3731464526006967	-0.3766746203635442
-0.35332276454370337	-0.34068420764611385
-0.10235462266305007	-0.09994453265972
-0.3127133020249424	-0.30148896850427737
-0.2951938636560918	-0.2917127295831081
-0.34877249730756077	-0.3420298315787008
-0.35893341609426344	-0.37268710789749526
-0.437234037314429	-0.45228746696981476
-0.3330284777698367	-0.3467321377940876
-0.28286592158061197	-0.2913824688782312
-0.5352874600681865	-0.5384331601995781
-0.22572662346943417	-0.17494097326747807
-0.2828658614313504	-0.3387866935309965
-0.3590676901127523	-0.3419010276338556
-0.41180570004899053	-0.41411737884604227
-0.2541592750340662	-0.2593016944692979
-0.170167738755719	-0.17201654038411177
-0.3731247200269756	-0.3708832883583272
-0.3021115807145929	-0.2708949983826768
-0.2672971461059106	-0.27268989550669065
-0.3378506489364774	-0.3331139321981167
-0.3875221968354463	-0.381725693282132
-0.2169060607520059	-0.25231947167107854
-0.39512696695678784	-0.37978568877000846
-0.365632285394188	-0.3228374121822571
-0.3515194067052896	-0.3412323458071742
-0.3299614684355827	-0.3243316789876953
-0.3349416235811873	-0.33242461131425827
-0.04856935530558282	-0.0321757309349998
-0.2562801536824857	-0.26508693023621743
-0.5451831770378224	-0.5502277916889324
-0.47054761551509827	-0.4806783095051737
-0.3681296612695544	-0.3442281958485364
-0.09832257250644716	-0.15284561344892778
-0.3653538981477116	-0.35405209702565704
-0.2740816083022537	-0.27943695671332147
-0.3442070382299871	-0.30895017208890047
-0.31356934523881463	-0.26643964994816643
-0.18283429385362737	-0.1883965896430306
-0.29606980389953463	-0.28185138662221537
-0.3346500000386392	-0.31831663688178713
-0.5241227731250895	-0.509302875305614
-0.311092508985066	-0.3088245498553833
-0.35671684200788434	-0.29005409260087933
-0.27806982969422656	-0.2786234949327718
-0.3992699570650178	-0.37417161536579757
-0.3959353307464468	-0.40158537185633436
-0.35308954204410625	-0.34689709547566494
-0.3079329930720167	-0.29367931518480694
-0.34009714660700574	-0.3110404514023552
-0.2596073773674199	-0.24702160364899367
-0.46512751325768775	-0.4586415982326555
-0.45322291280692184	-0.434347871469725
-0.2964494083328013	-0.28557068235655003
-0.24005419340353384	-0.23569625039763803
-0.194273075894154	-0.15600088949589713
-0.10981936674417092	-0.12592111248166996
-0.4172676652923588	-0.4265869281523892
-0.5193290711518301	-0.5244624397485286
-0.2280090218791937	-0.24838549488597567
-0.24064711719129406	-0.23843600167156806
-0.2483332332528736	-0.25400013010884886
-0.558437293163248	-0.5470255740268737
-0.5333219090947949	-0.5301050527785273
-0.2362891850769948	-0.2551527264767394
-0.36582315835825696	-0.28826289014408596
-0.336651849629483	-0.3369413184128172
-0.4259274130456614	-0.4375486748359093
-0.2868921038338783	-0.2773424086291781
-0.2780475742083883	-0.28601702916233035
-0.3569184500950193	-0.36503791837797434
-0.3583597363577802	-0.2691978038179462
-0.06184428407812703	-0.1778520763559906
-0.465980236623146	-0.44552207769125757
-0.41216615939950785	-0.4221600773170268
-0.2523515556989029	-0.22585408408319171
-0.3944781094132743	-0.39965109778655356
-0.2655759984595072	-0.25641305966520883
-0.36839682828254894	-0.3479955130216835
-0.3323784842540487	-0.3257610764310545
-0.3833053565812765	-0.4475579588254188
-0.25240314783921036	-0.24405376873010756
-0.5175252771322789	-0.5183132661587354
-0.2621367767013716	-0.262606472485975
-0.462716183835191	-0.48506303721471766
-0.27060453731603573	-0.2611088430316269
-0.38615581518755704	-0.38173833198247054
-0.31281645853305307	-0.3134101828491714
-0.3347657779032893	-0.35747953582505687
-0.2788911623418304	-0.2949154712074881
-0.3595000115652578	-0.3097482862426049
-0.3326618807190922	-0.3123985877582693
-0.3173664204102522	-0.2534178721443023
-0.07310068769075251	-0.19394467407431687
-0.32243820669944867	-0.3296900802609627
-0.4480003510961197	-0.45558641889564444
-0.5301034999137251	-0.524756723400767
-0.33592015676877196	-0.3341966535967676
-0.36583219534928624	-0.31532198012502877
-0.3910434596189081	-0.39818402149471205
-0.2737406098904813	-0.2607465487550061
-0.2687863022954353	-0.2604576456598267
-0.5540225698251682	-0.5426981909916513
-0.4092348037736855	-0.3991489253639341
-0.3932810641185185	-0.39563136986763253
-0.2591233206007111	-0.2555946901279401
-0.312592336405924	-0.3100317542670709
-0.4004526702815241	-0.3740535916800607
-0.3006534915267913	-0.2810654426288467
-0.3248424760858981	-0.3307108740647033
-0.4544232890333575	-0.4422657238718748
-0.3738960483842533	-0.4099534449969777
-0.5011420044674928	-0.49029833519968885
-0.3713225822895865	-0.3822180288369724
-0.3927246004580809	-0.3804131533579914
-0.38216066412334904	-0.37799976356054116
-0.2780246613806412	-0.2695452181114589
-0.30342258962343926	-0.316085360397028
-0.3174490504463865	-0.31015012076537113
-0.35362866323273323	-0.35761517176534136
-0.3089682044583846	-0.31289167507681515
-0.2880796769034184	-0.25199030690689955
-0.258555693735115	-0.2310685634602732
-0.2714804456684483	-0.27843496145533303
-0.24652922251703657	-0.25945816295725305
-0.246897396733063	-0.24868646644046155
-0.5348919099332932	-0.5325124857020105
-0.27917409879461275	-0.28363963196896014
-0.315985223471154	-0.2838739625186934
-0.525106958018192	-0.5297963656921083
-0.1396827441499191	-0.12317103768410076
-0.4040526149683821	-0.42635433694215885
-0.36015470787988235	-0.3732549344206345
-0.49383238608585245	-0.5386254791802668
-0.08974693716690574	-0.2058208687389025
-0.2746460167566944	-0.2737104992976414
-0.3705610847997356	-0.37352300186843157
-0.15418809340586037	-0.12591346891567637
-0.2295459250464873	-0.23866994162749733
-0.13287865448143776	-0.18109216439920872
-0.24824782579447913	-0.26443641188458594
-0.08326102149295522	-0.07352511128379738
-0.5382828787124403	-0.5299563145899522
-0.36515079902689607	-0.3615431297389537
-0.5312252311851395	-0.5224973111428903
-0.33380136030917384	-0.3412390826758828
-0.5225558155445569	-0.5223818933242662
-0.5511071251902173	-0.5622202101719888
-0.46210798162541344	-0.5286811505881207
-0.3294508736405426	-0.2700039241901149
-0.3101744604097192	-0.27196832022805134
-0.5609999621968509	-0.5588693376381139
-0.2486335577171186	-0.28132156880831044
-0.3969125425101332	-0.3778556842930817
-0.37655359106351227	-0.38938797384184204
-0.24932261391973043	-0.2550146996378119
-0.2136893608080861	-0.2718354881712588
-0.39395738809304603	-0.39792136607553785
-0.32837746833907744	-0.3072313028812645
-0.33440005390026784	-0.32425108603647074
-0.36511350490914296	-0.3762819211486733
-0.3513315399307686	-0.3658933614083069
-0.22493887705297766	-0.23189247094123042
-0.3756943434381732	-0.38238866286170003
-0.24666742982322276	-0.2438716085545848
-0.11953757133445464	-0.13637624920864158
-0.39220465081803724	-0.3997898441847506
-0.3289848887069624	-0.30106414371022205
-0.3837310241107925	-0.37702954832477037
-0.33349962958845936	-0.35205274750638604
-0.07894919589617189	-0.06911962551005228
-0.27146500437488896	-0.2548273381403938
-0.5301734988263789	-0.5325907054057933
-0.29375650726329106	-0.27325464224382573
-0.3541102488843144	-0.3621867941751236
-0.26413425773611365	-0.2754518344055141
-0.28246461318918037	-0.27143781211476037
-0.4231025803164812	-0.4222182944704798
-0.1170757603496213	-0.12006105603678058
-0.33114001382986125	-0.30932455700487677
-0.27271319384106363	-0.2963043934239296
-0.293952685225765	-0.3024055814211224
-0.31445289009131905	-0.2789983116537648
-0.3725944527563243	-0.36939573947931176
-0.33676623621078505	-0.2810986527617593
-0.48517927578256703	-0.4717780449016737
-0.2426130158139479	-0.2364130775422671
-0.07925933840730437	-0.25009186846699233
-0.2325033460282846	-0.24735658625425583
-0.39064196204479984	-0.3651987316356918
-0.4505391825321574	-0.44539166032450245
-0.23892919528889855	-0.2972902547956079
-0.36473018421491865	-0.3058840943464845
-0.3714852782115834	-0.38161935166302347
-0.408313766996768	-0.4213105647406916
-0.3339344858100972	-0.30762742737904974
-0.38774001096983035	-0.38739521247111275
-0.32392853188845017	-0.3267008327367867
-0.22175439491675775	-0.1838389844364864
-0.5585813398410782	-0.5409986138112793
-0.5139608055248477	-0.5119483843001965
-0.36898812368509404	-0.36186723731754517
-0.40401312112984655	-0.40682175722982433
-0.32585287437605537	-0.28691630785115124
-0.2300932411844041	-0.22194119925697217
-0.26230579805293885	-0.26680138739881326
-0.43199846278914933	-0.4144175639480067
-0.5543349223200273	-0.5543516315151062
-0.2537865640433221	-0.2544660713447864
-0.3934265138879294	-0.3794195379090208
-0.2826902656132937	-0.3129954380270055
-0.4819614906050287	-0.4740549545450885
-0.46407059492502967	-0.42593655639966693
-0.3786587622141333	-0.37425460951917666
-0.39201315980310447	-0.3935723659780658
-0.34013321039813604	-0.3104509719450023
-0.4310879174750042	-0.4376611528111367
-0.3978058024200024	-0.04927443938189508
-0.35632885823152805	-0.34773294264997073
-0.3916604629103517	-0.3819629561740082
-0.22481935132695519	-0.23071589522761166
-0.39170908376456914	-0.39028110961943885
-0.2858775424394544	-0.2942168861774602
-0.21832487579906967	-0.23285507430710237
-0.41021423634200005	-0.4036747422040936
-0.14221976097009303	-0.12588977948708288
-0.24811370497591057	-0.2568661810434677
-0.25460242896531504	-0.2652208257522186
-0.36011246037825906	-0.3322995406554874
-0.22852841144560365	-0.19879794600935588
-0.41059958876334335	-0.39794812388176254
-0.31716210616424867	-0.333010803989392
-0.45958358534895183	-0.4617546481816828
-0.52272948993072	-0.520100915787014
-0.33447483735841743	-0.3474696696224173
-0.08455463209671521	-0.16302657489669742
-0.12388939101961505	-0.11866724424756048
-0.33928123240797703	-0.3157127095564284
-0.31654552563442095	-0.23177792216177842
-0.3416402907505329	-0.315156066750762
-0.2897666864314292	-0.2596246157389528
-0.33173698475957636	-0.3172967794511245
-0.4264103159773214	-0.40600924089573376
-0.11333218799569877	-0.12482070564046925
-0.34086820388919215	-0.3268931816362475
-0.3859449684621392	-0.3934871983073142
-0.4030188413984046	-0.44025389382009755
-0.3567700229519204	-0.3027651055899474
-0.14808768542647854	-0.1609965348439853
-0.0816188805967002	-0.09808780183112015
-0.08554824075268286	-0.1268774487629951
-0.27826243187073985	-0.25925501031782666
-0.4816698016865679	-0.4779244511347029
-0.27921147888801556	-0.29155637874574675
-0.3673907393527358	-0.28712153745980173
-0.37791126919358575	-0.36829420786350425
-0.30333396723354866	-0.3400406182412897
-0.23629569329165356	-0.2549181358201277
-0.2761463994836717	-0.2522913904961323
-0.29648221782383644	-0.20595890475608164
-0.4414565897331926	-0.433603570957454
-0.5393660278021599	-0.5461927147779342
-0.3964134947721316	-0.3628459653225518
-0.37490907834361664	-0.36790807608443127
-0.26744524075631304	-0.29087059777167
-0.2676207936594128	-0.2381069343740689
-0.37097689320628113	-0.3845685637743656
-0.5542029380530415	-0.5510725939545129
-0.09785628896353415	-0.10753236590142481
-0.36703535750818617	-0.36158909888070884
-0.31376541259825075	-0.325278324124776
