4.341640732255126062e-02 2.888658349996741878e-04 1.000000000000000000e+00 1.000000000000000000e+06
4.341598990760152377e-02 2.888632769551936850e-04 1.000000000000000000e+00 3.162277660168379080e+05
4.341467000292464212e-02 2.888551880109211474e-04 1.000000000000000000e+00 1.000000000000000000e+05
4.341049695427488114e-02 2.888295741490565813e-04 1.000000000000000000e+00 3.162277660168379225e+04
4.339731078311968859e-02 2.887491799890182470e-04 1.000000000000000000e+00 1.000000000000000000e+04
4.335790741551713567e-02 2.884991652915497111e-04 3.162277660168379394e-03 1.000000000000000000e+06
4.335569872498430677e-02 2.884941276057187225e-04 1.000000000000000000e+00 3.162277660168379498e+03
4.322714299444792296e-02 2.876779672296534297e-04 3.162277660168379394e-03 3.162277660168379080e+05
4.322496368271953882e-02 2.876710329461392834e-04 1.000000000000000000e+00 1.000000000000000000e+03
4.282212630240253559e-02 2.850769702640917739e-04 3.162277660168379394e-03 1.000000000000000000e+05
4.282003838917908256e-02 2.850720418614490783e-04 1.000000000000000000e+00 3.162277660168379043e+02
4.161967869379175344e-02 2.766148843718733183e-04 3.162277660168379394e-03 3.162277660168379225e+04
4.161787378706342105e-02 2.766077616163051820e-04 1.000000000000000000e+00 1.000000000000000000e+02
3.845966014067987021e-02 2.494787435360937234e-04 3.162277660168379394e-03 1.000000000000000000e+04
3.845871553473849402e-02 2.494806691466117674e-04 1.000000000000000000e+00 3.162277660168379256e+01
3.230798782678074438e-02 1.791023188407603740e-04 1.000000000000000000e+00 1.000000000000000000e+01
3.230675486127114471e-02 1.790755322262890846e-04 3.162277660168379394e-03 3.162277660168379498e+03
3.230675102617346778e-02 1.790754900289838372e-04 9.999999999999999124e-06 1.000000000000000000e+06
2.528511085202692077e-02 9.950411225743602782e-05 1.000000000000000000e+00 3.162277660168379523e+00
2.528073938207221413e-02 9.946939560149271875e-05 3.162277660168379394e-03 1.000000000000000000e+03
2.528072557432904308e-02 9.946927336030324436e-05 9.999999999999999124e-06 3.162277660168379080e+05
2.103689300549857130e-02 9.089139039389983231e-05 1.000000000000000000e+00 1.000000000000000000e+00
2.103091230260610220e-02 9.091464898808491557e-05 3.162277660168379394e-03 3.162277660168379043e+02
2.103089341971663487e-02 9.091473685126006581e-05 9.999999999999999124e-06 1.000000000000000000e+05
1.925992753077812591e-02 1.165182033754285160e-04 3.162277660168379394e-03 1.000000000000000000e+02
1.925992002441159062e-02 1.165187634733631821e-04 9.999999999999999124e-06 3.162277660168379225e+04
1.829162168161584806e-02 1.357205474715948408e-04 9.999999999999999124e-06 1.000000000000000000e+04
1.829161135493078544e-02 1.357210880994925420e-04 3.162277660168379394e-03 3.162277660168379256e+01
1.728635904610880542e-02 1.326507656657064272e-04 3.162277660168379191e-08 1.000000000000000000e+06
1.728635856781287478e-02 1.326508182820191283e-04 9.999999999999999124e-06 3.162277660168379498e+03
1.728631024626966356e-02 1.326506487568112106e-04 3.162277660168379394e-03 1.000000000000000000e+01
1.606862973781093828e-02 1.238095991587687757e-04 3.162277660168379191e-08 3.162277660168379080e+05
1.606862947797919189e-02 1.238105889923548297e-04 9.999999999999999124e-06 1.000000000000000000e+03
1.606848361462696190e-02 1.238110034962029856e-04 3.162277660168379394e-03 3.162277660168379523e+00
1.466431517605747137e-02 1.212168586076440077e-04 9.999999999999999124e-06 3.162277660168379043e+02
1.466430797948313144e-02 1.212211401371419593e-04 3.162277660168379191e-08 1.000000000000000000e+05
1.466385777243837604e-02 1.212133804246553256e-04 3.162277660168379394e-03 1.000000000000000000e+00
1.338151684084088779e-02 1.115315688087854188e-04 3.162277660168379191e-08 3.162277660168379225e+04
1.338149985450288147e-02 1.115357986563224812e-04 9.999999999999999124e-06 1.000000000000000000e+02
1.251950350888312788e-02 1.047582310113096660e-04 3.162277660168379191e-08 1.000000000000000000e+04
1.251946841237632467e-02 1.047592756810310406e-04 9.999999999999999124e-06 3.162277660168379256e+01
1.198324110108792487e-02 1.026822614797624609e-04 1.000000000000000036e-10 1.000000000000000000e+06
1.198033835002856699e-02 1.025112963645880302e-04 3.162277660168379191e-08 3.162277660168379498e+03
1.198011293186420842e-02 1.025123224772711474e-04 9.999999999999999124e-06 1.000000000000000000e+01
1.157565921464575633e-02 9.987121499173308165e-05 1.000000000000000036e-10 3.162277660168379080e+05
1.157412933085193510e-02 9.994218727505212781e-05 3.162277660168379191e-08 1.000000000000000000e+03
1.157242485261882406e-02 9.998779287195586497e-05 9.999999999999999124e-06 3.162277660168379523e+00
1.120594784653286026e-02 1.034664872624632763e-04 1.000000000000000036e-10 1.000000000000000000e+05
1.120526254679252848e-02 1.030575519811230536e-04 3.162277660168379191e-08 3.162277660168379043e+02
1.119171275842861281e-02 1.035182280487871234e-04 9.999999999999999124e-06 1.000000000000000000e+00
1.087005688343850758e-02 1.047475341759296911e-04 1.000000000000000036e-10 3.162277660168379225e+04
1.086946775154527464e-02 1.048576047676582365e-04 3.162277660168379191e-08 1.000000000000000000e+02
1.061193646859909245e-02 1.092960755375891691e-04 1.000000000000000036e-10 1.000000000000000000e+04
1.060836308017724938e-02 1.091611061095473442e-04 3.162277660168379191e-08 3.162277660168379256e+01
1.044384838358493328e-02 1.109408493046478957e-04 1.000000000000000036e-10 3.162277660168379498e+03
1.041812634976991073e-02 1.109179349283442514e-04 3.162277660168379191e-08 1.000000000000000000e+01
1.032038240104528326e-02 1.051649442590469821e-04 1.000000000000000036e-10 1.000000000000000000e+03
1.018554023497063830e-02 9.944074608201620535e-05 1.000000000000000036e-10 3.162277660168379043e+02
1.017574610217809698e-02 1.065492456032828819e-04 3.162277660168379191e-08 3.162277660168379523e+00
9.973787265233232530e-03 8.522500978181387959e-05 1.000000000000000036e-10 1.000000000000000000e+02
9.793418607011879912e-03 9.643502817741467345e-05 3.162277660168379191e-08 1.000000000000000000e+00
9.624141530827729982e-03 6.336620088911503813e-05 1.000000000000000036e-10 3.162277660168379256e+01
9.164742630057749057e-03 4.825334414850708281e-05 1.000000000000000036e-10 1.000000000000000000e+01
8.569636113839240385e-03 6.680574977994122639e-05 1.000000000000000036e-10 3.162277660168379523e+00
7.954889078475363071e-03 1.189958856937230018e-04 1.000000000000000036e-10 1.000000000000000000e+00
