-0.4935105439605465	-0.489454151431387
-0.1377784372589419	-0.13506294045001765
-0.052446700926854106	-0.06272109084781882
-0.29571896508917916	-0.2851651453301959
-0.42288576147677137	-0.4212251168120742
-0.22223717689868927	-0.15296037853312747
-0.6241905902952478	-0.6188217576624078
-0.0824886891406118	-0.09178134295961449
-0.48055202390371043	-0.48578215146854525
-0.1052200823558076	-0.10218197405647983
-0.34386684905514997	-0.33834643799329517
0.0841647087020636	0.08076597607760172
-0.20856405664492428	-0.17061360437742637
-0.6040538987783339	-0.6229851006246842
-0.21639500707134918	-0.23177845205088332
-0.2700750110548018	-0.23278789245638856
-0.141410373951671	-0.17046731921245004
-0.3851682788447581	-0.38276572124163405
-0.17148519167047027	-0.16458126286824043
-0.19939507601206685	-0.19770644412689214
-0.14718513559797053	-0.15755025285500815
-0.3333000612597008	-0.3515281291999193
-0.28240282706307873	-0.24472839718489073
-0.31339985300019	-0.3163741182688252
-0.23624891651885083	-0.22302843478594683
-0.09933889630740822	-0.0926999186100093
-0.1666795567147492	-0.19916398628074536
-0.4195428212647343	-0.4256269006512481
-0.3317581862294787	-0.314135165330522
-0.5087530763254318	-0.509347723321796
-0.30299676190481506	-0.28033755870020644
-0.29642954214855877	-0.3052621511159324
-0.4997446621326871	-0.49713724408179044
-0.012218585694864004	-0.021459871100040342
-0.11857815616299128	-0.13897557486642625
-0.11848326541219478	-0.11290903052730365
-0.36980854348500714	-0.3892072319160478
-0.4125825981008413	-0.4060601280805974
-0.35469480714629054	-0.35793775035138037
-0.04348755704757856	-0.017007459863833164
-0.30509671827053353	-0.28608616310641716
-0.09603940438434222	-0.09720498407917053
-0.46995572678500963	-0.47665765403939403
-0.08389006396835441	-0.06815143707691235
-0.2496160304359556	-0.24327205680769293
-0.19733615333737475	-0.1837116550910291
0.0755643692887551	0.0972396834832906
-0.08577117121899391	-0.16087117442781515
-0.2793306996021556	-0.2502826079860572
-0.26258212580331985	-0.2502859544466219
-0.3389999439203688	-0.3173173059549682
-0.256506370286683	-0.26420744522880624
-0.630910568700715	-0.6201416588835732
-0.6126148997178227	-0.6245217122024627
-0.46149723041646595	-0.4627118353537777
-0.3276374758307199	-0.3299678887427097
-0.299858157607531	-0.3018900585011241
-0.16491205567323952	-0.16035271714370003
-0.20299984331676413	-0.19461675189476038
-0.07076980901010721	-0.11994767479691594
-0.07642405306911026	-0.04560200980740002
-0.14995453760284327	-0.1872978275171419
-0.21253447902776124	-0.20817367884292914
-0.608216382823568	-0.6101626168281156
-0.05819560749238839	-0.04795554738481617
-0.24721258160650716	-0.2388090905713071
-0.5233110632180207	-0.4806381826449564
-0.09266923694558038	-0.09137675476611835
-0.3630213454557829	-0.36864379292422933
-0.13813659140385504	-0.13453240930097468
-0.01876877965971957	-0.02566531941345567
-0.2665947048002959	-0.2689194650668771
-0.12373640611839054	-0.11726059397754635
-0.3299277456741905	-0.3157931498949268
0.04710674985177121	0.04242393058898752
-0.1621764452200516	-0.19554741746432122
-0.3292101526224638	-0.32000499783811737
-0.4525552939136652	-0.456367316929828
-0.0682157570445705	-0.06959357098605036
-0.3419244838759763	-0.3385779225230409
-0.48426703258210146	-0.4946949144933888
-0.1358036645669971	-0.12480531022964025
-0.23975610242988843	-0.2574163601425204
0.004917638480842257	0.003701382295746083
-0.3287500793022389	-0.2893934470541516
-0.05136339548630087	-0.05481294624576209
-0.13641951597920787	-0.13167139496357366
-0.22620551947428247	-0.21613995256962423
-0.2515189093925443	-0.2591972175376281
-0.47936348268981543	-0.47449651849006763
-0.3323877360593306	-0.32246263015885157
-0.12865501991639938	-0.14125501161101892
-0.17297266323313032	-0.18100902937246788
-0.4525392732917872	-0.4450800008714925
-0.15599449057195525	-0.16490748696914861
-0.2930566571607969	-0.1659930002932734
-0.28999482081784755	-0.28797559431339337
-0.15322237881898726	-0.16184645443825765
-0.221474402815236	-0.259303143459592
-0.09969337192154448	-0.09429093099983975
-0.5511576695773712	-0.5719350629285253
-0.34306715498248685	-0.34124237315831873
-0.28894618292292584	-0.26817776402568316
-0.1498648206725468	-0.15156791344310933
-0.4928607863664318	-0.4467533094289356
0.0848132144544298	0.08102034181932036
-0.3434122416134233	-0.3387892429033031
0.07384980194698088	0.11118386321308603
-0.254547253425768	-0.2806312718131195
0.027607986420961517	0.027706599104822358
-0.1855795586227691	-0.19223927794014584
-0.39257315485327915	-0.41970514634074446
-0.2447705983980928	-0.253118852017675
-0.30997367397466924	-0.29297173451815833
-0.413626218791733	-0.4203434286348
-0.1788933668592545	-0.18405873506044607
-0.3436521503939085	-0.3448430404186555
-0.2408264561488771	-0.24601982113805557
-0.4617275017789737	-0.44929597749450134
-0.42540081533700036	-0.4006656165398918
-0.1782651305319778	-0.18351744361759564
-0.4776983345339989	-0.4161703745434873
-0.27616388141722936	-0.2927707688680187
-0.26654426915266605	-0.272401048890006
-0.375291355519046	-0.3973626038760219
-0.0718774026051765	-0.07456955663539214
-0.08652269565042392	-0.05792568679299969
-0.08535244543672693	-0.09959788307999512
0.03322530334136964	0.025722133099774128
-0.3755502649163649	-0.38382343429840904
-0.16605569962173394	-0.16654242038238284
-0.12278239517953793	-0.12265890230771262
0.00546096234474458	0.01858397147400491
-0.07948064230140339	-0.08297570248873366
-0.31118043681139973	-0.31112794813253636
-0.14021695610040208	-0.14752348251300929
-0.3373787810271356	-0.34506349132711167
-0.32894736386809065	-0.327613675990292
-0.23896700535480697	-0.24843886869687332
-0.30494534613657187	-0.3046176747263854
-0.3548063386952762	-0.3532183945110214
-0.22692070438660217	-0.16270781898367143
-0.43618819179215684	-0.4291683952509437
-0.32399571316220843	-0.3173003830398229
-0.5990749308362187	-0.5758187807647759
-0.08866705527144703	-0.08968557033314459
-0.1410356575304359	-0.13744831032731353
-0.3194691871451436	-0.3423483723663111
-0.05326061485743239	-0.12146958188687762
-0.2726572797902236	-0.27010711869613635
-0.2257345738174994	-0.18646002449751528
-0.36015385312835235	-0.3323411901258386
-0.11830989575828799	-0.1246496537495973
-0.3755213502915442	-0.37888660550064795
-0.3443638758303642	-0.3199623858829371
-0.46799104339724984	-0.46998451212122794
-0.34652541559817873	-0.3354789641191925
-0.4735184131453618	-0.4738335159619864
-0.16960935949799882	-0.1918422128423607
-0.5514977807417676	-0.5456351890837674
-0.41447748537495777	-0.43620443666930137
-0.08118938776753026	-0.0844693696476514
-0.0743180350380177	-0.07191194398571744
-0.17810961959913563	-0.20103557325802118
-0.36105033172528955	-0.3551121351662539
-0.021933661492793632	-0.05627482215792989
-0.19576263151363005	-0.1565695170313598
-0.06690046735614086	-0.0667181146430998
-0.09860637739673717	-0.1152154168705565
-0.3124335672888927	-0.308979800735624
-0.046257548905166423	-0.043461635815225226
-0.017333813025940614	-0.03859501213809032
-0.08852040069493139	-0.0940899987313967
-0.4909345271146375	-0.5364245239013207
-0.4679989078092177	-0.4697761409922933
-0.33940770855758906	-0.3311583553285556
-0.0074559471311896885	-0.007566169637972022
-0.3090303565345991	-0.3116629561773513
-0.13223401226262332	-0.12678395179613533
-0.5654338666078633	-0.5883918555625756
-0.1547458190693547	-0.13578139171929124
-0.17077348668922632	-0.19825893159691607
-0.6309407704585537	-0.6173091791727116
-0.3731594618421603	-0.37716018081892844
-0.10140087105723872	-0.09274572213023366
-0.2232726994113614	-0.156799564675461
-0.5582402450887702	-0.589971707703226
-0.27159677582667374	-0.2662464272667613
-0.1980632188434548	-0.22915337946536438
-0.2865303343278782	-0.2957702244894076
-0.12542413882421855	-0.16595296783881278
-0.2745832852898493	-0.2911098017333339
-0.18961207438427152	-0.19385184826136675
-0.3261323825567244	-0.30253356360021016
-0.14916253643449728	-0.17173427424162363
-0.03564142040303153	-0.03872899376891355
0.002600473124260816	0.005018704318273131
-0.22921366913114127	-0.2365978628432081
-0.22322576007388584	-0.2048567177467911
-0.2784620916049949	-0.2753571692575527
0.04844165291927727	0.06449280689734234
-0.28156807116007876	-0.2855335792139815
-0.339765604496006	-0.3309865840898172
-0.15854345612486487	-0.1517006900617116
-0.07019894991274178	-0.08230432833698385
-0.39026960193804694	-0.3998774951732063
-0.0723906470438056	-0.08553920296135822
-0.1772315090006753	-0.17908537299811567
-0.13323112029750384	-0.10848451892962797
-0.327707460136029	-0.3351477831113131
-0.13496479780573445	-0.127803271099787
-0.2528043636739117	-0.28202123887136155
-0.5347260944543937	-0.5341378882668376
-0.36193135839265	-0.3720533096182544
-0.3104292557020436	-0.30718320685772865
-0.4453489719408097	-0.43541170571090954
-0.3679891393041341	-0.378458414706676
-0.15912964309124433	-0.15225791207509523
-0.12744282872617063	-0.12471070687992666
-0.3470717434392432	-0.3399780934134767
-0.1928443479050026	-0.18509034605034183
-0.3735876898353583	-0.37079953625478873
-0.017872972288576428	-0.0106501964909879
0.04083763271828822	0.03247962776914716
0.0353750681677365	0.0476705479562841
-0.17835723106610502	-0.14396353395531195
-0.3160909872040678	-0.3255943259013896
-0.1070199930266984	-0.10609099512692678
-0.04618802914670894	-0.0449698099266591
-0.26934461635090834	-0.3092792352221382
-0.33552083276396516	-0.34623270218333735
-0.1931895705729083	-0.15458599200824083
0.00022504533831746443	0.006791274982422366
-0.19055094162706787	-0.19485486966078497
-0.05996143748151539	-0.051496706933580445
-0.15218511661174894	-0.16414849751652835
-0.3667906302940338	-0.35225458314063535
-0.34396498913011	-0.3334382901461759
-0.05368565128290914	-0.0406536140500879
-0.3649232051655771	-0.3695958213958928
-0.14689802206467206	-0.15494888609097054
-0.42706120814716364	-0.4320584510942597
-0.11416712907386373	-0.11687237230605635
-0.046469095018437656	-0.05513205352502995
-0.20582899918291986	-0.19969158554762836
-0.18462613341534695	-0.18330974393368418
-0.4962984831459476	-0.4838528525010827
-0.2994068678782149	-0.3169112944130575
-0.20701929748554537	-0.17995234496876758
-0.21683705342236514	-0.19864356725494886
-0.5004808426741203	-0.492663974528599
-0.48123261186785093	-0.48772594206808284
-0.27308129696401195	-0.27183143584078096
-0.34270637571782103	-0.3336956021632034
-0.1265205352547376	-0.1367718339474772
-0.3916146737201265	-0.33120149917133634
-0.49393531068687047	-0.48666833760853695
-0.29948754655070253	-0.3083064255081831
-0.13638256429232598	-0.09786353882730466
-0.31015239213479084	-0.23135139084880949
-0.17018084274784506	-0.15216991235334992
-0.20707781272694703	-0.21098834875566425
-0.38290687064023743	-0.3834586290157112
-0.24422004003126396	-0.23029208403138726
-0.08899737600667912	-0.09627347712612541
-0.23047507917929622	-0.24089295991463058
-0.12187274797516068	-0.11308185295843268
-0.3120516484742808	-0.35844883418734225
-0.5234731981366689	-0.5092077107405372
-0.33245685242351275	-0.3343895109559495
-0.11436801913732353	-0.10804465898420011
-0.21540532493749076	-0.2262682587474178
-0.050391077483363134	-0.047686852323739114
-0.5634877316092313	-0.5532903824707198
-0.43992205940768603	-0.4273357656032947
-0.3675876526294033	-0.35431447695017043
-0.07531482280018409	-0.08890765088595508
-0.32194392640474945	-0.33242014059927416
-0.05883852253098709	-0.0550049768925844
-0.2773193854750504	-0.27336263050131915
-0.0831633895262236	-0.0948257486498788
-0.08847554354207965	-0.09009913477866292
-0.2467740500049942	-0.2518232160525538
-0.1528357641803577	0.03692083482145578
-0.005736124896044359	-0.0156521969434653
-0.47969367905954563	-0.48954535713854674
-0.3294967711795902	-0.3179451617257038
-0.04719783249884202	-0.041156131007235065
-0.12716336357397395	-0.12010873773383926
-0.18783778182601374	-0.19950725683604154
-0.16293120376620251	-0.17093851341506508
-0.013826297469938353	-0.010227318761813386
-0.2312369164255852	-0.21004890840622106
-0.26976740542758115	-0.27360927079639896
0.07429451032251322	0.09523822764778718
-0.23769030637063082	-0.20372720565419794
-0.23535680720129193	-0.18697866323550033
-0.05851314474535663	-0.08783161403336275
-0.1783142055016178	-0.1997641330925031
-0.2566004757586011	-0.22239588562373305
-0.4500588697248382	-0.4344678356232479
-0.09290954250939087	-0.08663656743568252
-0.18490373905773794	-0.18084791526908792
-0.04170942843474634	-0.05021695217718258
-0.5154801271260183	-0.5091309605974842
-0.18993509970996847	-0.19561854774655607
-0.3941537524644039	-0.375085041792711
-0.2686379653790105	-0.294610254114918
-0.3318474509603355	-0.32760852058390133
-0.26160171131816057	-0.2401789036785019
-0.49502346925557283	-0.5012283566373632
-0.22142627016876926	-0.1672891563486135
-0.4061450341931847	-0.39140314596064835
0.007835611674757104	0.020377734619010844
-0.3434881209623821	-0.30894286588010184
-0.5117570962310314	-0.5028332432482664
-0.30755375538193963	-0.31044807559350984
-0.48233017897269903	-0.4330777337816641
-0.2253277563523035	-0.22491054660289345
-0.042480521334102406	-0.056243040193633756
-0.23301967303850546	-0.2666265348035634
-0.2675539008895873	-0.2621137625058578
-0.3750606914677075	-0.37363961961455644
-0.09038337093660864	-0.1342855870979201
-0.28468628822676934	-0.3010684856297035
-0.5450230364910134	-0.5594927692541323
-0.33167277068585577	-0.32102310463820416
-0.2729961910517007	-0.27143335112803735
-0.19375320177357036	-0.18726583595673937
-0.3165271112044321	-0.3146683225800778
-0.12025850757799272	-0.10204236335692099
-0.43296576681882293	-0.42817724543543845
-0.21808324308168814	-0.26266460621775084
-0.16098897861264305	-0.17683751880986986
-0.32276490423228044	-0.31262126759707776
-0.30629364243250023	-0.2900842029348632
-0.2718224228775128	-0.2723160518910082
0.005666525050783022	-0.0054605625843928
-0.4411963071594238	-0.4476693614867072
-0.11983107927926806	-0.12849137193922042
-0.19212533162746492	-0.1814439153443989
-0.149152223900348	-0.16004126358734405
-0.4808037327721948	-0.47328465562069033
-0.2569460111477415	-0.25300916864425416
-0.31252266565849496	-0.19543200358055574
-0.03684735501929204	-0.032390380636265134
-0.11827075410031274	-0.1396424868223049
-0.19151544814382948	-0.17764484642075717
-0.34179486703776085	-0.32168571343814656
-0.17943708590737995	-0.2054173425332142
-0.3040936757662651	-0.30787542720520683
-0.13478383510519798	-0.1315332313226302
-0.3128032861267904	-0.3345186707919036
-0.3016205645727945	-0.29947326087311565
-0.0025995431871965735	0.0018873851027172725
-0.5190499234654711	-0.5294428988964948
-0.347430198580545	-0.33082945198215313
-0.17614326513517575	-0.16852609604125562
-0.14567742762893054	-0.15194832247820117
-0.19547405003091622	-0.2064184310837316
-0.30979324878166103	-0.32078216655854364
-0.170373151310919	-0.1778653514919465
-0.04334891658332296	-0.05304560276391974
-0.11130998832330086	-0.09598298179861074
-0.10451536235778658	-0.09941469021527538
-0.2345192233722928	-0.2540708972606054
-0.3157411516841737	-0.3148001775657855
-0.07277952084094785	-0.07800565096202387
-0.22423318060539899	-0.2193317340165477
-0.2697977340417088	-0.2725461935229864
-0.03117642393978315	-0.04411376699650961
-0.40739403263134033	-0.41220390892606107
-0.2624039298667036	-0.25423835919819315
-0.15598385982782137	-0.1564509720417438
-0.288888146355756	-0.28801332903897375
-0.47943264461962887	-0.47299141683673723
-0.45491656333674335	-0.404825946077006
-0.10996079693271454	-0.1552572260192036
-0.4139785176568287	-0.41704005475072325
-0.017719941358950386	-0.010997029215968294
-0.4265709158081652	-0.43669681129612675
-0.44578693116606516	-0.45110573363970763
-0.29788484450040187	-0.3284909718947193
-0.5608735460809591	-0.5535928813571596
-0.0026377357024109926	-0.005928618689430873
-0.12800504781552657	-0.12483290314991138
-0.07620908400417292	-0.08135417274109251
-0.4554621040873936	-0.45252518610331866
-0.3274806317819472	-0.32427610568230675
-0.49072906177597275	-0.48993747180261954
-0.4584646092677289	-0.44938780598499345
-0.16255035429061415	-0.15909120568277466
0.009053070629000182	0.026307687968255427
-0.13231368249023667	-0.13850019719925574
-0.32492819853930044	-0.32026182503243067
-0.05424403979792913	-0.052605732042358265
-0.34071618948632754	-0.341406883573662
-0.06185447043594294	-0.052079321799851135
-0.12706120644047036	-0.1453047890534242
-0.17301399283438545	-0.17831099892717137
-0.5245742885765257	-0.5264141630549378
0.005495146693183628	-0.0059598254517155315
-0.12741010832474675	-0.12018340182096568
-0.3346955840799932	-0.3297077649320047
-0.09605334788101239	-0.07218616360998333
-0.3266918110031778	-0.32707477747354385
-0.19419456738821772	-0.19747091041691697
-0.02128642880459708	-0.01960568247931897
-0.15480934884398678	-0.19238494066277165
-0.26645856915681954	-0.23925981033803786
-0.16316358513700457	-0.14353718111072822
-0.1246710421367796	-0.12332101779251707
-0.5350739625643985	-0.5397956620823198
-0.31864220065079607	-0.33632928560516157
-0.33354779520806677	-0.2602304599042526
-0.07381706818416589	-0.1259242959719443
-0.4077329231585498	-0.41902255215681533
-0.11488329726529045	-0.09326853670535094
-0.3108454177836766	-0.3130685183265779
-0.1879942599819442	-0.1925263672943454
-0.2566794720001422	-0.24103590639281638
-0.0925049783611156	-0.08858477399484387
-0.3174444619314123	-0.32478177919044565
-0.10926659058707067	-0.11881348323160555
-0.38288385467387265	-0.42592857726682204
-0.14353544469859525	-0.14183715615257936
-0.3933241012331168	-0.3980809143496102
-0.5562170558738115	-0.5477960884635251
-0.18720877067588582	-0.188970367981471
-0.310188234584059	-0.29510986609138756
-0.1803704425861543	-0.1852128428649109
-0.3081922018255714	-0.31794478677525057
-0.1739407204917498	-0.15625454596464838
-0.17765573841316407	-0.1898343620830721
-0.14368166664845816	-0.14201302992831577
-0.09626411138564261	-0.09215783403367654
-0.466817492215295	-0.46846152231984023
-0.2915757356725255	-0.29181167940289343
-0.1759404412140544	-0.1421207419133506
-0.054168162811630616	-0.05395273551010633
-0.42998919613588704	-0.4439000014263254
-0.17532266611606495	-0.17893878684091072
-0.15062519528351181	-0.13486295592551817
-0.21302578213829104	-0.16912473848018503
-0.09437291717297924	-0.13196559711578448
-0.10966542847629235	-0.1225719986052653
-0.08841213149270732	-0.08296483096612885
-0.45580395111619776	-0.45145564810319705
-0.19293308733738357	-0.2063032604058168
-0.03743002793274375	-0.031231002011516136
-0.1605582250300026	-0.15533245107561086
-0.300360925414223	-0.2821087897347228
-0.04238015693342767	-0.030263001754193358
-0.4483069923044152	-0.4636808008260958
-0.20925742142396242	-0.21223592927432391
-0.14311444575275	-0.14625755333543852
-0.11952853326450885	-0.12126844766549714
0.22788299685528912	0.18496642904614372
-0.4796176386077615	-0.4661908195627048
-0.34346001440861684	-0.30128221404508876
-0.14041684176187985	-0.1315793605635077
-0.3134577587819871	-0.3239145784103931
-0.1661880881374831	-0.1513968290367936
-0.6119288270847889	-0.6205320461356302
-0.03896318749903216	-0.038171238885684786
-0.11404739310447631	-0.16177663568274964
-0.4953121956882862	-0.5012816882987362
-0.48393155604128957	-0.47736976334008785
-0.5581701336849925	-0.5492638923166052
-0.10233442771089774	-0.12019943567389917
-0.3491250905348675	-0.3208439903357032
-0.3149409534610488	-0.3074656952921554
-0.052318362566166066	-0.06820945150490924
-0.47302572012037913	-0.47767147686460854
-0.05356071664532358	-0.04755596474160537
-0.27634102774394975	-0.30479245458800763
-0.3549530359715982	-0.336619807393665
-0.09596153976510724	-0.12165667119286877
-0.3154525916041342	-0.3130688149428735
-0.3776671929713089	-0.3831552421610466
-0.27760523650837143	-0.28099123732440173
-0.17753478808314682	-0.1653045890220045
-0.09451952133096775	-0.09307087945485931
-0.2977306805551754	-0.3124406125624575
-0.31315903304746406	-0.27730825402107817
-0.1790625169812703	-0.18330474019931517
-0.2205497773074203	-0.20779273951414237
-0.5411725610950171	-0.5360480320995389
-0.34020336203944623	-0.31671420481919393
-0.2828343512428493	-0.28225661044378986
-0.18921728365503654	-0.18587027722828628
-0.1707268602264378	-0.1639121406645943
-0.09281879371601676	-0.10322129012745135
-0.22812687590474745	-0.17771836818431616
-0.1740480880182238	-0.17553297160430756
-0.12931128465414954	-0.1298070584881029
-0.2677672827570854	-0.2684329611128521
-0.24804296372477452	-0.2562362324445583
-0.1788094425895146	-0.22400437886837826
-0.18183473877706646	-0.18274139422443111
-0.5060877238984949	-0.4740466475016035
0.017646989225097442	0.012211614827016356
-0.0916353239164085	-0.08941341259332257
-0.26972046245949066	-0.2729470273835863
-0.11147744399541892	-0.16207489255196847
-0.3398704448701988	-0.32721558677351253
-0.06271711398468316	-0.02360275283638072
-0.2120549757363328	-0.2038845430829677
0.21439894906553292	0.22226492143219945
-0.17828783707139628	-0.16815327711667913
-0.12481229366081692	-0.1405568985625059
-0.33316737092915716	-0.34268678058111396
-0.17306706146472273	-0.17768569846155133
-0.49405626308343287	-0.4900980577008046
-0.0948911423923926	-0.0920306167045264
-0.31637051878228384	-0.3237165847883767
-0.18390273655426093	-0.1904252556139786
-0.33462387497977986	-0.332530150629616
-0.18402879401157612	-0.16776815323265776
-0.1689023464620769	-0.16051275111273897
-0.07976394539389275	-0.08278990223686546
-0.2897215578257839	-0.29537797587295356
-0.2591235671936367	-0.20413534268843514
-0.6117679380305159	-0.6309025799147578
-0.5916156424831698	-0.6136412584327903
-0.19364874691213885	-0.19882423889820802
-0.31020054258544505	-0.31368787680997817
-0.26729625168805526	-0.27152215637316235
-0.48841974055010695	-0.4860211771101336
-0.3331043842877275	-0.3334897181291057
-0.22509073576144978	-0.2309852495562857
-0.3381033199684431	-0.33008137408926086
-0.3094390147493744	-0.29608052754136427
-0.1622709540349625	-0.1234312046307372
-0.17595757871980844	-0.14930126827932763
-0.08997654944959788	-0.10053624809177558
0.07722045878163097	0.08317000594068924
-0.10803189606142194	-0.10651018624386453
-0.19841699786757694	-0.19869562259446336
-0.18918176462461744	-0.18635370556225025
-0.18356227722915808	-0.1870722093212996
-0.5137323319389999	-0.49990576910263645
-0.29900430568493874	-0.304487738718588
-0.21878724203068955	-0.20192715191595614
-0.17440098950378058	-0.1701610007763093
-0.1483821739795399	-0.12398824687564647
-0.21654686501122455	-0.1870888917461654
-0.1434848031808782	-0.1375352775019897
-0.247342821394696	-0.2579601939396177
-0.05507125374025712	-0.0498141025045477
-0.3606697882334178	-0.3727534648706072
-0.27303741855635355	-0.2804466112828636
-0.34026959445039395	-0.3259461581306804
-0.3029251593593534	-0.2991114235387641
-0.345076955399108	-0.332031093756334
-0.4361680401272281	-0.4479693207984838
-0.6172467391532566	-0.621231955678612
-0.22283883467526167	-0.22679767144827517
-0.17684729803923904	-0.17617138509716138
-0.3087699594513751	-0.3250326378439561
-0.19272207986859868	-0.18960642329112168
-0.4569436806725484	-0.45351435870317547
-0.06741580895471877	-0.08071746877079088
-0.3195491552000753	-0.29090816004663533
-0.29378880724431333	-0.3249313546614458
-0.27428318389113393	-0.27482831623002685
-0.06464840270692651	-0.058580327560322915
-8.666376473698278e-05	0.0029241655851567575
-0.2730015953125058	-0.2908097967199345
-0.33519833422173395	-0.3135072639944467
0.0006765839577624888	0.003540856739447418
-0.5155736040924559	-0.5127042652537224
-0.22232139684431296	-0.24020272114390612
-0.26902570785300917	-0.2727667398639043
-0.16211413294641197	-0.16606674504066116
-0.6258874130500391	-0.6190043656135289
-0.12992735485983786	-0.14963890024797646
-0.3896695939813135	-0.38636200540332155
-0.24294297124890107	-0.2684644192920382
-0.3396048391852631	-0.32808280133855905
-0.5483270118566068	-0.552540318164408
-0.49017032028061003	-0.49107914888314314
-0.2189615345743956	-0.18770138803951034
-0.26960946612797265	-0.2816262609638101
-0.3871848328016556	-0.39276230717458854
-0.4449108110617246	-0.45843517268087713
-0.10765320304129133	-0.08942054626911977
-0.025249776351683906	-0.03666828799503104
-0.13069347398459286	-0.11217055343309537
-0.2814903073563313	-0.27879287128646196
-0.1892821154718778	-0.19504133651501174
-0.34018494488979556	-0.35257135350199476
-0.6239483675845054	-0.6255890370352678
-0.16136811286688335	-0.17007603110664818
-0.21196953433115873	-0.20605380702909867
-0.3731016907213984	-0.3729230255504953
-0.4333840316660549	-0.4258778929784755
-0.008232811865807932	-0.03358622571516998
-0.47557728393489285	-0.4903906418808192
0.041496087991088615	0.02266545199719966
-0.21374839964905057	-0.20916146553563905
-0.4750971911910753	-0.4695469853744427
-0.26536353944170443	-0.29264396173571394
-0.2721283040871265	-0.26054822455359444
-0.13952175751547813	-0.16657146304928766
-0.35574983002946414	-0.33391131069128
-0.19256642340501884	-0.1897241524935905
-0.486861196964381	-0.4561645239228821
-0.13593168857689975	-0.16209858520096398
-0.32817195448273573	-0.3295598067853349
-0.04262274653358755	-0.05365246405989314
-0.3021008529817655	-0.30314508344947144
-0.30723671283739673	-0.27863180261443954
-0.5054129331796151	-0.5027303607442658
-0.252210874134815	-0.2517364028486692
-0.13183596968701394	-0.12096541367100169
-0.30645699754135514	-0.3018553777376119
-0.32307039913956803	-0.3393466119701764
-0.382304652009374	-0.37602607054336706
-0.1952230504076775	-0.2055324914758857
-0.2638736681710725	-0.26742763340981585
-0.48810195539723367	-0.4806239614590733
-0.19187920263259173	-0.20589188753626061
-0.4645687793706301	-0.45953618623795867
-0.35239154608717094	-0.3407741328468897
-0.08321308360459945	-0.22361226872770623
-0.24085699115496872	-0.2436652357050514
-0.1290462272656132	-0.12610105855414672
-0.2524557935367735	-0.2582662291067188
-0.3146866093821288	-0.3223351975133061
-0.3970639611068183	-0.4449716610971757
-0.004663166951347719	0.007613788148660903
-0.24111515074687695	-0.22520420008757955
-0.5176045486906746	-0.5297758204208362
-0.13710920266562177	-0.14139644479792918
-0.037259421199714815	-0.03881351553503854
0.06402405317260751	0.06198730667488163
-0.5400771065895977	-0.5586127144544053
-0.13426801134727206	-0.14292138190727183
-0.10840224180095959	-0.10950590392028113
-0.5302068125622084	-0.5120806777938656
-0.18291434386764927	-0.17956535859846373
-0.16577093827928113	-0.16064744019284544
-0.09362707191718656	-0.09764588728325733
-0.15809145540808256	-0.14701798667813362
-0.5364870453757646	-0.5222980749441153
-0.0742440160214839	-0.0707390909745953
-0.2963597634914832	-0.2980012757410245
-0.2771350807582511	-0.2555562504954344
-0.10522980809391136	-0.10810713117078576
-0.29306560522663716	-0.321617360356461
-0.2713939046553637	-0.26535803503345773
-0.168203691321966	-0.16820381657074823
-0.15452150579904078	-0.15528506529539196
-0.24515620758968737	-0.24855370119093012
-0.026626958840498816	-0.022040386748643774
-0.2712066261126349	-0.2749508446435176
-0.41151391548433125	-0.408726574169863
-0.09870207586152446	-0.09069576113685551
-0.24455142113217043	-0.24666784117998242
-0.07367852700617927	-0.09231843186373326
-0.07116763298709472	-0.08721899169979173
-0.06010627434623039	-0.05384213348507024
-0.3513177958106084	-0.36418798574575795
-0.5450946574077795	-0.549660616411283
0.04821667388339712	0.06002177333397187
-0.0942964859872717	-0.09611092268604088
-0.35098765364206574	-0.3440421812823486
-0.1763906267196962	-0.1606218625744068
0.040948561412958995	0.02224168591388975
-0.38453733520869626	-0.3893960878568458
-0.048360986092417235	-0.05445044829456241
-0.09889160245980833	-0.09800618065800061
-0.4911694299551579	-0.48141093094482046
-0.47011040380630664	-0.473143524003299
-0.16690525679750046	-0.1764733526137562
-0.22287562033544184	-0.23236397160871022
-0.17677861635959768	-0.19125824323074148
-0.3188822592829421	-0.33323277905843673
-0.2985284272622808	-0.31006936249352
-0.36720690243451326	-0.3738056415864697
-0.07221926174304816	-0.10066455806966851
-0.09127789627447669	-0.11391435020679835
-0.18239296687414353	-0.18653517334812758
-0.29595046175872497	-0.2901222653763088
-0.2639255872040751	-0.2450514353410686
-0.19357512277814148	-0.1795261198440094
-0.6035195866141194	-0.6135871259550798
0.051148227414683944	0.05262712033039675
-0.22403511940766663	-0.2558617651286904
-0.5289990701275835	-0.5369482203670559
-0.2628825752257047	-0.24844812186359178
-0.3357533494151319	-0.3049072974159843
-0.3092063533299054	-0.2855608829787601
-0.3482189178981372	-0.33342636510115276
-0.14745356238809926	-0.16505490905769174
-0.14035217923077248	-0.20749936557806908
-0.32004898937265835	-0.3023268366476836
-0.13697706706375623	-0.12631061586239578
-0.08759744039578177	-0.09168839355302323
-0.26883072522737805	-0.25412831530622354
-0.28583518357932647	-0.2891529622182482
-0.3033021919465799	-0.29903698026910996
-0.32424366908013447	-0.3439553824765334
-0.49458294879847653	-0.4844015807704866
-0.25719951832236987	-0.24128268490325874
0.0336012717226124	0.03641416614899374
-0.14598918837990382	-0.14625454684724015
-0.4573206883411842	-0.45959833269237294
0.034577354358702905	0.033807036698774155
-0.052345222894381926	-0.06074132125524742
-0.5055118882884502	-0.5037925097586613
0.012792992655155544	0.01067045724088278
-0.06328816717536423	-0.07069064036420206
-0.23881019507264156	-0.26676012246011627
-0.08451286955560011	-0.03752887104254436
0.008816431648311251	0.006766832247258925
-0.4716420711861087	-0.48490536739504875
-0.01121312410592612	-0.020115039199666496
-0.47800592337674086	-0.478780601975806
-0.6344656763295511	-0.6183394359485449
-0.4763981641541353	-0.4869959012287455
-0.2643340236387708	-0.2549230031810788
-0.0956279879755666	-0.09296303791260395
-0.1710766400627275	-0.17628278159857827
-0.41404321685237555	-0.40963837910864614
-0.6070011182698636	-0.6008130713284437
-0.44079161551209367	-0.4462441956391536
-0.17815854829391853	-0.1602089692126339
-0.3997766660992763	-0.3958096734401153
-0.43743049607501483	-0.43088483974251
-0.6340185991322516	-0.6007944134051765
-0.5255673206270082	-0.5240011822064844
-0.2605340871910382	-0.2792244586069116
-0.568539135374051	-0.5488345965950681
-0.596292177816105	-0.5791102788932521
-0.13545574592049547	-0.14152783696714494
-0.29896982100646063	-0.29887086467239016
-0.14883675964429433	-0.02136331275746007
-0.1350386470863203	-0.14331416663236307
0.0795585809064443	0.11816720630278006
-0.36682853824328276	-0.3650629752726969
-0.3713087868205722	-0.3809321340056104
-0.14310843580067178	-0.16150327886112104
-0.370680700069542	-0.35496739622689155
0.0684863417305861	0.06022701517374569
-0.3441890686925575	-0.34910822004669484
-0.36779319026301316	-0.3645435172441291
-0.19488365920616246	-0.20065354002232866
-0.2533955839523774	-0.24713822639109634
-0.49972810968494574	-0.48629510538997833
-0.27725370579682185	-0.27770202852419884
-0.20014958664406102	-0.25425066717756706
-0.40828012049302664	-0.4014459796949707
-0.16650521693056852	-0.16428831598299193
-0.05446828057495612	-0.03783820148157318
-0.4042136023324705	-0.38558314813402617
-0.13455707641198522	-0.15536467764543
-0.40674163436153066	-0.39940316049865926
-0.11558452414133935	-0.11553747417217039
-0.10410710416931757	-0.10594556419324132
-0.2315478312689523	-0.24706142575571494
-0.16890135280893315	-0.15659774736584683
-0.317951118893669	-0.3367453164228593
-0.2961497295206721	-0.3020982715686706
-0.11567112908638322	-0.1303644763778734
-0.4134038105587585	-0.41761223091727834
-0.41926401053039264	-0.43840933522536013
-0.5036348910411927	-0.5127391536980238
-0.06750199253141709	-0.06315922366211611
-0.37016233460748893	-0.35078549151921845
-0.4208782150999184	-0.4245572007115219
-0.41496244478045696	-0.3846338836838018
-0.5975421528522116	-0.598450598657954
-0.19088239513432015	-0.18611892070792124
-0.4841781088066295	-0.47962535703627274
-0.13191866374883343	-0.12649958833591135
-0.25532915184488836	-0.26662014335920875
-0.12536981391155688	-0.13505537489981045
-0.3484805393564576	-0.3481983181489762
-0.19066966203336122	-0.17286522754296754
-0.2871442008915972	-0.2899579239312765
-0.2102398639019354	-0.22847538841189202
-0.1304306269197184	-0.13613512097726546
-0.01794530501505598	-0.01427563473360868
-0.17313667004698452	-0.16776771109061633
-0.5095213507753824	-0.5152754717227515
0.0627733825338943	0.0587471765417099
-0.2451504175933792	-0.21118440501099817
-0.2290680522794215	-0.08679335145331553
-0.21570850959906895	-0.2231345342211993
-0.3940024941414224	-0.3954150707728365
-0.17573593567196966	-0.18572805621903826
-0.6101720974406426	-0.6148483794195408
-0.1990337072355297	-0.20022070605180933
-0.010688601632099726	-0.0005996419748611256
-0.1943137555866894	-0.18010399251600442
-0.13374546388195796	-0.12065800294052728
0.13681362323591983	0.15256913845587744
-0.2192220126600848	-0.20348379700561506
-0.45706827859173416	-0.46516388570784734
-0.10364513775640027	-0.11239256232775799
0.010543160787424455	0.011374853747418938
-0.1257614411484962	-0.14464935457624162
-0.1708632101432439	-0.17279495384362203
-0.05096347518913369	-0.056332148993679665
-0.4667576199034018	-0.474465386498167
-0.1754216641840447	-0.18291233941300802
-0.06440137332636198	-0.05525958577889482
0.03574939080264716	0.03177384389716801
-0.15010868067061	-0.19864147325523984
-0.41887033811959995	-0.4237096788983131
-0.2064983614443996	-0.20093986923306947
-0.31912264878956975	-0.32479782088903913
-0.3545692130526277	-0.3528099418852303
-0.06343448702784471	-0.04059573840794907
-0.08882923595256642	-0.08638469217228695
-0.211993051932712	-0.21118555133795885
-0.08653968081937435	-0.10727599103858365
-0.37827658310327195	-0.37354084123061765
-0.21330793298700446	-0.21765710234438354
-0.31388853401990335	-0.32176570116665265
-0.1804770624623373	-0.16136860950273066
-0.2870874833513888	-0.2913647556213663
-0.5371516469731255	-0.5376958421639638
-0.4028370194869506	-0.406009711539874
-0.3856429706420208	-0.37023935429515936
-0.046265796707912976	-0.06693667707404244
-0.08831531242676505	-0.07665107128283023
-0.15659788165229216	-0.16207265208725652
-0.0642519740999008	-0.05141848047765206
-0.20684143375819541	-0.2434088544273122
-0.1362657348684948	-0.1316264211051062
-0.308337658893322	-0.2996003396416965
-0.20972502705475726	-0.20266810055415074
-0.14225603089447958	-0.1439864921375481
-0.1837508239637824	-0.21593463746341596
-0.11318006114042234	-0.11195964872055701
-0.3492813086565292	-0.37265986966854553
-0.6132238032015849	-0.6340613619551664
-0.06375352296231895	-0.038353317930583185
-0.6090219980751943	-0.6168257937148233
-0.18132240101571995	-0.19345270995535865
-0.5695284367025266	-0.5812304196202092
-0.20763764941618668	-0.22672833021388428
-0.26564334268278067	-0.27000241632601263
-0.5049195304413203	-0.504629019195674
-0.3421196756993936	-0.33388125107320726
-0.12888485792983317	-0.1623770804826354
-0.4880748053290134	-0.48354976475551703
-0.42885132900081135	-0.41960672218152456
-0.30621694682406364	-0.292045539546173
-0.1558738120575116	-0.16707982969115556
-0.3410639109305018	-0.33957221311950425
-0.5184830035833947	-0.5248816357274686
-0.5482649982507155	-0.5420071608005094
-0.3801532730539847	-0.34995367964639906
-0.16998882814394456	-0.1578846453659061
-0.17185278557959638	-0.17564616632035304
-0.007528615023773	0.005531870267992853
-0.29807287543219196	-0.2942845571116542
-0.22404172072571793	-0.24026289571066936
-0.31411326473846035	-0.34225560345799144
-0.03323059580704246	-0.025886327797246356
-0.3776258757611206	-0.3613797547360725
-0.2777668703263032	-0.28081898753385576
-0.438425024281468	-0.43153962327879186
-0.5854585525427307	-0.6112905223928172
-0.5355751924617405	-0.5435811019716056
-0.34758144994063933	-0.35428345599509153
-0.24902603591165828	-0.2471499080314243
-0.3718454942331064	-0.3581259130283187
-0.11491196906598233	-0.2028024967826028
-0.37040632502148974	-0.35621404625555153
-0.08660681068795917	-0.08591739485178966
-0.563213667007405	-0.5689472744510513
-0.18922400042059184	-0.19540451095686878
-0.4658454168466317	-0.4920218564494218
-0.15748043364021136	-0.1610061155423513
-0.2654870415125199	-0.2637700864843741
-0.04503325534951763	-0.04841465195609767
-0.4637034269055835	-0.46894757170785656
-0.12069012499420317	-0.16630460950422807
-0.14692675057396976	-0.16457255364035195
-0.2724596538432973	-0.22725122135609074
-0.6127157270157539	-0.6083004695135875
-0.26261292057279917	-0.2702536577538312
-0.08610685904076298	-0.08783182744234735
-0.27254755559859234	-0.2736011875743706
-0.22790161332937764	-0.22836993526967167
-0.4128748091941299	-0.41020517496128167
-0.1798206452149813	-0.17078535175321058
-0.23693751494734983	-0.23110542312750512
-0.47545165351314367	-0.46189249681067795
-0.35396617952156717	-0.3369603178367842
-0.34850059105489173	-0.3406750208210992
-0.6104855930092397	-0.6125517303980315
-0.4490999282259063	-0.4472156777895775
-0.07762817571496328	-0.080011284039727
-0.1547995019578563	-0.15921606737247498
-0.2880751055744213	-0.27799125665192775
-0.22941508718311443	-0.24989001816551687
-0.537021496751418	-0.5445303505037081
-0.24586611869626562	-0.23791265700672246
-0.42490800044881816	-0.4365254832553987
-0.42440983357526996	-0.41927698187064794
-0.4804202046561201	-0.4928688452010245
-0.0989286923700794	-0.11308496640155345
-0.19379285447202843	-0.1843860339621732
-0.5163118862123834	-0.5061201466024658
-0.15798657581614428	-0.14435972174759473
-0.45660984376285185	-0.45218426306557735
-0.4827103746698578	-0.4128643046709073
-0.5010869062745966	-0.49507538807333706
-0.5165408481839986	-0.5153553123205699
-0.17651042083454271	-0.1729393821529274
-0.23185708704886387	-0.26005722890678284
-0.43849330913023365	-0.4427774406655099
-0.18716402965765688	-0.1864065102517585
-0.18586106368750777	-0.2145217216448582
-0.3217904377142826	-0.3273883219512108
-0.315224076383541	-0.30858561849478816
-0.3284847745429831	-0.33184346664469255
-0.3378208515442367	-0.3134560733566796
-0.2599927223770031	-0.23794941545095785
-0.61799486297447	-0.6259532623290837
-0.2150626355257872	-0.22775207146692944
-0.08281861652625544	-0.06609722358471243
-0.4617210044707267	-0.4809881811665029
-0.23625109627062812	-0.2737632929152179
-0.42539962838486467	-0.4317751324950501
-0.07335302065355975	-0.05596867704456441
0.03688049266877247	0.02639065312710394
-0.16601300394649776	-0.17200955613402463
-0.22115946748989312	-0.23733149300755307
-0.10945705578562137	-0.03990962125760324
-0.12485339617725444	-0.1189323016268265
-0.3004078950509186	-0.30405456007398884
-0.626047862346109	-0.6159258849655396
-0.36769183804852634	-0.3601585684100438
-0.043463019013369575	-0.04318418165504911
-0.22112229571474895	-0.2254167783628645
-0.2981492356938027	-0.30718365747476284
-0.4362275513343814	-0.4329318818660942
-0.45440983413717717	-0.4565064819204643
-0.016489666837146366	-0.00924831342314413
-0.08801190022095362	-0.08816721725060554
-0.27994522676802536	-0.2768404068672538
-0.3484741470390711	-0.3460598445124087
-0.2704812777932357	-0.2766633126811112
-0.330935344600074	-0.25448577172168085
-0.047533010029289	-0.028710652652465574
-0.4787870336250366	-0.47316319821412317
0.052509480367725736	0.06413272739167593
-0.14807727112771296	-0.1534137343683303
-0.06515455854256391	-0.056667348033744104
-0.4017853661173536	-0.39176252116464166
-0.1923470543216501	-0.18865857742337813
-0.6050796051088341	-0.6202082319405791
0.016169187095140813	0.015974083541598214
-0.588559310843829	-0.5649144206501336
-0.1432448497713752	-0.14936169453443873
-0.18749288558436383	-0.18862918054580008
-0.33107802116922525	-0.336422416507036
-0.42522569163925183	-0.4436422650269798
-0.3424944780329726	-0.30825065238324734
-0.29100506952683425	-0.2904697623890536
-0.17753340947348484	-0.18611402569048976
-0.442734073701617	-0.44649880353327914
-0.4940024525850948	-0.5003615847315773
-0.004162602781960345	-0.01686342759978619
-0.29468178397528	-0.31735896734984487
-0.49452800396492247	-0.48910832271890414
-0.33146314946936606	-0.3389709812648066
-0.020625841429503744	-0.0350274386596353
-0.3338634877285944	-0.313145500119392
-0.1633262460001017	-0.14731071037526544
-0.5167858792810787	-0.5138373331287652
-0.4925540424708359	-0.48698896803437147
-0.025496241996575186	-0.029693006950259247
-0.23239365400184475	-0.23214920980402406
0.03666106133403346	0.039127330065351046
-0.2492069570743265	-0.2563180272538183
-0.3056614468813059	-0.31229310039000724
-0.06799875637280817	-0.07772854114885287
-0.32840043240574524	-0.3266162422255139
0.0555182739041955	0.050880348146970414
-0.48897016235993274	-0.4941372986065932
-0.3128578018982857	-0.31713359255615325
-0.07487885270286743	-0.07194596527833254
-0.1269518268640395	-0.11051681363006395
-0.5310550256064523	-0.528466024745988
-0.18814733690705587	-0.19710390126445987
-0.3601688757841792	-0.35443328526660717
-0.08190327560864041	-0.09487832559066185
-0.46884605825372994	-0.4621927671526882
-0.044944313180135254	-0.03862272098261182
-0.3489201544475442	-0.37296782282925717
-0.321945807773683	-0.32130583893727344
-0.3078449631054827	-0.3031886288708104
-0.3774510149203101	-0.37590496132350537
-0.20172469298068485	-0.18412729330703925
-0.048322346163885754	-0.05571606885460879
-0.266441604667933	-0.2675380293977826
-0.17776533848226173	-0.18536978509365198
-0.19512809182234747	-0.20514785106101166
-0.2351155674732608	-0.24744564334519129
-0.09910468475377421	-0.10068966441335124
-0.009497900255592384	7.659555874853761e-05
-0.36743334195426236	-0.3729090705123225
-0.19202292701405543	-0.1642280466659974
-0.1973287329974367	-0.194668444996851
-0.4512522892145485	-0.4495834055924873
-0.12546028498647388	-0.1260027211551973
-0.17233829921305954	-0.1790117590030702
-0.352465743745773	-0.3522275979866592
-0.03921401258950752	-0.040304290530484684
-0.25608839319522847	-0.2464657120079767
-0.0180138378232364	-0.009432280267322067
-0.30100367727063126	-0.3089661417862566
-0.05920716046950414	-0.05287696021529961
-0.1369500704033051	-0.13996967432115304
-0.2845735313297135	-0.23673979008900992
-0.36412320433742984	-0.3462238409211546
-0.11694770670040366	-0.0946472915512798
0.022940459842677896	0.015512266676544033
-0.5109585308990399	-0.5017940338382778
-0.1171533109934213	-0.11826704131460684
-0.19669940372319417	-0.19642279892553785
-0.26797947791379073	-0.28545994979578093
-0.13497813858937313	-0.12292390855001772
-0.25276726293899987	-0.23024566504122387
-0.0977899118150587	-0.08315443632405677
-0.24347264221111864	-0.21280260329450587
-0.47739705573245406	-0.4870834523280069
-0.5206022740659879	-0.5021440429773649
-0.17377924444596182	-0.18304247402398305
-0.44364673460502857	-0.45329908144546405
-0.30568230145795106	-0.31063520607454426
-0.16374695698766573	-0.12258070127715015
-0.2971159368134071	-0.31013110799026433
-0.1569350260851845	-0.1471317937111958
-0.5002914278546609	-0.506786148092718
-0.38340579158474863	-0.37230164226765766
-0.20106986398350823	-0.21598967292117477
-0.022961809064995897	-0.02852202226935911
-0.3080954802982703	-0.3052785032543939
-0.07776580816631196	-0.0838572514827755
-0.31292604877468655	-0.32057037075011857
-0.5346069325826033	-0.522121648089825
-0.6267998580838672	-0.6239501918700271
-0.3278680004493726	-0.3115599290930678
-0.19228834650861337	-0.19444149578063938
-0.16295408330791972	-0.15979473707393177
-0.20258174260629858	-0.20136775398711065
-0.1973612559328597	-0.21763708342166027
-0.17480567313304363	-0.17739804325967068
-0.45287281655170375	-0.45034125648995654
-0.13142170131189435	-0.13464354082853996
-0.2991979487666949	-0.32731421177972325
-0.22729288240104495	-0.23443522064057284
-0.2927458435149344	-0.3029621912403206
-0.13222842759637388	-0.13089500523155215
-0.27828647078063806	-0.27699067385903386
-0.14139115509952838	-0.1693714958754077
-0.04687938554999871	-0.04878671150658321
-0.1896473471354554	-0.1549501395865586
-0.4136029576355824	-0.4007032703801744
-0.355433999950888	-0.3550868846620412
-0.16047020919345556	-0.16816858893153488
-0.501316920038855	-0.4825614574884882
-0.14707706220729566	-0.1605402088631817
-0.4346365127676073	-0.4564487283141677
-0.1728864360354132	-0.1772700147659491
-0.14032256190853598	-0.14140168926944888
-0.4386716541054909	-0.45086279929113754
-0.06070174300308562	-0.07509820490767176
-0.3240887753950963	-0.32493561810585153
-0.465296311510464	-0.47031913852904017
-0.1031145967497249	-0.1383744321244132
-0.5501105005088478	-0.5713235595370347
-0.19210411823573104	-0.20315790461431016
-0.3281131487652935	-0.33482988335248753
-0.14060377064845397	-0.19409474623592524
-0.43703337779921103	-0.44226732237623123
-0.25437587463726175	-0.23233209438785626
-0.35020424316076415	-0.3467782305608038
-0.29897352520991305	-0.2945630693693112
-0.5134596302662242	-0.5063427993920636
-0.1262517070765341	-0.08923143952231914
-0.23103929876029738	-0.24550006327971238
-0.5944955979813589	-0.6080383688596216
-0.14904542235635088	-0.15663819457853295
-0.3121737320056397	-0.3584115831319156
-0.46900203245620276	-0.4684800082813946
-0.09157334941332529	-0.09660210517704414
-0.1915949639536958	-0.1760908216078327
-0.08850873282667493	-0.19426825953786417
-0.17555303873119854	-0.15728000711381016
-0.314356624181106	-0.2903011780364058
-0.3905432458663842	-0.3924850893440942
-0.17992425301659676	-0.17523611509811593
-0.5692769449759592	-0.5450935853072147
-0.253420010753004	-0.2506684249748205
-0.4540549478964806	-0.4648040709917754
-0.4891061760767279	-0.492060891452201
-0.08048233076245026	-0.0829733864587182
-0.2547417830611698	-0.2658418244916952
-0.299688686908798	-0.29052769548920654
-0.33840092302981617	-0.3143053620935178
-0.3396422941647428	-0.3315917011053444
-0.02778346431679246	-0.009569131488454305
-0.4605613795815069	-0.4760917698010842
-0.2901816482263735	-0.2882580088148494
-0.18435591001740548	-0.1766982628079604
-0.20786997285364084	-0.20793496742185946
-0.057616960236384074	-0.03565902773403017
-0.28821985937802985	-0.22682723512842734
-0.2729893605011835	-0.2404882937969351
-0.2896335017562599	-0.2976499107294703
-0.1284754129278074	-0.13615158065347333
-0.5140077144121982	-0.5026901252137984
-0.16528805076967235	-0.1617135890787486
0.08722741362355357	0.08844781134608352
-0.47669718048364906	-0.4725460084608456
-0.13148596918702804	-0.12530867193778206
-0.2516031198734101	-0.24886024451882985
-0.16752326768943604	-0.1958526315982034
-0.4799988912968951	-0.47131823232799075
-0.17411503519519567	-0.17613815174603503
-0.300589160833443	-0.28569009901289866
-0.2379274820032613	-0.23925032152666123
-0.07007562187404304	-0.05630594779405718
-0.3123830526202642	-0.2897575885567081
-0.49067503682675717	-0.49658024962093494
-0.3063950149466743	-0.3057940328348902
-0.07769868447884498	-0.09306246429960928
-0.48247973151550383	-0.4819997746451496
-0.29459406940056354	-0.29777407921988847
-0.46723225670384405	-0.47654830783841556
-0.2891177457372791	-0.28132765184524644
-0.3216707252452444	-0.31825020947606786
-0.04075799352640708	-0.043038208026062445
-0.3778972456753351	-0.3882316010242312
-0.1058691700166765	-0.10257469840590165
-0.10836263898938903	-0.11280654502320661
-0.24809551927974205	-0.24594193370978834
-0.3085724783820041	-0.28191363988346646
-0.17323067868052178	-0.1774374425902596
-0.3751467354732245	-0.4275199808948581
-0.10547774356702799	-0.10134280928558152
-0.43691636630720154	-0.4366271090946652
-0.225741420113442	-0.22642495910598198
-0.05869228947282057	-0.06045252930005207
-0.45923353650981547	-0.45713577669303257
-0.47338287147731783	-0.47002343071371794
0.2512967149770615	0.22696201825040624
-0.3952449163622447	-0.4312704205352314
-0.4001169046482893	-0.4057180109142829
-0.13186197266490396	-0.15991775732292526
-0.5407742780664329	-0.5528603719288496
-0.17621720396741658	-0.175591580157543
0.030018237334656916	0.023626591274476805
-0.3414887371981017	-0.33617726271327597
-0.1831278525875284	-0.1779025767752745
-0.4528779289933613	-0.4503090120845233
-0.3666185385481908	-0.3645834737147662
-0.28244233399698526	-0.2901696152083726
-0.6076734773735915	-0.614763266707679
-0.4097707738291785	-0.4185494908735782
-0.1095435920433081	-0.12622476670267477
-0.3247566002223703	-0.3300377946250921
-0.4670602971535125	-0.4628288710920477
-0.18245008677730645	-0.18902607808553812
-0.4576047380397057	-0.4552982179697966
-0.20513614293485105	-0.21125478022129834
-0.22213678709085194	-0.22517613386617122
-0.5872782371029066	-0.6005812938020464
-0.06949125781624232	-0.0769465189561744
-0.27646272967787944	-0.2790021232460211
-0.18846778969917555	-0.21287010457216665
-0.2294735425656631	-0.2193871236794546
-0.18469280677120103	-0.178911964307686
-0.49308051186297597	-0.49222030914137216
-0.33705840593538916	-0.31697473708683555
-0.34120846412138484	-0.32413257701354686
-0.13191740382212647	-0.09865822300453381
-0.2140779684793621	-0.2092451472350818
0.03525863732449164	-0.03294128418820529
-0.21821428955458888	-0.20200029950797838
-0.09593727105787941	-0.10167566756003064
-0.5999906856537791	-0.6062182714973513
-0.045916871713586715	-0.049560492479892505
-0.04490962701161649	-0.04059503456679476
-0.2462671338759863	-0.22076350372362605
-0.399961864781158	-0.40071151646928715
-0.33690467194671214	-0.40896645870603027
-0.16388029095392742	-0.18704710330500054
-0.30394366083987734	-0.3347049999472962
-0.18163627244524605	-0.1744359575787494
-0.02673200225896455	0.004672613420727309
-0.03636900790939368	-0.03748550361393282
-0.04911969753169565	-0.0559887722970705
-0.4678453418910511	-0.46961400307925527
-0.4404955526574774	-0.4351686197421203
-0.2229084038060769	-0.24883738508253028
-0.5231872546941609	-0.5149600953742649
-0.3455511582140307	-0.34492299865578613
-0.3386594342194993	-0.32103022881366483
-0.4598873750187593	-0.4636403255240626
-0.2976816286795074	-0.3009175958899925
-0.1731521628345698	-0.16937577817697833
-0.2548494613161374	-0.2590251502790383
-0.3552357067753764	-0.3584914368234793
-0.6131461562264828	-0.6318727400698575
-0.19925727959698758	-0.19430712375466205
-0.3232427940992153	-0.2794958039040602
-0.1827360991329261	-0.19276037284900208
-0.1238314784102501	-0.1211004751329526
-0.3074253229227457	-0.30476250199222465
-0.19628240347113923	-0.20352047718810937
-0.24640814513113796	-0.2659002832096056
-0.32859498738741877	-0.33488119300357
-0.58701842513985	-0.590903642163262
-0.3591701010758275	-0.36922465976855423
-0.17992811246666562	-0.16548120533435887
-0.21276588255389228	-0.16468316103396563
-0.28064079877134596	-0.28409942650581615
-0.293449940138494	-0.2897576989176807
-0.14848681607357506	-0.1576426416082502
-0.40158774174791567	-0.4217415800151206
-0.04109577829550748	-0.020499915903367017
-0.248747441861342	-0.24810653631184446
-0.21092492067480428	-0.20665782704295876
-0.4443873323911589	-0.45644741112207976
-0.3728716891156978	-0.38050629359165716
-0.4408744486399012	-0.4440022565375489
-0.09279943331122098	-0.22561217912486267
-0.27783391311663763	-0.27275321397214153
-0.10176790352309162	-0.1481895610504216
-0.3453284485973498	-0.37265479643356225
-0.06220977485893364	-0.07845644346870184
-0.2971781951325969	-0.31485760368533294
-0.3939830708754304	-0.3884845592825939
-0.4188600716931017	-0.41909811588831103
-0.25813587981000374	-0.2537427520866956
-0.25175611998679415	-0.27385774656235956
-0.4630166744514135	-0.45329941288219927
0.059168891768852205	0.05556300737892836
-0.40562849271914203	-0.3929633521404851
-0.5521647600036896	-0.5586522108702697
-0.3049003312751015	-0.304084640165952
-0.16656791517014735	-0.16393041038094736
-0.18004654815001686	-0.19062347756532716
-0.23303699301617442	-0.23093880712348447
0.03591230703162118	0.015948637544784525
-0.30560466549566456	-0.32496968960721895
-0.29598212359722886	-0.30873197033479155
-0.44670828878387603	-0.45343049882183806
-0.354036007177994	-0.3604030215123086
-0.12571875582617587	-0.16831401550533917
-0.44387183361360716	-0.46760292184484836
-0.507569567788325	-0.5040866114087417
-0.4740929697283516	-0.4622128026305306
0.046548520976459784	0.03493980045048855
-0.2384268943776071	-0.23561817225351553
-0.10010986242939524	-0.10130737952231933
-0.004639600312275505	-0.019748710358822346
-0.40362224284429704	-0.3970449239954654
-0.14159892503738014	-0.1320150607906259
-0.2748553193561172	-0.2728857117455407
-0.49218489179607694	-0.47579050810426526
-0.45596030249384967	-0.4605832284375824
-0.09198452326618511	-0.08622940053567506
-0.108099726973645	-0.13013202294704698
-0.5176100521105029	-0.5161510646821985
-0.3592749558791315	-0.35644395635583237
-0.19276454454578662	-0.1789607639161563
-0.13877786061370934	-0.14149740279876455
-0.09453451777098998	-0.14149985229848744
-0.05928166533905532	-0.04533224926871018
-0.4742734184715145	-0.46660824430439923
-0.13088873414129942	-0.13037401295475073
-0.6216505411376696	-0.6059456481408442
-0.5440126910949861	-0.5586074158889486
-0.17266337248970842	-0.19370673744162498
-0.24821165928346467	-0.25483133547361914
0.0669559744352286	-0.027281647997927316
-0.01819893096911329	-0.04932505620964814
-0.1806289667597918	-0.1867270326056516
-0.1728629738325882	-0.1759139745815988
-0.23401572657653702	-0.24309114088831985
-0.09303252116779959	-0.12253008553410819
-0.3419300969233241	-0.34028527904632616
-0.022725182833839952	-0.0231596196152226
-0.42137695642252027	-0.4159287532255742
-0.3107078184876553	-0.3167811615284877
-0.10837036364619568	-0.09511298129229712
-0.25956530252325294	-0.2503252731357065
-0.4601192587451033	-0.4425665114553801
-0.32781960107618247	-0.3172969891199093
-0.19566595294888423	-0.20652173825884274
-0.3806158827665964	-0.3776072130323006
-0.44894741312883646	-0.454647252033849
0.0024018463510051546	0.005982803408369974
-0.1339290795395165	-0.13193877111253174
-0.28867819801646455	-0.28312380762449163
-0.06438090694626197	-0.08626676296085473
-0.22575780550624192	-0.24800834979260503
-0.4403931961077623	-0.43720888595711943
-0.1731849521891391	-0.17235194357600897
-0.41673464267813465	-0.4203834969917699
-0.23753964578734355	-0.25997038928493826
-0.46323462908665825	-0.4641674106158393
-0.0674153114285101	-0.0683246750405709
-0.5025614452159441	-0.5002552098903847
-0.15867551902323118	-0.16551129349117658
-0.05318097201528538	-0.06586833058925572
-0.010578481824846442	-0.017974160728354453
-0.47161778510783314	-0.4542738308197822
-0.3116583682919378	-0.3046104134900108
