2.932499701752161458e-01 2.818302315623971016e-02 3.162277660168379394e-03 1.000000000000000000e+06
2.932401971854168843e-01 2.818263551302789202e-02 3.162277660168379394e-03 3.162277660168379080e+05
2.932092970683627953e-01 2.818140966825051150e-02 3.162277660168379394e-03 1.000000000000000000e+05
2.931116301949883707e-01 2.817753311523096826e-02 3.162277660168379394e-03 3.162277660168379225e+04
2.928032583822922641e-01 2.816527349282210366e-02 3.162277660168379394e-03 1.000000000000000000e+04
2.925763027301706010e-01 2.858695342125193092e-02 1.000000000000000000e+00 1.000000000000000000e+06
2.925762722069078503e-01 2.858695271811986099e-02 1.000000000000000000e+00 3.162277660168379080e+05
2.925761756839233563e-01 2.858695049462012250e-02 1.000000000000000000e+00 1.000000000000000000e+05
2.925758704519229592e-01 2.858694346328925426e-02 1.000000000000000000e+00 3.162277660168379225e+04
2.925749052283585505e-01 2.858692122819098819e-02 1.000000000000000000e+00 1.000000000000000000e+04
2.925718529711530680e-01 2.858685091386174021e-02 1.000000000000000000e+00 3.162277660168379498e+03
2.925622013634555652e-01 2.858662855268258307e-02 1.000000000000000000e+00 1.000000000000000000e+03
2.925316850699941629e-01 2.858592530746767099e-02 1.000000000000000000e+00 3.162277660168379612e+02
2.924352317507280530e-01 2.858370067776269327e-02 1.000000000000000000e+00 1.000000000000000000e+02
2.921306955027606622e-01 2.857665808773981672e-02 1.000000000000000000e+00 3.162277660168379256e+01
2.918350583066592341e-01 2.812531332384431149e-02 1.000000000000000082e-05 1.000000000000000000e+06
2.918328553492786082e-01 2.812649723451976502e-02 3.162277660168379394e-03 3.162277660168379498e+03
2.911724011626062869e-01 2.855431170746727809e-02 1.000000000000000000e+00 1.000000000000000000e+01
2.888337547345557477e-01 2.803618366636959763e-02 1.000000000000000082e-05 3.162277660168379080e+05
2.888317103518043272e-01 2.803759059530210040e-02 3.162277660168379394e-03 1.000000000000000000e+03
2.881921084175482206e-01 2.848874888173058909e-02 1.000000000000000000e+00 3.162277660168379523e+00
2.798473745113037037e-01 2.783382190376068599e-02 1.000000000000000082e-05 1.000000000000000000e+05
2.798456296223349460e-01 2.783533604905515102e-02 3.162277660168379394e-03 3.162277660168379612e+02
2.792965668169712923e-01 2.831479307101211415e-02 1.000000000000000000e+00 1.000000000000000000e+00
2.555500265782273406e-01 2.715238735688265195e-02 1.000000000000000082e-05 3.162277660168379225e+04
2.555487708499267208e-01 2.715398194565993295e-02 3.162277660168379394e-03 1.000000000000000000e+02
2.055445673208276813e-01 2.467358740141156748e-02 3.162277660168379394e-03 3.162277660168379256e+01
2.055437766856298420e-01 2.467188693064683094e-02 1.000000000000000082e-05 1.000000000000000000e+04
1.401241052605488036e-01 1.808276555417832193e-02 3.162277660168379394e-03 1.000000000000000000e+01
1.401205927102437965e-01 1.808077279909608287e-02 1.000000000000000082e-05 3.162277660168379498e+03
1.401205800957811276e-01 1.808076672748881383e-02 3.162277660168379191e-08 1.000000000000000000e+06
8.759741652199881656e-02 1.250423990994252790e-02 3.162277660168379394e-03 3.162277660168379523e+00
8.759337163760812228e-02 1.250180833417963502e-02 1.000000000000000082e-05 1.000000000000000000e+03
8.759336193456407349e-02 1.250180001240702894e-02 3.162277660168379191e-08 3.162277660168379080e+05
6.258144028385445590e-02 9.623338779492838710e-03 3.162277660168379191e-08 1.000000000000000000e+05
6.258143524543238745e-02 9.623346124674246257e-03 1.000000000000000082e-05 3.162277660168379612e+02
6.257993533896920313e-02 9.626158823424950731e-03 3.162277660168379394e-03 1.000000000000000000e+00
5.180998686432360112e-02 6.327897422417161008e-03 3.162277660168379191e-08 3.162277660168379225e+04
5.180994970825709978e-02 6.327900551672081299e-03 1.000000000000000082e-05 1.000000000000000000e+02
4.515271149382470844e-02 5.105344060381605473e-03 3.162277660168379191e-08 1.000000000000000000e+04
4.515242281674751446e-02 5.105377358613045861e-03 1.000000000000000082e-05 3.162277660168379256e+01
4.224928210545440127e-02 3.949498726896458027e-03 3.162277660168379191e-08 3.162277660168379498e+03
4.224921931735264868e-02 3.949399091613685527e-03 1.000000000000000036e-10 1.000000000000000000e+06
4.224670069279509027e-02 3.949774100743074987e-03 1.000000000000000082e-05 1.000000000000000000e+01
4.140214134620415903e-02 2.924617017204728109e-03 1.000000000000000036e-10 3.162277660168379080e+05
4.140212522887289776e-02 2.924529114954071800e-03 3.162277660168379191e-08 1.000000000000000000e+03
4.138352133655193166e-02 2.928294442219359778e-03 1.000000000000000082e-05 3.162277660168379523e+00
4.056060694116937759e-02 2.631426207724861695e-03 1.000000000000000036e-10 1.000000000000000000e+05
4.056027192693627270e-02 2.631407738301175074e-03 3.162277660168379191e-08 3.162277660168379612e+02
4.044436780518321367e-02 2.647497441911048077e-03 1.000000000000000082e-05 1.000000000000000000e+00
3.904467961996305192e-02 2.597689620605158657e-03 1.000000000000000036e-10 3.162277660168379225e+04
3.904255120047504107e-02 2.598007929668546840e-03 3.162277660168379191e-08 1.000000000000000000e+02
3.685881341172766307e-02 2.853912305136196374e-03 1.000000000000000036e-10 1.000000000000000000e+04
3.685030601150635077e-02 2.855768129657734050e-03 3.162277660168379191e-08 3.162277660168379256e+01
3.500307506875198482e-02 3.317646786289195262e-03 1.000000000000000036e-10 3.162277660168379498e+03
3.495108266703121636e-02 3.327606624383944167e-03 3.162277660168379191e-08 1.000000000000000000e+01
3.349501356512901706e-02 3.874489147323823338e-03 1.000000000000000036e-10 1.000000000000000000e+03
3.318023890788705799e-02 3.916403841614617132e-03 3.162277660168379191e-08 3.162277660168379523e+00
3.235808970836364512e-02 4.314410387552583201e-03 1.000000000000000036e-10 3.162277660168379612e+02
3.229370840506438911e-02 5.672024855187148863e-03 1.000000000000000036e-10 1.000000000000000000e+00
3.153320085052787464e-02 4.337800382809874240e-03 3.162277660168379191e-08 1.000000000000000000e+00
3.139081771241522545e-02 4.249635573361419845e-03 1.000000000000000036e-10 1.000000000000000000e+02
3.022807593671712409e-02 3.924614650582340485e-03 1.000000000000000036e-10 3.162277660168379256e+01
2.954528638233182986e-02 4.748086562363362795e-03 1.000000000000000036e-10 3.162277660168379523e+00
2.949348046956849073e-02 4.114673987707653628e-03 1.000000000000000036e-10 1.000000000000000000e+01
