4.361136652882630083e-02 3.655149370335967628e-04 1.000000000000000000e+00 1.000000000000000000e+06
4.361094206238969734e-02 3.655144557812393534e-04 1.000000000000000000e+00 3.162277660168379080e+05
4.360959988161244860e-02 3.655129135524468184e-04 1.000000000000000000e+00 1.000000000000000000e+05
4.360535645305545216e-02 3.655082769505718079e-04 1.000000000000000000e+00 3.162277660168379225e+04
4.359194680745478306e-02 3.654943667575436678e-04 1.000000000000000000e+00 1.000000000000000000e+04
4.355184926478798679e-02 3.653963091866561865e-04 3.162277660168379394e-03 1.000000000000000000e+06
4.354963265019637375e-02 3.654523566345817807e-04 1.000000000000000000e+00 3.162277660168379498e+03
4.341888417890937824e-02 3.652534169035662019e-04 3.162277660168379394e-03 3.162277660168379080e+05
4.341669639007785658e-02 3.653077980655716804e-04 1.000000000000000000e+00 1.000000000000000000e+03
4.300697063128455788e-02 3.647183493033340738e-04 3.162277660168379394e-03 1.000000000000000000e+05
4.300487328477574367e-02 3.647759066899298585e-04 1.000000000000000000e+00 3.162277660168379043e+02
4.178461897830652860e-02 3.631794097416266281e-04 3.162277660168379394e-03 3.162277660168379225e+04
4.178280505720114585e-02 3.632418408246839542e-04 1.000000000000000000e+00 1.000000000000000000e+02
3.857778240313040896e-02 3.574833180265072751e-04 3.162277660168379394e-03 1.000000000000000000e+04
3.857683669965672468e-02 3.575510977384355692e-04 1.000000000000000000e+00 3.162277660168379256e+01
3.235145436610793734e-02 3.263667888313003277e-04 1.000000000000000000e+00 1.000000000000000000e+01
3.235021233574730121e-02 3.262778311938004539e-04 3.162277660168379394e-03 3.162277660168379498e+03
3.235020837604936361e-02 3.262776343744919357e-04 9.999999999999999124e-06 1.000000000000000000e+06
2.527154318142816811e-02 2.499749372907909633e-04 1.000000000000000000e+00 3.162277660168379523e+00
2.526715387581678421e-02 2.498248609975360700e-04 3.162277660168379394e-03 1.000000000000000000e+03
2.526713996628513967e-02 2.498244157972363756e-04 9.999999999999999124e-06 3.162277660168379080e+05
2.100376312590378908e-02 1.784573241016214925e-04 1.000000000000000000e+00 1.000000000000000000e+00
2.099777234231536491e-02 1.783398288240941156e-04 3.162277660168379394e-03 3.162277660168379043e+02
2.099775343245735212e-02 1.783394666924351731e-04 9.999999999999999124e-06 1.000000000000000000e+05
1.923299704328480797e-02 1.424588928616361719e-04 3.162277660168379394e-03 1.000000000000000000e+02
1.923298967020690281e-02 1.424597009617439164e-04 9.999999999999999124e-06 3.162277660168379225e+04
1.827198231077225773e-02 1.326887667495631749e-04 9.999999999999999124e-06 1.000000000000000000e+04
1.827197149402464901e-02 1.326877572514685469e-04 3.162277660168379394e-03 3.162277660168379256e+01
1.727604908248788970e-02 1.207758304744333168e-04 9.999999999999999124e-06 3.162277660168379498e+03
1.727604742514605995e-02 1.207747590588172587e-04 3.162277660168379191e-08 1.000000000000000000e+06
1.727599902074309496e-02 1.207739361815316739e-04 3.162277660168379394e-03 1.000000000000000000e+01
1.606753904071612366e-02 1.066395340180444860e-04 3.162277660168379191e-08 3.162277660168379080e+05
1.606753738557169589e-02 1.066382040966457436e-04 9.999999999999999124e-06 1.000000000000000000e+03
1.606738636963669226e-02 1.066333263815675859e-04 3.162277660168379394e-03 3.162277660168379523e+00
1.467347336385000159e-02 8.474106081327122846e-05 3.162277660168379191e-08 1.000000000000000000e+05
1.467346971699454682e-02 8.473968000850011430e-05 9.999999999999999124e-06 3.162277660168379043e+02
1.467300581131525394e-02 8.474390060427117025e-05 3.162277660168379394e-03 1.000000000000000000e+00
1.340123196406816167e-02 7.722861468486947830e-05 3.162277660168379191e-08 3.162277660168379225e+04
1.340121504359822503e-02 7.723074664887111208e-05 9.999999999999999124e-06 1.000000000000000000e+02
1.253816030646309754e-02 7.951075759550106561e-05 3.162277660168379191e-08 1.000000000000000000e+04
1.253812631768908871e-02 7.951169009981753281e-05 9.999999999999999124e-06 3.162277660168379256e+01
1.200361986056104439e-02 8.285166704372679653e-05 1.000000000000000036e-10 1.000000000000000000e+06
1.200113214151369775e-02 8.273270128668850363e-05 3.162277660168379191e-08 3.162277660168379498e+03
1.200090298150064891e-02 8.273992741435613513e-05 9.999999999999999124e-06 1.000000000000000000e+01
1.159228396454763978e-02 8.058919407126633784e-05 3.162277660168379191e-08 1.000000000000000000e+03
1.159224142929575485e-02 8.084458262229409235e-05 1.000000000000000036e-10 3.162277660168379080e+05
1.159055943477807840e-02 8.063185266220815415e-05 9.999999999999999124e-06 3.162277660168379523e+00
1.121740119641680480e-02 7.870951143051120320e-05 1.000000000000000036e-10 1.000000000000000000e+05
1.121725893723691733e-02 7.905536622433115583e-05 3.162277660168379191e-08 3.162277660168379043e+02
1.120355940769159238e-02 7.927918283749095399e-05 9.999999999999999124e-06 1.000000000000000000e+00
1.088053599443492177e-02 7.537155152108637615e-05 1.000000000000000036e-10 3.162277660168379225e+04
1.088024972662690257e-02 7.503036009532724582e-05 3.162277660168379191e-08 1.000000000000000000e+02
1.062350654731889291e-02 6.798901999600700922e-05 1.000000000000000036e-10 1.000000000000000000e+04
1.061946317884116323e-02 6.745883904675938861e-05 3.162277660168379191e-08 3.162277660168379256e+01
1.045248654312579649e-02 5.550199399965395159e-05 1.000000000000000036e-10 3.162277660168379498e+03
1.042700747941924591e-02 5.617486244022584432e-05 3.162277660168379191e-08 1.000000000000000000e+01
1.032297939149167364e-02 4.283128188492190910e-05 1.000000000000000036e-10 1.000000000000000000e+03
1.018734949055473925e-02 4.186878494686970285e-05 1.000000000000000036e-10 3.162277660168379043e+02
1.018011955686704169e-02 4.645552416175378397e-05 3.162277660168379191e-08 3.162277660168379523e+00
9.977651632911210128e-03 4.676408346648247929e-05 1.000000000000000036e-10 1.000000000000000000e+02
9.794241957965757472e-03 4.633950212968332384e-05 3.162277660168379191e-08 1.000000000000000000e+00
9.630444900138559333e-03 4.659708676498563936e-05 1.000000000000000036e-10 3.162277660168379256e+01
9.187066641864005331e-03 3.300772125653014517e-05 1.000000000000000036e-10 1.000000000000000000e+01
8.607848128025476914e-03 3.749359453035849897e-05 1.000000000000000036e-10 3.162277660168379523e+00
7.973421036990627209e-03 6.483074036379373763e-05 1.000000000000000036e-10 1.000000000000000000e+00
