4.356665495103324848e-02 5.252513087275517863e-04 1.000000000000000000e+00 1.000000000000000000e+06
4.356660109847604323e-02 5.252509439570432828e-04 1.000000000000000000e+00 3.162277660168379080e+05
4.356643080299688747e-02 5.252497904568941521e-04 1.000000000000000000e+00 1.000000000000000000e+05
4.356589229388348888e-02 5.252461428070514951e-04 1.000000000000000000e+00 3.162277660168379225e+04
4.356418950332341389e-02 5.252346082522989712e-04 1.000000000000000000e+00 1.000000000000000000e+04
4.356102139688683428e-02 5.251938011182090676e-04 3.162277660168379394e-03 1.000000000000000000e+06
4.355880635784498134e-02 5.251983195305432416e-04 1.000000000000000000e+00 3.162277660168379498e+03
4.354400961105021894e-02 5.250794923011883322e-04 3.162277660168379394e-03 3.162277660168379080e+05
4.354179745998188605e-02 5.250848421984291494e-04 1.000000000000000000e+00 1.000000000000000000e+03
4.349034712344385795e-02 5.247192693721915331e-04 3.162277660168379394e-03 1.000000000000000000e+05
4.348814304174214440e-02 5.247243777285320052e-04 1.000000000000000000e+00 3.162277660168379043e+02
4.332198626676518616e-02 5.235650607764185446e-04 3.162277660168379394e-03 3.162277660168379225e+04
4.331980841338916449e-02 5.235680677626830233e-04 1.000000000000000000e+00 1.000000000000000000e+02
4.280285828502694567e-02 5.196929985422135256e-04 3.162277660168379394e-03 1.000000000000000000e+04
4.280076935670991400e-02 5.196947586587770916e-04 1.000000000000000000e+00 3.162277660168379256e+01
4.128239368039260393e-02 5.075303934294199707e-04 9.999999999999999124e-06 1.000000000000000000e+06
4.128238903834467732e-02 5.075304878931134571e-04 3.162277660168379394e-03 3.162277660168379498e+03
4.128056578780927438e-02 5.075280865107678792e-04 1.000000000000000000e+00 1.000000000000000000e+01
3.742944665119089104e-02 4.690304431185637066e-04 9.999999999999999124e-06 3.162277660168379080e+05
3.742944423115484448e-02 4.690306077202618636e-04 3.162277660168379394e-03 1.000000000000000000e+03
3.742841737204970903e-02 4.690346821952603605e-04 1.000000000000000000e+00 3.162277660168379523e+00
3.045840682114094380e-02 3.837208666939807356e-04 1.000000000000000000e+00 1.000000000000000000e+00
3.045755538789012354e-02 3.837078291842541404e-04 3.162277660168379394e-03 3.162277660168379043e+02
3.045755228829035224e-02 3.837079206154945946e-04 9.999999999999999124e-06 1.000000000000000000e+05
2.330868706113545241e-02 2.526712092072505296e-04 3.162277660168379394e-03 1.000000000000000000e+02
2.330867818926084939e-02 2.526710659425966459e-04 9.999999999999999124e-06 3.162277660168379225e+04
1.898505289090200721e-02 1.305577521372467483e-04 3.162277660168379394e-03 3.162277660168379256e+01
1.898504470601250840e-02 1.305573860949814293e-04 9.999999999999999124e-06 1.000000000000000000e+04
1.636855863419522245e-02 6.208756003861444538e-05 3.162277660168379191e-08 1.000000000000000000e+06
1.636855149705748746e-02 6.208612808056433090e-05 9.999999999999999124e-06 3.162277660168379498e+03
1.636854425549217479e-02 6.208642329998645436e-05 3.162277660168379394e-03 1.000000000000000000e+01
1.450702425212203536e-02 3.829166853964129287e-05 9.999999999999999124e-06 1.000000000000000000e+03
1.450702378291075789e-02 3.829259423302130169e-05 3.162277660168379191e-08 3.162277660168379080e+05
1.450698256948048694e-02 3.829196973285122597e-05 3.162277660168379394e-03 3.162277660168379523e+00
1.343093191506344007e-02 5.615433280923279373e-05 3.162277660168379191e-08 1.000000000000000000e+05
1.343092871372889366e-02 5.615695193454807677e-05 9.999999999999999124e-06 3.162277660168379043e+02
1.343083052669410971e-02 5.615667891586063925e-05 3.162277660168379394e-03 1.000000000000000000e+00
1.283031915948918376e-02 6.365915401898270237e-05 3.162277660168379191e-08 3.162277660168379225e+04
1.283031557133820777e-02 6.366077297899931382e-05 9.999999999999999124e-06 1.000000000000000000e+02
1.224987886890855152e-02 5.878912883937044924e-05 3.162277660168379191e-08 1.000000000000000000e+04
1.224987878348251721e-02 5.879329667415004047e-05 9.999999999999999124e-06 3.162277660168379256e+01
1.157342486370603260e-02 5.662777959951798983e-05 1.000000000000000036e-10 1.000000000000000000e+06
1.156609432879221466e-02 5.636257310777305785e-05 3.162277660168379191e-08 3.162277660168379498e+03
1.156607958068502778e-02 5.636572335091641676e-05 9.999999999999999124e-06 1.000000000000000000e+01
1.087794205363519333e-02 6.344585890629565511e-05 1.000000000000000036e-10 3.162277660168379080e+05
1.087231949796054441e-02 6.311132766345722508e-05 3.162277660168379191e-08 1.000000000000000000e+03
1.087227183980980089e-02 6.311090107506178487e-05 9.999999999999999124e-06 3.162277660168379523e+00
1.039136253048627417e-02 6.090860061098291164e-05 1.000000000000000036e-10 1.000000000000000000e+05
1.038715972295979791e-02 6.130435440021291969e-05 3.162277660168379191e-08 3.162277660168379043e+02
1.038690001314833758e-02 6.129016789578493939e-05 9.999999999999999124e-06 1.000000000000000000e+00
1.006143962591249212e-02 5.591262200145647398e-05 1.000000000000000036e-10 3.162277660168379225e+04
1.006019624475981179e-02 5.583568899462966337e-05 3.162277660168379191e-08 1.000000000000000000e+02
9.742420776324780402e-03 4.977582642139512009e-05 3.162277660168379191e-08 3.162277660168379256e+01
9.742270926808904719e-03 4.961612483768769357e-05 1.000000000000000036e-10 1.000000000000000000e+04
9.386148504572741635e-03 4.015012208491316971e-05 1.000000000000000036e-10 3.162277660168379498e+03
9.386008164416270033e-03 4.031676359877797038e-05 3.162277660168379191e-08 1.000000000000000000e+01
8.996018022122537899e-03 2.939652553927277266e-05 1.000000000000000036e-10 1.000000000000000000e+03
8.994043891718100578e-03 2.881987013634572419e-05 3.162277660168379191e-08 3.162277660168379523e+00
8.587061436148776816e-03 2.439061144517871104e-05 1.000000000000000036e-10 3.162277660168379043e+02
8.578758401283944138e-03 2.440023694855671956e-05 3.162277660168379191e-08 1.000000000000000000e+00
8.169450172592868792e-03 2.192564221432751186e-05 1.000000000000000036e-10 1.000000000000000000e+02
7.755017001121244924e-03 1.959687941098687555e-05 1.000000000000000036e-10 3.162277660168379256e+01
7.331325345154277202e-03 2.727486650319658077e-05 1.000000000000000036e-10 1.000000000000000000e+01
6.937626939220611563e-03 2.888247492820150461e-05 1.000000000000000036e-10 3.162277660168379523e+00
6.629473223185180716e-03 2.707735619890184092e-05 1.000000000000000036e-10 1.000000000000000000e+00
