4.352273726524384656e-02 1.036057719231317194e-04 1.000000000000000000e+00 1.000000000000000000e+06
4.352268875314752039e-02 1.036057808815208308e-04 1.000000000000000000e+00 3.162277660168379080e+05
4.352253534541988128e-02 1.036058092155659019e-04 1.000000000000000000e+00 1.000000000000000000e+05
4.352205023742800050e-02 1.036058988806539056e-04 1.000000000000000000e+00 3.162277660168379225e+04
4.352051628966111668e-02 1.036061830709757614e-04 1.000000000000000000e+00 1.000000000000000000e+04
4.351789622715891703e-02 1.036131948052173391e-04 3.162277660168379394e-03 1.000000000000000000e+06
4.351566654404801643e-02 1.036070943770903840e-04 1.000000000000000000e+00 3.162277660168379498e+03
4.350257120734034311e-02 1.036161078177336555e-04 3.162277660168379394e-03 3.162277660168379080e+05
4.350034349145619206e-02 1.036097379426688484e-04 1.000000000000000000e+00 1.000000000000000000e+03
4.345421758659177153e-02 1.036284577081858781e-04 3.162277660168379394e-03 1.000000000000000000e+05
4.345199386551411302e-02 1.036219308796722710e-04 1.000000000000000000e+00 3.162277660168379043e+02
4.330245578260191047e-02 1.037130431317880323e-04 3.162277660168379394e-03 3.162277660168379225e+04
4.330024947832634974e-02 1.037049421527963533e-04 1.000000000000000000e+00 1.000000000000000000e+02
4.283398818373089501e-02 1.041103613862347981e-04 3.162277660168379394e-03 1.000000000000000000e+04
4.283183614278297802e-02 1.041051466934106402e-04 1.000000000000000000e+00 3.162277660168379256e+01
4.145824684264855231e-02 1.056381056914336127e-04 9.999999999999999124e-06 1.000000000000000000e+06
4.145824075638145090e-02 1.056380790402062044e-04 3.162277660168379394e-03 3.162277660168379498e+03
4.145624907374774459e-02 1.056304981832590126e-04 1.000000000000000000e+00 1.000000000000000000e+01
3.796998418342499571e-02 1.051192283883225982e-04 9.999999999999999124e-06 3.162277660168379080e+05
3.796997949909489828e-02 1.051191195370944776e-04 3.162277660168379394e-03 1.000000000000000000e+03
3.796851303658853316e-02 1.050959051164152848e-04 1.000000000000000000e+00 3.162277660168379523e+00
3.178307434159523964e-02 9.556904643327952288e-05 9.999999999999999124e-06 1.000000000000000000e+05
3.178307401543244148e-02 9.556890618254678315e-05 3.162277660168379394e-03 3.162277660168379043e+02
3.178299133740351834e-02 9.552252946703171214e-05 1.000000000000000000e+00 1.000000000000000000e+00
2.593291474261510965e-02 6.024693160881251238e-05 3.162277660168379394e-03 1.000000000000000000e+02
2.593290679521845915e-02 6.024714410783476323e-05 9.999999999999999124e-06 3.162277660168379225e+04
2.304224815501921750e-02 4.743578044450202935e-05 3.162277660168379394e-03 3.162277660168379256e+01
2.304223159663609452e-02 4.743599189053033870e-05 9.999999999999999124e-06 1.000000000000000000e+04
2.176371517384766835e-02 5.292645256873005814e-05 3.162277660168379191e-08 1.000000000000000000e+06
2.176371330589707553e-02 5.292595967869589849e-05 9.999999999999999124e-06 3.162277660168379498e+03
2.176368700883538759e-02 5.292617723041506445e-05 3.162277660168379394e-03 1.000000000000000000e+01
2.065278930110312633e-02 6.283147812540108271e-05 3.162277660168379191e-08 3.162277660168379080e+05
2.065278580150181620e-02 6.283477291768947476e-05 9.999999999999999124e-06 1.000000000000000000e+03
2.065219771385793171e-02 6.284101031793383463e-05 3.162277660168379394e-03 3.162277660168379523e+00
1.918757174745107028e-02 6.715558153517959302e-05 3.162277660168379191e-08 1.000000000000000000e+05
1.918755295038409095e-02 6.715614191836450329e-05 9.999999999999999124e-06 3.162277660168379043e+02
1.918336193993374489e-02 6.723974773673186409e-05 3.162277660168379394e-03 1.000000000000000000e+00
1.732513665479446657e-02 6.996862081718623798e-05 3.162277660168379191e-08 3.162277660168379225e+04
1.732506014438429248e-02 6.996518977531171533e-05 9.999999999999999124e-06 1.000000000000000000e+02
1.496327649635848488e-02 6.380740015155535823e-05 3.162277660168379191e-08 1.000000000000000000e+04
1.496281341674468059e-02 6.380409180814194101e-05 9.999999999999999124e-06 3.162277660168379256e+01
1.271250300682494339e-02 6.519241732015913760e-05 1.000000000000000036e-10 1.000000000000000000e+06
1.270960600013866168e-02 6.488516901954651374e-05 3.162277660168379191e-08 3.162277660168379498e+03
1.270719383533583033e-02 6.482935960453417806e-05 9.999999999999999124e-06 1.000000000000000000e+01
1.122072495039504354e-02 5.156301269458154536e-05 1.000000000000000036e-10 3.162277660168379080e+05
1.121840338231812687e-02 5.172687829709587200e-05 3.162277660168379191e-08 1.000000000000000000e+03
1.120801004642577384e-02 5.143929036529020226e-05 9.999999999999999124e-06 3.162277660168379523e+00
1.044918912474261316e-02 3.466374306512867075e-05 1.000000000000000036e-10 1.000000000000000000e+05
1.044842356608238938e-02 3.458053234292397164e-05 3.162277660168379191e-08 3.162277660168379043e+02
1.040458935629645990e-02 3.290887101516873375e-05 9.999999999999999124e-06 1.000000000000000000e+00
1.004485157485826910e-02 2.239071950722406511e-05 1.000000000000000036e-10 3.162277660168379225e+04
1.004327707931590777e-02 2.216242930886756481e-05 3.162277660168379191e-08 1.000000000000000000e+02
9.734286218273331681e-03 2.194253540996188087e-05 1.000000000000000036e-10 1.000000000000000000e+04
9.725698108657553076e-03 2.196435467118695598e-05 3.162277660168379191e-08 3.162277660168379256e+01
9.394795318833092795e-03 2.425743965178038330e-05 1.000000000000000036e-10 3.162277660168379498e+03
9.345084666646302426e-03 2.491535360204407659e-05 3.162277660168379191e-08 1.000000000000000000e+01
8.962545690786626398e-03 2.781783083125154296e-05 1.000000000000000036e-10 1.000000000000000000e+03
8.843662639358101582e-03 2.820788776749875496e-05 3.162277660168379191e-08 3.162277660168379523e+00
8.467041012136610964e-03 2.617688836591180988e-05 1.000000000000000036e-10 3.162277660168379043e+02
8.363581631647586806e-03 2.972503446545230287e-05 3.162277660168379191e-08 1.000000000000000000e+00
8.020092307457787895e-03 2.584297524374497715e-05 1.000000000000000036e-10 1.000000000000000000e+02
7.683552447723053687e-03 3.216034398270502861e-05 1.000000000000000036e-10 3.162277660168379256e+01
7.433121791721194679e-03 3.605516720002771450e-05 1.000000000000000036e-10 1.000000000000000000e+01
7.203075575263502388e-03 3.818304313042794363e-05 1.000000000000000036e-10 3.162277660168379523e+00
6.980084125883098331e-03 4.137758360677379517e-05 1.000000000000000036e-10 1.000000000000000000e+00
