1.677477097264130079e-01 2.074125921753109184e-03 1.000000000000000000e+00 1.000000000000000000e+06
1.677466536504748640e-01 2.074113875293935681e-03 1.000000000000000000e+00 3.162277660168379080e+05
1.677433141467255528e-01 2.074075781977731143e-03 1.000000000000000000e+00 1.000000000000000000e+05
1.677327547245008876e-01 2.073955329669686237e-03 1.000000000000000000e+00 3.162277660168379225e+04
1.676993735650211259e-01 2.073574202068780015e-03 1.000000000000000000e+00 1.000000000000000000e+04
1.675939182101346681e-01 2.072367604264664220e-03 1.000000000000000000e+00 3.162277660168379498e+03
1.675936904737387878e-01 2.072358148283464773e-03 3.162277660168379394e-03 1.000000000000000000e+06
1.672615473138606146e-01 2.068518457759510078e-03 1.000000000000000000e+00 1.000000000000000000e+03
1.672613243686888185e-01 2.068508786828156601e-03 3.162277660168379394e-03 3.162277660168379080e+05
1.662212799306600486e-01 2.056410070092401336e-03 1.000000000000000000e+00 3.162277660168379043e+02
1.662210707513009367e-01 2.056400877896020964e-03 3.162277660168379394e-03 1.000000000000000000e+05
1.630360720950408682e-01 2.017269909004254166e-03 1.000000000000000000e+00 1.000000000000000000e+02
1.630358848906635350e-01 2.017262380252125929e-03 3.162277660168379394e-03 3.162277660168379225e+04
1.538832773041853008e-01 1.893099073443656622e-03 1.000000000000000000e+00 3.162277660168379256e+01
1.538830031320834180e-01 1.893093373114269288e-03 3.162277660168379394e-03 1.000000000000000000e+04
1.317028858197590857e-01 1.583233392463513590e-03 1.000000000000000000e+00 1.000000000000000000e+01
1.317014387206920933e-01 1.583209307570820944e-03 3.162277660168379394e-03 3.162277660168379498e+03
1.317014341284205026e-01 1.583209203444776786e-03 9.999999999999999124e-06 1.000000000000000000e+06
9.457080599983709590e-02 9.594164093917158850e-04 1.000000000000000000e+00 3.162277660168379523e+00
9.456483984110730656e-02 9.592340254120860620e-04 3.162277660168379394e-03 1.000000000000000000e+03
9.456482099802425434e-02 9.592333895930816277e-04 9.999999999999999124e-06 3.162277660168379080e+05
6.116463597320830059e-02 5.355083842752258669e-04 1.000000000000000000e+00 1.000000000000000000e+00
6.115932028948360688e-02 5.354950756260315687e-04 3.162277660168379394e-03 3.162277660168379043e+02
6.115930352312355656e-02 5.354950335449333056e-04 9.999999999999999124e-06 1.000000000000000000e+05
4.362732460201614038e-02 4.406562975399533322e-04 9.999999999999999124e-06 3.162277660168379225e+04
4.362723261802314845e-02 4.406581861652651916e-04 3.162277660168379394e-03 1.000000000000000000e+02
3.637565242619561490e-02 4.035856018199581049e-04 9.999999999999999124e-06 1.000000000000000000e+04
3.637509250585281573e-02 4.035863661480031876e-04 3.162277660168379394e-03 3.162277660168379256e+01
3.168835705025093569e-02 4.035041298388952822e-04 3.162277660168379191e-08 1.000000000000000000e+06
3.168835076926818095e-02 4.035005342758557576e-04 9.999999999999999124e-06 3.162277660168379498e+03
3.168650332785784285e-02 4.035331051590864359e-04 3.162277660168379394e-03 1.000000000000000000e+01
2.808194324652605461e-02 4.075082965368172932e-04 3.162277660168379191e-08 3.162277660168379080e+05
2.808192108959100403e-02 4.075042454714141306e-04 9.999999999999999124e-06 1.000000000000000000e+03
2.807630090243941681e-02 4.076587273328839494e-04 3.162277660168379394e-03 3.162277660168379523e+00
2.551641726057498477e-02 4.030542800752951165e-04 3.162277660168379191e-08 1.000000000000000000e+05
2.551634136444717524e-02 4.030489706785266328e-04 9.999999999999999124e-06 3.162277660168379043e+02
2.549366584743256725e-02 4.027265423423079509e-04 3.162277660168379394e-03 1.000000000000000000e+00
2.370361505794239820e-02 4.196030309659924662e-04 3.162277660168379191e-08 3.162277660168379225e+04
2.370311670586480041e-02 4.195986626367470443e-04 9.999999999999999124e-06 1.000000000000000000e+02
2.230339900661305885e-02 4.334815208304099881e-04 3.162277660168379191e-08 1.000000000000000000e+04
2.229943602684052867e-02 4.334318323099285155e-04 9.999999999999999124e-06 3.162277660168379256e+01
2.106291039253716663e-02 4.375735953265088131e-04 1.000000000000000036e-10 1.000000000000000000e+06
2.106215241167711319e-02 4.357498504030708026e-04 3.162277660168379191e-08 3.162277660168379498e+03
2.103559359590944852e-02 4.356002895441761415e-04 9.999999999999999124e-06 1.000000000000000000e+01
1.993410384766065510e-02 4.334357477245236005e-04 1.000000000000000036e-10 3.162277660168379080e+05
1.993278931739469323e-02 4.337898071360368432e-04 3.162277660168379191e-08 1.000000000000000000e+03
1.986200368037912417e-02 4.347713239011251340e-04 9.999999999999999124e-06 3.162277660168379523e+00
1.891551687818867136e-02 4.383736320244959296e-04 1.000000000000000036e-10 1.000000000000000000e+05
1.891469438302760195e-02 4.390776094233219849e-04 3.162277660168379191e-08 3.162277660168379043e+02
1.878832011039945765e-02 4.406681271786950008e-04 9.999999999999999124e-06 1.000000000000000000e+00
1.807239097484784549e-02 3.913377793455286068e-04 1.000000000000000036e-10 3.162277660168379225e+04
1.806663549573111691e-02 3.942884941222964817e-04 3.162277660168379191e-08 1.000000000000000000e+02
1.732164679059284423e-02 3.345882002468419242e-04 1.000000000000000036e-10 1.000000000000000000e+04
1.724664580434316641e-02 3.382175439118993840e-04 3.162277660168379191e-08 3.162277660168379256e+01
1.663238329699766663e-02 2.874509712116282852e-04 1.000000000000000036e-10 3.162277660168379498e+03
1.632388035677583005e-02 2.822939520188155358e-04 3.162277660168379191e-08 1.000000000000000000e+01
1.601698438095992827e-02 2.595066346004787253e-04 1.000000000000000036e-10 1.000000000000000000e+03
1.540557281696486314e-02 2.280108378351757567e-04 1.000000000000000036e-10 3.162277660168379043e+02
1.536281962433456993e-02 2.433566924939192691e-04 3.162277660168379191e-08 3.162277660168379523e+00
1.472671637546264789e-02 2.001104796802984185e-04 1.000000000000000036e-10 1.000000000000000000e+02
1.445587313282208075e-02 2.065769217999052960e-04 3.162277660168379191e-08 1.000000000000000000e+00
1.400129835101287558e-02 1.858887931826893355e-04 1.000000000000000036e-10 3.162277660168379256e+01
1.321070367795289247e-02 1.663250067262937205e-04 1.000000000000000036e-10 1.000000000000000000e+01
1.221189398291961173e-02 1.576244165973765576e-04 1.000000000000000036e-10 3.162277660168379523e+00
1.113633372195067459e-02 1.600889436136986152e-04 1.000000000000000036e-10 1.000000000000000000e+00
