-0.2652930932786539	-0.2669797543949469
-0.31388853401990335	-0.3181469563064947
-0.2900216937020659	-0.2948857494394225
-0.19733615333737475	-0.17671421742437582
-0.18291434386764927	-0.17863156113663908
-0.4713995621692959	-0.48509675421744086
-0.37168954563152923	-0.3743152867371424
-0.3470717434392432	-0.35003274634895376
-0.46809946239744704	-0.47092887719905174
-0.017333813025940614	-0.025740044709396104
-0.4287815575290512	-0.4374939376820579
-0.23602124704657435	-0.26107065210383185
-0.09933889630740822	-0.10818557452278794
-0.2292413821811845	-0.23174640659303045
-0.09691746269125012	-0.09004270873780044
-0.000930579881402771	0.005873355355203472
-0.2624039298667036	-0.2560610121113424
-0.19905028413520842	-0.19188341887267532
-0.2640802139995033	-0.2582531978994237
-0.2990115898412382	-0.3027161275891448
-0.09515597397896514	-0.0700153419750243
-0.2832786789331374	-0.2543336241580587
-0.17835723106610502	-0.1551133067014163
-0.0010074055273951998	-0.015432443446597624
-0.3465445229008868	-0.34344416903015346
-0.516633294339095	-0.5202132625577807
-0.045145342795974486	-0.04264080612096249
-0.42227058159998077	-0.4351833890764041
-0.3299557250461769	-0.29613900317189845
-0.10010777693172379	-0.10075046163751258
-0.42539962838486467	-0.4168571108053744
-0.3124249810251243	-0.33006678606371853
-0.39115487530424087	-0.38416398459555695
-0.2120549757363328	-0.19720862883824036
-0.30125399926438234	-0.3020599923756805
-0.24443911235864846	-0.25461810791760436
-0.3720718147315569	-0.3727745022846234
-0.4418570742400387	-0.4352979381098674
-0.22112229571474895	-0.22134684756545073
-0.27539099555651614	-0.2785391031034128
0.11406199795369787	0.14477532687271158
-0.6049040368753413	-0.5649505935199848
-0.2876708649919735	-0.2916012817102849
-0.40186931609544274	-0.39649106179430804
-0.03480130647223234	-0.021820369770192506
-0.3107078184876553	-0.3121194829593992
-0.4749088691820287	-0.48020726698985844
-0.33690467194671214	-0.34971716726903845
-0.08612235437017457	-0.07992257108140377
-0.2814903073563313	-0.2842799719066018
-0.27195247022064617	-0.27019923902384546
-0.31020054258544505	-0.3060438989383045
-0.14489345477704685	-0.14240138336248837
-0.09921803273235064	-0.09625066328355718
-0.3020310286740395	-0.2807206612681516
-0.19857619768173507	-0.20640833938143582
-0.4042136023324705	-0.4103273043538603
-0.2828300536404358	-0.29107535107619353
-0.08841213149270732	-0.0747989137422533
-0.2508778273883454	-0.253277098028781
-0.06015158396033016	-0.05868127169166801
-0.4930098287777014	-0.4937749763183924
-0.6349689069822588	-0.6296792754333298
-0.4679989078092177	-0.4784619344632485
-0.09360415953680068	-0.1598295803699009
-0.330935344600074	-0.27623990969147155
-0.17751864660213812	-0.1514889182416614
-0.299688686908798	-0.2968200120746195
-0.6370571709213486	-0.6195616680602138
-0.4346365127676073	-0.45041168009602023
-0.3776258757611206	-0.3609443792227924
-0.20216386625908278	-0.20799980770572613
-0.29468178397528	-0.29450156218191353
-0.4678453418910511	-0.45971910121099907
-0.10445146094020519	-0.10145512936720169
-0.5414372843672375	-0.5577200208506078
-0.1831278525875284	-0.17212421716138848
-0.35963051559202164	-0.32924950772043754
-0.03188997779381175	-0.047327078494313383
-0.42310098498589976	-0.4206613879324137
-0.3833678531979441	-0.3790158283252375
-0.5064450828395035	-0.46524785333900565
-0.5519446759727602	-0.5619384503674355
-0.4490999282259063	-0.4472730341100282
-0.29598212359722886	-0.29301983559257333
-0.14959092344698455	-0.1477241166276427
-0.15837099443365332	-0.16014310112257546
-0.629086734833928	-0.6349410240571637
-0.13402919016588122	-0.11371942384680031
-0.28155874543027437	-0.3007466955035153
-0.1410356575304359	-0.13684274618307074
-0.09969337192154448	-0.08901473089485828
-0.31297032561086713	-0.3189516587232961
0.19359283839289354	0.066647102038559
-0.33737685636913994	-0.33955909837722625
-0.22692070438660217	-0.2114544765566437
-0.29100506952683425	-0.28052825645479496
-0.27538444843903953	-0.2706726308424719
-0.2747774918362449	-0.2943784206696295
-0.24136610073807852	-0.2755391337757908
-0.2902605734512722	-0.2828000877776167
-0.16797156066512997	-0.1730757837525384
-0.3909745994998808	-0.39986851773268556
-0.2942746472121778	-0.2949815934384506
-0.20299984331676413	-0.20510965772949022
-0.3036255085265731	-0.2769635603929961
-0.4847332031812046	-0.48466394233478355
0.02117757645214624	0.0006814050325036083
-0.34316881388856757	-0.32916226582250097
-0.19338781144285377	-0.20359012616377267
-0.3972570901552004	-0.4143807825890895
-0.15010868067061	-0.1863896005822404
-0.2884673774824069	-0.26248371491542577
-0.10966542847629235	-0.11092547923074648
-0.10114214815038469	-0.10078956109418251
-0.0067218544793865576	-0.10825170568894166
-0.5002204672111326	-0.5033006127702877
-0.16295408330791972	-0.15435519948495344
-0.3775903088397943	-0.36975332887250145
-0.2379552591550418	-0.23410265518186704
-0.2118676478891821	-0.22254812951917957
-0.36105033172528955	-0.3631779160674395
-0.18440702710937185	-0.18202438075248145
-0.2914651330299609	-0.28719315670293805
-0.4235264380628223	-0.4317586543617241
-0.18359937917939284	-0.18111388009033894
0.06366937144578877	0.09410205277528007
-0.06440137332636198	-0.06322516578952779
-0.2784107536740468	-0.3085237722826813
-0.1136797399859013	-0.10577228110893679
-0.4573206883411842	-0.453116595426548
-0.20771125651919675	-0.20352364805457412
-0.43964286224445104	-0.43979012790598343
-0.44079161551209367	-0.4536710253152886
-0.2842843139238074	-0.3047530900857325
-0.5066830706624224	-0.5198868991267368
-0.0025805761274408923	-0.011031352556686257
-0.26995035337152906	-0.2833907248705898
-0.47943264461962887	-0.4733584770887599
-0.03435875245336284	-0.03945520362480184
-0.15124559400410043	-0.1429493716947525
-0.22901530619537525	-0.24270114294987483
-0.042480521334102406	-0.05631695709231976
-0.03684735501929204	-0.032062717940892424
-0.5040652537162913	-0.5055694271446814
-0.18534125643597044	-0.18830620506497064
-0.3701689369105239	-0.3806434726611099
-0.14314056797565833	-0.16347315135189266
-0.2929685336297876	-0.2770402268993235
-0.630910568700715	-0.617250492517365
-0.1347757490818431	-0.1344715172698059
-0.30444211485874995	-0.30174323225829636
-0.5193526833244944	-0.5147949139158621
-0.36015385312835235	-0.3693112359590891
-0.2974700281191103	-0.3039770448801459
-0.37886324093618473	-0.36495379224824687
-0.5163118862123834	-0.5064545754327096
-0.1990643999032855	-0.1965063181795969
-0.3318474509603355	-0.3195395360592643
-0.3090303565345991	-0.32608275145793914
-0.48501828202307884	-0.4810192640939801
-0.06949125781624232	-0.0930990426391574
-0.40626478529579124	-0.40604730818803997
-0.07084879496943852	-0.13167863379133427
-0.03743002793274375	-0.025207601824423935
-0.33528460039065067	-0.32883106681947133
-0.2131606977664502	-0.22263407721465972
-0.4097707738291785	-0.4066710854755871
-0.4596785885348016	-0.4579621497264228
-0.21448439887061088	-0.20865895390189074
-0.17097297675220346	-0.17115419348952818
-0.356744897632856	-0.3337930665340131
-0.0617339408009272	-0.05132925065636221
0.04949154322239302	0.0564788729328563
0.10080166597995088	0.09149614751255192
-0.10641553133886461	-0.1293595849165592
-0.19751684464981167	-0.19609637121339646
-0.30092566149154987	-0.33392803237897917
-0.17077348668922632	-0.16999111602734981
-0.43087756481635076	-0.44069288962503855
-0.5145767457977177	-0.5139980052598816
-0.14425332604168872	-0.12696256195333527
-0.4707595112555474	-0.4727910221533886
-0.538050427577411	-0.5508662064266944
-0.5066991319605201	-0.5224830255492251
-0.2312369164255852	-0.22106166007116457
-0.26459552486410054	-0.2646184292604461
-0.30762601759699937	-0.25217347640808074
-0.3780814530208456	-0.36849066253897544
-0.17249782407492198	-0.1709780847358252
-0.29459406940056354	-0.29628376968716036
-0.172530367616881	-0.16605694442117724
-0.36769183804852634	-0.35188366928588516
-0.18323033713022419	-0.21057430364008978
-0.33113369524159353	-0.3307595413953035
-0.169605881116194	-0.14348914027246065
-0.08561732245529896	-0.08694849507215656
-0.1434123601215802	-0.14732887494287847
-0.29220254381635247	-0.3234257692625885
-0.14035217923077248	-0.17545438420573517
-0.3518089842206926	-0.31014246189479616
-0.44567924146815585	-0.45189114359191096
-0.30563557041463874	-0.26093491242249733
-0.18087649572209408	-0.17854625115819578
-0.20388191839161962	-0.19312253288045336
-0.21691584317714163	-0.24328289634823663
-0.2868241331859682	-0.3117965930264543
-0.12916151762997963	-0.11913540797861469
-0.10934224552456051	-0.10902274051111334
-0.15257464635900408	-0.16413929032893312
-0.4722301222339311	-0.46838470414774996
-0.19987516555363172	-0.17219861144681975
-0.09722563117445304	-0.09599181040210013
-0.5219598416067655	-0.5066695340146004
-0.06956296398659578	-0.07313012395629366
-0.07561614015307505	-0.07819601660525202
-0.31811937039548965	-0.3348682333511922
-0.2516775969986833	-0.239129091121125
-0.18681277210314917	-0.1891107181078502
-0.1295890313412471	-0.13517866634228973
-0.4598873750187593	-0.4576374963507367
-0.47545165351314367	-0.4745340161857824
-0.13348825019511246	-0.13779334531773535
-0.39074536522802283	-0.3667996826209528
-0.13971183416162525	-0.1342008146563838
-0.3149409534610488	-0.32225186352921037
-0.21850284997243286	-0.23521452740238954
-0.30645699754135514	-0.30564336038379003
-0.11617930262451548	-0.11739290623093894
-0.4183017721760276	-0.4174541299541082
-0.43992205940768603	-0.42548627003729483
-0.17411503519519567	-0.17666014675495734
-0.3755213502915442	-0.3578328384671175
-0.3610033563233923	-0.33729797556114627
-0.18106169218448276	-0.1749979696130147
-0.37099120486932335	-0.36983917798029625
-0.15102255820845567	-0.14932448027940015
0.0671118670789248	0.05446888967268158
-0.1009988622208482	-0.09689201387866893
-0.14368166664845816	-0.13842629648999724
-0.4337951971625156	-0.43554282527293686
0.0016175123413955106	-0.041270769377706844
-0.44131463007654936	-0.45239074820283676
-0.3825638454928928	-0.3744477962922476
-0.35058488976392965	-0.35780234454738946
-0.329319661181362	-0.3208319692834078
-0.1694847267028825	-0.1771313962235577
-0.10282828662652488	-0.10785295070549027
-0.262306101710287	-0.2610591256848535
-0.05507125374025712	-0.05841220084864039
-0.09047055198835352	-0.09462252137031306
-0.19320488651106338	-0.1930051924153154
-0.5019211654536608	-0.49485287673594264
-0.17140468194508962	-0.16359160944013298
-0.09842228142417397	-0.08769144489861326
0.06121403081530019	0.060197688829412274
-0.16543156183293917	-0.1823265001392068
-0.30217267859000785	-0.28112784429809334
-0.21357989444272896	-0.2147705445943824
-0.2354576207546346	-0.2387756688238931
-0.27056885895736826	-0.26131901509093153
-0.4512522892145485	-0.4564099671389228
-0.26987156109736965	-0.2695114089664047
-0.4954155617064391	-0.4932996934516399
-0.17229564680166654	-0.20401432434097408
-0.2513667374880999	-0.2699926688751612
-0.15680789997171551	-0.17418441930298584
-0.22123329139549242	-0.22718216454294216
-0.13162304107962797	-0.13007157523434013
-0.6132238032015849	-0.6217942642428266
-0.39779645854806844	-0.4000623314546239
-0.24788971982145114	-0.25117156034588634
-0.23918757495034892	-0.24577709353477348
-0.4909906684165595	-0.4964202097652799
-0.13589451606740965	-0.1296566557377878
-0.28478456347998105	-0.2937534328420729
-0.23103929876029738	-0.24705504516524046
-0.050391077483363134	-0.07546147632847516
-0.5608735460809591	-0.5486812417907904
-0.051597382625233834	-0.016344120670462953
-0.1708632101432439	-0.1554068088961299
-0.3386594342194993	-0.32228553669327137
-0.03323059580704246	-0.040886850095327686
-0.3123830526202642	-0.3005271559663419
-0.1539131493332473	-0.14433988356134514
-0.2686379653790105	-0.27911414730510514
-0.08473540427468151	-0.11879922699067623
-0.3519654536097132	-0.34859483763397053
-0.1343361429018497	-0.1439285217282618
-0.10945705578562137	-0.04828329081258592
-0.19289531471540933	-0.18569778781362478
0.02557567633963309	0.023740805820786314
-0.36151806234498274	-0.34532435838028047
-0.3940959394461032	-0.38028061124806106
-0.09613044618676625	-0.08299508467885366
-0.19570885430784024	-0.22542686577585108
-0.19470699610618514	-0.18973094265901388
-0.15223178372504442	-0.1370431016354327
-0.08679174259746514	-0.1004606156659992
-0.16041256895532374	-0.1643983201349976
-0.0488106856378554	-0.04681409534224524
-0.5228585794004008	-0.5104760618154994
-0.07895043595200324	-0.08519648862810181
-0.22820356477173842	-0.2299143467539716
0.07384980194698088	0.04769996332357738
-0.19800395727981268	-0.2067521479193619
-0.28018489065934205	-0.2661002653901771
-0.12972697402210187	-0.1279368345197676
-0.289749676604961	-0.28054596461524217
-0.35574983002946414	-0.3218684790909758
-0.29437768265427877	-0.2944570448600046
-0.09303252116779959	-0.09897285480737539
0.00546096234474458	0.025628659004472965
-0.06603778605565047	-0.05687059947504189
0.04854652440249918	-0.021075391264872893
-0.19651422873360858	-0.19971904253061318
-0.31951201835757725	-0.29055981725910335
-0.040791797974657484	-0.05576486326890216
-0.48704711681921875	-0.4941046202199369
-0.2245275434630063	-0.18557841667449224
-0.1368858642829478	-0.1362884684623915
-0.26340950581893274	-0.22001368972447577
-0.246414758975801	-0.2700948994733074
-0.6142297873092453	-0.607751019285167
-0.3228132876231369	-0.32150753470035187
-0.22434793777590567	-0.21260088081166853
-0.2732723553262222	-0.28113414142698256
-0.2190463655404038	-0.23594344538414824
-0.4711687203417796	-0.4627523265534453
-0.2042397517736383	-0.18028531883832608
-0.4744637189922507	-0.46001734228195146
-0.26156019952328347	-0.241023890635697
-0.17237994688308067	-0.15647123234299096
-0.2205497773074203	-0.20971650497602462
-0.6267998580838672	-0.6187206094536143
-0.46445175931864924	-0.46855762228235004
-0.2924408791191304	-0.28606948203772453
-0.10547844004515916	-0.09880257728093454
-0.07831683409528978	-0.08649572300943713
-0.3339086992717597	-0.3222805948153527
-0.49640491349904536	-0.4948222386847506
-0.1746369649048365	-0.17982669441794014
-0.5137323319389999	-0.500050221125413
-0.2681552126274944	-0.26356976925682296
-0.05318097201528538	-0.04592265414257473
-0.06175725612597294	-0.06203361335386012
0.0028463585392550783	0.01831066709457832
-0.37303782929042484	-0.3762761493899156
-0.2867332109716001	-0.28161996953152174
-0.24484179496482827	-0.2306311816196269
-0.07620908400417292	-0.08809127850815705
-0.23646239050135165	-0.24102624604111136
-0.433240664499011	-0.4423942353063455
-0.40120150420460643	-0.38992927477423867
-0.048651710922609226	-0.05715813058337791
-0.48804715033242374	-0.4890455643261112
-0.27272168592774015	-0.2733713689336217
-0.19313821337832238	-0.17065109788488697
-0.22176065750825202	-0.33291755951233415
-0.45754457013243854	-0.4416686830686559
-0.2834681316770933	-0.2794623335039816
0.012792992655155544	0.015624332627488064
-0.04443863355551869	-0.041715409923472724
-0.16752548496646202	-0.1848136380425808
-0.4847835903918698	-0.48904775045554283
-0.11707427974183027	-0.12258220747503905
-0.1085844858520364	-0.10719290529108935
-0.12571875582617587	-0.1289090818468396
-0.419336728392139	-0.4368273251941497
-0.169445581305542	-0.16235249165578505
-0.11368420931318468	-0.14246512530499553
-0.3213412515302805	-0.3353620579398697
-0.09534057693003462	-0.10303852909405335
-0.38290687064023743	-0.38040614434385195
-0.4431871767644102	-0.448176357461063
-0.4754876908308052	-0.4816232098707345
-0.4999417409792155	-0.5081804314003572
-0.08857288855101508	-0.08554774173012115
-0.6143589841926822	-0.6288103559661354
-0.266441604667933	-0.26959434446937336
-0.049473639996428176	-0.058413161884538364
-0.30638532258962314	-0.3073076190340881
-0.3746889946137504	-0.33401639316520976
-0.31046480364314455	-0.31967284689434355
-0.024662245902440816	-0.02860463750270077
-0.04109577829550748	-0.05240486562682894
-0.21156591944010295	-0.1950397674846198
-0.4750971911910753	-0.4825277782365534
-0.25542920921835766	-0.2616961011647497
-0.20834112691898987	-0.19277949644782108
-0.3569090304988993	-0.3599048866097208
-0.5730960441071513	-0.5726303010823834
-0.2822201919255214	-0.2845433359847174
-0.03671807625968526	-0.03309468603554064
-0.19097974664439654	-0.1699745106820746
-0.4136029576355824	-0.4335654636981815
-0.4954129076755516	-0.49618004316191566
-0.356196195497847	-0.43940669036304697
-0.6147181425827357	-0.6307462279931371
-0.26995060084358613	-0.2757313110772717
-0.35592303238764966	-0.3418722325818767
-0.2818273462100187	-0.274480968138785
-0.13021415042940898	-0.11962885155042044
-0.28254620522060847	-0.29194072118749037
-0.2926971321645855	-0.29186421072508095
-0.4962165807167782	-0.4970447347249085
-0.40293832699213983	-0.4096508418332524
-0.012490591439507703	-0.022533999384885386
-0.2329899422224475	-0.22830026214936974
0.0795585809064443	0.03402487920686206
-0.16650521693056852	-0.17086326158103987
0.0006765839577624888	0.011693326147053379
0.04844165291927727	0.05599630281681204
-0.21303867145176092	-0.20876160363307356
-0.050305393694012324	-0.05868662014820484
-0.27101117753519155	-0.2681004125818374
-0.2643669094314296	-0.24597812376351552
-0.47108388038059257	-0.4617617627666152
-0.5168817645756434	-0.5109254074358945
-0.03818573146294302	-0.03572558044258248
-0.25043469496269655	-0.26923689034146586
-0.1622709540349625	-0.16761104704119292
-0.4670602971535125	-0.46061385120372905
-0.29124930113944103	-0.29228459566853454
-0.32857078812791585	-0.3550863572509414
-0.2977306805551754	-0.3084278348985268
0.07722045878163097	0.07849897450860559
-0.5473328277656595	-0.5448217814154517
-0.149152223900348	-0.15322469869032146
-0.4591694953433336	-0.4413889527438043
-0.22179230156662832	-0.22596890537980663
-0.06741580895471877	-0.07530747870834444
-0.3479471193026402	-0.3408492159132208
-0.3592749558791315	-0.36524104563087845
-0.09038337093660864	-0.16142420517763725
-0.06226019473012734	-0.06724965792703995
-0.31855595703758155	-0.3146844366168954
-0.1095435920433081	-0.10449466895582833
-0.34191581860629316	-0.3421498851097193
-0.07974272406405092	-0.08353805530076987
-0.0743180350380177	-0.06286074432606668
-0.5062794833107613	-0.4971618298309411
-0.31345004095411966	-0.3210140191719023
-0.4421970163601152	-0.4376361475917206
-0.32503295883741856	-0.33430444905804196
-0.11966545212976065	-0.1314889491812325
-0.1306835102671915	-0.12847973073406913
-0.15599449057195525	-0.18914700558863373
-0.45351360752993664	-0.4655955097309518
-0.1250097960439227	-0.12469463171411971
-0.09211156714729629	-0.10404334147707224
-0.1305523768193062	-0.12378856147829154
-0.25493217342454066	-0.2517037959144812
-0.04980958353348086	-0.06319159331700148
-0.2685109466838824	-0.21437316019110725
-0.36193135839265	-0.34990164976363713
-0.09872678997862927	-0.10985946895170384
-0.5514977807417676	-0.549858386499754
-0.5775387331155937	-0.5528890563822477
-0.17271523058369453	-0.17676379287389296
-0.16087844674159335	-0.14318877941923158
-0.04667015000354713	-0.04082100603243732
-0.32190730467857964	-0.3191447022887579
-0.25813587981000374	-0.26323885521155
-0.4393838623824635	-0.4414312644304605
-0.09048495057305672	-0.0811817940921946
-0.179315262047135	-0.19121620286351396
-0.5002914278546609	-0.49874712646151614
-0.507569567788325	-0.505875892171838
-0.06256559352821611	-0.05334071525038337
-0.5062617887116385	-0.4997913532853031
-0.3463530191700954	-0.36197386751690147
-0.0925049783611156	-0.1219661652788164
-0.13460318093179868	-0.11646184651155385
-0.09830109844845403	-0.10431371162746264
-0.5134499148817522	-0.516455467931565
-0.17890129494555396	-0.18348255198812444
-0.12300124994976525	-0.10398574393409396
-0.6186313110310913	-0.6001778142618752
-0.4483069923044152	-0.44899475739684513
-0.2936137716061804	-0.2885228079103625
-0.4700103096885426	-0.49226903953196954
-0.48195469401060276	-0.45804114124312434
0.018237826114367195	0.007002716199482379
-0.06158228237458907	-0.0589133800812554
-0.37040632502148974	-0.3880035390930204
-0.4357668901411813	-0.4314978297593544
-0.3174444619314123	-0.3245281852427664
0.017646989225097442	0.0032962709873189445
-0.3152396269709179	-0.3123370310174948
-0.3397182840958761	-0.3434802433572662
-0.5042255580950936	-0.5142742968789389
-0.17753340947348484	-0.17393552887998875
-0.07974298961147763	-0.06954856744735013
-0.5854585525427307	-0.5988166685063258
-0.32847987428505476	-0.33102798247577275
-0.25596014980433424	-0.2381966960188912
-0.2714499916531903	-0.24709433605505213
-0.23680322402701037	-0.22829147000126954
-0.3160711311395481	-0.3400788951692479
0.0023907906951290414	0.010741300616843478
-0.18665928857792657	-0.20566632708380328
-0.2548519917192671	-0.25345328108357273
-0.20972502705475726	-0.2022834915728426
-0.043626325561213264	-0.04428417083181372
-0.24111515074687695	-0.2188703453729393
-0.5142390598278803	-0.5034375158328093
-0.24736738868602615	-0.2744674988193819
-0.44153385469547146	-0.4425782545415021
-0.3552357067753764	-0.35310024162261316
0.027160479172287033	0.025932160880664665
-0.5234731981366689	-0.5065148765273697
-0.40316395275049466	-0.4178282715566433
-0.17348390108856648	-0.1912204553366121
-0.27071473211015906	-0.2967674345549348
-0.14488255294446084	-0.15984931124081742
-0.33281723122942886	-0.338724778442502
-0.20513614293485105	-0.19741089478313648
-0.32272961769758	-0.31316315279545937
-0.074046265085431	-0.08802359423169843
-0.42628270829403636	-0.43996616070297273
-0.18637836074663738	-0.1782323606957388
-0.1238314784102501	-0.122214559469887
-0.2318769935213627	-0.25525683092299417
-0.2104431922070944	-0.18738375131845225
-0.4828675859370417	-0.4942291493504234
-0.3396048391852631	-0.3257856011317877
-0.46089797939830834	-0.45161886840865045
-0.3122938650249649	-0.31349534767305437
-0.5093420715715169	-0.5032744227941998
-0.24302252309124572	-0.23628916013923665
-0.48117330738396547	-0.48891005906698964
-0.36867828229481425	-0.312663788632128
-0.2453154255950647	-0.24675368186635593
-0.27863944505218363	-0.2562099282363001
-0.08064035470598263	-0.0894697786889768
-0.11147744399541892	-0.15880303406008547
-0.021508195296609856	-0.04050573465673891
-0.563213667007405	-0.5739737363800282
-0.4702847891736237	-0.48150729071784415
-0.43413836609364154	-0.4444879384262525
-0.007329768761264788	-0.0022698403889513602
-0.4342557353059151	-0.4373990750210688
-0.13654168267707334	-0.1293891656473853
-0.0642519740999008	-0.04726310680920744
-0.5155703081898251	-0.5109779893493982
-0.2958772499569733	-0.297468031461648
-0.2000248262254818	-0.19496073767705152
-0.19028848075112847	-0.1806258461062151
-0.19187920263259173	-0.1965029793026319
-0.17939543319307383	-0.20188806395494596
-0.20027029159852194	-0.19963289855781724
-0.44177937516975696	-0.44373036844342245
-0.453070515364395	-0.45676878301858265
-0.43949552535762315	-0.47715774144775475
-0.1990337072355297	-0.21678810437589932
-0.24248088827620684	-0.260793093581066
0.011022038953502289	0.05399160287443112
-0.19354949236154795	-0.19411891960842725
-0.4422341712944533	-0.4402767459872518
-0.11831621778922496	-0.11099567588049702
-0.0527439010837929	-0.05421514041725298
-0.09953503564188004	-0.09533599504090277
-0.30100316094895696	-0.337986487839903
-0.3391950093717888	-0.32429848856477617
-0.17819907220151165	-0.17285721446820013
0.03148824112628823	0.06948271911862718
-0.2793306996021556	-0.2644318646737535
-0.527504748268905	-0.525071798076415
-0.14761478745176504	-0.14671522518690552
-0.15890365572382414	-0.15714743386234403
0.028806119366057814	0.02583553688301754
-0.18469280677120103	-0.19135548572697705
-0.06315302299357484	-0.07254742045137644
-0.35277912942782397	-0.41040902219534653
-0.07099667339531379	-0.0817007631103978
-0.12127035782298456	-0.12006143893785076
-0.14120266387651448	-0.1626872325387456
-0.12875647755782182	-0.12592440748885456
-0.42487829869138505	-0.4111536743097767
-0.2836849620501809	-0.2943679641488289
-0.27377634916789795	-0.2725845426661952
-0.3074253229227457	-0.3076869954456966
-0.2670286136328137	-0.26459949431424107
-0.05146731482216538	-0.08428015703884509
-0.27194593408431356	-0.2667768078546448
-0.43026815577132105	-0.43084261601073065
-0.28699746284153616	-0.33140525820847117
-0.12741010832474675	-0.11357751542905148
-0.14346388674021693	-0.14112648856087368
-0.45026925247851857	-0.4614773747992857
-0.3591701010758275	-0.3617975602332818
-0.5068477157759972	-0.502589796884635
-0.4991759131421265	-0.48618341525697334
-0.5060908787805651	-0.5033064534542515
-0.18043393048662892	-0.2006733600359158
-0.1786705293181523	-0.17868185300246123
-0.16667675201673582	-0.15153398042649555
-0.24995907675110374	-0.2641405444070694
-0.20338164312263718	-0.19225796571416262
-0.07976394539389275	-0.07862735081231098
-0.09279943331122098	-0.21502418993880634
-0.42706120814716364	-0.42432231364284206
-0.16918322132100272	-0.16947124279325737
-0.49502346925557283	-0.5170822754204737
-0.4382170629140276	-0.3991346276365913
-0.30755375538193963	-0.31362569863284034
-0.04362385782761535	-0.04947889706646961
-0.21578950241369288	-0.22609802469182108
-0.4188600716931017	-0.4238800699718362
-0.3097964646370084	-0.3110374323349043
0.02134452317273361	0.018677759912412023
-0.05424403979792913	-0.06244867278308502
-0.5190499234654711	-0.5222885482634434
-0.25900437226282147	-0.274446317239955
-0.10079134419932245	-0.09753974490365061
-0.17836015971172792	-0.17890957033856464
0.022940459842677896	0.020243884877209982
-0.3396422941647428	-0.34599163821727874
-0.285158772428991	-0.28153558183223465
-0.2626063900469644	-0.2729410335523568
-0.3685838493989362	-0.3512366959985938
-0.158176630291047	-0.17549218826269944
-0.1115597783827571	-0.11506756149321751
-0.12655629839949434	-0.1276626475634627
-0.2529921636974173	-0.25032244955707506
-0.2667193041926552	-0.29063292570982635
-0.2916205692308065	-0.2759536816981741
-0.18662773268477295	-0.1760648321098526
-0.20503570010566285	-0.2405618256634791
-0.505852286081586	-0.5093276382447144
-0.038891685796083486	-0.04894682710376669
-0.11066481934629557	-0.10809888255267586
0.018687174816708563	0.015221680538279344
-0.5492022988027454	-0.5484847226088717
-0.3484741470390711	-0.3553162491308028
-0.21688544172957425	-0.21616918452793865
-0.14226197793804918	-0.11763911399133116
-0.18760130536674335	-0.20248873379414825
-0.11912046350056649	-0.12153991007643217
-0.1569350260851845	-0.1701367268517422
-0.08204151992767628	-0.07592068762410521
-0.016955221599026515	-0.022693571741397696
-0.09852556849997463	-0.14678754034224
-0.30910766992116123	-0.2906542433564701
-0.3381033199684431	-0.32685819319279563
-0.10478372958700177	-0.09831171397168388
-0.11088151524588064	-0.10627713646174214
-0.5125853236603675	-0.5132019857165993
-0.323559500645656	-0.3296625624939741
-0.18630992377587585	-0.17492562325560243
-0.17651042083454271	-0.16821661121762546
-0.27243883815233794	-0.28319401082375634
-0.43181466751035735	-0.4387082481530533
-0.08070035856182045	-0.09862768629364824
-0.4404955526574774	-0.43211035707336637
-0.4061450341931847	-0.3969942737359477
-0.0836361927216771	-0.08931571546672697
-0.16422651183533699	-0.19105972339675226
-0.2453057053705976	-0.2711501732166566
-0.20403460232972037	-0.18208854520112971
-0.29821044557108856	-0.3046220992838241
-0.4241107157404098	-0.4655794476636001
-0.5164851522562515	-0.5042438139432981
-0.11684009021837571	-0.055920595375699704
-0.4884162470480131	-0.5016603391738131
-0.02128642880459708	-0.029083575267323414
-0.3434122416134233	-0.3342604947495042
-0.34178877705174227	-0.32426566892090186
0.011509682075903527	0.01839265827745562
-0.4308181485225031	-0.4273974078975629
-0.16751533261994478	-0.16835302898997573
-0.23313703181810563	-0.22311177806397575
-0.1444568182062742	-0.14836188990321578
-0.13088873414129942	-0.12973533682248087
-0.05416061313542109	-0.046205129926652724
-0.26258190771773293	-0.25247126574531603
-0.2770411258030796	-0.2771588104454995
-0.08783138270197455	-0.09620574111194825
-0.4127085231395702	-0.41985046776409596
-0.4920970899757702	-0.4981307666453558
-0.24392991866055524	-0.25968689916624926
-0.5125598805384932	-0.49841610590951985
-0.05998026322761163	-0.05817190581072364
-0.13974436292411418	-0.13955984604441443
-0.168203691321966	-0.1819996232614275
-0.10596362127002834	-0.10236774478810537
-0.32787724099271465	-0.31343782967077893
-0.12264796729186145	-0.13920041600678668
-0.07221926174304816	-0.1558181009510221
-0.3759963003048359	-0.3447956876192434
-0.28514715786772804	-0.2952784957405509
-0.17593817128555767	-0.20033580204010723
-0.04911969753169565	-0.0519014359828689
-0.5038109399838602	-0.5034275541847344
-0.1064034561396241	-0.11486413646495246
-0.268979821070344	-0.17676955571940045
-0.10746401943864115	-0.09762287048545917
-0.17282005857960936	-0.16684594393536073
-0.11142385121352305	-0.1507608964511746
-0.13966998894337834	-0.18002533638743187
-0.34955995920977756	-0.36294041414162004
-0.1726725343991813	-0.16657011719408643
-0.6225133518451038	-0.6090979214084122
-0.1239022189880501	-0.12713185214432332
-0.10761407556929026	-0.09964172982643037
-0.5518619875588557	-0.5413113609684869
-0.37268780302775006	-0.3861935545602095
-0.19001569289128994	-0.1838372840554718
0.015408072045449472	0.027456840235335827
-0.17732333589223082	-0.17012177254467487
-0.22941508718311443	-0.21879457614217354
-0.19925727959698758	-0.1965111840325542
-0.5496718298357015	-0.537308197086223
-0.06122117818272432	-0.05682083749584438
-0.3417728174890833	-0.33551890343315177
-0.19653708499439837	-0.18392774927765307
-0.20774198128615673	-0.23096056258145004
-0.14619234259976022	-0.1636463670514139
-0.49903060067238414	-0.5001994332772581
-0.29499196872633426	-0.30147876312708355
-0.13855765345146764	-0.15015592271824094
-0.27555188563382416	-0.2645810231254285
-0.29743101978850284	-0.3188721063155193
0.03672602831065497	0.036412211582514925
-0.06978387254678875	-0.07173550628743001
-0.47936348268981543	-0.4792194443860084
-0.12946946774977608	-0.12650407086690935
-0.08109699375453516	-0.0654574489471396
-0.108099726973645	-0.08112752822309498
-0.4369085317841659	-0.4315342729491113
-0.2839735936835659	-0.27922840275712296
-0.4657235704756566	-0.4504425884811941
-0.2479221705949275	-0.26549677950710154
-0.08787988710703853	-0.0831654927030623
-0.4740929697283516	-0.47595048994602956
-0.05305567734862393	-0.05494935781944449
-0.3851682788447581	-0.3691039150823735
-0.42623198649414107	-0.4228791296045019
-0.2647308098984542	-0.25109782759428645
-0.2931213743751737	-0.2530497923793553
-0.17669523324540037	-0.07873581313075778
-0.23185708704886387	-0.2845737748383268
-0.044336071647371966	-0.046967188207163224
-0.31606022596801253	-0.29829077112989866
-0.174560585547737	-0.17208304204086047
-0.34904195781094316	-0.33638356321538354
-0.3146866093821288	-0.31615624406997844
-0.432606777882647	-0.41813432990211774
-0.2706239774561432	-0.278305743723391
-0.24119682321312386	-0.24343643922523162
-0.09604488646103881	-0.11803702851308656
-0.16754657271712503	-0.17424492325776036
-0.2961497295206721	-0.30875282984713276
-0.13638256429232598	-0.15998594344878325
-0.2927458435149344	-0.32368097843797083
-0.17954952020981185	-0.17248309868158504
-0.24898627612875757	-0.2626647970958717
-0.028609118551823798	-0.02165699044464514
-0.21386591273784816	-0.25813097350013164
-0.08269077549053172	-0.08495894961815463
-0.26564334268278067	-0.27183329465724915
-0.5111609662470329	-0.49349434809751075
-0.4001169046482893	-0.4006937339245881
-0.03357236375271633	-0.055967444272290154
-0.03928903515366766	-0.0349306163990133
-0.4637034269055835	-0.4807102666332916
-0.12718688006498624	-0.12175272316707665
-0.16629017959712833	-0.15624909086961894
-0.3320153521743787	-0.3528870177082275
-0.31943851170835913	-0.3420969036036479
-0.25307468517320775	-0.25867357569918714
0.037750762589995546	-0.00739417633939721
-0.4234032768001903	-0.4124599382845209
-0.49355209056503924	-0.4944085530813509
-0.2845573491911946	-0.27952617055371126
-0.347717697800479	-0.33871662724432927
0.020327126654130723	0.022045080780225802
-0.46019164090378695	-0.44430991622721905
-0.30621694682406364	-0.29478078048718104
-0.4163599203116011	-0.41633708388343244
-0.11010242616145138	-0.12361690359285456
-0.30026949738047115	-0.3085153592521314
-0.29506865254215864	-0.29396900645508256
-0.3545845240603409	-0.34862460706210696
-0.4658454168466317	-0.4802368837344723
-0.3365342296497449	-0.336857054504669
-0.3037657232201614	-0.30561144367254844
-0.11063320509302699	-0.12178863057684408
-0.2731963496875611	-0.28274214490562316
-0.2702363904278329	-0.2663789586661388
0.045270363131228564	0.0667866247599391
-0.10980846097842623	-0.1092254634729619
-0.6293457143876644	-0.6013201057764448
0.0064785931524848905	0.04616964180390523
-0.10777034521289774	-0.15638498498621087
-0.4290596734142458	-0.41451486528274833
-0.29004646189560646	-0.32016394769839657
-0.3216707252452444	-0.312698899558072
-0.23274697363310537	-0.23430660512039234
-0.01121312410592612	-0.010623388892719023
-0.23567647309127615	-0.23889449644945454
-0.25543099874349995	-0.23180581707200432
0.011201885688517876	0.029954362100441587
-0.45191937328155163	-0.4558221826878805
-0.47105270090836626	-0.4392144682288576
-0.49219960664295126	-0.4887645457738119
-0.3208546023345722	-0.32324314008722344
-0.2823529104225795	-0.2866808154057939
-0.248747441861342	-0.2407551997931245
-0.32639854218610154	-0.32246305111429047
-0.25656174030660495	-0.2382425233198041
-0.21537198210829267	-0.23308258874114002
-0.626047862346109	-0.6267506390817691
-0.3666185385481908	-0.3677039730928766
-0.31690694314166823	-0.3104909759327625
-0.519977251061924	-0.5221269214961649
-0.06464840270692651	-0.05940297329657978
0.17313231531430695	0.23754301744457393
-0.608216382823568	-0.5963438619538476
-0.08771036463757564	-0.1053168342884824
-0.13769909526386392	-0.16800030135804092
-0.09157334941332529	-0.12635089223248658
-0.2995162473471469	-0.2776262044142558
-0.20110359838371572	-0.21564439783209752
-0.19357512277814148	-0.183208430749173
-0.11567112908638322	-0.07542134265598816
-0.537021496751418	-0.5327271157136398
-0.2450955344629504	-0.2599154594764212
-0.2229084038060769	-0.2240026253330791
-0.04334891658332296	-0.050145350280239046
-0.13078534576286316	-0.1326676345313529
-0.12075032762086657	-0.13457632069632977
-0.30203239543321025	-0.29303500070007976
0.0124635353181759	0.0002807257530190634
-0.561439435614151	-0.5800443908040456
-0.33238079855544456	-0.35208490199042525
-0.3750606914677075	-0.379580563692874
-0.24327976542116492	-0.2408622694948179
-0.19669621502732149	-0.22993558829189126
-0.534151078738268	-0.5541812997209168
-0.4007707855824876	-0.4008677925451597
-0.44745505698000265	-0.4533661636170534
-0.19118326714785994	-0.1922338331517574
-0.05083225840161809	-0.0634416944654898
-0.4755846285818528	-0.47225609637754995
-0.5346069325826033	-0.5352324981271543
-0.36598371044693057	-0.3670643987456124
-0.45580395111619776	-0.4369778026973396
-0.09626411138564261	-0.08931661312699644
-0.30406273437829956	-0.3270531960436428
-0.2969957002457253	-0.2893073367248779
-0.10191576863954843	-0.12685202929214606
-0.33705840593538916	-0.32595994839711306
-0.21328683894407874	-0.2243670232439587
-0.5716812060595986	-0.5582708740260961
-0.4941833856956972	-0.5072050014572437
-0.17621720396741658	-0.17934551299745877
-0.3005995426693584	-0.29437893860263514
-0.4500588697248382	-0.4235778433635579
-0.42052735546981523	-0.4251664951278551
-0.2189615345743956	-0.17748811295854192
-0.1697537465244352	-0.16246803999840553
-0.3718480706984142	-0.37558533879975897
-0.24421787885546298	-0.2559632693666503
-0.2536384505105538	-0.2529185178336059
-0.2820308575294703	-0.2872951217670512
-0.2561507055235692	-0.24513758403409394
-0.43902748311634454	-0.4345143099322862
-0.175728985606602	-0.16109014998686827
-0.3420894729278938	-0.34021245819486967
-0.2704812777932357	-0.2709635926187765
-0.1843480637197139	-0.1845307372658455
-0.18690004524529424	-0.2152516364966192
-0.05552486535204437	-0.061244021136842554
-0.20019208334139993	-0.21325299138725576
0.07784598923730535	0.055924957138631805
-0.09886595640906748	-0.09588556924863696
-0.25175611998679415	-0.26079502336367355
-0.12029427186953257	-0.10181415718346222
-0.29177103721767494	-0.277781244826049
-0.3303890586477696	-0.34483173419986585
-0.28128172314923816	-0.2760277759548722
-0.24216583034085115	-0.24462245720703626
-0.1560386110108425	-0.1433796804165008
-0.16302605539696202	-0.16392103095995877
-0.15800471271146055	-0.17541465297610268
-0.12187274797516068	-0.1182905708523093
-0.3755502649163649	-0.3810668722458514
-0.523140060985976	-0.5251443799893956
0.03708063501464931	0.041005371527841276
-0.12451322680966914	-0.13730319037585134
-0.4148040820018135	-0.4021661978938825
0.009043978695173038	0.0006452839764062979
-0.17278723728979983	-0.17713072849496792
0.11338654309470719	0.1361815479347233
-0.2221595143530557	-0.23496705283598704
-0.2781588803805217	-0.26065228019994485
-0.12561438191825935	-0.1232192342578008
-0.45828034438525656	-0.4417115578592303
-0.06968396648633401	-0.08674500777242795
-0.1280508427126641	-0.14434137675612949
-0.04776705640550638	-0.04057780245443923
-0.29613073415806923	-0.2973361289627102
-0.13066811136439593	-0.09179519372661979
-0.33102067842240857	-0.3442649311138069
-0.35838520982149547	-0.35750037818461244
-0.13343471723404576	-0.09254026651797129
-0.3223208357275773	-0.32379483763174816
-0.1923470543216501	-0.19316249266611482
-0.12279719783681209	-0.13036994775135974
-0.30997367397466924	-0.2815192426869417
-0.12287048400540002	-0.12184169446316792
-0.4242078401241889	-0.4029863838864211
-0.2683606849493003	-0.27745328034056443
-0.20230023041112233	-0.19571185035496722
-0.2815730065473421	-0.30134073289133056
-0.2741573176590766	-0.27549254778719634
-0.2828677303785838	-0.27711165546326877
-0.3090102791704066	-0.2939979380670992
-0.3875400996306313	-0.3794356869319093
-0.20833603417569968	-0.23975661134738527
-0.18283535090206726	-0.17510271054546578
-0.5190805684868671	-0.49603299484566565
-0.3731016907213984	-0.3791765713383242
-0.1952230504076775	-0.1968576251857323
-0.26117563780577147	-0.2531565099518929
-0.2977142209168857	-0.3063258334043104
-0.17573593567196966	-0.1770988642472566
-0.36422770520180947	-0.3573718321548319
-0.3112935014085778	-0.30475931894205793
-0.2801763383317173	-0.26153814248713986
-0.317951118893669	-0.3113317075807794
-0.17955907141409	-0.16976582595526454
-0.16221777461524134	-0.14740375473301362
-0.4804438349384341	-0.4818076835943598
-0.4090045488712697	-0.4128982434342332
-0.18744738434499553	-0.2039789987592459
-0.2568511423801265	-0.24378702795013374
-0.2284305294375102	-0.23039477036341516
-0.22223222240937623	-0.20820742049320579
-0.3188288915385611	-0.3175936280256663
-0.1973612559328597	-0.1450143025234911
-0.2578098795522621	-0.2809032314546657
-0.07980577584214288	-0.09135770456338006
-0.5165408481839986	-0.5147849719448283
-0.15129244702636058	-0.1528540027459248
-0.5019080210123565	-0.5047169208956735
-0.3194466282854531	-0.3275106337669644
-0.10409016017193196	-0.11915323592834803
-0.4311240531544227	-0.4259039585693965
-0.07019894991274178	-0.07409150212967013
-0.1351583436557462	-0.1290440743320068
-0.48065462901035616	-0.5288027324073503
-0.5058832367362935	-0.496371829177122
-0.278527122375424	-0.27393913206089754
-0.06819123282757822	-0.06422259724115782
-0.2256046876601685	-0.256807247681578
-0.3246216868873919	-0.2984755963809287
-0.0017973343219832572	0.014307140218499718
-0.2730015953125058	-0.2894747913401859
-0.0651359062579191	-0.06695690288528011
-0.4134038105587585	-0.40070730392633147
-0.11379565712274609	-0.10232902136790689
-0.04075799352640708	-0.059964903522230106
0.05041789846081102	0.05519078867798958
-0.4654662783979653	-0.45921677656902177
-0.31472552719628943	-0.31953974755308656
-0.26062236065929323	-0.2572268784334259
-0.45329993730080886	-0.4429847231431135
-0.24759695721347175	-0.25821856468402943
-0.039502744298102854	-0.04070809418712875
-0.22519593634678614	-0.20835976590943753
-0.08401915095830148	-0.08624804930273369
-0.45688272578286515	-0.4722187890214225
-0.3154611780312724	-0.3096033494026138
-0.05083013451925478	-0.0547808056858416
-0.06438090694626197	-0.08387137147594682
-0.11974618812421589	-0.11866678690287241
-0.2824183487745948	-0.27601522924338623
-0.022298659486212458	-0.022690858194100945
-0.08817450783541858	-0.08612201938654077
-0.5484462909561252	-0.5463552141734221
-0.30882071284841395	-0.3142862665865895
-0.5493253857615521	-0.5761669714028042
-0.3324551365590702	-0.34023666380602874
-0.3128032861267904	-0.33014429694028824
-0.5265966864975482	-0.47220947608584957
-0.20614746398859207	-0.19023955728438646
-0.28689326283246785	-0.28567606977263665
-0.3355141103137145	-0.32306175723417246
-0.27725370579682185	-0.2745089235905014
-0.2857759466612828	-0.28379682829394404
-0.17684729803923904	-0.18600626660670574
0.03661476070598013	0.0016373143530866716
-0.4176476024289837	-0.4159504733246336
-0.2870170310602713	-0.3141456061366253
-0.6275213373756507	-0.6212267467794659
-0.5087530763254318	-0.5165676153759581
-0.05823837961650824	-0.06779930405271133
-0.22970646539789108	-0.22862678745319714
-0.3056062198749885	-0.3245225598495133
-0.042053860187986736	-0.059644441468611614
-0.05136339548630087	-0.05495550876994963
-0.42469423188607536	-0.4132652427602466
-0.11506612206958433	-0.19209383691984336
-0.2712391568322108	-0.29075195695303885
-0.19980838879701768	-0.19653139440411452
-0.07644149552347024	-0.082684065797241
-0.32252182288525333	-0.31921474258064964
-0.13139554104283757	-0.11258531533953023
-0.2695933841623255	-0.2561065400135724
-0.17289884902285024	-0.17357673760258166
-0.5493206399177613	-0.7849529945647292
-0.17569525790534968	-0.13203810459969603
-0.4266891457479307	-0.4040890076378516
-0.19382187225605918	-0.1884866381023329
-0.3158783634218425	-0.32323182902155023
-0.3043113656980214	-0.2958991966770413
-0.41887033811959995	-0.4241072586167016
-0.19029512523132475	-0.1801936539466048
0.06411877975980662	0.06094447547557928
-0.10547774356702799	-0.10076593572665521
-0.4424544177319527	-0.42342042259295626
-0.4983888008319015	-0.5108763825618323
-0.3338634877285944	-0.3302940375017462
-0.3188525633243895	-0.31301785766026463
-0.13692611586503567	-0.10913865529895801
-0.3109435944501424	-0.3323620404650078
-0.4028370194869506	-0.4022797417781076
-0.1350386470863203	-0.14001783646918853
0.04231335379406165	0.04327851643158563
-0.2745832852898493	-0.27547442519055887
-0.12223320717488484	-0.12254139351048655
-0.09872035109273902	-0.10781284015036227
-0.20397047395243995	-0.19492150340591038
-0.23889477094080647	-0.2342702570586433
-0.16662539425165868	-0.181445063982536
-0.34124255984372454	-0.34333369084068605
-0.3765669821773212	-0.3672416023267423
-0.32952803488095306	-0.3208294956802505
-0.20763764941618668	-0.17346023032508462
-0.6130591285702129	-0.6205913069763818
-0.3250800765023829	-0.34378440660612036
-0.4619868478131721	-0.47703394342229566
-0.3060079607709554	-0.3100287179099854
-0.27898875277407775	-0.2814413855830439
-0.1760113789123645	-0.20966027005902352
-0.1763906267196962	-0.1709650077263612
-0.30629364243250023	-0.3097344948349487
-0.1003593768101334	-0.10194397021667263
-0.04931500150359014	-0.055728120471266365
-0.13737233382931713	-0.13912307658531417
-0.5596305523432328	-0.5598415508880733
-0.05557563892361195	-0.06987339407003242
-0.18922400042059184	-0.2029980173270444
-0.26474607821165463	-0.2723223973057957
-0.04014023708779213	-0.0357280288770756
-0.45208123848054704	-0.4419240469417644
-0.3056614468813059	-0.3090703106255469
-0.08108507307466173	-0.07795044337075027
-0.1716043680659194	-0.15970829524871355
-0.1731521628345698	-0.17866575498066015
-0.5400771065895977	-0.5392003601790873
-0.46795337922272573	-0.45660589497109055
-0.3489201544475442	-0.35000261703483393
-0.11211715752764562	-0.09899523758795599
-0.2974990420305579	-0.2947834034878861
-0.1997663354371486	-0.18778867590101164
-0.191930692065438	-0.19273653779302366
-0.29059364159516754	-0.27955386690921186
-0.1181718501477409	-0.11802979018181313
-0.06440233108009874	-0.06168054284672463
0.03525863732449164	-0.04825416049458662
-0.16930972486093232	-0.1789744062385955
-0.24677796385228312	-0.24473697397213307
-0.13222842759637388	-0.13940610551198282
-0.49225878334111783	-0.5100411160945215
-0.42489998972134124	-0.43218558835217563
-0.3351740462839654	-0.3127167692758827
-0.46839084813769816	-0.4626408949836157
0.04617121699498572	0.006004591894373981
-0.06579674032348048	-0.062312821869197725
-0.0180138378232364	-0.015549391376841568
-0.2581069101424056	-0.25298064534018455
-0.18191741625347468	-0.1930134929974416
-0.22973804611690163	-0.19430942050876193
-0.07943674576734061	-0.09347105385803096
-0.08794108974500503	-0.08245664682635073
-0.16760109496845388	-0.14602645165032455
-0.4861375074751413	-0.4929487573470363
0.054643102735848714	0.04496485189364234
-0.40617695611443505	-0.40566327608069813
-0.31436397969089214	-0.31240991392590034
-0.32029677174248317	-0.2865985284920955
-0.32569536981481306	-0.32362731718896376
-0.3398704448701988	-0.32588146469726864
-0.03448914725793806	-0.04157532550564238
-0.32781960107618247	-0.3193941601246857
-0.17250756950731372	-0.16986117171888956
-0.21057794250569373	-0.2037955626437192
-0.3680811398319772	-0.3891214283345685
-0.46638731931737976	-0.4672619500072409
-0.10837036364619568	-0.08831681095579347
-0.5199976251409124	-0.5024841829735573
-0.47139900961811065	-0.44407985921053633
-0.050568236189628024	-0.05948218984335323
-0.14574396747213747	-0.17211444202551582
-0.5157552749899299	-0.5148680291628758
-0.47024302709093213	-0.47543170358133213
-0.17498502662894388	-0.16648668289148408
-0.22507098541790338	-0.21702606826613366
-0.43588413619347044	-0.4388449643223999
-0.5198654612094753	-0.5141976420525413
-0.155990830420917	-0.16646319895369197
-0.1036327272774038	-0.0958529455862012
-0.29702701338996995	-0.31193529430670963
-0.4386911253066632	-0.4543376172802437
-0.4684357319476913	-0.4451006065284542
-0.18273720581618225	-0.19713971202912947
-0.28069419896724845	-0.2873454231114197
-0.5679674243223172	-0.5623162458841693
-0.4031972065349425	-0.386708389017592
-0.1743182967439001	-0.1897466142738742
-0.0930478111214601	-0.06427788830988132
-0.4635800454917378	-0.4759989786739791
-0.15245367132907361	-0.14622544032150953
-0.0672855552279259	-0.07496584518111443
-0.3978640456702607	-0.40512567360689455
-0.10310160220842146	-0.10719580850102912
-0.11961699044597829	-0.10904641824715955
-0.29845804067729986	-0.2704857766728917
-0.18470132249207438	-0.19532176460352094
0.21833651601118298	0.29994422397274345
-0.3549530359715982	-0.33072418861049835
-0.30304088304834753	-0.30118076615734884
-0.3053580043990056	-0.3160065551409861
-0.4362275513343814	-0.4289207855641003
-0.413626218791733	-0.4253579655005662
-0.3869797276461284	-0.381635917210856
-0.28823259844056004	-0.26076048387472195
0.035218569025109225	0.04349105363928135
-0.04628280784499594	-0.07803292252799408
-0.25602370639329664	-0.23614638432842805
-0.3818373055716089	-0.3919273216448804
-0.26427735626461235	-0.274392730127932
-0.45101531688823293	-0.4612422231705476
-0.1840310157053473	-0.18440114875424393
-0.12180985840525071	-0.12321269981820632
-0.1269124020912944	-0.14697410939281444
0.01032383965466721	-0.03380080622670581
-0.32812487253080036	-0.3273301215051735
-0.15188767701899053	-0.17493622508197917
-0.6257911020157128	-0.624851330746002
-0.29503841859841184	-0.3025826427537689
-0.0820979382882161	-0.07016021774456616
-0.033469185025850834	-0.015077307103193962
-0.347430198580545	-0.34357906535786453
-0.45533932706033653	-0.45278218119464037
-0.2093646093173369	-0.2278177308163524
-0.3776671929713089	-0.3875597473222844
-0.32451729040599453	-0.34604247236238317
-0.10101874424032253	-0.10486914711496376
-0.26489974537379357	-0.26714131594935797
-0.62122845410377	-0.6073455674487822
-0.004674451746959463	-0.04223884477576496
-0.06393524526871097	-0.07432646930379729
-0.08394637994642107	-0.08086726286493634
-0.382304652009374	-0.3872321301550074
-0.5569569700652233	-0.5730519573033248
-0.28491245019354494	-0.323941963208774
-0.3195496427231239	-0.3076181782798325
-0.45670360694080436	-0.4446195773120256
-0.2686308277655236	-0.27259289493296074
-0.49072906177597275	-0.4864870354229684
-0.5139475837989291	-0.5141490770678065
-0.09605869460520111	-0.09657984017445242
-0.10803189606142194	-0.09539214136207444
-0.29642954214855877	-0.2937093150462465
-0.20684143375819541	-0.22647275969307235
-0.31505987925935397	-0.3295923626292049
-0.0657271541060016	-0.07456688100196135
-0.1879942599819442	-0.1827395936086437
-0.1730959565093393	-0.1856437162298158
-0.3337474816770918	-0.3184192950814121
-0.4123434187251407	-0.3973925531985381
-0.34190197849700876	-0.33363448541000745
-0.017755493277298307	-0.0069283210723418785
-0.5350739625643985	-0.5239399892973304
-0.12640952447567066	-0.13404822583345702
-0.08321308360459945	-0.20065013509619486
-0.4135165386062116	-0.4189421125809226
-0.16365104569013056	-0.1623164131425871
-0.23286467309102754	-0.23304938193602726
-0.1198587478516151	-0.13403199139609132
-0.259389417617248	-0.26178307150098484
-0.31983495860874633	-0.30877292265696554
-0.32276490423228044	-0.2979398230376583
-0.2802146226532063	-0.26466547447956396
-0.3600109911143621	-0.3526973437382207
-0.23005267207591373	-0.23074317879168899
-0.14984904725518788	-0.16052173021621838
-0.3523790988663098	-0.3578025078777105
-0.2642854595650155	-0.26985834431935934
-0.04507220345629381	-0.056992466269117574
-0.2015678160915808	-0.20205308577928274
-0.12596233129335666	-0.12268594599873209
-0.4942374414052928	-0.49529475269888507
0.034695807033344295	0.04527467247031855
-0.10192581413458779	-0.10248239893237439
-0.24054471735526306	-0.2233169352754047
-0.3590283481825125	-0.3689109958182124
0.02443019992286999	0.0039713229877934445
-0.4333840316660549	-0.424316531038447
-0.26719760709555906	-0.2769897841837389
-0.32303337182303604	-0.34288547302797767
-0.15687665346938928	-0.17239623402244378
-0.024242391418539455	-0.01621427926272522
-0.1720344702772545	-0.17655282289622728
-0.3947206700015249	-0.41731054573093884
-0.13666418372663092	-0.11636790949781396
-0.3012339582667023	-0.30096948314155914
-0.34477169152200915	-0.3394376137422974
-0.4918287352750905	-0.48658297927060146
-0.07392125383442316	-0.17751822439890144
-0.3657858630789814	-0.38501981790653644
-0.13869151407262237	-0.12575002731811769
-0.17900345578673438	-0.18546387521790847
-0.5245742885765257	-0.5245193253960794
-0.09507350701765205	-0.08845961499657516
-0.36275159539344237	-0.35351234846433827
-0.1372774051966985	-0.1485714956095839
-0.26942843596569066	-0.25338035937664455
-0.617960165073967	-0.5991346389510173
-0.05677370662645487	-0.06605268686288307
-0.33223970417213344	-0.33942713783080847
-0.1828593216348544	-0.17329258557301622
-0.17615063056147662	-0.16745018820150823
-0.28534843090604234	-0.29400061343094097
-0.31682560798900194	-0.3357210485255704
-0.1779171713667651	-0.17433079307171243
-0.46857026821634484	-0.4554676106053522
-0.3154288770562026	-0.32179569462793167
-0.5781508945787159	-0.589263138761554
-0.24593594575287892	-0.2420317575458281
0.23544696274342503	0.22231603924021065
-0.052345222894381926	-0.059373035719587755
-0.23753964578734355	-0.2384854196206894
-0.4103730691987266	-0.43458993488441006
-0.2896357667655227	-0.28036692784662876
-0.38813206114035026	-0.3653822078849589
-0.15448313783502066	-0.2198241462143146
-0.2856655467830844	-0.3159347855093465
-0.27298809683243697	-0.24478709859079312
-0.07116763298709472	-0.07910068539543222
-0.4157364732275015	-0.3994666173675639
0.005200695480344741	0.002190124581346534
0.04083763271828822	0.03409556455479337
-0.08925452855888949	-0.07583964930827877
-0.30854716852858743	-0.3000961253275076
-0.2000926739129536	-0.21174312593223996
-0.4812398062341874	-0.4800193050044976
-0.0984287967531623	-0.17891408841231188
-0.34757155845985643	-0.34518658942479336
-0.525414422444479	-0.5342655726603655
-0.13846712800353878	-0.12555701835590022
-0.19576031921140036	-0.17842185360439602
-0.1528357641803577	-0.002779057849435966
-0.5450230364910134	-0.5437567984899991
-0.21714875239931608	-0.19171380269624622
0.01891743459029449	0.02098955083914689
-0.10807919779835196	-0.10269087369730091
-0.41078235582878797	-0.4162372423265861
-0.4938983896411582	-0.5110532437160876
-0.29061039904971864	-0.29405675577287754
-0.46381692115210527	-0.46862642315516556
-0.5512174243762349	-0.5437864776807483
-0.18376535974359065	-0.18842143125737126
-0.13416148401963746	-0.1298357608607022
-0.29354531172775467	-0.31812087811946493
-0.6035195866141194	-0.6013059759566464
-0.5647974535945668	-0.5217727626174217
-0.26399297688458123	-0.25386558723124325
-0.3993694513161241	-0.4334789336817718
-0.45272610305259775	-0.4531991055326147
0.031066987599650986	0.042553877892017436
-0.41576942726518595	-0.4112965685287099
-0.41151391548433125	-0.4061540266489302
-0.4408744486399012	-0.4417222773294454
-0.2749523178548543	-0.26971186844575856
-0.06715657143785414	-0.08025116486331484
-0.13573158627671056	-0.1268025004085504
-0.21203423628698737	-0.21806348865253122
-0.43691636630720154	-0.4313177441653058
-0.1896473471354554	-0.17862542758372554
-0.4609832595621919	-0.46522858460065303
-0.5054388456879195	-0.5032214529631647
-0.10920522703987956	-0.11723317823677938
-0.06126791935271925	-0.0438986387899696
-0.11723573050893421	-0.0922337125287964
-0.545199829440322	-0.558510872553151
-0.26258212580331985	-0.24467780065122238
-0.34162566940171857	-0.33132497897533075
-0.40291685782911646	-0.39668610073919963
-0.2416148166759502	-0.2385692217145424
-0.24588978231500924	-0.24208334521762098
-0.05568645847322884	-0.05578726492688249
-0.2733301944227211	-0.2878499787894536
-0.20294714118584878	-0.2131528383447634
0.008743428420618926	0.05685120540618235
-0.3250543115551441	-0.30956064730272764
-0.3573432169798192	-0.3644764814060718
-0.4792308256421638	-0.5061222045222412
-0.5277738341863456	-0.5226426516468154
-0.37987908038436125	-0.37760551892023153
-0.2779771420664181	-0.24764585277117762
-0.4508178127400351	-0.45715760604712447
-0.27608542878235554	-0.2918067660413591
0.038573373651276555	0.04997441267623799
-0.4990166207091713	-0.5030375876215845
-0.13008761301996508	-0.13345253402584506
