9.254939340117571134e-02 1.206339269269304619e-03 1.000000000000000000e+00 1.000000000000000000e+06
9.254904162762148112e-02 1.206334290372782121e-03 1.000000000000000000e+00 3.162277660168379080e+05
9.254792925445412544e-02 1.206318548018053740e-03 1.000000000000000000e+00 1.000000000000000000e+05
9.254441194643962809e-02 1.206268789294944865e-03 1.000000000000000000e+00 3.162277660168379225e+04
9.253329248844052723e-02 1.206111667899945148e-03 1.000000000000000000e+00 1.000000000000000000e+04
9.249928955550189291e-02 1.205416515443785263e-03 3.162277660168379394e-03 1.000000000000000000e+06
9.249816209437983217e-02 1.205617094026620231e-03 1.000000000000000000e+00 3.162277660168379498e+03
9.238859595073552200e-02 1.203909828499962831e-03 3.162277660168379394e-03 3.162277660168379080e+05
9.238748108568264894e-02 1.204175416875169838e-03 1.000000000000000000e+00 1.000000000000000000e+03
9.204307393324917541e-02 1.200144016148076576e-03 3.162277660168379394e-03 1.000000000000000000e+05
9.204197632811995933e-02 1.200446014174449787e-03 1.000000000000000000e+00 3.162277660168379612e+02
9.098779595573769363e-02 1.192785922906542230e-03 3.162277660168379394e-03 3.162277660168379225e+04
9.098674439539612691e-02 1.193329543334834941e-03 1.000000000000000000e+00 1.000000000000000000e+02
8.795841351067885949e-02 1.190599031396394900e-03 3.162277660168379394e-03 1.000000000000000000e+04
8.795765957189283224e-02 1.191635125921458507e-03 1.000000000000000000e+00 3.162277660168379256e+01
8.050554017206408564e-02 1.238960983957753054e-03 1.000000000000000000e+00 1.000000000000000000e+01
8.050518237597201199e-02 1.237854474664784729e-03 3.162277660168379394e-03 3.162277660168379498e+03
8.050518125234232270e-02 1.237850970826767693e-03 1.000000000000000082e-05 1.000000000000000000e+06
6.731473926441945699e-02 1.257528761202699342e-03 1.000000000000000000e+00 3.162277660168379523e+00
6.731198103459289095e-02 1.256965982544428276e-03 3.162277660168379394e-03 1.000000000000000000e+03
6.731197250799006437e-02 1.256964362128983872e-03 1.000000000000000082e-05 3.162277660168379080e+05
5.387450429696949428e-02 1.129904964843108338e-03 1.000000000000000082e-05 1.000000000000000000e+05
5.387446243582948158e-02 1.129913502269580712e-03 3.162277660168379394e-03 3.162277660168379612e+02
5.386188857236251515e-02 1.132967344471944807e-03 1.000000000000000000e+00 1.000000000000000000e+00
4.640618701231141729e-02 1.071454658667791646e-03 1.000000000000000082e-05 3.162277660168379225e+04
4.640573975611831520e-02 1.071473857982138331e-03 3.162277660168379394e-03 1.000000000000000000e+02
4.325146749963629245e-02 1.040468490908707036e-03 1.000000000000000082e-05 1.000000000000000000e+04
4.324888234534982751e-02 1.040455692363077052e-03 3.162277660168379394e-03 3.162277660168379256e+01
4.130920144337688060e-02 1.077609383841171293e-03 3.162277660168379191e-08 1.000000000000000000e+06
4.130914738159635613e-02 1.077610235719160233e-03 1.000000000000000082e-05 3.162277660168379498e+03
4.129319339572849051e-02 1.077546891878781738e-03 3.162277660168379394e-03 1.000000000000000000e+01
3.941935875113566912e-02 1.067276509293143714e-03 3.162277660168379191e-08 3.162277660168379080e+05
3.941905407003148953e-02 1.067281684486790817e-03 1.000000000000000082e-05 1.000000000000000000e+03
3.932985480691595509e-02 1.069679795471841638e-03 3.162277660168379394e-03 3.162277660168379523e+00
3.759337217618465010e-02 1.062457760039552503e-03 3.162277660168379191e-08 1.000000000000000000e+05
3.759164602313484760e-02 1.062472688761927119e-03 1.000000000000000082e-05 3.162277660168379612e+02
3.723808301832818440e-02 1.078873888165476653e-03 3.162277660168379394e-03 1.000000000000000000e+00
3.600421255490662137e-02 1.055322095269245215e-03 3.162277660168379191e-08 3.162277660168379225e+04
3.599527882809989282e-02 1.056072695482233132e-03 1.000000000000000082e-05 1.000000000000000000e+02
3.466291701000774605e-02 1.101643259442820332e-03 3.162277660168379191e-08 1.000000000000000000e+04
3.461303651682993282e-02 1.101097950215603567e-03 1.000000000000000082e-05 3.162277660168379256e+01
3.366212264540664051e-02 1.160820198456015634e-03 1.000000000000000036e-10 1.000000000000000000e+06
3.366078861437055841e-02 1.161207028579235153e-03 3.162277660168379191e-08 3.162277660168379498e+03
3.338994716577351612e-02 1.158529727001019003e-03 1.000000000000000082e-05 1.000000000000000000e+01
3.312148750226225069e-02 1.177815996344543569e-03 1.000000000000000036e-10 3.162277660168379080e+05
3.310894919223151406e-02 1.177412755949982810e-03 3.162277660168379191e-08 1.000000000000000000e+03
3.277862186592524207e-02 1.070425363897160951e-03 1.000000000000000036e-10 1.000000000000000000e+05
3.268619208464183801e-02 1.077180512188342584e-03 3.162277660168379191e-08 3.162277660168379612e+02
3.261090632365636760e-02 2.256979031768132499e-03 1.000000000000000036e-10 1.000000000000000000e+00
3.244673402316420457e-02 9.192891945527076033e-04 1.000000000000000036e-10 3.162277660168379225e+04
3.225140012775381398e-02 1.209304912263439724e-03 1.000000000000000082e-05 3.162277660168379523e+00
3.215124193722539159e-02 8.220630772019583065e-04 1.000000000000000036e-10 1.000000000000000000e+04
3.202716340799875716e-02 9.988993123471502384e-04 3.162277660168379191e-08 1.000000000000000000e+02
3.186046584663771580e-02 7.804804358352220332e-04 1.000000000000000036e-10 3.162277660168379498e+03
3.151030836045609629e-02 8.321285516195165701e-04 1.000000000000000036e-10 1.000000000000000000e+03
3.107384669092120438e-02 1.018246877812684732e-03 3.162277660168379191e-08 3.162277660168379256e+01
3.076410879760346079e-02 1.112544412125964681e-03 1.000000000000000082e-05 1.000000000000000000e+00
3.073397920700137592e-02 9.151721692757238758e-04 1.000000000000000036e-10 3.162277660168379612e+02
2.965904637225203616e-02 1.007866389114540342e-03 3.162277660168379191e-08 1.000000000000000000e+01
2.948785162007496602e-02 1.051662201086587785e-03 1.000000000000000036e-10 1.000000000000000000e+02
2.922361895806505766e-02 2.113248525019421030e-03 1.000000000000000036e-10 3.162277660168379523e+00
2.780216938089057760e-02 1.670496641063185655e-03 1.000000000000000036e-10 1.000000000000000000e+01
2.777814407271644859e-02 1.032914139830531713e-03 3.162277660168379191e-08 3.162277660168379523e+00
2.759560426239170833e-02 1.071807654649988657e-03 1.000000000000000036e-10 3.162277660168379256e+01
2.578394816607320478e-02 1.126587397439153060e-03 3.162277660168379191e-08 1.000000000000000000e+00
