[(29, 0.054121991296990704, 0.0), (59, 0.07022528086394378, 0.0), (118, 0.03938130387147546, 0.0), (177, 0.033217104516645043, 0.0), (236, 0.03439959511550708, 0.0)]
(array([8.24521509e-01, 1.79898927e-01, 8.82173415e-01, 4.18221437e-01,
       4.35278879e-01, 1.77561357e-01, 1.73822466e-01, 9.66396635e-01,
       3.75363285e-01, 4.41788735e-01, 8.80308527e-01, 9.49826333e-01,
       2.01840983e-01, 2.57648111e-01, 4.84998671e-01, 4.30013991e-01,
       2.08458832e-01, 1.13482936e-01, 8.76737279e-01, 1.61244390e-01,
       6.79239902e-01, 8.24950215e-01, 4.55249671e-01, 2.46064769e-01,
       5.39197081e-01, 3.45946673e-01, 4.61736585e-01, 1.23044585e-01,
       8.21541528e-01, 2.78992985e-01, 2.25668525e-01, 2.26804716e-01,
       1.53927495e-01, 2.47415259e-01, 8.15794215e-01, 9.93770891e-01,
       1.58172225e-01, 9.91581900e-01, 4.47280216e-01, 1.40478580e-01,
       2.22146230e-01, 2.28402871e-01, 1.66124715e-01, 1.09025417e-04,
       4.39644843e-01, 1.81097892e-01, 1.38964784e-01, 3.19933914e-01,
       3.89989957e-01, 2.32133826e-01, 1.06269374e+00, 2.31073910e-01,
       9.83295469e-01, 4.64923900e-01, 3.67492514e-01, 4.88662050e-01,
       1.13852842e-01, 2.81401614e-01, 4.32496768e-01, 3.97860913e-01]), array([0.79845474, 0.18127413, 0.90011876, 0.37342373, 0.44565928,
       0.22151164, 0.18498747, 0.951902  , 0.41525849, 0.42517766,
       0.89328601, 0.9697623 , 0.19861254, 0.25761941, 0.45511489,
       0.4737    , 0.24174302, 0.2700542 , 0.90796513, 0.13483996,
       0.67667975, 0.88312578, 0.5263445 , 0.20109107, 0.52221658,
       0.44197465, 0.47518654, 0.17545429, 0.7628997 , 0.29492112,
       0.19383405, 0.24153318, 0.12513182, 0.31170339, 0.70547558,
       0.99009254, 0.14342017, 0.987022  , 0.39319137, 0.14868699,
       0.21485011, 0.24185031, 0.19474715, 0.21843977, 0.4718069 ,
       0.16607415, 0.20322162, 0.26435768, 0.39465565, 0.20807817,
       1.05915069, 0.2385121 , 0.96932405, 0.44987585, 0.44005818,
       0.50728688, 0.17556277, 0.26689555, 0.45053686, 0.3721745 ]))
