-0.12972986798988728	-0.12430904434623156
-0.2815959378499766	-0.2668208270385287
-0.19674476502942362	-0.28358763582908403
-0.23873638055679436	-0.23433540607145004
-0.4343835516105585	-0.4517883784043137
-0.2226738636101011	-0.24121721141860317
-0.23690518664240656	-0.25547261156272305
-0.22246919273579024	-0.20711655768130208
-0.5340779169646872	-0.5265169312242405
-0.5193290711518301	-0.525927235404032
-0.3791548357028205	-0.3736590151262749
-0.3693882298474307	-0.3566337998263845
-0.2103938756704622	-0.23541018098367125
-0.5502831326098239	-0.5518405364443055
-0.23907322695829336	-0.2595555037832404
-0.2494975663572525	-0.2606307364461625
-0.235808989258679	-0.24204841578419475
-0.1366432704489675	-0.12919122246274287
-0.3636574068740721	-0.3828656599954212
-0.5279825435633683	-0.5626271845795822
-0.2546184427884395	-0.2507884653631717
-0.16436794264194887	-0.2084229126680719
-0.2396650488845502	-0.23101606441298125
-0.22690586663115653	-0.21772780724984214
-0.37177332605079627	-0.325798681278624
-0.4743724135347769	-0.46479722192656797
-0.2758889887592275	-0.3168714241694643
-0.3367897536066611	-0.29031218232739725
-0.4082305028272408	-0.3970928209644454
-0.37087148121466207	-0.3541834992022421
-0.5290276868527819	-0.5341061365380876
-0.14196810560421902	-0.22651150187233157
-0.25192186509377557	-0.2526549629202736
-0.5187159197676792	-0.5109770023633432
-0.20653310842535078	-0.2916426737801852
-0.16895204667730823	-0.20455822048866165
-0.33275367921234356	-0.3478671914802232
-0.4259274130456614	-0.41642992414430063
-0.5257351771231633	-0.5058096758086676
-0.24327103598589161	-0.2474087092202865
-0.331158076517454	-0.33920039604186153
-0.07669854345889959	-0.1366366998960853
-0.388242635215013	-0.4089228391803354
-0.3901506037828675	-0.3618054717510614
-0.28015810712511424	-0.2847724861331121
-0.07771587747438424	-0.083033266660205
-0.4243926838729415	-0.42902571801991396
-0.2780475742083883	-0.2961100298514124
-0.05683554339296748	-0.1866255642043695
-0.4004526702815241	-0.35837983851745325
-0.5549013599225141	-0.5765649329096603
-0.24383878753274502	-0.24117818910299824
-0.27327886033291904	-0.27472180669677154
-0.29670223394481	-0.2755796065308647
-0.319397491742869	-0.3380233723222479
-0.1900626009842732	-0.20377627844289925
-0.385072191043486	-0.14975743853967954
-0.42148939040045796	-0.4268350610951692
-0.29796968066055385	-0.25961675985937677
-0.1678314611364904	-0.20112910918659246
-0.4684844630497125	-0.4500277963164723
-0.09630466037863172	-0.07919523490996518
-0.30426398930108967	-0.3534656563858677
-0.2902791355094081	-0.24039477923259514
-0.2933151624727337	-0.3509185369423074
-0.27138189882530384	-0.2680687553741352
-0.5298816289248123	-0.5267630334855729
-0.2915088945894535	-0.2665383902390416
-0.3122942242505058	-0.329087462030948
-0.36754287990037326	-0.3653334600845569
-0.3415477842036516	-0.34741694854991056
-0.2835488474374799	-0.2813585199386551
-0.07959798514536942	-0.1826345271291283
-0.300609366763517	-0.2939963336323624
-0.4560115304266432	-0.44364013249959766
-0.5468167994450006	-0.5377693244187851
-0.4210476915693775	-0.3677944710047935
-0.260922992568549	-0.19039636782502356
-0.08256823187205065	-0.08652780786108615
-0.5376870105968106	-0.5316531269860924
-0.4584291616583318	-0.5232056783448751
-0.38438743488829097	-0.40090274167465634
-0.16350126079503724	-0.18571363323983822
-0.3196103133895143	-0.31808621552061933
-0.45809364715180934	-0.4568278660799725
-0.4641020499698243	-0.43393468293516463
-0.38637754081612385	-0.4142543349303519
-0.46985763572964245	-0.4577710698360303
-0.3062339157801617	-0.2827030659858027
-0.23058222887814317	-0.24846707888610142
-0.27104529887021656	-0.2997170630292078
-0.17624962690733526	-0.19092272775122412
-0.25193264500769885	-0.2624173429820159
-0.2527275340175308	-0.24643925246801246
-0.3823594822834018	-0.3945046049538622
-0.5352015727410411	-0.5210625154091703
-0.26873649703823155	-0.28286656954836775
-0.03500546255088821	-0.12485465637127574
-0.41364384536510457	-0.4201604508047636
-0.26140901153564045	-0.2690393142230413
-0.27146500437488896	-0.2550251002735596
-0.5495511473194998	-0.5434122233073252
-0.33754168070442603	-0.35004577362256284
-0.2590028320077771	-0.24871087056177485
-0.3840238116461858	-0.37858956735346166
-0.2724474838835498	-0.25039166422742964
-0.3412909830716977	-0.36312497544583927
-0.2713476026740391	-0.28306032915712087
-0.2562801536824857	-0.24297517597687782
-0.23827595069166918	-0.26508133150585345
-0.3844735197569964	-0.406049257568262
-0.41180570004899053	-0.41037343805671145
-0.33440005390026784	-0.3519892893542744
-0.2650344455022662	-0.20842384060600153
-0.2844700462106573	-0.2643142020705161
-0.1589719084068939	-0.2442510068547243
-0.22884160342554338	-0.17070414626846475
-0.3937232557317678	-0.3668575679574688
-0.1396827441499191	-0.16290522231389115
-0.23070323103404178	-0.2504264462030031
-0.1237930046806639	-0.09455588679739373
-0.10958987208957005	-0.10690420953092342
-0.34299348301378885	-0.3763454474721137
-0.385340560626771	-0.3932285286245089
-0.2664369319533133	-0.20456916068542635
-0.3287322511143014	-0.21669739038100663
-0.26576009909996756	-0.27076070739228286
-0.2696367922333245	-0.27825820041572336
-0.5068280180127172	-0.5170820855087085
-0.25237333271575935	-0.2595361861334519
-0.3506503582341054	-0.33740562417775455
-0.39605708586952915	-0.39068250344619015
-0.30604313563497954	-0.24423696312783627
-0.1664468422690355	-0.21547719581827696
-0.46530806513978185	-0.4671193489141647
-0.2683253974389075	-0.27986349082973044
-0.4250302572308229	-0.41997322004906684
-0.21649179613240577	-0.230900728563699
-0.48359975679382217	-0.48938608898758623
-0.17878294783298365	-0.22420422106982615
-0.2986615683447269	-0.2892722721323006
-0.3922566154405338	-0.40749675986895023
-0.2999098106321725	-0.29941858593947945
-0.5279699393355983	-0.5306643038558025
-0.40809521941858407	-0.3704722300840298
-0.24033972717693786	-0.2178255006160908
-0.24488234449978208	-0.28641118325888903
-0.19732699983181057	-0.2090221409974904
-0.3850147528791581	-0.40052845448971797
-0.4326507242656419	-0.4285008831139806
-0.5226657884810315	-0.508584667802911
-0.22222011194713076	-0.23858864528498247
-0.12306935410108544	-0.10601293704989481
-0.23446562841153984	-0.22933594060542298
-0.3978058024200024	-0.1794601899646978
-0.2642796069243616	-0.31450951016826206
-0.2163418289852217	-0.22278095149972846
-0.20311766052840952	-0.19493920993145172
-0.17842828853357418	-0.14164989434162686
-0.2919359743994683	-0.34184600859128733
-0.24622411433309388	-0.27843551671453304
-0.3068357564205151	-0.2787520380662461
-0.2582891326519636	-0.2835412921879182
-0.22657262955442192	-0.21194198424485042
-0.40749346241594964	-0.4036211807096109
-0.5009076661301641	-0.47290951985881746
-0.5230381809245301	-0.5292362236439727
-0.3298905466598985	-0.27389443084642096
-0.43890840970848366	-0.443967867887919
-0.403760628723532	-0.26471859107130374
-0.38057199690752697	-0.41289614439809935
-0.384395980933796	-0.3800417838698349
-0.3888172943062074	-0.4028882438113833
-0.3503321005333486	-0.3151214811065088
-0.3353180909313238	-0.3465618136288791
-0.24112862927716705	-0.24833230098072373
-0.4419740042894915	-0.4608152238664685
-0.3834705633106257	-0.3475228244983097
-0.299200820768867	-0.2957225673267487
-0.33046119552441056	-0.3636991856203089
-0.3831157295184209	-0.39194683857889845
-0.35942550540949014	-0.35622291343828977
-0.2663389681980952	-0.2355389407188239
-0.3241203311650267	-0.3450030066484258
-0.32412045046365456	-0.3079225872167803
-0.3490372363026495	-0.31449298717360225
-0.40794058962156576	-0.3685196505333242
-0.2754274348539809	-0.25479754210694733
-0.13746546238770918	-0.11679828904770112
-0.36958554514205844	-0.34110799618850246
-0.5441846239805255	-0.5378190593139328
-0.45971321621222216	-0.45117455952250374
-0.2717264659246119	-0.2795282222189981
-0.11157115852976318	-0.20074013985509676
-0.271459891268524	-0.3227481649531802
-0.5057209895101202	-0.511673477021755
-0.5449057388518845	-0.5656448492469306
-0.2588173542555783	-0.27093672874530095
-0.43927003730096637	-0.42647046030969205
-0.28497891804692443	-0.2995618297992478
-0.2614791740530791	-0.2627277329430186
-0.2945088073837212	-0.3046614087799984
-0.07826095369132702	-0.08491876545275198
-0.14454182392569415	-0.1295935421025832
-0.4275556446779234	-0.4294192950969728
-0.3362774637310437	-0.313221024171579
-0.10981936674417092	-0.10789889003628468
-0.21263584059164842	-0.22652603856772463
-0.34009714660700574	-0.32514452831084384
-0.37091554797940773	-0.38419338647137796
-0.1731037982860748	-0.20353031359296364
-0.23130263465519008	-0.26551246932186995
-0.26064236978331934	-0.2633440778609321
-0.20379385921406445	-0.19072137234215109
-0.23680226730131082	-0.2465412396152347
-0.2308234028834022	-0.2418099391367428
-0.27826243187073985	-0.25828148902200887
-0.3101744604097192	-0.3912242280434409
-0.3794133128710975	-0.33879516126912135
-0.533239041959396	-0.5333965349494599
-0.3501699014006743	-0.3275384947562077
-0.3805748590436302	-0.3618647184471774
-0.2235319840355725	-0.22748679817307538
-0.2132271499805789	-0.22578352398975143
-0.30538033935187414	-0.32184536407838815
-0.08271178921081201	-0.08438259354055641
-0.29888198769162955	-0.32492393409649073
-0.19692360315301372	-0.1811716925743342
-0.37750852128909784	-0.3543943171568782
-0.46068070384664495	-0.4383138965955293
-0.41550278175628463	-0.4208010384699537
-0.1765175672503254	-0.2297102800260344
-0.2698919432329987	-0.2979915736231288
-0.48517927578256703	-0.4949994596172066
-0.5656786605674355	-0.5536494514889891
-0.49738038222810665	-0.504235764122387
-0.18853491908400777	-0.16919974363950321
-0.16379204529581415	-0.24836350313715064
-0.3382700821556597	-0.3526483140054174
-0.364636780938584	-0.3562869681756645
-0.2583409091188287	-0.2407749698486884
-0.2868258179655534	-0.2641758681486846
-0.21763272623103092	-0.2166051726606268
-0.5291786732448482	-0.5306540908154103
-0.266711217213615	-0.28715875336005
-0.2989142065403456	-0.27436655176679825
-0.24642850526944926	-0.19383029807224975
-0.228168360431507	-0.29252042510196224
-0.22731823499513482	-0.2848463933745547
-0.48095628449134864	-0.4822705521238278
-0.5647173014653912	-0.5607236367325479
-0.40480337941807676	-0.42529507873883016
-0.2577164955719766	-0.23646597881199594
-0.41484778900094277	-0.42232884509786184
-0.3002401884960264	-0.29159423288242464
-0.34197834105165015	-0.3591336791984278
-0.11333218799569877	-0.14928068533217964
-0.2576648293157433	-0.26288393317406483
-0.4173722583706585	-0.28004584521669146
-0.37951761849775245	-0.373322266108525
-0.4041788113274869	-0.4124938346589622
-0.25965256679198845	-0.2620696818746941
-0.2328204776932985	-0.2760977163986532
-0.2103869933311593	-0.2200323032211741
-0.4939321612643184	-0.4984755886839243
-0.43241684744332964	-0.45422438715040003
-0.3701371762236114	-0.3706642718768755
-0.41120548146185776	-0.4183120061588286
-0.29854343925464377	-0.29120460919952107
-0.24666742982322276	-0.2471374901198336
-0.26548764736420694	-0.26446036024216535
-0.39914117477448485	-0.4141650982837967
-0.23331706627674365	-0.24767746108870226
-0.19078009661414796	-0.18789485849145232
-0.3714852782115834	-0.3636695934451357
-0.5389148259828183	-0.5293304486961874
-0.26659813505864705	-0.2506153197981678
-0.2420476055284091	-0.1960318169384941
-0.3820462814823049	-0.3718975626665363
-0.2995776761555664	-0.2908993832611734
-0.501152330482368	-0.5061440472997738
-0.33598976126536506	-0.3719187497052038
-0.34240619031415065	-0.3399851658441672
-0.3269553416369142	-0.3487505457111863
-0.4056658373402975	-0.713986879091612
-0.31236951969023785	-0.32315708484187133
-0.23897992933087053	-0.2660301123953572
-0.28725987600004466	-0.3132168780931721
-0.22696314889709157	-0.24952485527387233
-0.49054527335628606	-0.5041837877197946
-0.5005573154629701	-0.5060586599431804
-0.2539111397314926	-0.2550461203745377
-0.18386240694842826	-0.2151240883433989
-0.435143033358635	-0.40805869903674935
-0.31089418530526913	-0.3268843011677672
-0.4972872751201791	-0.5045155203367298
-0.40187661504710803	-0.3849563904512395
-0.20915217907753458	-0.18519460731935494
-0.558437293163248	-0.5603528946980599
-0.23061676320348923	-0.2924451555768157
-0.5142405754720762	-0.48632305019316224
-0.2810919221823127	-0.29355591096900646
-0.34187124851979256	-0.3749497440391098
-0.3345555275176224	-0.27478642452165075
-0.4600541561670184	-0.47989689819671916
-0.39666257442229025	-0.37647590368010775
-0.36566541124703633	-0.3842428923639121
-0.33925665451880604	-0.2645896815486145
-0.54509278863787	-0.5397810492532993
-0.2884437377926865	-0.2557812459138415
-0.31785597613871097	-0.3162895037969912
-0.44977785141258764	-0.4260907884385575
-0.3114812923398116	-0.3041759736589117
-0.23475408489086647	-0.2603319137714405
-0.540710391700415	-0.537851008708127
-0.41505441266638954	-0.4119879301649276
-0.22699964942478523	-0.2951389218531725
-0.29041054118683896	-0.29014930864366373
-0.25081985281876484	-0.2964923001529703
-0.26898724745436375	-0.2673671935494072
-0.11606042507710157	-0.13682004887169094
-0.36558824317406113	-0.35671828256175536
-0.4376321834187955	-0.4506055434272509
-0.21738137470817165	-0.29031200317445066
-0.29137908657432554	-0.32947942739881697
-0.5312864914891762	-0.5268198918133561
-0.3459192810970819	-0.2979863692542135
-0.3524769635240119	-0.3476375959940379
-0.2804359617541117	-0.2956831036635144
-0.3967634077186055	-0.35799354723646243
-0.16606000891705008	-0.13792244769582152
-0.25464090008676266	-0.24699584970428573
-0.5543855554094854	-0.5514861917892115
-0.5011420044674928	-0.500828567349656
-0.4184860564262287	-0.41541126597596045
-0.41677524028111534	-0.427701927976851
-0.25875226844386034	-0.22168499540449355
-0.37097046988348126	-0.33303553317289986
-0.30717841951148017	-0.3825486028604764
-0.1412391051177	-0.2553823396609511
-0.4524667994745002	-0.47973847157568517
-0.4181054523647205	-0.4300171465185044
-0.2596169803122024	-0.2691756237787946
-0.2518169067391227	-0.23312414834570896
-0.3176849009326226	-0.32826503305373994
-0.350325455452948	-0.3435107398275342
-0.33928123240797703	-0.35551987114876865
-0.4158102225280018	-0.4129938538300623
-0.3619846026811402	-0.36573397101712385
-0.5072772049962886	-0.508278865015486
-0.10918968739542478	-0.14812618078820336
-0.4545331591294346	-0.46124745029098235
-0.3817416790615642	-0.37457228429120853
-0.225493833206718	-0.21915736173904132
-0.260371220826638	-0.2513706568243335
-0.10564398805887976	-0.1426174969086356
-0.35049023356460296	-0.35803062772365635
-0.5101395663894497	-0.5190212865209584
-0.4140242468425086	-0.39161728636722787
-0.3758804481673792	-0.38604127236785013
-0.2650876604305594	-0.25698115395460763
-0.36666145024745944	-0.3565258239123348
-0.28976413812719315	-0.3061736274434121
-0.20100370803030287	-0.19793043126719273
-0.34567332464805745	-0.3506328810473791
-0.10329009406517642	-0.10369881148589528
-0.3685938851068613	-0.399024770021046
-0.2774562056666312	-0.2705571138120285
-0.3684224359268029	-0.37435855448516775
-0.4255608004682152	-0.424759011045356
-0.44116167708655496	-0.4916064411042204
-0.36928552458670083	-0.3689834810250729
-0.3990372831857414	-0.3984031229260255
-0.1887443100086834	-0.26761580476325636
-0.14230757842951647	-0.1468592776708991
-0.16369909041938158	-0.19727052330331216
-0.24201413934230054	-0.2363634774948611
-0.32481959182054254	-0.31074808300621704
-0.37934680443057545	-0.3814990918243862
-0.16632396574638264	-0.17022530321021784
-0.3304969113200329	-0.3421956021940619
-0.45384598333907533	-0.45654554936639774
-0.45354151818599675	-0.44708079797019185
-0.2875992812173358	-0.28345549017785615
-0.3959353307464468	-0.40744103621484373
-0.42263104864985834	-0.41483084469723347
-0.16017977922047066	-0.1053184353672643
-0.10826930849834504	-0.10216275896254026
-0.13462994735255762	-0.13902252930526512
-0.23862617443685608	-0.21870606781194069
-0.3758496057181908	-0.38214070683118806
-0.2617974566529284	-0.29073701547221115
-0.10606886973869578	-0.11343879415647304
-0.25949380751592166	-0.2962905815922134
-0.2157390111780586	-0.22383037923271093
-0.13037464551154088	-0.22331370613199367
-0.3512385424141229	-0.35522133227798536
-0.2931310060406922	-0.28429557707802905
-0.12366669740639225	-0.14768336732863377
-0.4133967593380614	-0.4142904136832015
-0.2902878889124345	-0.2793194602001977
-0.3992014582451091	-0.41856017671144463
-0.35794483674164823	-0.37255294459599897
-0.228558722382326	-0.23741970362579723
-0.2618526604740694	-0.2610566747189469
-0.3393299219686412	-0.34838903517070363
-0.38993942734086495	-0.4013736537080119
-0.39369058382175837	-0.3917946021231595
-0.29280984886523775	-0.30136473801440555
-0.23399677094885973	-0.25288705362102576
-0.10530706883433005	-0.1878858944825672
-0.3080736848644712	-0.32324080928438226
-0.352103933631275	-0.36271475078955906
-0.08554824075268286	-0.1475244305946558
-0.2741914328586468	-0.26286073606471533
-0.38931325036987907	-0.41166781461016944
-0.24634415933889997	-0.2402010428683735
-0.294706322973429	-0.30316032040848795
-0.3761314920257597	-0.3642582335128487
-0.24230448513442226	-0.26231837210760034
-0.29264108287586055	-0.27555945767203965
-0.27181067938551706	-0.2768626861794677
-0.0836031700357136	-0.08530345572461165
-0.35838405453009514	-0.3443755884972126
-0.07677682223570415	-0.10501887997383513
-0.3914035863953256	-0.4373445177052923
-0.5164300545151157	-0.5165936925832855
-0.2930204218033978	-0.2402317144887817
-0.4217889462948463	-0.4301338915537
-0.353124825241828	-0.3529079167804886
-0.4729945464700087	-0.46900842231084183
-0.25140325960852294	-0.2518619021240362
-0.2195728336044347	-0.24333768352435287
-0.5219278073732738	-0.5143290077011753
-0.31641652345232885	-0.3134733405768313
-0.1578096198470469	-0.15137780890963945
-0.38388793858126924	-0.3767476146510999
-0.2100230943189505	-0.22220144914695594
-0.3149011535640973	-0.3060490427989493
-0.250291347881026	-0.2680590634951441
-0.2277972665472099	-0.24693313324601154
-0.34993987921548	-0.31021350861115693
-0.3238037986903599	-0.31711767972984245
-0.3532234254772746	-0.381540376636214
-0.23640028909634125	-0.26518002218173775
-0.14935950237865114	-0.14902831250690796
-0.2630244874505614	-0.2749928784325094
-0.5529474125332197	-0.5595567223717987
-0.3983521362345961	-0.42944697949997745
-0.2744873418198104	-0.3046514920876794
-0.26628937858756174	-0.2802513814538654
-0.34225538610076534	-0.35381645681130847
-0.2694705710347556	-0.25341751917658484
-0.35748274400356905	-0.36572005187512746
-0.28139908929132673	-0.3200085449425289
-0.5111623333843536	-0.5203736699490468
-0.17559691656283505	-0.12927203948102547
-0.3879884964649811	-0.4176126316194758
-0.21970217194322927	-0.20659721261919756
-0.4022491327441884	-0.3853921031733432
-0.3275358453836219	-0.23700805676353381
-0.32975951525278546	-0.24978728493710772
-0.08414945206577684	-0.10517244427525202
-0.3067937724402423	-0.3334816494592726
-0.2576468414121198	-0.2560015873545578
-0.24932261391973043	-0.26097628599755546
-0.24024277921683002	-0.23273773621074545
-0.37334916058004275	-0.36456493447065563
-0.3340810172177857	-0.34561964315574706
-0.33924547290012974	-0.3350702549655032
-0.4907120430489975	-0.4801981252739293
-0.3154006237408602	-0.32767038588687825
-0.12078956613926906	-0.12359782730209654
-0.5289248858345061	-0.5229207932909996
-0.2742671442151181	-0.28901534811362545
-0.2428791982324423	-0.22545564662903808
-0.39343584393795084	-0.3916923012431554
-0.18144310900714444	-0.17832448587360708
-0.09112690770610854	-0.07877320550625287
-0.14221976097009303	-0.13995040872007827
-0.5498938192185072	-0.5410484874198713
-0.4894747637527672	-0.49675098337097956
-0.4236675689151106	-0.3720125047398446
-0.19588129799780596	-0.16373923778334404
-0.2659013081615331	-0.2531030678848476
-0.27135801856698194	-0.25173631544120156
-0.1013527673101855	-0.17108331543603753
-0.5388655011562022	-0.5339747956158505
-0.33485898780320866	-0.3000973297645967
-0.3550475945240521	-0.34732227050257053
-0.27356164926169235	-0.29327636274077745
-0.5241227731250895	-0.5131673348709493
-0.5419371858308342	-0.5408869575393498
-0.32032692172146326	-0.3513224358858176
-0.2163369565792017	-0.2228300307011615
-0.2701624086964607	-0.26734774324337135
-0.21674005012059183	-0.15190782924716892
-0.3105693819060473	-0.3201149336541481
-0.22671310964900115	-0.22440530615716694
-0.265071637847651	-0.26941867404410524
-0.2683937172342148	-0.2635271701460529
-0.09064339065287896	-0.131058854830193
-0.2932614529036375	-0.25760370299748436
-0.13851886498675015	-0.15855612046871906
-0.21832487579906967	-0.23345998402403353
-0.3515194067052896	-0.3542989354207889
-0.27958586188474577	-0.27903324527894463
-0.34199353530618737	-0.3443092285475666
-0.30872951358954737	-0.2924089909576823
-0.19831044310175372	-0.26929229368065744
-0.4031256570904098	-0.3912054606060863
-0.468980505426531	-0.4531345951475744
-0.3704320916698407	-0.32905481917713403
-0.3214462031126786	-0.35046553061413577
-0.4490068377307459	-0.4473806437198416
-0.24660933071584346	-0.2546421781297575
-0.4664611618407264	-0.4625353007536026
-0.47482927771721783	-0.3701014992888178
-0.2736815231190448	-0.21565187638512293
-0.07205349797676774	-0.16863040382139294
-0.319401400719606	-0.3355795890934664
-0.39122801942458985	-0.3848143533503644
-0.20860904853980777	-0.18503267357418238
-0.34331641653739275	-0.31657622281497616
-0.5460679365991812	-0.5419305987438993
-0.3262819693021335	-0.250092041212031
-0.24652067776736608	-0.2736627021131921
-0.541831925336739	-0.5405824295842798
-0.24498757199197208	-0.2405165028746628
-0.04557559222723029	-0.07057130952810026
-0.17745232504724484	-0.17449942035524096
-0.2838325935257693	-0.27697760334541666
-0.4071244495776565	-0.4201544551050158
-0.2573531514773606	-0.24968219622512364
-0.47623891513449834	-0.48639132435782545
-0.32103282598605354	-0.2780753563627812
-0.2236815170793811	-0.22297152939686987
-0.26318424944508756	-0.34654297842954496
-0.3465385480391632	-0.3752472460710459
-0.23676977728887394	-0.24023718176013306
-0.41812026897038024	-0.4498016434363319
-0.38984114496284406	-0.37018779497154486
-0.26693092407739094	-0.25662199389757157
-0.3142979788649569	-0.33861725830549977
-0.3127133020249424	-0.3085054359703487
-0.47177798944762195	-0.4579308493748136
-0.30435443932271866	-0.28676949260845447
-0.2512975737875216	-0.25379474307842037
-0.13530783742661612	-0.10910890393375433
-0.29453132766886725	-0.2834039401434724
-0.20026759463540422	-0.1874223818710773
-0.3944781094132743	-0.39529700386947725
-0.2235033000299751	-0.2088018021396065
-0.28900198713436964	-0.2884587897304806
-0.24997364821490287	-0.2538770388179357
-0.27325723439419747	-0.27012398498062895
-0.24636882953378958	-0.2920568447372617
-0.25240314783921036	-0.252245459458114
-0.27388531781435077	-0.2702061226206724
-0.4468819634529666	-0.4194352842438437
-0.3765117837559675	-0.39194798679668635
-0.1315834925525614	-0.15064914041920463
-0.4339423703208496	-0.4412598709887445
-0.2873088572367273	-0.26895727634935435
-0.3580586843733453	-0.34724784526930796
-0.20146256423805653	-0.30884272786085115
-0.5388946309200442	-0.5382305611293569
-0.28300716729759934	-0.31162477889911283
-0.23049871560831647	-0.2461999299944053
-0.3749663999436095	-0.35190600637987046
-0.3808629369569392	-0.376869443061638
-0.25214593519185513	-0.20841856881109888
-0.3673907393527358	-0.3744227771925978
-0.2769813401324335	-0.20566028742269926
-0.3649700689264428	-0.3472524891832746
-0.3595432170391071	-0.3226714471478823
-0.46729791478457017	-0.44614898978523815
-0.3827031094860871	-0.3697648741059141
-0.27487767227170323	-0.31313344387764797
-0.25314050976433755	-0.29437700504873165
-0.3952196323665298	-0.402017082893356
-0.2455827872659544	-0.24752394832739277
-0.3510250830423125	-0.3539644206890617
-0.2717595629564862	-0.26949479445564156
-0.3439897515001302	-0.33566978412823256
-0.2711751978188417	-0.2842229794142133
-0.41493412493240456	-0.40715050069470815
-0.4752039460875519	-0.4656674593271932
-0.5685968627298106	-0.5679924714509188
-0.30096321567618567	-0.27290042007567883
-0.30790360297331887	-0.2562224479832635
-0.08326102149295522	-0.07289435614541946
-0.26612844522536605	-0.24891306626481766
-0.2791208344739786	-0.2664608309293906
-0.08919240364915737	-0.10375966258013007
-0.3357089156919706	-0.34627828681156847
-0.07909623845051428	-0.10623977743526174
-0.36555889464393587	-0.3666688499835063
-0.2651036707528842	-0.24212492173286998
-0.38064539389741014	-0.40696525219111007
-0.24403414846959848	-0.2915614384953674
-0.46051702487175916	-0.5074293214605204
-0.2752966057565569	-0.2403834412467295
-0.27467778924216546	-0.2772511557024317
-0.397428203601109	-0.38024018873743737
-0.20769197869693024	-0.1557573254917421
-0.5436635128175702	-0.5534486923352684
-0.26421582096300256	-0.24654611247431857
-0.2717763987572823	-0.26981198857149047
-0.40996094290612106	-0.36013635914238457
-0.44790927160341454	-0.4359775132447828
-0.315985223471154	-0.3080980120726797
-0.23314647670619948	-0.2514714810315117
-0.4800078961022791	-0.47478359033683665
-0.5432393211681834	-0.5371989908631322
-0.4533584769921628	-0.4623663103625879
-0.41105277036324495	-0.40080649274946545
-0.4374682537636936	-0.4463405536018092
-0.33683680362219803	-0.30302923447215363
-0.2825031422699791	-0.30069746868278385
-0.5155758520066929	-0.5179055220625322
-0.379089526060989	-0.3889719308455338
-0.1478037182988423	-0.2596549078213725
-0.26273064924762934	-0.24602112332918727
-0.37817369183557403	-0.3619231482541695
-0.5276928416276956	-0.5344140751835438
-0.3880589889846462	-0.37756953232813306
-0.36788269713345834	-0.35116292884326844
-0.39645488667772	-0.3855936029653516
-0.40462657601792884	-0.40042841647607585
-0.30123483207740875	-0.2720035676425385
-0.3521583954681269	-0.348527905959761
-0.10797460617753174	-0.13860330667052706
-0.337053125776567	-0.2982959400838909
-0.2560956324461685	-0.23220750920372282
-0.30838131440850347	-0.3117563854155583
-0.07229200106603706	-0.10973294734456088
-0.43030996915238795	-0.447231941367564
-0.4403423143056262	-0.43023467190792225
-0.335480036681151	-0.3503451590082493
-0.29870744057921783	-0.33253537749314405
-0.3537551677008324	-0.3789912990683802
-0.3872580044376832	-0.35541832541591806
-0.5294989324799637	-0.51202585949972
-0.15418809340586037	-0.14572495278590866
-0.3323784842540487	-0.33601475776610357
-0.36091914601416164	-0.3692752351238856
-0.25874025597802586	-0.22600462527048953
-0.3678357594106245	-0.3509281749502617
-0.42178146099728764	-0.3835760819215372
-0.17190953564615263	-0.16748388283726628
-0.24092583284854108	-0.22445126307772234
-0.53311644203378	-0.5189144052739455
-0.38353260323086147	-0.377863157868779
-0.22512156579933773	-0.24982756988632338
-0.44519470978300646	-0.43684526618056296
-0.3031157950090346	-0.30774202640288584
-0.32196619137782534	-0.32837889841501383
-0.35158730183730214	-0.3820021197490437
-0.25120018252191123	-0.24183301124428283
-0.21865886700722115	-0.20635577969754645
-0.20645830184859904	-0.20635938516745525
-0.5591242521859456	-0.551188657750269
-0.09396002278247728	-0.1075849917881
-0.34126723905166756	-0.3239429233219402
-0.212741126486236	-0.1818840471902609
-0.3113624157179373	-0.33917360914103756
-0.3544398146718013	-0.38173790652168993
-0.38038238061973395	-0.3923451254371364
-0.22158412724193255	-0.20336080519599894
-0.28074029553387625	-0.2688977305851716
-0.2791024463789231	-0.28380188066184187
-0.315089790662638	-0.33811333843353664
-0.0927431838352284	-0.23980257774818994
-0.41508875674331236	-0.4110304731663235
-0.24965819115521448	-0.2805476525279513
-0.36186307080311053	-0.32666499238712715
-0.27660164844402146	-0.2708184582574188
-0.32785167851415054	-0.3334271750454901
-0.18678596871227526	-0.2734585717536811
-0.2624785597807815	-0.24417452500334916
-0.43195628506611783	-0.4278716530354849
-0.3956171746248742	-0.40150315401680076
-0.11224822656854272	-0.16568313460476325
-0.12144349900282947	-0.09421101580749057
-0.28246461318918037	-0.2540758463346228
-0.22050963975033788	-0.2533383657875181
-0.07925933840730437	-0.17890614949137149
-0.3204025756537039	-0.32196536420004557
-0.3177777122000336	-0.31494627483725496
-0.14933182637662057	-0.21050489100458036
-0.2720572319898178	-0.2986997296282916
-0.32052816656333505	-0.3333165034799602
-0.40326590793771544	-0.33866628917220915
-0.0357661069585653	-0.10608128235277312
-0.2437405828728476	-0.23014636764003807
-0.5334473552962571	-0.5318355409042176
-0.5095029918814422	-0.5159591141106569
-0.46968870929076445	-0.42245685057590154
-0.2816272195118259	-0.31620397158684804
-0.3719012319798729	-0.3570436002525401
-0.43591000458222595	-0.42817745450696454
-0.3151860777125819	-0.31998105315538433
-0.17226519060364964	-0.23194533398693312
-0.2950081934433477	-0.24081777893585826
-0.40122607473272964	-0.4086796986602974
-0.1746240427808008	-0.2529726624684743
-0.22839687558667876	-0.24593809520837281
-0.42061054867400394	-0.40633580878364145
-0.06636734459141103	-0.13812808526814474
-0.4975500443513532	-0.49052350729749955
-0.10762986970061661	-0.12777110059821248
-0.4267069978720581	-0.4395211453910081
-0.4264243802144545	-0.4195602267638363
-0.3945411361389404	-0.4053639720259193
-0.40378431999687336	-0.410263062621194
-0.3531218573706294	-0.3446762403898313
-0.19031670890529284	-0.19836373310350164
-0.30980153302910907	-0.31504634891600225
-0.21053853221022223	-0.21876282443179224
-0.37888620129169226	-0.3826691142464986
-0.31716210616424867	-0.31670996069994484
-0.2367858187549814	-0.24098207684364722
-0.20706140214659285	-0.1713918736460789
-0.5263593861603546	-0.5189932053148728
-0.35671684200788434	-0.35434468533131447
-0.21999893216280597	-0.18362673888629397
-0.3739019656007443	-0.3585083294031902
-0.41012205457655426	-0.4221704122426392
-0.2641464930678161	-0.254226848950445
-0.3972645841230644	-0.38812856580717436
-0.36188048315135823	-0.33492034615191046
-0.3279508677828602	-0.35492852775843853
-0.1327351619644137	-0.5155915037530634
-0.4693980128381643	-0.4637178611205841
-0.23209707433990623	-0.22035033983526153
-0.3599202174209637	-0.33895601652966423
-0.13763443293616717	-0.10770236520815814
-0.31707247999727173	-0.3162789207330142
-0.24250228574691768	-0.20733952204335165
-0.39582514489810094	-0.3835233442297532
-0.07767421253568152	-0.07039899029154909
-0.1771228798346698	-0.16837730411273463
-0.38863997984372567	-0.3861784415291131
-0.28071400449143624	-0.2879345218317915
-0.27834410083841377	-0.2738406529576058
-0.2823001334782802	-0.26066257500431883
-0.3093171543053401	-0.29967252295627006
-0.25630958114728486	-0.26531389080345374
-0.14808768542647854	-0.20142985141441258
-0.4122973993587493	-0.41627413308371997
-0.17542318931599254	-0.17671119091077073
-0.2688353336352449	-0.27291425704194316
-0.21374353992792194	-0.23837205656000376
-0.33605006147347893	-0.3643457023472583
-0.1398194968629376	-0.17680542320995488
-0.2967854336328202	-0.2820421292390903
-0.5361568727325192	-0.5512586095147545
-0.27921147888801556	-0.29791481562629757
-0.568219473450311	-0.5611378203738612
-0.4100397121030337	-0.3985761409515473
-0.44275826061980617	-0.4364453909667873
-0.13237924042245375	-0.24420948116934513
-0.4054458560060539	-0.39120083279716183
-0.09858516417133423	-0.10919254311206164
-0.5385365394032302	-0.5370157223774041
-0.27465267990884357	-0.22488594363951078
-0.5609666385492034	-0.5646020209807491
-0.5396177766018067	-0.5419489843482309
-0.26551322111895104	-0.2514660133054519
-0.22903214240149516	-0.3134493549073335
-0.38016225596641817	-0.38707423988346334
-0.2498610235324321	-0.24447204032713732
-0.19310145982396065	0.07481287258305898
-0.11095524123019018	-0.11399854034410374
-0.37942077455464585	-0.40957353845519634
-0.49356052438188946	-0.47760584353515856
-0.34305469673715017	-0.2753218647654887
-0.4448366578801277	-0.44838196381322015
-0.5397089436576596	-0.5373477023800951
-0.1931429827775233	-0.16906248102255744
-0.32352939089518884	-0.320457475709472
-0.4278094785356288	-0.4292876758704425
-0.32635545760950535	-0.2992577286850617
-0.3714445107475388	-0.3808722615751464
-0.28679422014696954	-0.2807188709854539
-0.3738899852789146	-0.3671683600731406
-0.3398903005547371	-0.2257324440128869
-0.17322866977629303	-0.20225222069985543
-0.24700466790163844	-0.26671826476791216
-0.3378011483805814	-0.3805638869767847
-0.23354752714636007	-0.20833290664270637
-0.5324809466106988	-0.5298005411104244
-0.26151989779022244	-0.20341006860875369
-0.4385885808777026	-0.44452450634560947
-0.2661790385056655	-0.29766366019748325
-0.36467180506426544	-0.36102597123686037
-0.08156950548001163	-0.09448616427128625
-0.5079328448652944	-0.5088476230465253
-0.11126965858287896	-0.14911035882500212
-0.46829569758256184	-0.43065074656921765
-0.37673020377612865	-0.343029024116479
-0.5466579594191323	-0.537542997749034
-0.510092831773834	-0.5076466849053044
-0.08602064148312749	-0.08619613692212863
-0.26680371187220686	-0.25553876318840213
-0.2551093172126606	-0.24775709132803525
-0.10187945907667739	-0.19116933555603982
-0.41814828021889916	-0.42366995541671276
-0.3932078529489065	-0.397117201419161
-0.546107157884375	-0.5530513364449924
-0.2652326139509231	-0.2661626061920486
-0.33890937580255454	-0.32850664864837353
-0.4273978831559102	-0.42495969636631264
-0.3892655870323125	-0.39547463168424973
-0.35489562168219635	-0.3679709494794345
-0.29609815829923036	-0.28261837706931736
-0.13660485512834875	-0.12761444849408313
-0.2787139536593273	-0.28344708758068715
-0.22746843933732208	-0.2529935092872704
-0.3368022500449612	-0.35238585523288446
-0.24472812627474738	-0.25531381775933515
-0.45159406124645507	-0.43288920294756333
-0.2480399877750905	-0.2376848620881362
-0.5450611086946324	-0.49537677807784414
-0.09188868110251036	-0.10277386883112045
-0.2798275179370897	-0.2503765347960877
-0.315421029821394	-0.2536010260362301
-0.30825265843115446	-0.32795356166534645
-0.24079718000482586	-0.27190894600810217
-0.22904973104343185	-0.25372764828012895
-0.10995126368692709	-0.08883418037702402
-0.44171136017611445	-0.43931560355754024
-0.27611159398704643	-0.26303300871563545
-0.19834198897014765	-0.23797514940811967
-0.33276270537059816	-0.342237792791311
-0.5332020397702664	-0.5266170393376831
-0.3616789482996374	-0.32574913537575534
-0.4053999281525602	-0.38550499917306547
-0.24654789583684078	-0.2511943746405845
-0.3699610855616058	-0.35535646550721156
-0.5264977557503521	-0.5218627984806941
-0.35867316806950456	-0.3590485855575337
-0.2161192786570627	-0.24928112681044204
-0.45526438983520734	-0.44767097059919947
-0.41800907538317666	-0.42035309023350986
-0.36454893215021933	-0.3519485033265262
-0.35266273321793307	-0.3341476184567708
-0.12075709006004232	-0.13151244601395837
-0.4896967454140366	-0.4966996978089114
-0.1060254348344376	-0.23210404899874051
-0.5261631635980528	-0.5175350332730263
-0.2339782062841138	-0.24758273219071433
-0.3045675429905188	-0.3285901274394976
-0.19281566903966407	-0.1832590647746684
-0.4196869548381805	-0.41025703576621175
-0.3916604629103517	-0.3767781616193114
-0.3041396926257107	-0.23472748417601022
-0.3642856392036524	-0.33803146101437587
-0.4229623366762105	-0.4331551096454549
-0.36635056181053827	-0.36658327983402805
-0.20981931766106676	-0.21818335782845263
-0.31976345383759863	-0.31154951261891184
-0.28352948349338547	-0.31814107468744496
-0.42586096669746176	-0.4171509149806736
-0.26368507048712253	-0.4138141941746978
-0.41783181285307336	-0.4379766848850679
-0.32158179898137895	-0.3652914770310612
-0.2289627503616174	-0.22935696385311852
-0.263296668850451	-0.28564020543774016
-0.3684457422760854	-0.3484061534354692
-0.3558257239781817	-0.3500925328801495
-0.29149854610796133	-0.2883395199542245
-0.008654074998645456	-0.010020719743790684
-0.24799512326116258	-0.24163125072004976
-0.3888759091887888	-0.396156469590275
-0.27360078329881077	-0.26474544190633803
-0.3640004204321041	-0.38651952557412395
-0.3697949524985038	-0.37043376250620547
-0.3806650497152546	-0.38085477210380303
-0.3597397771673272	-0.33375007888310554
-0.35485468795130615	-0.20979988956134746
-0.5514533038522558	-0.5406556572915682
-0.05514427415276124	-0.06476355367699023
-0.2694914771880246	-0.27713992475311666
-0.4930558335248669	-0.4309416172721541
-0.3089682044583846	-0.3234108784193463
-0.3495970100943957	-0.32873919178065747
-0.16443819193883868	-0.165190127314119
-0.38061189307996557	-0.35701552995907015
-0.19107806738522015	-0.19117786508790097
-0.4283800326633127	-0.45555730871704486
-0.4305168132609474	-0.4231369268271191
-0.12191532214338174	-0.3433853665097325
-0.40780320818760885	-0.35452679709975
-0.32952712035387677	-0.30629688335475636
-0.3827459302259957	-0.3809379541940102
-0.418017488271218	-0.33088913437304546
-0.3702842653370695	-0.3716435620806614
-0.28780681830634514	-0.2855042689234211
-0.22237329710096887	-0.23080547857571634
-0.35632885823152805	-0.4039089370163372
-0.40557277553311444	-0.38919035005949715
-0.3875221968354463	-0.37649046757718385
-0.2903240274133463	-0.3027846237636969
-0.3857850630888944	-0.4025367962249598
-0.4132681715780926	-0.41256037548037827
-0.2846980637066814	-0.30499528495808576
-0.40013006641768634	-0.3788895988612751
-0.06441705586201962	-0.15560893379873617
-0.3628059410587703	-0.36838550635457723
-0.206836376715394	-0.2223287962542121
-0.3359634989051443	-0.39074053743665027
-0.3239002853533499	-0.33864188663004774
-0.3599636829999202	-0.3426114655275764
-0.34726969767697113	-0.3317379941789008
-0.39238923576718143	-0.37321737894999024
-0.5695432441752644	-0.56340792135571
-0.32037159432705664	-0.3085398695662384
-0.2516999645271145	-0.2205206073619479
-0.22979328658825793	-0.2707512767316709
-0.2705104410289305	-0.2646117170329023
-0.31693916206796224	-0.35261033066654274
-0.3746283683656131	-0.37854491165387355
-0.34693616667946614	-0.31180983083201136
-0.05260331177507993	-0.0581120180981754
-0.16950314969400715	-0.07292407563199456
-0.3913361395334576	-0.38729574497576086
-0.2545433554074883	-0.24402768395425967
-0.26795530544892365	-0.23699057244152108
-0.3989898816835904	-0.3989354696190539
-0.4503009312739614	-0.4546799572603465
-0.5000800254652926	-0.5026489029873011
-0.3180886962876812	-0.3228755965034287
-0.3841595192066034	-0.37917095421954866
-0.400868569479794	-0.3794884827300634
-0.3938519062682424	-0.3797939795541662
-0.4407976643959035	-0.43039336523419086
-0.37435928943376595	-0.2938073196556012
-0.3509901284948107	-0.3375905366441766
-0.5324572270066046	-0.533127332319559
-0.27271319384106363	-0.27965041282577574
-0.3213560574421397	-0.3870774314919437
-0.24095621698329595	-0.24416250454130317
-0.47413640009805036	-0.44074689037043946
-0.557690020091858	-0.5470755058866735
-0.16685505964443692	-0.19989989813168912
-0.26962401995617746	-0.27004158649998145
-0.27055334297138955	-0.28226115870105545
-0.29722793650268287	-0.30847811087730675
-0.32769234751613574	-0.37609933965894177
-0.3833343006336172	-0.3453016039653497
-0.5192206254089768	-0.5258490389216559
-0.40841387620591085	-0.409918866324342
-0.345669371905748	-0.33422671967346557
-0.5243541737847277	-0.5274194164528133
-0.3409432803002552	-0.3448318365591925
-0.37302794010221874	-0.3331441850730418
-0.3263347963042573	-0.22174795494780625
-0.22654835950601537	-0.27746041406037886
-0.5430692241286881	-0.5326583298017942
-0.4821068198501983	-0.4718538601405493
-0.4031419402270835	-0.4101921513270787
-0.45738692819654325	-0.4281425179409013
-0.2627061949009697	-0.2580334740433095
-0.3879654939892614	-0.3694417543225018
-0.4096428032131705	-0.3855698547580907
-0.4131175712758228	-0.412629214033077
-0.27072440905661566	-0.3361302173803534
-0.3838021446157178	-0.3478080502205154
-0.24191869392691068	-0.2593023484894621
-0.1510346309566586	-0.24527232944365313
-0.5488225289471131	-0.5454073793887743
-0.3581562007992556	-0.357523011019832
-0.3282228135918537	-0.3164096932562164
-0.12984613514246846	-0.13357469797951657
-0.2362891850769948	-0.253417300268454
-0.12178231271422035	-0.19456735555028576
-0.37791126919358575	-0.37131409280471156
-0.34889717652962027	-0.3622224574968615
-0.2295459250464873	-0.24987871642517429
-0.22757666310630142	-0.2533316779826008
-0.41627959633504297	-0.40190586799167616
-0.25753064037517603	-0.26564572345188586
-0.3051264146531878	-0.30424663018114717
-0.26461080679208493	-0.2619158208173212
-0.2714040122270802	-0.24096468100858
-0.3932810641185185	-0.3465625104958675
-0.43346375067801013	-0.41811045767620986
-0.35420743571511615	-0.36647091933053794
-0.4146893610375404	-0.3441792287063258
-0.09688852711934359	-0.09764887301679136
-0.06312940682740553	-0.06167339725098948
-0.18870576417203289	-0.11911000795375885
-0.3132216205109497	-0.2998994052570223
-0.3868463238834021	-0.39785415994196727
-0.37185593182841714	-0.35820410387730445
-0.11922702896165127	-0.11738326091949242
-0.31072995341295595	-0.31238048600266366
-0.2693835523873105	-0.27922036614212725
-0.2496584106043791	-0.25499631726476535
-0.2325033460282846	-0.20741053493670317
-0.2426130158139479	-0.22845633566379564
-0.42270637002947353	-0.4419875785993922
-0.3802893486149532	-0.3872127251824527
-0.37575256725420836	-0.3472855782181912
-0.27630114538607486	-0.2675556722163534
-0.2938273081623457	-0.31541669102463604
-0.1971228149271127	-0.3580245088328576
-0.4203936978937186	-0.43424257538676947
-0.4621929400303202	-0.47180090947143444
-0.34491771066113586	-0.3588401871476025
-0.3776611758198367	-0.34841869981656265
-0.24810882591157934	-0.2656396786808724
-0.36562606165050937	-0.30982064499142986
-0.3153235197151467	-0.3112032842519344
-0.21493230092422877	-0.25301774438113983
-0.41087691749665467	-0.347736299940131
-0.39386521203580926	-0.3679404657957734
-0.3076881240369218	-0.2577596044675886
-0.10051845211082444	-0.12294750961971179
-0.23848771890332188	-0.24707965906094226
-0.13618756626781447	-0.1919930131365627
-0.27450317238185207	-0.26130972023688964
-0.4829650558768819	-0.4988008917370611
-0.47211119509452715	-0.47282126186589957
-0.3989276732605873	-0.3570308179771317
-0.033815005495053896	-0.1775790773013858
-0.1660122178901169	-0.20423278466535855
-0.2792586798528056	-0.27004239242011663
-0.26434741060958444	-0.290079727991737
-0.25779487437967674	-0.20487571707990002
-0.36885859729805404	-0.3878618895382201
-0.29838397529843164	-0.30762404671960436
-0.24567740471066912	-0.21369130416527002
-0.36232341108641286	-0.37883055820153955
-0.2766867494295582	-0.2934975147144175
-0.2246908801278522	-0.30217988588506156
-0.4493162007840006	-0.40452921888796883
-0.5489462652311321	-0.5379293198891415
-0.3893513010238614	-0.40080104459141414
-0.1283175182180898	-0.1390320658251967
-0.3305736821658023	-0.3069035183246868
-0.47709444193131034	-0.48249096270948055
-0.5028912933647192	-0.5100681339857862
-0.06308920815495433	-0.08568545624486987
-0.2828442652665899	-0.26314576726940586
-0.2862914113387447	-0.27494480658996556
-0.414077719932461	-0.42056891437432187
-0.39341684257791343	-0.4035654937735515
-0.37780766487921014	-0.38561082679416064
-0.3469436473554204	-0.35916798192620636
-0.39914114901318243	-0.39815741209622135
-0.49652473424636945	-0.5019236449449804
-0.2854677375599941	-0.28610795546607204
-0.14003810467349354	-0.21869561875161325
-0.11171347427221079	-0.1282168838546413
-0.3775811879583859	-0.3872076270922693
-0.3640191528879022	-0.3698649061410874
-0.35348608546708604	-0.3357215262142995
-0.3339344858100972	-0.29955215341823516
-0.3726991953096359	-0.3674571606346474
-0.29753192802468575	-0.2868202651595801
-0.24280447380651005	-0.24841906898894686
-0.056717283969344834	-0.07531810013979545
-0.5605718510685627	-0.5521501824774471
-0.2588456953774312	-0.2792943293363174
-0.5370535153826381	-0.5300962132208444
-0.41064241431159765	-0.40039542398976186
-0.40143912458603026	-0.4161078413351025
-0.24928353707666417	-0.28277637177224624
-0.26071141820108323	-0.257159956268636
-0.23813732964087286	-0.26638109736640997
-0.37889197625460014	-0.3707296074323578
-0.13996462280882938	-0.23592637010880457
-0.41036113430978105	-0.2838415793839407
-0.09774392839130286	-0.08290601874635377
-0.4109486017397579	-0.4116222632327593
-0.2786572866574577	-0.24610897972420637
-0.35267631397046273	-0.35597259045992347
-0.19216673116408245	-0.16462825290222932
-0.1545639224944999	-0.147547377853392
-0.23935487603519867	-0.26212102246389357
-0.3686854867379452	-0.38924232796774605
-0.3806422841632937	-0.3570055893267791
-0.28652441224517666	-0.249651060111138
-0.3789972745532033	-0.3661920668312418
-0.36217112329993206	-0.33536404186320495
-0.4900530942185686	-0.4935373033608308
-0.2868921038338783	-0.32888698737843924
-0.31333612934589894	-0.37539941779499836
-0.20837384410959459	-0.21011403360973727
-0.2680885888771769	-0.25477901744802856
-0.33603809499709136	-0.33958779780274245
-0.4077829099869952	-0.4111655291761067
-0.08935677721060387	-0.15124904854649884
-0.1885505396993139	-0.1796957834504085
-0.47749185293514884	-0.4698227333012039
-0.45719305977618063	-0.4787133767189914
-0.14172721192341342	-0.15338659814200767
-0.45303324294960845	-0.44884702816978717
-0.24899558043960113	-0.2561168645824243
-0.22887150897674857	-0.2319233985262312
-0.4951232752961854	-0.45518299294157194
-0.37430521284820273	-0.39159044146006716
-0.375753942701202	-0.36143386510101216
-0.13626742266253444	-0.11879460793874551
-0.23907022640431563	-0.31656699836188296
-0.23792044430855697	-0.23513058634694264
-0.5045405445337519	-0.4791022709650235
-0.2342435411558128	-0.2295837135760036
-0.1062190507471108	-0.10807307576266517
-0.3743605776208252	-0.39199324827867144
-0.28896684937168793	-0.2654562823184171
-0.36591534859094565	-0.3719213582454998
-0.45179681621331724	-0.44917431126205404
-0.1980258792895473	-0.2834456019256575
-0.4152728553170153	-0.4191426364981748
-0.2352432354917937	-0.20936322797572215
-0.2689547012042919	-0.273772761125727
-0.27541789449361787	-0.307962008883453
-0.13925999507515208	-0.15685076722730787
-0.274370039480079	-0.2435005847448862
-0.4038468757264866	-0.4038088685985743
-0.2606029690907512	-0.23692470663674764
-0.2461541757242074	-0.25077293603844614
-0.4050193071128927	-0.3557454393352131
-0.42935853895293263	-0.440725372484075
-0.06903656343171427	-0.1464190377946437
-0.3741308850301941	-0.3323474578386121
-0.34690308095937894	-0.3413773649623686
-0.18283429385362737	-0.19619661516097417
-0.12399364649489897	-0.1700273456063381
-0.5439822076726575	-0.5247516414396917
-0.262450913794833	-0.23923787296922366
-0.26439154480707217	-0.26801400008671744
-0.36891906020291465	-0.2133843341846863
-0.09613395451829199	-0.09278650449460511
-0.1448369001133596	-0.17751727411051824
-0.29809035268440454	-0.2707421555121312
-0.35736112494471683	-0.3696809133479764
-0.30528971638948654	-0.29123701101837757
-0.2596290763189799	-0.2740817646928
-0.2210343928036309	-0.18427874183450277
-0.5289408860346878	-0.538855169653224
-0.23737872164722162	-0.2363454948869252
-0.3336594003376039	-0.34181624207694083
-0.33537941892286405	-0.33292093174549975
-0.5277892885628646	-0.529412075204403
-0.3782784412875131	-0.37771273614088585
-0.22481935132695519	-0.27082974053550196
-0.2906565717145	-0.22936543417678487
-0.5166537187675537	-0.5036698781627463
-0.264374047644127	-0.2647381440223515
-0.21935357240623077	-0.2283815172274558
-0.32878521062434274	-0.3532355641594379
-0.33505513325789593	-0.3042580121120879
-0.18833457859501834	-0.2525241697159738
-0.20989569882986991	-0.21195643659433866
-0.2252998010154279	-0.22882859841252132
-0.27409403973281243	-0.2566409440551643
-0.20482337692717678	-0.2190734980967955
-0.4488725442315058	-0.4533178844698497
-0.2788150797741764	-0.24992116247258356
-0.5133945639083599	-0.5192148034409243
-0.14342945222592896	-0.08919948554766956
-0.2098172222713366	-0.3118239509538505
-0.2980699835993441	-0.2830544368192676
-0.389855306704991	-0.3986341059613443
-0.4285173434710714	-0.4292288539525485
-0.502658622181098	-0.48979801930923145
-0.2969698116316337	-0.3477699870864543
-0.3756943434381732	-0.3654997403491596
-0.5403215619157002	-0.5286277984618807
-0.4953547125945761	-0.493286960990949
-0.39064196204479984	-0.36940255703664004
-0.2737329554844212	-0.27966278612431145
-0.3839733877782123	-0.37575158811776305
-0.3401830798819834	-0.3405180669053671
-0.2748471147409912	-0.27734244427964233
-0.2723796241202141	-0.2837153115221608
-0.30941477534371664	-0.29366585366816605
-0.3115770648856184	-0.3353665723372662
-0.47881220782855394	-0.47664605303333796
-0.23452036132549736	-0.23161940382600857
-0.5067301422162949	-0.5012374455506805
-0.28906340860331525	-0.25584271833974054
-0.08860774788701065	-0.328486219149942
-0.4470129466495578	-0.41593861162320184
-0.3701692763690634	-0.37629393083943125
