-0.4935105439605465	-0.48990901877608467
-0.1377784372589419	-0.13796699115928715
-0.052446700926854106	-0.06180336204255115
-0.29571896508917916	-0.28552431253188426
-0.42288576147677137	-0.42238840389751686
-0.22223717689868927	-0.2018446014059369
-0.6241905902952478	-0.6197320263874395
-0.0824886891406118	-0.08152689468651152
-0.48055202390371043	-0.4755435149631788
-0.1052200823558076	-0.09951615712054991
-0.34386684905514997	-0.330538365182707
0.0841647087020636	0.08075792901699853
-0.20856405664492428	-0.18274568041037134
-0.6040538987783339	-0.619326454843993
-0.21639500707134918	-0.21145684618489607
-0.2700750110548018	-0.26418403760709613
-0.141410373951671	-0.14483407550409322
-0.3851682788447581	-0.3737860922644712
-0.17148519167047027	-0.17200467507481543
-0.19939507601206685	-0.22285830421511954
-0.14718513559797053	-0.15795313824862972
-0.3333000612597008	-0.32693136833228287
-0.28240282706307873	-0.26424158055469843
-0.31339985300019	-0.3223400907085873
-0.23624891651885083	-0.20286028768412256
-0.09933889630740822	-0.10360692699184856
-0.1666795567147492	-0.2199465357326459
-0.4195428212647343	-0.4155306274481685
-0.3317581862294787	-0.3095175755240086
-0.5087530763254318	-0.5148598953005958
-0.30299676190481506	-0.28484697249195423
-0.29642954214855877	-0.2957157131675058
-0.4997446621326871	-0.4907800662855324
-0.012218585694864004	-0.01821552573480908
-0.11857815616299128	-0.13552778296748902
-0.11848326541219478	-0.1124032861470712
-0.36980854348500714	-0.3884489544438517
-0.4125825981008413	-0.4049782066718685
-0.35469480714629054	-0.3626595120183714
-0.04348755704757856	-0.05679349635067181
-0.30509671827053353	-0.2701865285858106
-0.09603940438434222	-0.10357016245988018
-0.46995572678500963	-0.48047413490180363
-0.08389006396835441	-0.07035031095163752
-0.2496160304359556	-0.24126074058948063
-0.19733615333737475	-0.17476734549702622
0.0755643692887551	0.08166818368850338
-0.08577117121899391	-0.12095017304578431
-0.2793306996021556	-0.2653095516567986
-0.26258212580331985	-0.24488103297844263
-0.3389999439203688	-0.3161519452793918
-0.256506370286683	-0.24792999178009803
-0.630910568700715	-0.6150657041799611
-0.6126148997178227	-0.620457684859819
-0.46149723041646595	-0.45538779221117964
-0.3276374758307199	-0.33544000424082404
-0.299858157607531	-0.30513663624512133
-0.16491205567323952	-0.17335550296136967
-0.20299984331676413	-0.20519510536884444
-0.07076980901010721	-0.07927201049790347
-0.07642405306911026	-0.08774916283478842
-0.14995453760284327	-0.1720906280135902
-0.21253447902776124	-0.22662518928319433
-0.608216382823568	-0.6034403947731608
-0.05819560749238839	-0.04666201076584452
-0.24721258160650716	-0.24392869708574638
-0.5233110632180207	-0.5130711633090427
-0.09266923694558038	-0.10844937540354588
-0.3630213454557829	-0.3645763280155339
-0.13813659140385504	-0.1306624478674704
-0.01876877965971957	-0.045756460641983514
-0.2665947048002959	-0.2760126802716493
-0.12373640611839054	-0.09557313224888948
-0.3299277456741905	-0.3172346341404951
0.04710674985177121	0.040466578122384855
-0.1621764452200516	-0.17513682548843293
-0.3292101526224638	-0.3172197313614706
-0.4525552939136652	-0.4462415035416933
-0.0682157570445705	-0.07018234618693933
-0.3419244838759763	-0.3414813662982803
-0.48426703258210146	-0.4915923221787791
-0.1358036645669971	-0.13164050755698137
-0.23975610242988843	-0.2389185581779003
0.004917638480842257	0.010169685987178335
-0.3287500793022389	-0.3100925740438213
-0.05136339548630087	-0.052969326111659124
-0.13641951597920787	-0.12952150648779145
-0.22620551947428247	-0.20225164357531172
-0.2515189093925443	-0.24307809316827209
-0.47936348268981543	-0.4846711983964357
-0.3323877360593306	-0.32109425688573057
-0.12865501991639938	-0.13183603243585207
-0.17297266323313032	-0.1810077466606279
-0.4525392732917872	-0.44260181526870157
-0.15599449057195525	-0.185160785130718
-0.2930566571607969	-0.34364946806246155
-0.28999482081784755	-0.29922527466702836
-0.15322237881898726	-0.17276175183811382
-0.221474402815236	-0.23347130339807942
-0.09969337192154448	-0.08894666303558953
-0.5511576695773712	-0.5549324987158335
-0.34306715498248685	-0.34597042014139046
-0.28894618292292584	-0.29032685294981186
-0.1498648206725468	-0.16044420903368695
-0.4928607863664318	-0.4015923952708713
0.0848132144544298	0.0950446956547888
-0.3434122416134233	-0.3309243067606436
0.07384980194698088	0.06117778649618564
-0.254547253425768	-0.24297218299460865
0.027607986420961517	0.029285180621296418
-0.1855795586227691	-0.18468878355117205
-0.39257315485327915	-0.4331391359458287
-0.2447705983980928	-0.23671991650247204
-0.30997367397466924	-0.28309753863247444
-0.413626218791733	-0.4246144198940353
-0.1788933668592545	-0.1862905191553993
-0.3436521503939085	-0.33027168469631046
-0.2408264561488771	-0.24807915742226583
-0.4617275017789737	-0.45942740629903095
-0.42540081533700036	-0.4186999579307118
-0.1782651305319778	-0.18250898366475993
-0.4776983345339989	-0.3981563511101371
-0.27616388141722936	-0.29246247688283605
-0.26654426915266605	-0.27319882312869137
-0.375291355519046	-0.4012321081226311
-0.0718774026051765	-0.07068601856109812
-0.08652269565042392	-0.0714883919732672
-0.08535244543672693	-0.09791875213522795
0.03322530334136964	0.03901142578531993
-0.3755502649163649	-0.381000601106902
-0.16605569962173394	-0.1706405866035107
-0.12278239517953793	-0.11986028696537791
0.00546096234474458	0.014503796026821508
-0.07948064230140339	-0.06965977956376411
-0.31118043681139973	-0.3170254851762202
-0.14021695610040208	-0.1375448496795814
-0.3373787810271356	-0.3499279443419088
-0.32894736386809065	-0.3276561487287582
-0.23896700535480697	-0.2527149301907082
-0.30494534613657187	-0.3117806731423888
-0.3548063386952762	-0.35081565658663166
-0.22692070438660217	-0.2134851958940409
-0.43618819179215684	-0.4273905477089531
-0.32399571316220843	-0.2757062017359938
-0.5990749308362187	-0.5717829662226066
-0.08866705527144703	-0.10976195946692882
-0.1410356575304359	-0.13498672946970283
-0.3194691871451436	-0.3318231490432433
-0.05326061485743239	-0.14967399377651244
-0.2726572797902236	-0.2700117795229551
-0.2257345738174994	-0.17912830615702882
-0.36015385312835235	-0.3760154987909181
-0.11830989575828799	-0.11452517677821723
-0.3755213502915442	-0.3569957090890132
-0.3443638758303642	-0.3182918481193074
-0.46799104339724984	-0.45906044242404
-0.34652541559817873	-0.3224844898524325
-0.4735184131453618	-0.4799053834692624
-0.16960935949799882	-0.2006901202441356
-0.5514977807417676	-0.5558084786756006
-0.41447748537495777	-0.44106915281409775
-0.08118938776753026	-0.07366498402406509
-0.0743180350380177	-0.06441463525808
-0.17810961959913563	-0.19727460588889395
-0.36105033172528955	-0.36430804223168617
-0.021933661492793632	-0.008895385024545462
-0.19576263151363005	-0.2062738629723568
-0.06690046735614086	-0.08232096028328655
-0.09860637739673717	-0.10968510022191852
-0.3124335672888927	-0.314914366752281
-0.046257548905166423	-0.04565457800516595
-0.017333813025940614	-0.02502499812457597
-0.08852040069493139	-0.0770831291045111
-0.4909345271146375	-0.5558030388426808
-0.4679989078092177	-0.4753891405070774
-0.33940770855758906	-0.3294946851703531
-0.0074559471311896885	0.0056609976255356615
-0.3090303565345991	-0.32421530288142847
-0.13223401226262332	-0.15451791780883128
-0.5654338666078633	-0.557697801870702
-0.1547458190693547	-0.15255188416439253
-0.17077348668922632	-0.1763645473616685
-0.6309407704585537	-0.6312485792721862
-0.3731594618421603	-0.3716347935314743
-0.10140087105723872	-0.09327537815189355
-0.2232726994113614	-0.20449737930505218
-0.5582402450887702	-0.4490139014268467
-0.27159677582667374	-0.2612426425024344
-0.1980632188434548	-0.20679550154694826
-0.2865303343278782	-0.2813908413147681
-0.12542413882421855	-0.10506139743716109
-0.2745832852898493	-0.27528650990777837
-0.18961207438427152	-0.19899482311062663
-0.3261323825567244	-0.30025399151071847
-0.14916253643449728	-0.15454758173460242
-0.03564142040303153	-0.051920762777570725
0.002600473124260816	0.010718395638026441
-0.22921366913114127	-0.24431687173852992
-0.22322576007388584	-0.210415813329228
-0.2784620916049949	-0.27780579399407784
0.04844165291927727	0.0545377797587529
-0.28156807116007876	-0.2725700412720936
-0.339765604496006	-0.3332532688704225
-0.15854345612486487	-0.15727970850724096
-0.07019894991274178	-0.06835441007227733
-0.39026960193804694	-0.40835629238187215
-0.0723906470438056	-0.08523841402252633
-0.1772315090006753	-0.17079096142557876
-0.13323112029750384	-0.16311527008560986
-0.327707460136029	-0.33248940478058864
-0.13496479780573445	-0.1269678792794861
-0.2528043636739117	-0.27230139468218545
-0.5347260944543937	-0.534736833770535
-0.36193135839265	-0.3530326122704953
-0.3104292557020436	-0.32025502099586983
-0.4453489719408097	-0.4475165112291158
-0.3679891393041341	-0.3740519948445851
-0.15912964309124433	-0.1145951343468658
-0.12744282872617063	-0.1278952084568034
-0.3470717434392432	-0.34381844718102794
-0.1928443479050026	-0.18437606206189394
-0.3735876898353583	-0.3621012280108196
-0.017872972288576428	-0.01511964580890381
0.04083763271828822	0.024708894328869534
0.0353750681677365	0.038730976171518085
-0.17835723106610502	-0.15366511824918225
-0.3160909872040678	-0.31687385694188347
-0.1070199930266984	-0.09823170754570652
-0.04618802914670894	-0.039669870702099735
-0.26934461635090834	-0.2970906737892895
-0.33552083276396516	-0.3208254746439675
-0.1931895705729083	-0.18683601757047968
0.00022504533831746443	-0.0007190699218361002
-0.19055094162706787	-0.21546907521256914
-0.05996143748151539	-0.03260488135952264
-0.15218511661174894	-0.13157039149359137
-0.3667906302940338	-0.35727559405004755
-0.34396498913011	-0.31313895363209215
-0.05368565128290914	-0.03846850624581514
-0.3649232051655771	-0.3729217490934228
-0.14689802206467206	-0.14645746395072146
-0.42706120814716364	-0.42466694030039215
-0.11416712907386373	-0.12617153985685908
-0.046469095018437656	-0.052916806670090855
-0.20582899918291986	-0.1995132250853654
-0.18462613341534695	-0.17806389823931457
-0.4962984831459476	-0.4782207449769623
-0.2994068678782149	-0.3221110401297262
-0.20701929748554537	-0.21841099163687547
-0.21683705342236514	-0.208249899491261
-0.5004808426741203	-0.4888965547060086
-0.48123261186785093	-0.48103349591321454
-0.27308129696401195	-0.270402897476901
-0.34270637571782103	-0.3254642639608103
-0.1265205352547376	-0.14825419896055472
-0.3916146737201265	-0.34188481854202674
-0.49393531068687047	-0.4909679876909198
-0.29948754655070253	-0.2974555025997144
-0.13638256429232598	-0.1620403503515232
-0.31015239213479084	-0.2691102210036518
-0.17018084274784506	-0.15748271357944976
-0.20707781272694703	-0.20454859504739284
-0.38290687064023743	-0.378471695968311
-0.24422004003126396	-0.240194691563681
-0.08899737600667912	-0.11012468908505507
-0.23047507917929622	-0.22450323328242466
-0.12187274797516068	-0.1171842938643423
-0.3120516484742808	-0.34563480205794006
-0.5234731981366689	-0.5043981658445561
-0.33245685242351275	-0.333721430115887
-0.11436801913732353	-0.112177566531714
-0.21540532493749076	-0.19293574892813262
-0.050391077483363134	-0.06664444639407559
-0.5634877316092313	-0.5624543694747495
-0.43992205940768603	-0.427050354540497
-0.3675876526294033	-0.3603065304416941
-0.07531482280018409	-0.04480960207995258
-0.32194392640474945	-0.3406990017503303
-0.05883852253098709	-0.05698475798119392
-0.2773193854750504	-0.2675160217308397
-0.0831633895262236	-0.0923299611153137
-0.08847554354207965	-0.09046356350091975
-0.2467740500049942	-0.252292683726101
-0.1528357641803577	0.03131375116470043
-0.005736124896044359	-0.006067065955411731
-0.47969367905954563	-0.4886838564772872
-0.3294967711795902	-0.33546019325086485
-0.04719783249884202	-0.03370421751277187
-0.12716336357397395	-0.11744467244357243
-0.18783778182601374	-0.1854426267693247
-0.16293120376620251	-0.14619188729739124
-0.013826297469938353	0.010621206348520422
-0.2312369164255852	-0.22129206220642458
-0.26976740542758115	-0.2715425113095941
0.07429451032251322	0.0829837896412524
-0.23769030637063082	-0.22670003931813296
-0.23535680720129193	-0.22253000535196232
-0.05851314474535663	-0.07846371195578401
-0.1783142055016178	-0.20907205675291438
-0.2566004757586011	-0.26128832704834126
-0.4500588697248382	-0.4265873766357776
-0.09290954250939087	-0.03306622327721319
-0.18490373905773794	-0.19281156934730687
-0.04170942843474634	-0.06053727393501162
-0.5154801271260183	-0.513392649442169
-0.18993509970996847	-0.1764228246179259
-0.3941537524644039	-0.3805179357583668
-0.2686379653790105	-0.2726597277736814
-0.3318474509603355	-0.31162851357241994
-0.26160171131816057	-0.24971245952115922
-0.49502346925557283	-0.5164220417186283
-0.22142627016876926	-0.21005882185513428
-0.4061450341931847	-0.40583392967852355
0.007835611674757104	-0.007953195952786872
-0.3434881209623821	-0.37304623718371355
-0.5117570962310314	-0.5290675549986741
-0.30755375538193963	-0.31211830117004175
-0.48233017897269903	-0.48268691907116795
-0.2253277563523035	-0.22652546100213314
-0.042480521334102406	-0.05441009219596817
-0.23301967303850546	-0.2496583469852028
-0.2675539008895873	-0.29197902645241336
-0.3750606914677075	-0.37910458888611176
-0.09038337093660864	-0.15854858282792603
-0.28468628822676934	-0.29394223727274527
-0.5450230364910134	-0.5434596925642484
-0.33167277068585577	-0.3119400462199682
-0.2729961910517007	-0.2841832580210015
-0.19375320177357036	-0.1936292684102457
-0.3165271112044321	-0.30429144639509326
-0.12025850757799272	-0.10250873119933215
-0.43296576681882293	-0.42122106190441366
-0.21808324308168814	-0.21570529182123704
-0.16098897861264305	-0.17936840129066572
-0.32276490423228044	-0.2973852460558208
-0.30629364243250023	-0.3029405676474979
-0.2718224228775128	-0.2712287863791287
0.005666525050783022	-0.01256180745873982
-0.4411963071594238	-0.45843484570233095
-0.11983107927926806	-0.1143621823878754
-0.19212533162746492	-0.18948552498083515
-0.149152223900348	-0.15389261303603816
-0.4808037327721948	-0.4626098272770576
-0.2569460111477415	-0.25264785255936517
-0.31252266565849496	-0.27578231496811145
-0.03684735501929204	-0.0381558311943633
-0.11827075410031274	-0.11767518480211565
-0.19151544814382948	-0.1754519988918768
-0.34179486703776085	-0.3315409200659274
-0.17943708590737995	-0.18237010823969266
-0.3040936757662651	-0.3028610299446848
-0.13478383510519798	-0.1262655907883123
-0.3128032861267904	-0.33756282679209054
-0.3016205645727945	-0.314398446103841
-0.0025995431871965735	0.01721815224788597
-0.5190499234654711	-0.5181254365780402
-0.347430198580545	-0.3433940249864166
-0.17614326513517575	-0.16530374951242838
-0.14567742762893054	-0.13541926427602116
-0.19547405003091622	-0.19378580305856247
-0.30979324878166103	-0.30237400300780376
-0.170373151310919	-0.18826809563131378
-0.04334891658332296	-0.048454805728794625
-0.11130998832330086	-0.10630551010169757
-0.10451536235778658	-0.10025581525534334
-0.2345192233722928	-0.20331014693799612
-0.3157411516841737	-0.311320127221833
-0.07277952084094785	-0.07652285243204819
-0.22423318060539899	-0.21203596199187758
-0.2697977340417088	-0.2720924220249119
-0.03117642393978315	-0.03895864154100534
-0.40739403263134033	-0.4104012438026926
-0.2624039298667036	-0.255870801329491
-0.15598385982782137	-0.16753344977399046
-0.288888146355756	-0.2953279621820743
-0.47943264461962887	-0.47389068840109094
-0.45491656333674335	-0.40735840277052104
-0.10996079693271454	-0.13184282163064728
-0.4139785176568287	-0.41117778565922986
-0.017719941358950386	-0.009206205550456174
-0.4265709158081652	-0.42111685785506076
-0.44578693116606516	-0.4466027571144111
-0.29788484450040187	-0.31069783021310454
-0.5608735460809591	-0.5489748269080488
-0.0026377357024109926	-0.01554180165636454
-0.12800504781552657	-0.1302575764202716
-0.07620908400417292	-0.0904867659886731
-0.4554621040873936	-0.45298303213484287
-0.3274806317819472	-0.319120466600699
-0.49072906177597275	-0.4915211866051403
-0.4584646092677289	-0.44523871449274816
-0.16255035429061415	-0.15316466747165772
0.009053070629000182	0.020459827948603324
-0.13231368249023667	-0.13134483162115898
-0.32492819853930044	-0.3250788006295242
-0.05424403979792913	-0.06851363299215134
-0.34071618948632754	-0.3388859742041915
-0.06185447043594294	-0.07569139561063018
-0.12706120644047036	-0.1379780851719601
-0.17301399283438545	-0.17973466707090352
-0.5245742885765257	-0.5256256141294631
0.005495146693183628	0.01188792825869294
-0.12741010832474675	-0.12599758026925387
-0.3346955840799932	-0.33031485926786885
-0.09605334788101239	-0.111012617583824
-0.3266918110031778	-0.3354226672929475
-0.19419456738821772	-0.2068378856567801
-0.02128642880459708	-0.036412743126784115
-0.15480934884398678	-0.18461049063939344
-0.26645856915681954	-0.2554363180735611
-0.16316358513700457	-0.11381355090876441
-0.1246710421367796	-0.12843465297827625
-0.5350739625643985	-0.5220086917074377
-0.31864220065079607	-0.33743431134433777
-0.33354779520806677	-0.3466136591234405
-0.07381706818416589	-0.03982727850866449
-0.4077329231585498	-0.41315488623492763
-0.11488329726529045	-0.1446610817113588
-0.3108454177836766	-0.3119454928119816
-0.1879942599819442	-0.18205675186390494
-0.2566794720001422	-0.24756165161623916
-0.0925049783611156	-0.12579738875193283
-0.3174444619314123	-0.3240611278298468
-0.10926659058707067	-0.0912730031716048
-0.38288385467387265	-0.4122492217521562
-0.14353544469859525	-0.14221186079255768
-0.3933241012331168	-0.40452674848854797
-0.5562170558738115	-0.5490905788714808
-0.18720877067588582	-0.19229783720083218
-0.310188234584059	-0.3102792613776608
-0.1803704425861543	-0.17420039653904526
-0.3081922018255714	-0.323255254938012
-0.1739407204917498	-0.15091786483340627
-0.17765573841316407	-0.18360754694946044
-0.14368166664845816	-0.13654728471471664
-0.09626411138564261	-0.0896171007786962
-0.466817492215295	-0.4668081112617465
-0.2915757356725255	-0.29115098964591274
-0.1759404412140544	-0.17535017776235556
-0.054168162811630616	-0.03952772693248279
-0.42998919613588704	-0.5739133833801494
-0.17532266611606495	-0.1830810940413582
-0.15062519528351181	-0.1449946326312178
-0.21302578213829104	-0.19654062745736783
-0.09437291717297924	-0.10582287511320296
-0.10966542847629235	-0.12202856791889508
-0.08841213149270732	-0.07686273228400008
-0.45580395111619776	-0.4391769459536128
-0.19293308733738357	-0.18742653899737044
-0.03743002793274375	-0.02328746261040725
-0.1605582250300026	-0.15595617540639464
-0.300360925414223	-0.2964125238373316
-0.04238015693342767	-0.029991377016330305
-0.4483069923044152	-0.4573808124692879
-0.20925742142396242	-0.21182021636177434
-0.14311444575275	-0.13408538482514773
-0.11952853326450885	-0.11140973592282409
0.22788299685528912	0.23271954985854737
-0.4796176386077615	-0.46808692378069167
-0.34346001440861684	-0.308809595291285
-0.14041684176187985	-0.139977119488288
-0.3134577587819871	-0.3330303790366839
-0.1661880881374831	-0.15868531097094712
-0.6119288270847889	-0.616551316564634
-0.03896318749903216	-0.0558826879425127
-0.11404739310447631	-0.1314692133332325
-0.4953121956882862	-0.5018878929148568
-0.48393155604128957	-0.47916239761273033
-0.5581701336849925	-0.5361778933168223
-0.10233442771089774	-0.09618201553933643
-0.3491250905348675	-0.3500939441788637
-0.3149409534610488	-0.3383605830368797
-0.052318362566166066	-0.08480606110213086
-0.47302572012037913	-0.4760304625232246
-0.05356071664532358	-0.06051331117269497
-0.27634102774394975	-0.3125687343261925
-0.3549530359715982	-0.33395245684389085
-0.09596153976510724	-0.12777262835208872
-0.3154525916041342	-0.30745524237008875
-0.3776671929713089	-0.3862065762453535
-0.27760523650837143	-0.2844146891943614
-0.17753478808314682	-0.18632524718590085
-0.09451952133096775	-0.09132571413145332
-0.2977306805551754	-0.3072864675117662
-0.31315903304746406	-0.29169029011547487
-0.1790625169812703	-0.18363449417226835
-0.2205497773074203	-0.21247241104031506
-0.5411725610950171	-0.5348218848231083
-0.34020336203944623	-0.3220075424630156
-0.2828343512428493	-0.2821469854491331
-0.18921728365503654	-0.2027765029501013
-0.1707268602264378	-0.16222971332560035
-0.09281879371601676	-0.10066071051728055
-0.22812687590474745	-0.23354371194469625
-0.1740480880182238	-0.17925230966520744
-0.12931128465414954	-0.13780288707237348
-0.2677672827570854	-0.2671300548492928
-0.24804296372477452	-0.26541211026717554
-0.1788094425895146	-0.2240095230344892
-0.18183473877706646	-0.18105379081819073
-0.5060877238984949	-0.46951644356128275
0.017646989225097442	0.0010999907260442327
-0.0916353239164085	-0.10140926974622617
-0.26972046245949066	-0.29651496756759593
-0.11147744399541892	-0.1588037419267411
-0.3398704448701988	-0.32777618466784053
-0.06271711398468316	-0.0923675607429588
-0.2120549757363328	-0.19858078817853358
0.21439894906553292	0.226305997796945
-0.17828783707139628	-0.18208853176153472
-0.12481229366081692	-0.13275927417579708
-0.33316737092915716	-0.3480757789048752
-0.17306706146472273	-0.17273518345757205
-0.49405626308343287	-0.4927758278512719
-0.0948911423923926	-0.09922065264379261
-0.31637051878228384	-0.3195656126115524
-0.18390273655426093	-0.18725170529989157
-0.33462387497977986	-0.33567557093026307
-0.18402879401157612	-0.15832329351545138
-0.1689023464620769	-0.16335943902844138
-0.07976394539389275	-0.07965761519209466
-0.2897215578257839	-0.2945523361637191
-0.2591235671936367	-0.2126479317508195
-0.6117679380305159	-0.6164590550138618
-0.5916156424831698	-0.616192269901484
-0.19364874691213885	-0.19000313020060566
-0.31020054258544505	-0.30652388554122956
-0.26729625168805526	-0.26337486623302714
-0.48841974055010695	-0.4946794725163845
-0.3331043842877275	-0.3251831164512447
-0.22509073576144978	-0.22933338823414406
-0.3381033199684431	-0.32899352071769855
-0.3094390147493744	-0.3061144987576682
-0.1622709540349625	-0.1703435654822141
-0.17595757871980844	-0.1367500027403404
-0.08997654944959788	-0.10388949761195221
0.07722045878163097	0.08005327554666244
-0.10803189606142194	-0.09103235770452489
-0.19841699786757694	-0.19845848219619433
-0.18918176462461744	-0.19592055409938422
-0.18356227722915808	-0.16720528986634073
-0.5137323319389999	-0.5023720744574169
-0.29900430568493874	-0.29962983247748476
-0.21878724203068955	-0.2275802902091407
-0.17440098950378058	-0.16906671193103479
-0.1483821739795399	-0.1296572668608201
-0.21654686501122455	-0.20867394403652434
-0.1434848031808782	-0.12740625871862712
-0.247342821394696	-0.22708821454621753
-0.05507125374025712	-0.0639243662369432
-0.3606697882334178	-0.37153308729872125
-0.27303741855635355	-0.2691282169975561
-0.34026959445039395	-0.33392946667479584
-0.3029251593593534	-0.2919520103391428
-0.345076955399108	-0.3203712171001413
-0.4361680401272281	-0.4494050717148655
-0.6172467391532566	-0.617468981800812
-0.22283883467526167	-0.21426110727909012
-0.17684729803923904	-0.18712453036096557
-0.3087699594513751	-0.3174159639527278
-0.19272207986859868	-0.18801655473493217
-0.4569436806725484	-0.44921392994437015
-0.06741580895471877	-0.07676599536555227
-0.3195491552000753	-0.30168900227016304
-0.29378880724431333	-0.32424384012697427
-0.27428318389113393	-0.29169227697526484
-0.06464840270692651	-0.062247130600917494
-8.666376473698278e-05	-0.0005680388238055573
-0.2730015953125058	-0.28573706387785686
-0.33519833422173395	-0.3279500545282905
0.0006765839577624888	0.011352178685225568
-0.5155736040924559	-0.5168338084873576
-0.22232139684431296	-0.20506791114894665
-0.26902570785300917	-0.26707920388222084
-0.16211413294641197	-0.15904109185642423
-0.6258874130500391	-0.6083048707463458
-0.12992735485983786	-0.13632528606114952
-0.3896695939813135	-0.3921867526960839
-0.24294297124890107	-0.2347710872265414
-0.3396048391852631	-0.323186752385429
-0.5483270118566068	-0.5520518003475434
-0.49017032028061003	-0.48823387671002233
-0.2189615345743956	-0.17882550072624484
-0.26960946612797265	-0.28560699101012155
-0.3871848328016556	-0.38540970729537827
-0.4449108110617246	-0.44841074979537365
-0.10765320304129133	-0.10264223887507294
-0.025249776351683906	-0.036324135312860786
-0.13069347398459286	-0.12319375992976898
-0.2814903073563313	-0.28461231956542093
-0.1892821154718778	-0.19845834377534435
-0.34018494488979556	-0.34798040670139047
-0.6239483675845054	-0.6309553542131776
-0.16136811286688335	-0.14990205082350322
-0.21196953433115873	-0.2030064545962465
-0.3731016907213984	-0.3736922724346523
-0.4333840316660549	-0.44100121889829846
-0.008232811865807932	-0.013763598327260537
-0.47557728393489285	-0.4658536796650794
0.041496087991088615	0.05675970233280894
-0.21374839964905057	-0.25160695973824126
-0.4750971911910753	-0.4740676380554382
-0.26536353944170443	-0.28929426177841205
-0.2721283040871265	-0.25796280614932493
-0.13952175751547813	-0.16947473805263957
-0.35574983002946414	-0.32922863973419564
-0.19256642340501884	-0.19664985745595887
-0.486861196964381	-0.47118027364433696
-0.13593168857689975	-0.1698123916438013
-0.32817195448273573	-0.3398143661960107
-0.04262274653358755	-0.04862175111287308
-0.3021008529817655	-0.31487367713851117
-0.30723671283739673	-0.2989693764352551
-0.5054129331796151	-0.5026563486445046
-0.252210874134815	-0.2551310600127249
-0.13183596968701394	-0.1453600033006326
-0.30645699754135514	-0.3039579750187911
-0.32307039913956803	-0.32388507024705687
-0.382304652009374	-0.38764199850270664
-0.1952230504076775	-0.1953509169849306
-0.2638736681710725	-0.2722204415074099
-0.48810195539723367	-0.46814230420727243
-0.19187920263259173	-0.19874510070982568
-0.4645687793706301	-0.47054222343677776
-0.35239154608717094	-0.3362882165582236
-0.08321308360459945	-0.20051634657224207
-0.24085699115496872	-0.23853384083636558
-0.1290462272656132	-0.1205026523728882
-0.2524557935367735	-0.25228827575466395
-0.3146866093821288	-0.30854005477521174
-0.3970639611068183	-0.41665113108672935
-0.004663166951347719	0.004304293288872409
-0.24111515074687695	-0.2192287783952754
-0.5176045486906746	-0.5187735625008565
-0.13710920266562177	-0.1426988514225508
-0.037259421199714815	-0.04077568810245743
0.06402405317260751	0.05226424219645672
-0.5400771065895977	-0.5368358011762481
-0.13426801134727206	-0.13808846706503727
-0.10840224180095959	-0.10166434000462447
-0.5302068125622084	-0.48986580133848984
-0.18291434386764927	-0.17969180773370785
-0.16577093827928113	-0.16795154847392382
-0.09362707191718656	-0.09798398052434346
-0.15809145540808256	-0.13346916811750625
-0.5364870453757646	-0.5402476164906315
-0.0742440160214839	-0.07220144351046405
-0.2963597634914832	-0.29246975697329486
-0.2771350807582511	-0.17591805018839163
-0.10522980809391136	-0.10386240575325172
-0.29306560522663716	-0.3350541600712301
-0.2713939046553637	-0.2944202553172348
-0.168203691321966	-0.17549588676757938
-0.15452150579904078	-0.14226000442598935
-0.24515620758968737	-0.23813974536536983
-0.026626958840498816	-0.021189917047363498
-0.2712066261126349	-0.3107822338718152
-0.41151391548433125	-0.4084184654506649
-0.09870207586152446	-0.09211476149961592
-0.24455142113217043	-0.2570970442787438
-0.07367852700617927	-0.06253789742343482
-0.07116763298709472	-0.06325155553284098
-0.06010627434623039	0.006794843085202249
-0.3513177958106084	-0.3639570551120557
-0.5450946574077795	-0.5652118484390454
0.04821667388339712	0.07606136616196668
-0.0942964859872717	-0.10312098754811803
-0.35098765364206574	-0.3378548040832497
-0.1763906267196962	-0.17242412227227052
0.040948561412958995	0.03525849725368466
-0.38453733520869626	-0.3824308174225685
-0.048360986092417235	-0.055104177444995406
-0.09889160245980833	-0.1045674417960331
-0.4911694299551579	-0.4757493902660241
-0.47011040380630664	-0.48950662329933836
-0.16690525679750046	-0.1690572165726051
-0.22287562033544184	-0.2260789441935383
-0.17677861635959768	-0.18435747370250077
-0.3188822592829421	-0.3320907936073185
-0.2985284272622808	-0.3376310964289827
-0.36720690243451326	-0.4007112456854891
-0.07221926174304816	-0.19905988176724976
-0.09127789627447669	-0.10953240005384446
-0.18239296687414353	-0.20503146907907205
-0.29595046175872497	-0.30357828464241565
-0.2639255872040751	-0.2636719296824115
-0.19357512277814148	-0.18300137549037673
-0.6035195866141194	-0.6042365950696891
0.051148227414683944	0.0716243804572778
-0.22403511940766663	-0.21949711030423202
-0.5289990701275835	-0.5438922668722116
-0.2628825752257047	-0.25324519370698123
-0.3357533494151319	-0.3177893690583782
-0.3092063533299054	-0.30236360607110224
-0.3482189178981372	-0.33550976541690614
-0.14745356238809926	-0.16257904673371573
-0.14035217923077248	-0.17428964110245648
-0.32004898937265835	-0.30787798099564967
-0.13697706706375623	-0.12872742730159598
-0.08759744039578177	-0.07961382795779011
-0.26883072522737805	-0.2573588302842569
-0.28583518357932647	-0.2891455236712858
-0.3033021919465799	-0.2876928110876652
-0.32424366908013447	-0.3284796907301718
-0.49458294879847653	-0.4888245076730203
-0.25719951832236987	-0.25227729792825665
0.0336012717226124	0.03121578215322498
-0.14598918837990382	-0.1638576342991097
-0.4573206883411842	-0.4534131850390646
0.034577354358702905	0.020102231546707247
-0.052345222894381926	-0.05531412432908597
-0.5055118882884502	-0.5017627449937446
0.012792992655155544	0.018121738275872375
-0.06328816717536423	-0.06408155620160229
-0.23881019507264156	-0.2497232961418312
-0.08451286955560011	-0.05179041592880351
0.008816431648311251	0.012842291696108633
-0.4716420711861087	-0.4881907109285125
-0.01121312410592612	-0.009045021776826995
-0.47800592337674086	-0.4862034639892067
-0.6344656763295511	-0.6149801326050478
-0.4763981641541353	-0.4895199427456476
-0.2643340236387708	-0.2451341583767662
-0.0956279879755666	-0.09288623367867137
-0.1710766400627275	-0.17584155365448403
-0.41404321685237555	-0.41717450345909635
-0.6070011182698636	-0.5963095016239277
-0.44079161551209367	-0.45043753267512054
-0.17815854829391853	-0.1667966554943154
-0.3997766660992763	-0.33629914288635676
-0.43743049607501483	-0.4414810247292598
-0.6340185991322516	-0.6055073278273096
-0.5255673206270082	-0.5259857388555246
-0.2605340871910382	-0.24383842010988813
-0.568539135374051	-0.5772930815954651
-0.596292177816105	-0.5921971364045402
-0.13545574592049547	-0.13639039955051507
-0.29896982100646063	-0.29754235139387925
-0.14883675964429433	-0.14333451400965885
-0.1350386470863203	-0.1376018421904184
0.0795585809064443	0.05187939989975989
-0.36682853824328276	-0.3844322718219385
-0.3713087868205722	-0.3799829467020678
-0.14310843580067178	-0.13423833669237217
-0.370680700069542	-0.34423987177496923
0.0684863417305861	0.05969327251632303
-0.3441890686925575	-0.3507246846988139
-0.36779319026301316	-0.34433527691901283
-0.19488365920616246	-0.20211271406908082
-0.2533955839523774	-0.26452740891657567
-0.49972810968494574	-0.4930041152638578
-0.27725370579682185	-0.2772048385991644
-0.20014958664406102	-0.22388119635577527
-0.40828012049302664	-0.4017609232220873
-0.16650521693056852	-0.17118929874758188
-0.05446828057495612	-0.061141494523348015
-0.4042136023324705	-0.41890187512393906
-0.13455707641198522	-0.12304428810235367
-0.40674163436153066	-0.40018879147399966
-0.11558452414133935	-0.11466560803581001
-0.10410710416931757	-0.10039320045930002
-0.2315478312689523	-0.2371281903778869
-0.16890135280893315	-0.16911032375389112
-0.317951118893669	-0.31824448992962867
-0.2961497295206721	-0.31063418570934775
-0.11567112908638322	-0.09715981891357235
-0.4134038105587585	-0.4011851004135986
-0.41926401053039264	-0.4241732448917649
-0.5036348910411927	-0.5102110522672517
-0.06750199253141709	-0.07182203903732365
-0.37016233460748893	-0.3492067051293333
-0.4208782150999184	-0.425585640303737
-0.41496244478045696	-0.41055561167823157
-0.5975421528522116	-0.5921309799940906
-0.19088239513432015	-0.18385601792372008
-0.4841781088066295	-0.47767374256014655
-0.13191866374883343	-0.1301803852560531
-0.25532915184488836	-0.2619864231490848
-0.12536981391155688	-0.1267546450532571
-0.3484805393564576	-0.3544869799837189
-0.19066966203336122	-0.16790435603989265
-0.2871442008915972	-0.2766275685531954
-0.2102398639019354	-0.22060532505290772
-0.1304306269197184	-0.13918155463583168
-0.01794530501505598	-0.04410357454808246
-0.17313667004698452	-0.1808405110130024
-0.5095213507753824	-0.5139389187620028
0.0627733825338943	0.05697588504302555
-0.2451504175933792	-0.22816847388278313
-0.2290680522794215	-0.19627847012705385
-0.21570850959906895	-0.21764311917328966
-0.3940024941414224	-0.3883608503510918
-0.17573593567196966	-0.18248687454673243
-0.6101720974406426	-0.615183478118208
-0.1990337072355297	-0.21930074157915427
-0.010688601632099726	-0.001220474278971225
-0.1943137555866894	-0.19660654776000933
-0.13374546388195796	-0.13811316690410383
0.13681362323591983	0.13003446591728085
-0.2192220126600848	-0.23507101236634384
-0.45706827859173416	-0.4606154411548046
-0.10364513775640027	-0.12555354529284316
0.010543160787424455	-0.0023622032804241403
-0.1257614411484962	-0.1144877638950682
-0.1708632101432439	-0.1569339110343983
-0.05096347518913369	-0.049787644658545335
-0.4667576199034018	-0.4756099626156454
-0.1754216641840447	-0.1839481346349527
-0.06440137332636198	-0.06070534687061217
0.03574939080264716	0.018670836646180453
-0.15010868067061	-0.18563874286038864
-0.41887033811959995	-0.42330550291014785
-0.2064983614443996	-0.20323738732253047
-0.31912264878956975	-0.32173890843556335
-0.3545692130526277	-0.3525351304366704
-0.06343448702784471	-0.05682486731954496
-0.08882923595256642	-0.08360276122119469
-0.211993051932712	-0.21349307691994865
-0.08653968081937435	-0.09254787756105846
-0.37827658310327195	-0.36500415774409284
-0.21330793298700446	-0.21085735038323186
-0.31388853401990335	-0.316707482553554
-0.1804770624623373	-0.1644519011781018
-0.2870874833513888	-0.30363278236838953
-0.5371516469731255	-0.5271335040720244
-0.4028370194869506	-0.40117500146810653
-0.3856429706420208	-0.36987892870065825
-0.046265796707912976	-0.07661051748726552
-0.08831531242676505	-0.08180368517898107
-0.15659788165229216	-0.1656610255495296
-0.0642519740999008	-0.046572262403455106
-0.20684143375819541	-0.22239626192655906
-0.1362657348684948	-0.12622447212812146
-0.308337658893322	-0.28826410322219986
-0.20972502705475726	-0.2013862235371703
-0.14225603089447958	-0.12518394501881863
-0.1837508239637824	-0.19433434506983077
-0.11318006114042234	-0.11238194487351012
-0.3492813086565292	-0.326055753480514
-0.6132238032015849	-0.6197706771781638
-0.06375352296231895	-0.04517156782101531
-0.6090219980751943	-0.6148341596645237
-0.18132240101571995	-0.20099516468847062
-0.5695284367025266	-0.5602504954167317
-0.20763764941618668	-0.16683430037434294
-0.26564334268278067	-0.27333653046621326
-0.5049195304413203	-0.5051322828073126
-0.3421196756993936	-0.3409336416792671
-0.12888485792983317	-0.15382407778931642
-0.4880748053290134	-0.4866480103208032
-0.42885132900081135	-0.41419313323431656
-0.30621694682406364	-0.3010730805378079
-0.1558738120575116	-0.15185341163647842
-0.3410639109305018	-0.32905631464131035
-0.5184830035833947	-0.5303902062987689
-0.5482649982507155	-0.5360535998575455
-0.3801532730539847	-0.3638067472813944
-0.16998882814394456	-0.1662378546099276
-0.17185278557959638	-0.17256564541320601
-0.007528615023773	-0.010268205849102914
-0.29807287543219196	-0.3065253502566378
-0.22404172072571793	-0.2408623970491731
-0.31411326473846035	-0.3290733846689969
-0.03323059580704246	-0.052542015232519064
-0.3776258757611206	-0.3581086660056179
-0.2777668703263032	-0.2807169639104003
-0.438425024281468	-0.4254033583062149
-0.5854585525427307	-0.6002147098209895
-0.5355751924617405	-0.5503599969642284
-0.34758144994063933	-0.34377791513945893
-0.24902603591165828	-0.2569845877839276
-0.3718454942331064	-0.37226194909468957
-0.11491196906598233	-0.062017881028851994
-0.37040632502148974	-0.3770525686752045
-0.08660681068795917	-0.08506701228214944
-0.563213667007405	-0.5720610500203934
-0.18922400042059184	-0.20026908756105732
-0.4658454168466317	-0.4713467630098778
-0.15748043364021136	-0.1630077558623341
-0.2654870415125199	-0.2697767541976637
-0.04503325534951763	-0.030332967415468925
-0.4637034269055835	-0.479896286932385
-0.12069012499420317	-0.14501327244238957
-0.14692675057396976	-0.17284362133207576
-0.2724596538432973	-0.24898167754432532
-0.6127157270157539	-0.6102702871989406
-0.26261292057279917	-0.24130088127416624
-0.08610685904076298	-0.057914076239079314
-0.27254755559859234	-0.28401238075390284
-0.22790161332937764	-0.23654828354744425
-0.4128748091941299	-0.4131100204828169
-0.1798206452149813	-0.20236010531376417
-0.23693751494734983	-0.2517669421511089
-0.47545165351314367	-0.4665252317386435
-0.35396617952156717	-0.33947399364071146
-0.34850059105489173	-0.3453435409685858
-0.6104855930092397	-0.6321208274441957
-0.4490999282259063	-0.4468275648346756
-0.07762817571496328	-0.08573179396207294
-0.1547995019578563	-0.15831908018688484
-0.2880751055744213	-0.27754308311678905
-0.22941508718311443	-0.21754994441078204
-0.537021496751418	-0.5326941866974731
-0.24586611869626562	-0.22610689333627307
-0.42490800044881816	-0.44211172905068635
-0.42440983357526996	-0.4158661310561453
-0.4804202046561201	-0.49720485420933186
-0.0989286923700794	-0.09820914410609509
-0.19379285447202843	-0.18934706915879726
-0.5163118862123834	-0.5065281494263207
-0.15798657581614428	-0.1251336507635856
-0.45660984376285185	-0.4578035038640385
-0.4827103746698578	-0.4045758160815967
-0.5010869062745966	-0.493421481716253
-0.5165408481839986	-0.5091734635234957
-0.17651042083454271	-0.16919956041938622
-0.23185708704886387	-0.2866110198725428
-0.43849330913023365	-0.45071487773585317
-0.18716402965765688	-0.17940023829018373
-0.18586106368750777	-0.19507211759885912
-0.3217904377142826	-0.32184745381141244
-0.315224076383541	-0.321886510224766
-0.3284847745429831	-0.30972905492649344
-0.3378208515442367	-0.32691415848351374
-0.2599927223770031	-0.2707888702799453
-0.61799486297447	-0.6196110120381993
-0.2150626355257872	-0.22345045404937386
-0.08281861652625544	-0.08935222986885946
-0.4617210044707267	-0.47360463348613907
-0.23625109627062812	-0.2494077425673106
-0.42539962838486467	-0.4215100373531742
-0.07335302065355975	-0.05818019813713649
0.03688049266877247	0.02960218720588339
-0.16601300394649776	-0.1625072298065953
-0.22115946748989312	-0.2204148313922671
-0.10945705578562137	-0.048857658927505064
-0.12485339617725444	-0.13541107297329721
-0.3004078950509186	-0.31347685679085047
-0.626047862346109	-0.6232964015485345
-0.36769183804852634	-0.3483191595996206
-0.043463019013369575	-0.042212738707962265
-0.22112229571474895	-0.2187067680284189
-0.2981492356938027	-0.30727733344416575
-0.4362275513343814	-0.4291827438139016
-0.45440983413717717	-0.4495763033002355
-0.016489666837146366	-0.007474398566525049
-0.08801190022095362	-0.05883619084591751
-0.27994522676802536	-0.288892189904341
-0.3484741470390711	-0.35274238386224965
-0.2704812777932357	-0.2700959457003913
-0.330935344600074	-0.2763704997597747
-0.047533010029289	-0.054365100405812654
-0.4787870336250366	-0.48490089417910054
0.052509480367725736	0.07331040837203098
-0.14807727112771296	-0.1515733956086349
-0.06515455854256391	-0.055347838118313605
-0.4017853661173536	-0.40437101348977267
-0.1923470543216501	-0.19475852396733814
-0.6050796051088341	-0.6125597980615539
0.016169187095140813	0.005874600175280614
-0.588559310843829	-0.5926116573459884
-0.1432448497713752	-0.14626832843042367
-0.18749288558436383	-0.18772197411207092
-0.33107802116922525	-0.3251278130768095
-0.42522569163925183	-0.4461077263830202
-0.3424944780329726	-0.29313291884244846
-0.29100506952683425	-0.2822284656608768
-0.17753340947348484	-0.175222012462832
-0.442734073701617	-0.45388946381474987
-0.4940024525850948	-0.4966835200255669
-0.004162602781960345	-0.02129532964884556
-0.29468178397528	-0.29220452807910724
-0.49452800396492247	-0.4799116403793217
-0.33146314946936606	-0.35007489741181297
-0.020625841429503744	-0.03608208903322306
-0.3338634877285944	-0.3326520372166938
-0.1633262460001017	-0.14013576572279038
-0.5167858792810787	-0.5236567749706035
-0.4925540424708359	-0.49421168423715744
-0.025496241996575186	-0.018100703918840628
-0.23239365400184475	-0.23047943554323755
0.03666106133403346	0.038123987441986903
-0.2492069570743265	-0.26286478929323476
-0.3056614468813059	-0.31112795343782346
-0.06799875637280817	-0.07516653189492602
-0.32840043240574524	-0.3216549669210206
0.0555182739041955	0.05307791047469581
-0.48897016235993274	-0.4976861973459469
-0.3128578018982857	-0.31961539337057215
-0.07487885270286743	-0.07360550598431402
-0.1269518268640395	-0.13034531397137028
-0.5310550256064523	-0.5382907156604446
-0.18814733690705587	-0.21370124975408583
-0.3601688757841792	-0.3363958088198242
-0.08190327560864041	-0.0928842703812253
-0.46884605825372994	-0.4556119972225081
-0.044944313180135254	-0.026092502937848875
-0.3489201544475442	-0.3542488553817703
-0.321945807773683	-0.3242783723424958
-0.3078449631054827	-0.29581395357725637
-0.3774510149203101	-0.3833376627045791
-0.20172469298068485	-0.20539590394521967
-0.048322346163885754	-0.026641649455636022
-0.266441604667933	-0.2669453616090868
-0.17776533848226173	-0.18392478572439216
-0.19512809182234747	-0.1858899492629536
-0.2351155674732608	-0.22167886209929802
-0.09910468475377421	-0.10264909334070929
-0.009497900255592384	-0.023817408700737046
-0.36743334195426236	-0.3708698702197201
-0.19202292701405543	-0.19771880037639195
-0.1973287329974367	-0.19639777802176855
-0.4512522892145485	-0.4561605619401498
-0.12546028498647388	-0.12495724536474383
-0.17233829921305954	-0.17593846088464096
-0.352465743745773	-0.35866776285184065
-0.03921401258950752	-0.03011258269727392
-0.25608839319522847	-0.24657737485621964
-0.0180138378232364	-0.017727852457455607
-0.30100367727063126	-0.30834819154268106
-0.05920716046950414	-0.022690964464339308
-0.1369500704033051	-0.1331967092578121
-0.2845735313297135	-0.2649447277725543
-0.36412320433742984	-0.34199424276151896
-0.11694770670040366	-0.1049026027551046
0.022940459842677896	0.02242833856262879
-0.5109585308990399	-0.4969945763473677
-0.1171533109934213	-0.11915329392928001
-0.19669940372319417	-0.19800195308922225
-0.26797947791379073	-0.31579026578930236
-0.13497813858937313	-0.12994970274465667
-0.25276726293899987	-0.23991822649216693
-0.0977899118150587	-0.09137991664706235
-0.24347264221111864	-0.20038427281825985
-0.47739705573245406	-0.4925680483961837
-0.5206022740659879	-0.509899910435892
-0.17377924444596182	-0.14857150051630788
-0.44364673460502857	-0.45171921621041017
-0.30568230145795106	-0.29956555343940156
-0.16374695698766573	-0.12378803664830415
-0.2971159368134071	-0.3038852973965549
-0.1569350260851845	-0.17132773936144277
-0.5002914278546609	-0.5032140497104153
-0.38340579158474863	-0.3778513759960342
-0.20106986398350823	-0.20749629929238317
-0.022961809064995897	-0.03003806706133912
-0.3080954802982703	-0.3106022619520711
-0.07776580816631196	-0.03031561801824786
-0.31292604877468655	-0.27054950369632963
-0.5346069325826033	-0.5338627132586052
-0.6267998580838672	-0.6201018812930728
-0.3278680004493726	-0.320520519688426
-0.19228834650861337	-0.18756776811436404
-0.16295408330791972	-0.1553232522399884
-0.20258174260629858	-0.18010749537596002
-0.1973612559328597	-0.1370980975331564
-0.17480567313304363	-0.1783181015556285
-0.45287281655170375	-0.44782198582703897
-0.13142170131189435	-0.1266906570761178
-0.2991979487666949	-0.3047444904513632
-0.22729288240104495	-0.2260472627927476
-0.2927458435149344	-0.32697765790586786
-0.13222842759637388	-0.1400453346489363
-0.27828647078063806	-0.27545450485886963
-0.14139115509952838	-0.16727146648896493
-0.04687938554999871	-0.050142285938633915
-0.1896473471354554	-0.18038444704015405
-0.4136029576355824	-0.43749008364957287
-0.355433999950888	-0.32953048521960104
-0.16047020919345556	-0.16534013102101663
-0.501316920038855	-0.4848362418689841
-0.14707706220729566	-0.13709776570833085
-0.4346365127676073	-0.45091353076054436
-0.1728864360354132	-0.17302532803370674
-0.14032256190853598	-0.13598430719597404
-0.4386716541054909	-0.44740532189197607
-0.06070174300308562	-0.05971728797197811
-0.3240887753950963	-0.3318983540733581
-0.465296311510464	-0.48523741384852276
-0.1031145967497249	-0.1463337584613791
-0.5501105005088478	-0.5506988055581725
-0.19210411823573104	-0.1780573558011448
-0.3281131487652935	-0.33404909768800545
-0.14060377064845397	-0.055543163632727634
-0.43703337779921103	-0.43894896446856163
-0.25437587463726175	-0.2552022826684802
-0.35020424316076415	-0.3562307421089485
-0.29897352520991305	-0.29252527599835004
-0.5134596302662242	-0.5094624255859209
-0.1262517070765341	-0.13194707096211608
-0.23103929876029738	-0.25154686327343323
-0.5944955979813589	-0.6067650406595152
-0.14904542235635088	-0.1387799207216014
-0.3121737320056397	-0.3142376299579093
-0.46900203245620276	-0.47433974277659696
-0.09157334941332529	-0.11454059145883003
-0.1915949639536958	-0.17902192727786043
-0.08850873282667493	-0.1915711433684714
-0.17555303873119854	-0.16519086547597092
-0.314356624181106	-0.2911263708419594
-0.3905432458663842	-0.3968154247627531
-0.17992425301659676	-0.1758030159880988
-0.5692769449759592	-0.538052259457332
-0.253420010753004	-0.2493458808810826
-0.4540549478964806	-0.47314769542031715
-0.4891061760767279	-0.48778939534667753
-0.08048233076245026	-0.08874749075994737
-0.2547417830611698	-0.2610814044825001
-0.299688686908798	-0.2942158181888242
-0.33840092302981617	-0.31620918404231707
-0.3396422941647428	-0.34492800125817413
-0.02778346431679246	0.003492192557677897
-0.4605613795815069	-0.45324204914530725
-0.2901816482263735	-0.2929996624983491
-0.18435591001740548	-0.16834404722644639
-0.20786997285364084	-0.20754001326527963
-0.057616960236384074	-0.05562268645989967
-0.28821985937802985	-0.24838727618028075
-0.2729893605011835	-0.24443043114663285
-0.2896335017562599	-0.32122293114237255
-0.1284754129278074	-0.12473777124782295
-0.5140077144121982	-0.5104209687848962
-0.16528805076967235	-0.16579573942730963
0.08722741362355357	0.07744355163692197
-0.47669718048364906	-0.470867725069378
-0.13148596918702804	-0.12447524455741008
-0.2516031198734101	-0.25865492195083645
-0.16752326768943604	-0.17859258517023346
-0.4799988912968951	-0.4672160719522772
-0.17411503519519567	-0.1784669085160272
-0.300589160833443	-0.2938233892786957
-0.2379274820032613	-0.246406514767747
-0.07007562187404304	-0.08281009167246745
-0.3123830526202642	-0.3018323967902756
-0.49067503682675717	-0.4867829450713714
-0.3063950149466743	-0.29724102446738976
-0.07769868447884498	-0.07683210924756938
-0.48247973151550383	-0.4899270808611276
-0.29459406940056354	-0.2991298310317649
-0.46723225670384405	-0.4821547846066658
-0.2891177457372791	-0.2849196940990842
-0.3216707252452444	-0.3136305974258446
-0.04075799352640708	-0.0716123316794118
-0.3778972456753351	-0.3852626486050084
-0.1058691700166765	-0.09763463002377407
-0.10836263898938903	-0.10707722427628491
-0.24809551927974205	-0.2603103314946755
-0.3085724783820041	-0.31684558127128454
-0.17323067868052178	-0.18184796163334624
-0.3751467354732245	-0.43844693396653694
-0.10547774356702799	-0.09692054281629735
-0.43691636630720154	-0.42536919115472605
-0.225741420113442	-0.23951490441844422
-0.05869228947282057	-0.04809260150901009
-0.45923353650981547	-0.4580868173825365
-0.47338287147731783	-0.4645237959414962
0.2512967149770615	0.2627782533339563
-0.3952449163622447	-0.4131936065540571
-0.4001169046482893	-0.4006964066709149
-0.13186197266490396	-0.09714583531400942
-0.5407742780664329	-0.5566933237117161
-0.17621720396741658	-0.17375067956252635
0.030018237334656916	0.0339419014746041
-0.3414887371981017	-0.33207949123643105
-0.1831278525875284	-0.1702766210354841
-0.4528779289933613	-0.44067853359146425
-0.3666185385481908	-0.36614480394479765
-0.28244233399698526	-0.28691014133811626
-0.6076734773735915	-0.6093691244183953
-0.4097707738291785	-0.41183809091373286
-0.1095435920433081	-0.1012176108515875
-0.3247566002223703	-0.3199525600365934
-0.4670602971535125	-0.46221927378728406
-0.18245008677730645	-0.18765537525578477
-0.4576047380397057	-0.4587277954429168
-0.20513614293485105	-0.19316557551802696
-0.22213678709085194	-0.23506103411777907
-0.5872782371029066	-0.5988247156983364
-0.06949125781624232	-0.08702847454676373
-0.27646272967787944	-0.26279231839124423
-0.18846778969917555	-0.18201324786851727
-0.2294735425656631	-0.24748807724478689
-0.18469280677120103	-0.1962412126284802
-0.49308051186297597	-0.48599447288480896
-0.33705840593538916	-0.32255993170051933
-0.34120846412138484	-0.3197683119276495
-0.13191740382212647	-0.10341163583116841
-0.2140779684793621	-0.23535466191141868
0.03525863732449164	-0.03953108450072818
-0.21821428955458888	-0.2077237812191149
-0.09593727105787941	-0.09134981419319319
-0.5999906856537791	-0.6010044275865628
-0.045916871713586715	-0.05612068270287663
-0.04490962701161649	-0.009117131042275205
-0.2462671338759863	-0.23965405169889512
-0.399961864781158	-0.3889125928478902
-0.33690467194671214	-0.3553712367729022
-0.16388029095392742	-0.1804331758640943
-0.30394366083987734	-0.34774782045671876
-0.18163627244524605	-0.18308417142470584
-0.02673200225896455	-0.018745991876273807
-0.03636900790939368	-0.03909081969412375
-0.04911969753169565	-0.04681410063019982
-0.4678453418910511	-0.4620803783112061
-0.4404955526574774	-0.4322055323938298
-0.2229084038060769	-0.22749822047511783
-0.5231872546941609	-0.5065821203109258
-0.3455511582140307	-0.34612623944914117
-0.3386594342194993	-0.3201058014934305
-0.4598873750187593	-0.457623969622711
-0.2976816286795074	-0.30428583612544075
-0.1731521628345698	-0.18017328900714014
-0.2548494613161374	-0.2544442473165635
-0.3552357067753764	-0.3532796546041029
-0.6131461562264828	-0.625336023021908
-0.19925727959698758	-0.18889355327730592
-0.3232427940992153	-0.2644850602191928
-0.1827360991329261	-0.2068737818149575
-0.1238314784102501	-0.11956738719280217
-0.3074253229227457	-0.3072595565925039
-0.19628240347113923	-0.20843333609799405
-0.24640814513113796	-0.2598943834374293
-0.32859498738741877	-0.33109121739133685
-0.58701842513985	-0.5605824275322875
-0.3591701010758275	-0.3582040998443688
-0.17992811246666562	-0.17472604709104567
-0.21276588255389228	-0.20995280158490873
-0.28064079877134596	-0.25964906613163263
-0.293449940138494	-0.2968580529189374
-0.14848681607357506	-0.16491459606687345
-0.40158774174791567	-0.42511398603062567
-0.04109577829550748	-0.05059564173113726
-0.248747441861342	-0.23763415459122197
-0.21092492067480428	-0.20677421579099511
-0.4443873323911589	-0.4636495859832748
-0.3728716891156978	-0.3787695475737817
-0.4408744486399012	-0.4428084562987015
-0.09279943331122098	-0.21446948561419213
-0.27783391311663763	-0.2746958288547302
-0.10176790352309162	-0.15057141779253966
-0.3453284485973498	-0.35481039381283774
-0.06220977485893364	-0.08091746588168053
-0.2971781951325969	-0.301889000405485
-0.3939830708754304	-0.38433313289825516
-0.4188600716931017	-0.42263302891565796
-0.25813587981000374	-0.26614709871588976
-0.25175611998679415	-0.2564340338518352
-0.4630166744514135	-0.4516355189452547
0.059168891768852205	0.054692732034841145
-0.40562849271914203	-0.40180727691784285
-0.5521647600036896	-0.5632047182346921
-0.3049003312751015	-0.31766108717064845
-0.16656791517014735	-0.157060390611138
-0.18004654815001686	-0.17729616399239012
-0.23303699301617442	-0.24068019619215042
0.03591230703162118	0.020306625637606563
-0.30560466549566456	-0.3091338270629758
-0.29598212359722886	-0.2942700955106461
-0.44670828878387603	-0.4469962204567039
-0.354036007177994	-0.36327745410739265
-0.12571875582617587	-0.12721413613395666
-0.44387183361360716	-0.463446016402906
-0.507569567788325	-0.5033063916898413
-0.4740929697283516	-0.47550739922820773
0.046548520976459784	0.029962842556574793
-0.2384268943776071	-0.24584689143461114
-0.10010986242939524	-0.10682610969556891
-0.004639600312275505	-0.020911305628428894
-0.40362224284429704	-0.4015246487680985
-0.14159892503738014	-0.142443231986359
-0.2748553193561172	-0.27392949391334626
-0.49218489179607694	-0.46968594321760965
-0.45596030249384967	-0.4640761423945755
-0.09198452326618511	-0.0842930635286674
-0.108099726973645	-0.08283760192019377
-0.5176100521105029	-0.5136440786844055
-0.3592749558791315	-0.35422004018422604
-0.19276454454578662	-0.1851805223307723
-0.13877786061370934	-0.13308197325966128
-0.09453451777098998	-0.09801744947178474
-0.05928166533905532	-0.08484508414833412
-0.4742734184715145	-0.45452300310222865
-0.13088873414129942	-0.13180839100112213
-0.6216505411376696	-0.6235584862577515
-0.5440126910949861	-0.5392464135414471
-0.17266337248970842	-0.18233479594746918
-0.24821165928346467	-0.2608222122809902
0.0669559744352286	0.0030100050719707202
-0.01819893096911329	-0.061049539692872704
-0.1806289667597918	-0.19251192583794519
-0.1728629738325882	-0.18180247999381738
-0.23401572657653702	-0.2403839425245356
-0.09303252116779959	-0.0810060910853742
-0.3419300969233241	-0.33729269792562533
-0.022725182833839952	-0.026981336373791305
-0.42137695642252027	-0.4138145015455895
-0.3107078184876553	-0.31411754925130725
-0.10837036364619568	-0.09059747908557061
-0.25956530252325294	-0.2615450435401688
-0.4601192587451033	-0.4533634612285033
-0.32781960107618247	-0.318143941219564
-0.19566595294888423	-0.21266002471712392
-0.3806158827665964	-0.38167816296501583
-0.44894741312883646	-0.4496470055783963
0.0024018463510051546	0.003768838423993351
-0.1339290795395165	-0.12552890313602538
-0.28867819801646455	-0.2805830482498481
-0.06438090694626197	-0.0872819467032759
-0.22575780550624192	-0.2220140130250549
-0.4403931961077623	-0.4540808565075575
-0.1731849521891391	-0.20873351227476294
-0.41673464267813465	-0.4175010251348177
-0.23753964578734355	-0.23947182329881894
-0.46323462908665825	-0.4716848620589099
-0.0674153114285101	-0.07100777240105566
-0.5025614452159441	-0.5118448173114585
-0.15867551902323118	-0.16405378243974353
-0.05318097201528538	-0.04164073302787943
-0.010578481824846442	-0.0243372166225862
-0.47161778510783314	-0.43124205326757603
-0.3116583682919378	-0.30977083109458364
