9.308171235192394533e-02 1.377868501750686547e-03 1.000000000000000000e+00 1.000000000000000000e+06
9.294355847473881327e-02 1.374695632206629709e-03 1.000000000000000000e+00 3.162277660168379080e+05
9.251349365905471578e-02 1.364976414933065721e-03 1.000000000000000000e+00 1.000000000000000000e+05
9.122021662090820660e-02 1.339053109501785665e-03 1.000000000000000000e+00 3.162277660168379225e+04
8.771619818908266142e-02 1.279200541453832593e-03 1.000000000000000000e+00 1.000000000000000000e+04
8.048994048538711532e-02 1.199407919072514699e-03 1.000000000000000000e+00 3.162277660168379498e+03
8.048547302160619088e-02 1.199763744321217466e-03 3.162277660168379394e-03 1.000000000000000000e+06
7.159260671729997250e-02 1.187388892248281711e-03 1.000000000000000000e+00 1.000000000000000000e+03
7.158199245838543778e-02 1.186685839411803127e-03 3.162277660168379394e-03 3.162277660168379080e+05
6.509575147613967661e-02 1.219198997658279019e-03 1.000000000000000000e+00 3.162277660168379612e+02
6.508878534347432854e-02 1.216786963743323726e-03 3.162277660168379394e-03 1.000000000000000000e+05
6.091841218118027035e-02 1.210769903136176950e-03 3.162277660168379394e-03 3.162277660168379225e+04
6.080126778220297512e-02 1.201051732600866978e-03 1.000000000000000000e+00 1.000000000000000000e+02
5.836170200816570564e-02 1.173448873741541904e-03 3.162277660168379394e-03 1.000000000000000000e+04
5.726669114645902697e-02 1.054609367573333288e-03 1.000000000000000000e+00 3.162277660168379256e+01
5.676932627791712871e-02 1.154279100934765996e-03 1.000000000000000082e-05 1.000000000000000000e+06
5.672611658767760801e-02 1.149257908121482409e-03 3.162277660168379394e-03 3.162277660168379498e+03
5.524972718294458851e-02 1.144480666614556110e-03 1.000000000000000082e-05 3.162277660168379080e+05
5.490418477021750260e-02 1.108373963850863009e-03 3.162277660168379394e-03 1.000000000000000000e+03
5.376512321557543050e-02 1.120048611343507075e-03 1.000000000000000082e-05 1.000000000000000000e+05
5.320335084672191128e-02 8.189881305340775651e-04 1.000000000000000000e+00 1.000000000000000000e+01
5.230457468832992729e-02 9.721549725260727245e-04 3.162277660168379394e-03 3.162277660168379612e+02
5.221617616205256190e-02 1.021711534263689729e-03 1.000000000000000082e-05 3.162277660168379225e+04
5.051443902687891008e-02 8.560731471543721847e-04 1.000000000000000082e-05 1.000000000000000000e+04
4.976044510147768773e-02 8.307101804554307837e-04 3.162277660168379394e-03 1.000000000000000000e+02
4.917707887219930490e-02 7.470447425840309264e-04 3.162277660168379191e-08 1.000000000000000000e+06
4.902321028395936059e-02 7.012931831686536072e-04 1.000000000000000000e+00 3.162277660168379523e+00
4.878181194925977626e-02 7.283170078366005360e-04 1.000000000000000082e-05 3.162277660168379498e+03
4.747312883365008979e-02 6.801116701574177938e-04 3.162277660168379191e-08 3.162277660168379080e+05
4.555409312513222786e-02 7.060304694630567144e-04 1.000000000000000082e-05 1.000000000000000000e+03
4.521284246815125696e-02 8.107374720217718888e-04 3.162277660168379394e-03 3.162277660168379256e+01
4.476315688179209606e-02 7.345727910456105935e-04 3.162277660168379191e-08 1.000000000000000000e+05
4.375691208715272451e-02 5.455049711828233302e-04 1.000000000000000000e+00 1.000000000000000000e+00
4.088135665576032862e-02 8.467986662700328036e-04 3.162277660168379191e-08 3.162277660168379225e+04
4.032539216456693804e-02 6.982884309336237797e-04 1.000000000000000082e-05 3.162277660168379612e+02
3.970257628311305714e-02 7.133720150498216181e-04 3.162277660168379394e-03 1.000000000000000000e+01
3.668311189659754362e-02 7.909180137099540084e-04 3.162277660168379191e-08 1.000000000000000000e+04
3.604999873691144135e-02 9.565472655009427116e-04 3.162277660168379394e-03 3.162277660168379523e+00
3.598918732463406850e-02 7.933327563056119958e-04 1.000000000000000082e-05 1.000000000000000000e+02
3.471260045536807282e-02 8.802380655379303184e-04 1.000000000000000036e-10 1.000000000000000000e+06
3.347339055970448285e-02 8.372692952121595913e-04 3.162277660168379191e-08 3.162277660168379498e+03
3.328506652036621050e-02 8.659936217842236243e-04 3.162277660168379394e-03 1.000000000000000000e+00
3.283113502092764591e-02 8.237109850995787998e-04 1.000000000000000082e-05 3.162277660168379256e+01
3.190111739083086040e-02 9.545999851911020784e-04 1.000000000000000036e-10 3.162277660168379080e+05
3.108112285202998398e-02 8.962979467853940093e-04 3.162277660168379191e-08 1.000000000000000000e+03
3.031243135352176127e-02 9.046769651619725704e-04 1.000000000000000082e-05 1.000000000000000000e+01
2.985105540817229938e-02 9.571496615185575091e-04 1.000000000000000036e-10 1.000000000000000000e+05
2.890087264798617966e-02 9.124628454755525850e-04 3.162277660168379191e-08 3.162277660168379612e+02
2.874462224843797944e-02 1.225301184180759700e-02 1.000000000000000036e-10 1.000000000000000000e+00
2.854264765024165998e-02 9.316246961209852196e-04 1.000000000000000036e-10 3.162277660168379225e+04
2.820130398271049679e-02 8.444498991597534270e-04 1.000000000000000082e-05 3.162277660168379523e+00
2.751881454740024921e-02 8.791754321223708155e-04 3.162277660168379191e-08 1.000000000000000000e+02
2.741019253199501043e-02 9.410612546029701979e-04 1.000000000000000036e-10 1.000000000000000000e+04
2.635603991845800881e-02 6.991392383825619427e-04 3.162277660168379191e-08 3.162277660168379256e+01
2.619840349500450818e-02 9.438985321949148544e-04 1.000000000000000036e-10 3.162277660168379498e+03
2.618539796418882862e-02 8.501359271118293830e-04 1.000000000000000082e-05 1.000000000000000000e+00
2.504457984030562107e-02 8.435258781917281306e-04 1.000000000000000036e-10 1.000000000000000000e+03
2.446804805999902577e-02 8.054423699484668979e-04 3.162277660168379191e-08 1.000000000000000000e+01
2.382735795178964056e-02 7.760216728494897772e-04 1.000000000000000036e-10 3.162277660168379612e+02
2.296970719861577553e-02 3.503670401763107553e-03 3.162277660168379191e-08 1.000000000000000000e+00
2.282379017593592213e-02 9.620381541649089411e-04 3.162277660168379191e-08 3.162277660168379523e+00
2.275883651489921111e-02 6.823916905439064186e-04 1.000000000000000036e-10 1.000000000000000000e+02
2.135186597211022330e-02 7.854360183946356745e-04 1.000000000000000036e-10 3.162277660168379256e+01
2.045311416633708787e-02 1.298012813333467713e-03 1.000000000000000036e-10 3.162277660168379523e+00
2.004761043825578279e-02 7.761889795941034551e-04 1.000000000000000036e-10 1.000000000000000000e+01
