9.300459547012401851e-02 1.326085834699829939e-03 1.000000000000000000e+00 1.000000000000000000e+06
9.300457316884072623e-02 1.326085458720280361e-03 1.000000000000000000e+00 3.162277660168379080e+05
9.300450264616616503e-02 1.326084269768431929e-03 1.000000000000000000e+00 1.000000000000000000e+05
9.300427963564295020e-02 1.326080509960774877e-03 1.000000000000000000e+00 3.162277660168379589e+04
9.300357443198965790e-02 1.326068620295758026e-03 1.000000000000000000e+00 1.000000000000000000e+04
9.300232112331592582e-02 1.325821711261248063e-03 3.162277660168379394e-03 1.000000000000000000e+06
9.300134455763618690e-02 1.326031020778655357e-03 1.000000000000000000e+00 3.162277660168379043e+03
9.299527611156097051e-02 1.325704026950142887e-03 3.162277660168379394e-03 3.162277660168379080e+05
9.299429482907181632e-02 1.325912109724928633e-03 1.000000000000000000e+00 1.000000000000000000e+03
9.297301535221920432e-02 1.325331768564835160e-03 3.162277660168379394e-03 1.000000000000000000e+05
9.297202461047139599e-02 1.325530869279369084e-03 1.000000000000000000e+00 3.162277660168379043e+02
9.290281157714293248e-02 1.324146153805635332e-03 3.162277660168379394e-03 3.162277660168379589e+04
9.290183943766910923e-02 1.324314203324358698e-03 1.000000000000000000e+00 1.000000000000000000e+02
9.268295541933666004e-02 1.320258639604553500e-03 3.162277660168379394e-03 1.000000000000000000e+04
9.268183425954459875e-02 1.320435297796448970e-03 1.000000000000000000e+00 3.162277660168379612e+01
9.200737250578117088e-02 1.306101453720902479e-03 9.999999999999999124e-06 1.000000000000000000e+06
9.200736743706387777e-02 1.306101555100588375e-03 3.162277660168379394e-03 3.162277660168379043e+03
9.200579826153512664e-02 1.306142587431158341e-03 1.000000000000000000e+00 1.000000000000000000e+01
9.004688832565513334e-02 1.270370045406103189e-03 9.999999999999999124e-06 3.162277660168379080e+05
9.004688047711958965e-02 1.270369728208443558e-03 3.162277660168379394e-03 1.000000000000000000e+03
9.004441179307851040e-02 1.270268367922263580e-03 1.000000000000000000e+00 3.162277660168379079e+00
8.506837342939460589e-02 1.187493190909012309e-03 9.999999999999999124e-06 1.000000000000000000e+05
8.506834742886291989e-02 1.187486456905126548e-03 3.162277660168379394e-03 3.162277660168379043e+02
8.506013130629697105e-02 1.185364363676256810e-03 1.000000000000000000e+00 1.000000000000000000e+00
7.506441371439862009e-02 9.180396422066544430e-04 9.999999999999999124e-06 3.162277660168379589e+04
7.506432587088203434e-02 9.180188537747440911e-04 3.162277660168379394e-03 1.000000000000000000e+02
7.503672856321132179e-02 9.113222476338234948e-04 1.000000000000000000e+00 3.162277660168379412e-01
6.233514957564377512e-02 7.224451293612679532e-04 9.999999999999999124e-06 1.000000000000000000e+04
6.233493736777984129e-02 7.224233355304437391e-04 3.162277660168379394e-03 3.162277660168379612e+01
6.226873843523204194e-02 7.158883304080766860e-04 1.000000000000000000e+00 1.000000000000000056e-01
5.432524846437932625e-02 8.497946423266161198e-04 3.162277660168379191e-08 1.000000000000000000e+06
5.432524343380669418e-02 8.497925702837044130e-04 9.999999999999999124e-06 3.162277660168379043e+03
5.432481905463071303e-02 8.497459628658672820e-04 3.162277660168379394e-03 1.000000000000000000e+01
5.420175013201454506e-02 8.397715794001781248e-04 1.000000000000000000e+00 3.162277660168379134e-02
5.049363888624062990e-02 8.809597738623360349e-04 3.162277660168379191e-08 3.162277660168379080e+05
5.049363096124925843e-02 8.809624761789632301e-04 9.999999999999999124e-06 1.000000000000000000e+03
5.049214754995031557e-02 8.808455220382259074e-04 3.162277660168379394e-03 3.162277660168379079e+00
5.018182084545208532e-02 8.582570058978434852e-04 1.000000000000000000e+00 1.000000000000000021e-02
4.764354949752803992e-02 9.361028459327350648e-04 3.162277660168379191e-08 1.000000000000000000e+05
4.764352456482676829e-02 9.361039590477525417e-04 9.999999999999999124e-06 3.162277660168379043e+02
4.763760151574152057e-02 9.348162729987758096e-04 3.162277660168379394e-03 1.000000000000000000e+00
4.527144596917672542e-02 1.004051737084502753e-03 3.162277660168379191e-08 3.162277660168379589e+04
4.527132925007756187e-02 1.004018596887021331e-03 9.999999999999999124e-06 1.000000000000000000e+02
4.523662385339229791e-02 9.958225908694440243e-04 3.162277660168379394e-03 3.162277660168379412e-01
4.310482932389077260e-02 1.134800794665611354e-03 3.162277660168379191e-08 1.000000000000000000e+04
4.310388471016542156e-02 1.134550979855286114e-03 9.999999999999999124e-06 3.162277660168379612e+01
4.293567035722885283e-02 1.100538748144799231e-03 3.162277660168379394e-03 1.000000000000000056e-01
4.137027938989223941e-02 1.259299082499673941e-03 9.999999999999999072e-11 1.000000000000000000e+06
4.136892652332851278e-02 1.260781460374163368e-03 3.162277660168379191e-08 3.162277660168379043e+03
4.136096494844811178e-02 1.259025397536302476e-03 9.999999999999999124e-06 1.000000000000000000e+01
4.095000403645162462e-02 1.179815509222855796e-03 3.162277660168379394e-03 3.162277660168379134e-02
4.004410000545451098e-02 1.280343046107242999e-03 3.162277660168379191e-08 1.000000000000000000e+03
4.004344930015814319e-02 1.281231132134570726e-03 9.999999999999999072e-11 3.162277660168379080e+05
4.000613915286758970e-02 1.272176852399431934e-03 9.999999999999999124e-06 3.162277660168379079e+00
3.925941101069804068e-02 1.192620309313786528e-03 3.162277660168379394e-03 1.000000000000000021e-02
3.856939409921829320e-02 1.222842669548339107e-03 3.162277660168379191e-08 3.162277660168379043e+02
3.856766852701783155e-02 1.227561387943474931e-03 9.999999999999999072e-11 1.000000000000000000e+05
3.848352678010871775e-02 1.199338299594261388e-03 9.999999999999999124e-06 1.000000000000000000e+00
3.693058535143017851e-02 1.174214904520497812e-03 9.999999999999999072e-11 3.162277660168379589e+04
3.692610567211782047e-02 1.173397190101723928e-03 3.162277660168379191e-08 1.000000000000000000e+02
3.670768345798568200e-02 1.161033991874305896e-03 9.999999999999999124e-06 3.162277660168379412e-01
3.543487451811094813e-02 1.126121107829073037e-03 9.999999999999999072e-11 1.000000000000000000e+04
3.540954515568640881e-02 1.122875881393425217e-03 3.162277660168379191e-08 3.162277660168379612e+01
3.467550089618600534e-02 1.124247595564350317e-03 9.999999999999999124e-06 1.000000000000000056e-01
3.389454137104428583e-02 1.032888424834709981e-03 9.999999999999999072e-11 3.162277660168379043e+03
3.377835520945079301e-02 1.024214639709907729e-03 3.162277660168379191e-08 1.000000000000000000e+01
3.215186192628148587e-02 8.783637220091365660e-04 9.999999999999999072e-11 1.000000000000000000e+03
3.200450115307451604e-02 1.109316485054684517e-03 9.999999999999999124e-06 3.162277660168379134e-02
3.175791862244255193e-02 9.144508257386437227e-04 3.162277660168379191e-08 3.162277660168379079e+00
3.046644227205514560e-02 6.880189391749233626e-04 9.999999999999999072e-11 3.162277660168379043e+02
2.955135559035840243e-02 8.003055522121143217e-04 3.162277660168379191e-08 1.000000000000000000e+00
2.901757974433619852e-02 4.743838749809092749e-04 9.999999999999999072e-11 1.000000000000000000e+02
2.896402986026708204e-02 9.468590281845986256e-04 9.999999999999999124e-06 1.000000000000000021e-02
2.786814878231302223e-02 4.398825479173661557e-04 9.999999999999999072e-11 3.162277660168379612e+01
2.764787436829854034e-02 6.349652328760262187e-04 3.162277660168379191e-08 3.162277660168379412e-01
2.656063885378971007e-02 4.754098691932859104e-04 9.999999999999999072e-11 1.000000000000000000e+01
2.593856690401854376e-02 5.425113940285544376e-04 3.162277660168379191e-08 1.000000000000000056e-01
2.495978906563261351e-02 5.323583978200950367e-04 9.999999999999999072e-11 3.162277660168379079e+00
2.433529403372590091e-02 6.141042017026298325e-04 3.162277660168379191e-08 3.162277660168379134e-02
2.362222956543112012e-02 4.780276852492145313e-04 9.999999999999999072e-11 1.000000000000000000e+00
2.319357749000245175e-02 5.782352322776095500e-04 9.999999999999999072e-11 1.000000000000000021e-02
2.301674979081725844e-02 6.363324307394720636e-04 3.162277660168379191e-08 1.000000000000000021e-02
2.279377288404690893e-02 7.189769105895815705e-04 9.999999999999999072e-11 3.162277660168379412e-01
2.239711777898218542e-02 1.159983408489524172e-03 9.999999999999999072e-11 3.162277660168379134e-02
2.230110141378254321e-02 9.952860693321560759e-04 9.999999999999999072e-11 1.000000000000000056e-01
