4.336142293530105551e-02 1.880605164130942923e-04 1.000000000000000000e+00 1.000000000000000000e+06
4.336100923520436190e-02 1.880606979837493151e-04 1.000000000000000000e+00 3.162277660168379080e+05
4.335970107677959706e-02 1.880612719805040101e-04 1.000000000000000000e+00 1.000000000000000000e+05
4.335556513652457505e-02 1.880630375212078256e-04 1.000000000000000000e+00 3.162277660168379225e+04
4.334249535005708226e-02 1.880691979392538459e-04 1.000000000000000000e+00 1.000000000000000000e+04
4.330344566395229883e-02 1.880455781796291665e-04 3.162277660168379394e-03 1.000000000000000000e+06
4.330124835488983331e-02 1.880869039899836601e-04 1.000000000000000000e+00 3.162277660168379498e+03
4.317384175296061499e-02 1.881036236065642938e-04 3.162277660168379394e-03 3.162277660168379080e+05
4.317167403741446752e-02 1.881457793585535455e-04 1.000000000000000000e+00 1.000000000000000000e+03
4.277223231254827229e-02 1.882596600902243435e-04 3.162277660168379394e-03 1.000000000000000000e+05
4.277015592737305055e-02 1.883033829652916566e-04 1.000000000000000000e+00 3.162277660168379043e+02
4.157929399350084043e-02 1.889150223845604897e-04 3.162277660168379394e-03 3.162277660168379225e+04
4.157749639131443076e-02 1.889559882795021619e-04 1.000000000000000000e+00 1.000000000000000000e+02
3.844258718891369747e-02 1.877785257025440678e-04 3.162277660168379394e-03 1.000000000000000000e+04
3.844165342035345961e-02 1.878148177409228695e-04 1.000000000000000000e+00 3.162277660168379256e+01
3.232123040542576181e-02 1.756890358928606555e-04 1.000000000000000000e+00 1.000000000000000000e+01
3.231998462240211201e-02 1.756663103003991942e-04 3.162277660168379394e-03 3.162277660168379498e+03
3.231998030991498072e-02 1.756662426401257599e-04 9.999999999999999124e-06 1.000000000000000000e+06
2.531294766282381550e-02 1.477121114023793847e-04 1.000000000000000000e+00 3.162277660168379523e+00
2.530855516454597054e-02 1.476924564080633830e-04 3.162277660168379394e-03 1.000000000000000000e+03
2.530854121706946347e-02 1.476924268126705961e-04 9.999999999999999124e-06 3.162277660168379080e+05
2.106520159371742459e-02 1.317893883449168199e-04 1.000000000000000000e+00 1.000000000000000000e+00
2.105922935806413612e-02 1.318271513336938098e-04 3.162277660168379394e-03 3.162277660168379043e+02
2.105921050393445154e-02 1.318272843749551670e-04 9.999999999999999124e-06 1.000000000000000000e+05
1.928644396542188513e-02 1.125327213134577202e-04 3.162277660168379394e-03 1.000000000000000000e+02
1.928643681704577187e-02 1.125325548944031037e-04 9.999999999999999124e-06 3.162277660168379225e+04
1.831323416791265715e-02 1.067322319237424795e-04 9.999999999999999124e-06 1.000000000000000000e+04
1.831322363252691626e-02 1.067323533241328439e-04 3.162277660168379394e-03 3.162277660168379256e+01
1.731317900476033594e-02 1.126006765020597740e-04 3.162277660168379191e-08 1.000000000000000000e+06
1.731317759148422522e-02 1.126025550461758675e-04 9.999999999999999124e-06 3.162277660168379498e+03
1.731312782814007842e-02 1.126035367263169206e-04 3.162277660168379394e-03 1.000000000000000000e+01
1.610256191355135744e-02 1.180829887374711004e-04 3.162277660168379191e-08 3.162277660168379080e+05
1.610256062097710494e-02 1.180849646565727373e-04 9.999999999999999124e-06 1.000000000000000000e+03
1.610241358675353757e-02 1.180866592105596276e-04 3.162277660168379394e-03 3.162277660168379523e+00
1.471339192701813514e-02 1.068824073687195110e-04 3.162277660168379191e-08 1.000000000000000000e+05
1.471338457492442353e-02 1.068837687923646079e-04 9.999999999999999124e-06 3.162277660168379043e+02
1.471293341298666145e-02 1.068932985384650887e-04 3.162277660168379394e-03 1.000000000000000000e+00
1.344738369790277402e-02 8.441062499974946417e-05 3.162277660168379191e-08 3.162277660168379225e+04
1.344736982472998291e-02 8.440895959072692916e-05 9.999999999999999124e-06 1.000000000000000000e+02
1.259004680728682823e-02 7.768911936674567588e-05 3.162277660168379191e-08 1.000000000000000000e+04
1.259001201874408726e-02 7.768700481712894474e-05 9.999999999999999124e-06 3.162277660168379256e+01
1.205556409934140788e-02 7.306483992611030218e-05 1.000000000000000036e-10 1.000000000000000000e+06
1.205374886157103975e-02 7.318983740523172556e-05 3.162277660168379191e-08 3.162277660168379498e+03
1.205351443965044407e-02 7.318434067327689719e-05 9.999999999999999124e-06 1.000000000000000000e+01
1.164489158758419581e-02 6.717949339338782032e-05 1.000000000000000036e-10 3.162277660168379080e+05
1.164396742732709891e-02 6.697045961178812643e-05 3.162277660168379191e-08 1.000000000000000000e+03
1.164220812252432340e-02 6.694273747029606347e-05 9.999999999999999124e-06 3.162277660168379523e+00
1.126867829568462334e-02 6.234832555287273892e-05 1.000000000000000036e-10 1.000000000000000000e+05
1.126822285857199089e-02 6.257642646401714111e-05 3.162277660168379191e-08 3.162277660168379043e+02
1.125439317913993868e-02 6.219602144271706688e-05 9.999999999999999124e-06 1.000000000000000000e+00
1.092903776256766955e-02 5.528911227675576919e-05 1.000000000000000036e-10 3.162277660168379225e+04
1.092844421677124922e-02 5.526280525281776170e-05 3.162277660168379191e-08 1.000000000000000000e+02
1.066798291707928351e-02 4.697220648047878921e-05 1.000000000000000036e-10 1.000000000000000000e+04
1.066476317413414185e-02 4.681492915572574423e-05 3.162277660168379191e-08 3.162277660168379256e+01
1.049054525866902413e-02 3.761471589345471522e-05 1.000000000000000036e-10 3.162277660168379498e+03
1.046481018951086507e-02 3.667959423703903683e-05 3.162277660168379191e-08 1.000000000000000000e+01
1.035290545357514871e-02 3.180209497206767027e-05 1.000000000000000036e-10 1.000000000000000000e+03
1.021235476312125010e-02 3.017838912527170955e-05 1.000000000000000036e-10 3.162277660168379043e+02
1.020890164341820179e-02 2.726600181673033567e-05 3.162277660168379191e-08 3.162277660168379523e+00
1.001192487479288240e-02 3.951440623674740832e-05 1.000000000000000036e-10 1.000000000000000000e+02
9.818086329255263853e-03 2.375538617402418750e-05 3.162277660168379191e-08 1.000000000000000000e+00
9.691331114630375582e-03 6.740403470242790950e-05 1.000000000000000036e-10 3.162277660168379256e+01
9.283178931674133244e-03 1.285532331706004769e-04 1.000000000000000036e-10 1.000000000000000000e+01
8.733345559878823855e-03 1.675376243235283599e-04 1.000000000000000036e-10 3.162277660168379523e+00
8.046667377053890249e-03 1.239232958543669510e-04 1.000000000000000036e-10 1.000000000000000000e+00
