2.931709564235868148e-01 2.817931015864178629e-02 3.162277660168379394e-03 1.000000000000000000e+06
2.929905260061966277e-01 2.817089508609098986e-02 3.162277660168379394e-03 3.162277660168379080e+05
2.925760564035193023e-01 2.858694628307446861e-02 1.000000000000000000e+00 1.000000000000000000e+06
2.925754932555607035e-01 2.858693014520474751e-02 1.000000000000000000e+00 3.162277660168379080e+05
2.925737124426716074e-01 2.858687911263443557e-02 1.000000000000000000e+00 1.000000000000000000e+05
2.925680811910499335e-01 2.858671773202235353e-02 1.000000000000000000e+00 3.162277660168379225e+04
2.925502753416167057e-01 2.858620738717366008e-02 1.000000000000000000e+00 1.000000000000000000e+04
2.924939856136189453e-01 2.858459338985804704e-02 1.000000000000000000e+00 3.162277660168379498e+03
2.924216839990960715e-01 2.814429439251568341e-02 3.162277660168379394e-03 1.000000000000000000e+05
2.923161548003533339e-01 2.857948803763936049e-02 1.000000000000000000e+00 1.000000000000000000e+03
2.917555279923961242e-01 2.856332928528541523e-02 1.000000000000000000e+00 3.162277660168379612e+02
2.906449305369951941e-01 2.806835304623319510e-02 3.162277660168379394e-03 3.162277660168379225e+04
2.899997261476571220e-01 2.851209599825040367e-02 1.000000000000000000e+00 1.000000000000000000e+02
2.852366485832122933e-01 2.790230555091756728e-02 3.162277660168379394e-03 1.000000000000000000e+04
2.846399339888076030e-01 2.839087110869965500e-02 1.000000000000000000e+00 3.162277660168379256e+01
2.698586460220300798e-01 2.743851919089151589e-02 1.000000000000000082e-05 1.000000000000000000e+06
2.698571565033345276e-01 2.744011972138899608e-02 3.162277660168379394e-03 3.162277660168379498e+03
2.694004313777997872e-01 2.795199643336697057e-02 1.000000000000000000e+00 1.000000000000000000e+01
2.333733732029935060e-01 2.664903164088289547e-02 1.000000000000000000e+00 3.162277660168379523e+00
2.333142855440927532e-01 2.608420550215519509e-02 3.162277660168379394e-03 1.000000000000000000e+03
2.333141549851537877e-01 2.608235887219987822e-02 1.000000000000000082e-05 3.162277660168379080e+05
1.771884082418854756e-01 2.192922362527641167e-02 1.000000000000000000e+00 1.000000000000000000e+00
1.761425205272066918e-01 2.135809048528838558e-02 3.162277660168379394e-03 3.162277660168379612e+02
1.761392096695370835e-01 2.135629600787823656e-02 1.000000000000000082e-05 1.000000000000000000e+05
1.377301553915593613e-01 3.708063613356710891e-02 1.000000000000000036e-10 1.000000000000000000e+00
1.231148388501502600e-01 1.500928315088122939e-02 3.162277660168379394e-03 1.000000000000000000e+02
1.231090892072406878e-01 1.500736020677733741e-02 1.000000000000000082e-05 3.162277660168379225e+04
9.259297343466039998e-02 1.251376111197617311e-02 3.162277660168379394e-03 3.162277660168379256e+01
9.258875803941343796e-02 1.251184592085198034e-02 1.000000000000000082e-05 1.000000000000000000e+04
7.362799485478786765e-02 5.489385055237512752e-03 1.000000000000000036e-10 3.162277660168379523e+00
6.676214921993428586e-02 9.500489274070754789e-03 3.162277660168379191e-08 1.000000000000000000e+06
6.676213781320411433e-02 9.500504363356808077e-03 1.000000000000000082e-05 3.162277660168379498e+03
6.675845375384789615e-02 9.505900760429690857e-03 3.162277660168379394e-03 1.000000000000000000e+01
5.982994504885409681e-02 6.444055649095720498e-03 1.000000000000000036e-10 1.000000000000000000e+01
5.576247696778833390e-02 4.740527394944508109e-03 1.000000000000000036e-10 3.162277660168379256e+01
4.989691109779016698e-02 7.692058937315678080e-03 3.162277660168379191e-08 3.162277660168379080e+05
4.989673995740125101e-02 7.692028194908480040e-03 1.000000000000000082e-05 1.000000000000000000e+03
4.984249299974621850e-02 7.682528421484050019e-03 3.162277660168379394e-03 3.162277660168379523e+00
4.966923674196060262e-02 4.269651854454087521e-03 1.000000000000000036e-10 1.000000000000000000e+02
4.382860763226067990e-02 2.144164812421730636e-03 1.000000000000000036e-10 3.162277660168379612e+02
4.279743751822812081e-02 6.616705695178868099e-03 3.162277660168379191e-08 1.000000000000000000e+05
4.279601635057346531e-02 6.616393705236658929e-03 1.000000000000000082e-05 3.162277660168379612e+02
4.235948328535822649e-02 6.523365508363427462e-03 3.162277660168379394e-03 1.000000000000000000e+00
4.186144321610428543e-02 6.193681852421284093e-03 3.162277660168379191e-08 1.000000000000000000e+00
3.963701216250841569e-02 6.421222036558986608e-03 3.162277660168379191e-08 3.162277660168379225e+04
3.962850993249632942e-02 6.421068346044460709e-03 1.000000000000000082e-05 1.000000000000000000e+02
3.924702995846804376e-02 3.108957409747833186e-03 1.000000000000000036e-10 1.000000000000000000e+03
3.816858730333035077e-02 5.252123647169752718e-03 3.162277660168379191e-08 3.162277660168379523e+00
3.816659582682909585e-02 5.269684764742532494e-03 3.162277660168379191e-08 1.000000000000000000e+04
3.811932025234860549e-02 5.278018043245756574e-03 1.000000000000000082e-05 3.162277660168379256e+01
3.711914719261973777e-02 4.407748393432277603e-03 1.000000000000000036e-10 1.000000000000000000e+06
3.711847122697922718e-02 4.408128839941582305e-03 3.162277660168379191e-08 3.162277660168379498e+03
3.683712035305103383e-02 4.501538487580202148e-03 1.000000000000000082e-05 1.000000000000000000e+01
3.625464759318629271e-02 3.608812535055624243e-03 1.000000000000000036e-10 3.162277660168379498e+03
3.589077307728878730e-02 3.919075851048523483e-03 1.000000000000000036e-10 3.162277660168379080e+05
3.588502001473804076e-02 3.921247055512058592e-03 3.162277660168379191e-08 1.000000000000000000e+03
3.577103481264485435e-02 4.498680659027472911e-03 3.162277660168379191e-08 1.000000000000000000e+01
3.499416461590483529e-02 3.625086750394034257e-03 1.000000000000000036e-10 1.000000000000000000e+05
3.496611194718148713e-02 3.631899742532241921e-03 3.162277660168379191e-08 3.162277660168379612e+02
3.494186004950410041e-02 3.223724834176964777e-03 1.000000000000000036e-10 1.000000000000000000e+04
3.485724492930588475e-02 4.252038977994703969e-03 1.000000000000000082e-05 3.162277660168379523e+00
3.461781635235672283e-02 3.432802247782749602e-03 1.000000000000000036e-10 3.162277660168379225e+04
3.448406846813099891e-02 3.486096317970788314e-03 3.162277660168379191e-08 1.000000000000000000e+02
3.446295861388796317e-02 3.577559838270574603e-03 3.162277660168379191e-08 3.162277660168379256e+01
3.388957633492196975e-02 4.349403744127091492e-03 1.000000000000000082e-05 1.000000000000000000e+00
