3.128960578684951144e-01 1.963685838442870077e-02 1.000000000000000000e+00 1.000000000000000000e+06
3.124712810661440243e-01 1.962002037915484484e-02 1.000000000000000000e+00 3.162277660168379080e+05
3.111359131052728322e-01 1.956693293254651439e-02 1.000000000000000000e+00 1.000000000000000000e+05
3.069904932849002455e-01 1.940064356321652070e-02 1.000000000000000000e+00 3.162277660168379225e+04
2.946091171943788778e-01 1.889055776535825473e-02 1.000000000000000000e+00 1.000000000000000000e+04
2.619772725569777805e-01 1.709988468012629825e-02 3.162277660168379394e-03 1.000000000000000000e+06
2.615185202602566261e-01 1.742866531136294875e-02 1.000000000000000000e+00 3.162277660168379498e+03
1.944848707132122156e-01 1.345155037091533452e-02 3.162277660168379394e-03 3.162277660168379080e+05
1.944496960999866353e-01 1.383896298884191439e-02 1.000000000000000000e+00 1.000000000000000000e+03
1.130496119432713720e-01 7.937441281708198376e-03 1.000000000000000000e+00 3.162277660168379612e+02
1.122224434920652963e-01 7.476695432394219604e-03 3.162277660168379394e-03 1.000000000000000000e+05
6.629735479732194736e-02 9.770912224478052119e-03 1.000000000000000036e-10 3.162277660168379523e+00
6.171729707895932254e-02 6.786028206414971425e-03 1.000000000000000036e-10 1.000000000000000000e+01
6.167494093844046871e-02 5.385794636557116218e-03 1.000000000000000000e+00 1.000000000000000000e+02
5.958338198180851419e-02 5.124174080714217865e-03 3.162277660168379394e-03 3.162277660168379225e+04
4.983063577454945048e-02 4.345748509006147099e-03 1.000000000000000036e-10 1.000000000000000000e+00
4.901979761142764153e-02 7.667655234067005145e-03 1.000000000000000036e-10 3.162277660168379256e+01
4.840868575206674906e-02 3.447619400073550534e-03 3.162277660168379191e-08 1.000000000000000000e+00
4.577644659659280829e-02 4.068817722981984790e-03 1.000000000000000000e+00 3.162277660168379256e+01
4.474726123988244375e-02 6.908913839853957246e-03 3.162277660168379191e-08 3.162277660168379523e+00
4.386142065632683135e-02 3.933804851603504675e-03 3.162277660168379394e-03 1.000000000000000000e+04
4.279348876197858892e-02 4.558429337301009299e-03 1.000000000000000000e+00 1.000000000000000000e+00
4.155078869165407252e-02 3.714599766711577759e-03 1.000000000000000000e+00 1.000000000000000000e+01
4.146308035965034361e-02 5.026961622282211800e-03 1.000000000000000000e+00 3.162277660168379523e+00
4.095140555315514297e-02 3.519929207661231726e-03 1.000000000000000082e-05 1.000000000000000000e+06
4.093298780329109043e-02 3.517558157271719575e-03 3.162277660168379394e-03 3.162277660168379498e+03
3.977197051670468275e-02 3.270271609759591719e-03 1.000000000000000082e-05 3.162277660168379080e+05
3.962736018950501621e-02 3.302329559425174269e-03 3.162277660168379394e-03 1.000000000000000000e+03
3.870279786482232892e-02 3.243015838809791291e-03 1.000000000000000082e-05 1.000000000000000000e+05
3.817668352713147334e-02 3.558283636144799356e-03 3.162277660168379394e-03 3.162277660168379612e+02
3.787576495046254127e-02 3.475084843065006941e-03 1.000000000000000082e-05 3.162277660168379225e+04
3.664415260297313598e-02 3.572540459774778930e-03 1.000000000000000082e-05 1.000000000000000000e+04
3.639412526050626873e-02 3.882223549655378688e-03 3.162277660168379394e-03 1.000000000000000000e+02
3.547305241112153756e-02 3.706621547217215772e-03 3.162277660168379191e-08 1.000000000000000000e+06
3.506328535054286516e-02 3.869184833790346566e-03 1.000000000000000082e-05 3.162277660168379498e+03
3.472977133983653347e-02 3.764051718517639079e-03 3.162277660168379191e-08 3.162277660168379080e+05
3.444478575095878681e-02 3.673363998013438186e-03 1.000000000000000036e-10 1.000000000000000000e+02
3.439200203160858865e-02 3.784572057380833961e-03 3.162277660168379394e-03 3.162277660168379256e+01
3.436334883731001488e-02 3.801590256683021717e-03 1.000000000000000082e-05 1.000000000000000000e+03
3.389162637273546164e-02 3.999578958350024499e-03 3.162277660168379191e-08 1.000000000000000000e+05
3.360292025295337492e-02 4.282817164876797505e-03 3.162277660168379191e-08 1.000000000000000000e+01
3.294651647312063503e-02 3.398119634211399336e-03 1.000000000000000082e-05 3.162277660168379612e+02
3.278021760900037135e-02 4.308577080703783133e-03 3.162277660168379191e-08 3.162277660168379225e+04
3.277022490026811757e-02 7.644613070417478895e-03 1.000000000000000082e-05 1.000000000000000000e+00
3.243949935295546705e-02 4.192093838329415470e-03 3.162277660168379394e-03 1.000000000000000000e+01
3.183541906092873103e-02 3.692197326592679043e-03 3.162277660168379191e-08 1.000000000000000000e+04
3.169506242207757729e-02 5.112945722236515202e-03 1.000000000000000036e-10 1.000000000000000000e+06
3.118808642816935442e-02 4.588259032407553117e-03 1.000000000000000036e-10 3.162277660168379080e+05
3.117462516693567109e-02 2.574050980578538542e-03 3.162277660168379191e-08 3.162277660168379498e+03
3.091846380097360708e-02 7.391164750957046961e-03 3.162277660168379394e-03 1.000000000000000000e+00
3.081791269806908456e-02 6.112355714888210133e-03 3.162277660168379394e-03 3.162277660168379523e+00
3.008646551731268201e-02 4.041868455766504942e-03 1.000000000000000036e-10 1.000000000000000000e+05
2.996453047640544945e-02 3.498340676850012626e-03 3.162277660168379191e-08 1.000000000000000000e+03
2.993566553705771099e-02 3.375124899232531499e-03 1.000000000000000082e-05 1.000000000000000000e+02
2.896187136509278254e-02 4.053881152935601313e-03 1.000000000000000036e-10 3.162277660168379225e+04
2.863065630097827441e-02 5.416905623297729906e-03 1.000000000000000082e-05 3.162277660168379523e+00
2.824357323370652040e-02 4.910352962869951078e-03 1.000000000000000082e-05 3.162277660168379256e+01
2.799999224031928316e-02 4.251453420634445333e-03 1.000000000000000036e-10 1.000000000000000000e+04
2.787886775823428254e-02 5.145337195180284956e-03 1.000000000000000036e-10 3.162277660168379612e+02
2.734454785899693638e-02 4.890067240500814254e-03 3.162277660168379191e-08 3.162277660168379612e+02
2.657576817189085533e-02 3.937863458632910943e-03 1.000000000000000036e-10 3.162277660168379498e+03
2.648952560772884629e-02 5.539034279021332052e-03 3.162277660168379191e-08 3.162277660168379256e+01
2.617791675734036996e-02 5.776948275774775043e-03 1.000000000000000082e-05 1.000000000000000000e+01
2.563675787293704517e-02 4.411233334717459126e-03 1.000000000000000036e-10 1.000000000000000000e+03
2.561228630189997177e-02 5.068921131391521465e-03 3.162277660168379191e-08 1.000000000000000000e+02
