1.688687492791690059e-01 1.962789126957102323e-03 1.000000000000000000e+00 1.000000000000000000e+06
1.688676778819936664e-01 1.962782037520177224e-03 1.000000000000000000e+00 3.162277660168379080e+05
1.688642899303796630e-01 1.962759618851995375e-03 1.000000000000000000e+00 1.000000000000000000e+05
1.688535773240524285e-01 1.962688725829736351e-03 1.000000000000000000e+00 3.162277660168379589e+04
1.688197119166709725e-01 1.962464064195941233e-03 1.000000000000000000e+00 1.000000000000000000e+04
1.687127260987820732e-01 1.961751377482172983e-03 1.000000000000000000e+00 3.162277660168379043e+03
1.687124965525070297e-01 1.961776822724449910e-03 3.162277660168379394e-03 1.000000000000000000e+06
1.683754547576531702e-01 1.959482854886925376e-03 1.000000000000000000e+00 1.000000000000000000e+03
1.683752302314867055e-01 1.959508559144403517e-03 3.162277660168379394e-03 3.162277660168379080e+05
1.673197041669255980e-01 1.952376753819067738e-03 1.000000000000000000e+00 3.162277660168379043e+02
1.673194938872007431e-01 1.952402516089541329e-03 3.162277660168379394e-03 1.000000000000000000e+05
1.640877295033499883e-01 1.931816800239024180e-03 1.000000000000000000e+00 1.000000000000000000e+02
1.640875420573212617e-01 1.931837281532526292e-03 3.162277660168379394e-03 3.162277660168379589e+04
1.548077687003379110e-01 1.869630083209026855e-03 1.000000000000000000e+00 3.162277660168379612e+01
1.548074935765084981e-01 1.869646509366937933e-03 3.162277660168379394e-03 1.000000000000000000e+04
1.323503448118479031e-01 1.672942697864646458e-03 1.000000000000000000e+00 1.000000000000000000e+01
1.323488812041266893e-01 1.672932431395204519e-03 3.162277660168379394e-03 3.162277660168379043e+03
1.323488764726000189e-01 1.672932440201064207e-03 9.999999999999999124e-06 1.000000000000000000e+06
9.480164992774046950e-02 1.204025994274387059e-03 1.000000000000000000e+00 3.162277660168379079e+00
9.479568694134665741e-02 1.203874129393392011e-03 3.162277660168379394e-03 1.000000000000000000e+03
9.479566819376170073e-02 1.203873508310339619e-03 9.999999999999999124e-06 3.162277660168379080e+05
6.121092045525727832e-02 7.214392284746287990e-04 1.000000000000000000e+00 1.000000000000000000e+00
6.120568476085876813e-02 7.213930854240293645e-04 3.162277660168379394e-03 3.162277660168379043e+02
6.120566820486020992e-02 7.213928971725749005e-04 9.999999999999999124e-06 1.000000000000000000e+05
4.361518132849429019e-02 4.734833030667305316e-04 9.999999999999999124e-06 3.162277660168379589e+04
4.361508855884630581e-02 4.734787163898551482e-04 3.162277660168379394e-03 1.000000000000000000e+02
4.358615665344783840e-02 4.720527364908983642e-04 1.000000000000000000e+00 3.162277660168379412e-01
3.636729739504619696e-02 4.825858606281392855e-04 9.999999999999999124e-06 1.000000000000000000e+04
3.636672778346142221e-02 4.825667920321983725e-04 3.162277660168379394e-03 3.162277660168379612e+01
3.619730452827003842e-02 4.760699711359079895e-04 1.000000000000000000e+00 1.000000000000000056e-01
3.170807245084993065e-02 4.328846169812230267e-04 3.162277660168379191e-08 1.000000000000000000e+06
3.170806828791614129e-02 4.329200086036805346e-04 9.999999999999999124e-06 3.162277660168379043e+03
3.170616693170767719e-02 4.328627572502681911e-04 3.162277660168379394e-03 1.000000000000000000e+01
3.127533968123846764e-02 4.126737585564328476e-04 1.000000000000000000e+00 3.162277660168379134e-02
2.812183824764489387e-02 3.961343579333294319e-04 3.162277660168379191e-08 3.162277660168379080e+05
2.812181593496190790e-02 3.961460595499320951e-04 9.999999999999999124e-06 1.000000000000000000e+03
2.811586167443805295e-02 3.960552786593733287e-04 3.162277660168379394e-03 3.162277660168379079e+00
2.768270350093638907e-02 3.662808282228414611e-04 1.000000000000000000e+00 1.000000000000000021e-02
2.554097416146191429e-02 4.342293269500149193e-04 3.162277660168379191e-08 1.000000000000000000e+05
2.554088424463717491e-02 4.342159798583966265e-04 9.999999999999999124e-06 3.162277660168379043e+02
2.551675997049251965e-02 4.338361990840983260e-04 3.162277660168379394e-03 1.000000000000000000e+00
2.372691843005996989e-02 4.716652440259843336e-04 3.162277660168379191e-08 3.162277660168379589e+04
2.372637641823581098e-02 4.716647975484040576e-04 9.999999999999999124e-06 1.000000000000000000e+02
2.361964512489225440e-02 4.706421547456745105e-04 3.162277660168379394e-03 3.162277660168379412e-01
2.235259827315298070e-02 4.581454271187255047e-04 3.162277660168379191e-08 1.000000000000000000e+04
2.234834321915320568e-02 4.582108619447461742e-04 9.999999999999999124e-06 3.162277660168379612e+01
2.208566177515274703e-02 4.612476542138701130e-04 3.162277660168379394e-03 1.000000000000000056e-01
2.111712154220472468e-02 4.028883989194964577e-04 3.162277660168379191e-08 3.162277660168379043e+03
2.111030399087547929e-02 3.990163406450411760e-04 9.999999999999999072e-11 1.000000000000000000e+06
2.108965723598658915e-02 4.033255758000515783e-04 9.999999999999999124e-06 1.000000000000000000e+01
2.058889849896267110e-02 4.181521559317430262e-04 3.162277660168379394e-03 3.162277660168379134e-02
1.997954913094055623e-02 3.407002716306296516e-04 9.999999999999999072e-11 3.162277660168379080e+05
1.997834044533064457e-02 3.424239293633579294e-04 3.162277660168379191e-08 1.000000000000000000e+03
1.991064376754878712e-02 3.413920204168452844e-04 9.999999999999999124e-06 3.162277660168379079e+00
1.894530995720119029e-02 2.919417002074126024e-04 9.999999999999999072e-11 1.000000000000000000e+05
1.894493986476824404e-02 2.909562520057249737e-04 3.162277660168379191e-08 3.162277660168379043e+02
1.889311211056030407e-02 3.932864537429860705e-04 3.162277660168379394e-03 1.000000000000000021e-02
1.883184424559020131e-02 2.898709366053477099e-04 9.999999999999999124e-06 1.000000000000000000e+00
1.808455310217471634e-02 2.509625895248167944e-04 9.999999999999999072e-11 3.162277660168379589e+04
1.808003759330701135e-02 2.491422194024570254e-04 3.162277660168379191e-08 1.000000000000000000e+02
1.758816881475959090e-02 2.602407270317948088e-04 9.999999999999999124e-06 3.162277660168379412e-01
1.730559203922334491e-02 2.176632540933554527e-04 9.999999999999999072e-11 1.000000000000000000e+04
1.723607117228563926e-02 2.176889371967502529e-04 3.162277660168379191e-08 3.162277660168379612e+01
1.660433216216635269e-02 2.229767206819304208e-04 9.999999999999999072e-11 3.162277660168379043e+03
1.632472686690458752e-02 2.145627265019836637e-04 3.162277660168379191e-08 1.000000000000000000e+01
1.629112755269020510e-02 2.920683084526173260e-04 9.999999999999999124e-06 1.000000000000000056e-01
1.598429167306946244e-02 2.305064792536558088e-04 9.999999999999999072e-11 1.000000000000000000e+03
1.538847763658194277e-02 2.162930963368717727e-04 9.999999999999999072e-11 3.162277660168379043e+02
1.538064802353904768e-02 2.502349717535025928e-04 3.162277660168379191e-08 3.162277660168379079e+00
1.499927854585616713e-02 2.535038220857253151e-04 9.999999999999999124e-06 3.162277660168379134e-02
1.472288935960081382e-02 2.090432588809457983e-04 9.999999999999999072e-11 1.000000000000000000e+02
1.448680899978733658e-02 2.653141572831746041e-04 3.162277660168379191e-08 1.000000000000000000e+00
1.401653114498996842e-02 1.857586481876039117e-04 9.999999999999999072e-11 3.162277660168379612e+01
1.348236496956307408e-02 1.606630099036412648e-04 9.999999999999999124e-06 1.000000000000000021e-02
1.336531157701190131e-02 1.943267064623699499e-04 3.162277660168379191e-08 3.162277660168379412e-01
1.322003892205407191e-02 1.501820736336738718e-04 9.999999999999999072e-11 1.000000000000000000e+01
1.223650969985803916e-02 1.094215074766725633e-04 9.999999999999999072e-11 3.162277660168379079e+00
1.217012495994468715e-02 9.393825605019551239e-05 3.162277660168379191e-08 1.000000000000000056e-01
1.116284775224886741e-02 9.589758749908675343e-05 9.999999999999999072e-11 1.000000000000000000e+00
1.083437801896776007e-02 6.213875665140999188e-05 3.162277660168379191e-08 3.162277660168379134e-02
1.017186457662718965e-02 7.330985660669901097e-05 9.999999999999999072e-11 3.162277660168379412e-01
9.648618421389651770e-03 1.087693445874360202e-04 3.162277660168379191e-08 1.000000000000000021e-02
9.392924319307190476e-03 1.383042351092308401e-04 9.999999999999999072e-11 1.000000000000000056e-01
9.075105923651708914e-03 2.596928711544356505e-04 9.999999999999999072e-11 1.000000000000000021e-02
8.959765665114850092e-03 1.635434770281140747e-04 9.999999999999999072e-11 3.162277660168379134e-02
