-0.244059329378425	-0.1913899606241571
-0.31719792657012036	-0.46752048053923134
-0.19674476502942362	-0.27593268276408267
-0.39246968854679665	-0.35112858643194167
-0.11402165452879665	-0.10528644499741374
-0.35246419419420505	-0.3484885418814575
-0.36582315835825696	-0.31015055945330805
-0.05901872556011867	-0.2321246898265111
-0.3214462031126786	-0.34295540007661474
-0.3713225822895865	-0.3714630942881988
-0.13037464551154088	-0.2029516394046609
-0.16488320606444873	-0.14944171570257941
-0.2996993788519191	-0.31637717129659204
-0.5228456288432479	-0.5234254503419299
-0.26333002953690254	-0.239393721807081
-0.49194657412489384	-0.4756683790659388
-0.047989362664658586	-0.032916469009630085
-0.4096428032131705	-0.3873664452952498
-0.22708614470617405	-0.25230865419375925
-0.2295325132714332	-0.23848792159445578
-0.19851485707324734	-0.15738257620499238
-0.29478983168674944	-0.30632463272754296
-0.3002479158406217	-0.3091939697973209
-0.5373239557962695	-0.5267606925626435
-0.24652922251703657	-0.2292844631167879
-0.27346986174718424	-0.276832591729348
-0.13955725306967892	-0.17657912103111317
-0.3677273347911285	-0.350871580579292
-0.33601151813593866	-0.3689223417985297
-0.32375536583430886	-0.3399082153438643
-0.21739613120260337	-0.21569720394826788
-0.20146256423805653	-0.2908813989399043
-0.31482839247915706	-0.30138297825562727
-0.5401041976871515	-0.5409359356286217
-0.25779487437967674	-0.18713368547322665
-0.4236675689151106	-0.3786193761947044
-0.33349962958845936	-0.3462371977406347
-0.3377421934505982	-0.3259558559646503
-0.2626674404880518	-0.25069047929839205
-0.2798041323485574	-0.29945085087099166
-0.3338524662234832	-0.3063041337548693
-0.42030641764208276	-0.41456947076502115
-0.23461658715742217	-0.24349303087595184
-0.3041396926257107	-0.2564087375447859
-0.3805748590436302	-0.37347262820877336
-0.33477333132415055	-0.3523438339720891
-0.5332864015629042	-0.5312734897489435
-0.2284386254119255	-0.21259841039458466
-0.49443260561375624	-0.5024141313384243
-0.5522078005180333	-0.5531296348724752
-0.2904585313927406	-0.26610403805312216
-0.35030471781674777	-0.35624893536188207
-0.5382918228102529	-0.5476965193577378
-0.3254533001277018	-0.3361018101200316
-0.18907579562930898	-0.18375071809035295
-0.16671759404332143	-0.22548648245735478
-0.38774001096983035	-0.3913834382769182
-0.24250228574691768	-0.23289238137252102
-0.14152642223588785	-0.15881025379346114
-0.4729945464700087	-0.46852942585597784
-0.40396681414762625	-0.4188631286886975
-0.5655873719603282	-0.5475889763569783
-0.3623389384343678	-0.36006179163280005
-0.2693741474829956	-0.2822376374539204
-0.3833053565812765	-0.21583756346676142
-0.2913284777023506	-0.27498900812358834
-0.25314050976433755	-0.29181806681358086
-0.5505589685567003	-0.5409212691809749
-0.08055323569266726	-0.09491362795926908
-0.2132271499805789	-0.22229213419878813
-0.09517751522522033	-0.18806763928744308
-0.3884163635579725	-0.35480341717309216
-0.12177846830510575	-0.1203469168595528
-0.2460104009589692	-0.23212580982055545
-0.3308148410024394	-0.30590194139446125
-0.35593243342258063	-0.36642617537695416
-0.2367358880699335	-0.2438088157478684
-0.12176903224740343	-0.12112692641283868
-0.2712040262955604	-0.2603561931493029
-0.2013323600572594	-0.205235267036461
-0.4908825202919971	-0.48048969995638907
-0.12317073693082037	-0.11753184565747214
-0.10571990141469811	-0.24808240878129295
-0.09607693268661599	-0.10390978886296569
-0.5410483940901081	-0.5398445327691329
-0.24498757199197208	-0.24415647932574128
-0.24201413934230054	-0.23300588615306364
-0.1013527673101855	-0.18277948732340663
-0.3189094697590562	-0.33128226546632894
-0.43195628506611783	-0.4234245490227423
-0.2103938756704622	-0.22905806812420507
-0.2699184325283568	-0.2582474271811747
-0.34009714660700574	-0.32299764109415907
-0.34454224244177567	-0.354711864365158
-0.23971433647836093	-0.2448312082577825
-0.11762324529301083	-0.11912159958333207
-0.4004526702815241	-0.3706697197724688
-0.26766352874633625	-0.2646538385426633
-0.19010447691305465	-0.18293037510006968
-0.2872565155257121	-0.28727132862827404
-0.360272979437541	-0.3681996103206692
-0.2604803614512363	-0.277332959734215
-0.35362866323273323	-0.36129724134634716
-0.22322960902416966	-0.2346139817543493
-0.49522929434884233	-0.4960415235269808
-0.3661694029219227	-0.355470289185157
-0.28071400449143624	-0.27929071813725337
-0.4767663936134454	-0.4344474237695683
-0.5528722490715179	-0.5506564842068398
-0.37191401971000815	-0.36879159165807746
-0.23394330083063508	-0.2821267498410722
-0.4596180804484806	-0.46054258548621557
-0.389855306704991	-0.3902689535066192
-0.15843535439967127	-0.1696375127867008
-0.24439357136948558	-0.24531061014463967
-0.4267069978720581	-0.42813262342978753
-0.4468819634529666	-0.4410068877734163
-0.42872255783689894	-0.42146947327823536
-0.3227738054068183	-0.3101396340782686
-0.39104233947844236	-0.39032688691312295
-0.5257785756770907	-0.525593567416717
-0.5554158461341849	-0.5483294801632528
-0.45159406124645507	-0.4310139707625904
-0.3087789924666282	-0.34583795210434
-0.2788150797741764	-0.2645110264137437
-0.32856729668910667	-0.35769868922404086
-0.3421603795617649	-0.3204043197124509
-0.32693923436674943	-0.25721007979450766
-0.10633909708184497	-0.27673992005668363
-0.24181102697524892	-0.23892546519528543
-0.4664611618407264	-0.4625414786227308
-0.12064425142252588	-0.11858785424843231
-0.2631644366719854	-0.2855375292162623
-0.5502831326098239	-0.5533270120218297
-0.0973367614675471	-0.10262347559443007
-0.10923579983729681	-0.10724698233969172
-0.23641061830731047	-0.22062689666087149
-0.1327737432849041	-0.15473336191461234
-0.346938850529245	-0.41002781614327527
-0.3806650497152546	-0.38643300197282443
-0.2838174664171831	-0.28686934985817136
-0.23361888939955655	-0.23023980708815064
-0.24024277921683002	-0.2634178101239886
-0.3934365257903245	-0.3963095077313454
-0.09911879075935204	-0.07963936526146462
-0.3349322437041309	-0.27555217323192116
-0.3567700229519204	-0.4257051902547236
-0.260929645337054	-0.20784483452210453
-0.2786572866574577	-0.24652595688432574
-0.4419385967147207	-0.4312697653896644
-0.5381923722826691	-0.5329084921870934
-0.3616371865680428	-0.25172418345594366
-0.2703054562299432	-0.2765546754258752
-0.414077719932461	-0.4271844942010847
-0.10995126368692709	-0.09168629421757558
-0.4388864797562988	-0.43364747715423585
-0.2970022347672554	-0.3073508946409749
-0.4107401087534903	-0.43335133780063173
-0.39997502040470856	-0.40968816065878316
-0.2554141275629789	-0.2604298120082076
-0.49819286494370374	-0.49941120365266073
-0.27541789449361787	-0.32143325677091145
-0.3051264146531878	-0.30693327267077436
-0.2851771944616601	-0.3076691544051052
-0.2560956324461685	-0.2273361129732609
-0.25794723500042593	-0.2542248019919237
-0.35061360220290716	-0.37047233220235004
-0.09732956867165221	-0.10241155760931449
-0.28896684937168793	-0.2647406593980447
-0.25096873150506127	-0.25539591614742047
-0.24136505627838645	-0.18124604858678822
-0.4205448344481866	-0.4320531758454519
-0.25226231102113417	-0.25206861235985667
-0.3542884393761625	-0.3649333447676858
-0.2545433554074883	-0.2509916933073836
-0.3765736299955016	-0.30915211231618694
-0.4083842451280226	-0.3922399775613245
-0.3510250830423125	-0.35350647349642816
-0.250291347881026	-0.24496060372187903
-0.3965507538209181	-0.3783077026451208
-0.28145748034632234	-0.2873080843780628
-0.2932614529036375	-0.26709937786429633
-0.5148042437578226	-0.5134249437825759
-0.31785597613871097	-0.31692255396436053
-0.25930040240307584	-0.23472021070004379
-0.3200713131702102	-0.312530198299053
-0.2929882219180726	-0.3001689854973858
-0.30665526445979197	-0.27152276287859634
-0.20508177136669303	-0.2606388971765241
-0.3741934897150223	-0.3556717636228247
-0.26744222326138356	-0.2619184676049384
-0.3550597409457623	-0.2913043315519806
-0.20224964355910124	-0.18202859902739166
-0.4029230591668522	-0.41103750841388276
-0.2568533925811014	-0.26059957978793474
-0.5418298601081197	-0.5388804975251821
-0.31023960729302225	-0.279119113219815
-0.34087340345603323	-0.3735635818630818
-0.34703166468660385	-0.3533424365741384
-0.379089526060989	-0.3873054905727059
-0.2967854336328202	-0.29587716786428864
-0.38668687669895974	-0.3711500132629758
-0.3186224366785524	-0.285538937115206
-0.33921304845271827	-0.34670262268121516
-0.27049328381151483	-0.27275643830847424
-0.38994675264467915	-0.41430453733984113
-0.5095029918814422	-0.520314689048397
-0.233104504032152	-0.24366905730034932
-0.3901506037828675	-0.3685310102736385
-0.3049825290847501	-0.29994929495944134
-0.5081128970255406	-0.509019277851869
0.03699640006815841	-0.04290697435369317
-0.5340779169646872	-0.5265948899245203
-0.3126479026427571	-0.30660373450411293
-0.4930558335248669	-0.524809104380899
-0.37978935242322187	-0.3997484011640599
-0.25405811216408125	-0.2067694975316429
-0.5426350848344317	-0.5403288648298272
-0.2729689236612298	-0.26616443092741343
-0.5061116767231582	-0.5141642198535279
-0.5098348042793841	-0.4966798537901116
-0.2431494555300162	-0.23688721123091827
-0.28569933708721607	-0.285671458218009
-0.3662896237973001	-0.3717101044862083
-0.23891022924135008	-0.18949997098599322
-0.35714049817203275	-0.3306369978957804
-0.31521517355835726	-0.3250763467848282
-0.5285573495763902	-0.5256550243423949
-0.34126723905166756	-0.3281995226202722
-0.26737950247172826	-0.2455204344338238
-0.2576468414121198	-0.25717858548575007
-0.5306965105192702	-0.5312379907841956
-0.40470577928669194	-0.44053463128118087
-0.32001738126496093	-0.31773870569423557
-0.350139635135033	-0.41579801405126793
-0.35795030568807107	-0.36861072402778944
-0.33598976126536506	-0.3485092991976312
-0.26160755010810277	-0.2664534608251092
-0.4194959506561968	-0.420852022501393
-0.38610289989090063	-0.37167476517796216
-0.4175937810072572	-0.26701023498039883
-0.474169205390341	-0.5324821138308757
-0.3701692763690634	-0.37944840397554896
-0.16769023258040505	-0.1515955073239593
-0.5000800254652926	-0.5039097601829234
-0.2816272195118259	-0.3093232254579564
-0.481781142789071	-0.4935737495420451
-0.3330284777698367	-0.3410892995985927
-0.11157115852976318	-0.2120746878377875
-0.2225236345852153	-0.286496625749148
-0.2714040122270802	-0.2474738595073229
-0.2548529045141166	-0.2544837651605943
-0.2569011041846512	-0.2725728839049675
-0.2736149758324995	-0.2662907830732908
-0.1170757603496213	-0.12898067034081595
-0.24120730564581194	-0.24786714062465168
-0.3888172943062074	-0.3926951977296983
-0.269654116481572	-0.2655259770559618
-0.049803769419115795	-0.2628007407371055
-0.3336594003376039	-0.3617096501525735
-0.14196810560421902	-0.2349464368797265
-0.5279825435633683	-0.5434000742964218
-0.2458123497136384	-0.2878806007923804
-0.4003361770760385	-0.3990476445080132
-0.22913881910159617	-0.2537694443253166
-0.26516640329153773	-0.24922097418577993
-0.28864331716533087	-0.29783534736616774
-0.5436740358929839	-0.5499420661501229
-0.4181054523647205	-0.4310258930348959
-0.46968870929076445	-0.42235589149464836
-0.3824896691290576	-0.3876131912785571
-0.30538033935187414	-0.30981184740555595
-0.3751355900824862	-0.36682190512680235
-0.27110077699916957	-0.26334407067254817
-0.2329671367951498	-0.24775793274422248
-0.24112862927716705	-0.2521148571229367
-0.2328500631213295	-0.2298325900726147
-0.31089418530526913	-0.32053677617922866
-0.4596621468330291	-0.44864644196019315
-0.3716039218969218	-0.357830067900913
-0.3482632214301482	-0.39802418164571685
-0.42290547046759386	-0.4134668030997659
-0.4202162393824391	-0.41044117545537767
-0.24897840943460814	-0.26944834654901834
-0.11130308733511285	-0.07699237819006134
-0.20989569882986991	-0.21292191865453244
-0.510611134465794	-0.5104032152129447
-0.29050349665154584	-0.29716001010340093
-0.2537865640433221	-0.2745840712508364
-0.26621781001428246	-0.26185772197889323
-0.2235033000299751	-0.20943996718156915
-0.3185964635448535	-0.3351601418045773
-0.3880662149399363	-0.3913470750455774
-0.4240442928332939	-0.41658082015318193
-0.4951232752961854	-0.4592641217616715
-0.41145130052020207	-0.40050836257369565
-0.10633931465759261	-0.11834563002570897
-0.13985170095876676	-0.1454115617789121
-0.24538175581576382	-0.2402980123971797
-0.2984289224686343	-0.31384093805045976
-0.31472537406603074	-0.27892450087015025
-0.32070471158698055	-0.2753630290734911
-0.2830649161895842	-0.33485071582982956
-0.5300695450158557	-0.5276362732966765
-0.1448369001133596	-0.1624915210580369
-0.16372730851963624	-0.18118063816026825
-0.41587847094901953	-0.41173321610493435
-0.25193264500769885	-0.25748501591561973
-0.31069218576719315	-0.30395350320067027
-0.07561861838301276	-0.0898287299827196
-0.21774747790419013	-0.23938655132906078
-0.38865179352577073	-0.3867513896983682
-0.48985251530312013	-0.4926417487744231
-0.37995006199278336	-0.36594266230381517
-0.4100361550711771	-0.3650984480302759
-0.13507468801697975	-0.13780619783239695
-0.13613213358530274	-0.2291742724803309
-0.41934998756933695	-0.42680773307347625
-0.21858657814756377	-0.2056031383257713
-0.34232785778324626	-0.3426256294738944
-0.39840092856309894	-0.4115734372382122
-0.1520328374048674	-0.14655859941396615
-0.27215654453493343	-0.26695318751151653
-0.0935993176483727	-0.0777609269816874
-0.5548404037850467	-0.5430420793313084
-0.22429265723997638	-0.21392598692255044
-0.2832677351581019	-0.29073433332832715
-0.2805307478611656	-0.26763849107789145
-0.21097895389804222	-0.26541634205878173
-0.5226755441791759	-0.548514240951437
-0.08825348698679392	-0.09781761573361146
-0.40195553740072754	-0.407387385022615
-0.28186799419967024	-0.2838054778178422
-0.4295157596537873	-0.40872503604613647
-0.3756742476485666	-0.3464270869428102
-0.3789972745532033	-0.37135736254559254
-0.18690929771817721	-0.19070437112425545
-0.35363065577646324	-0.36276081705409385
-0.32785167851415054	-0.3336403541613819
-0.25724757993924996	-0.2174797080705374
-0.277115792976101	-0.23189130843745973
-0.37856954697299017	-0.39386572411274223
-0.3347567561510232	-0.35634987083619823
-0.3641544071944196	-0.3548909501180093
-0.3422857469289937	-0.3274638604661207
-0.39341684257791343	-0.3715686662372719
-0.38863997984372567	-0.3953780642681309
-0.3656489955597806	-0.34856279471974866
-0.3486201739934671	-0.35001538258003034
-0.07669854345889959	-0.143559376944709
-0.25555567671387003	-0.25318441546805837
-0.39385639770890535	-0.41172686627917027
-0.2683253974389075	-0.25980158065588765
-0.24033832255353715	-0.23522689623911694
-0.10045091455906885	-0.06218914793156869
-0.26421582096300256	-0.24415687738865882
-0.15258601750853096	-0.2620690722752341
-0.264853625255423	-0.26224092241777697
-0.35049023356460296	-0.35649675956093013
-0.2502893894659888	-0.2715585525580268
-0.36428644277129507	-0.333881027854954
-0.3127133020249424	-0.3123070507385093
-0.4363103706165141	-0.44413383582032934
-0.32309061124412963	-0.3178121286711835
-0.23091529439199476	-0.19953356763357852
-0.5066351075585764	-0.5162742178004152
-0.3238037986903599	-0.31306097809110145
-0.15086689761892913	-0.1386540908790768
-0.25965256679198845	-0.26715683378883204
-0.41087691749665467	-0.34173920436891236
-0.2464960559960936	-0.23390891403433123
-0.4429529127448113	-0.43083137403400285
-0.4395703308609278	-0.44018733569587165
-0.3580586843733453	-0.3243727180692099
-0.19303514713151948	-0.1832945891547049
-0.49738038222810665	-0.5004408064253053
-0.14952753201529134	-0.22012626633679808
-0.2687863022954353	-0.25762944354053713
-0.22836778221942566	-0.2407578290280231
-0.2815257266493454	-0.29197813239257214
-0.2658881686073773	-0.24461917496942454
-0.1569274473016371	-0.22555687343332198
-0.3279508677828602	-0.3563143725849721
-0.5034917982844505	-0.4966798921121703
-0.2595466535598412	-0.26480143611139384
-0.4324345789909252	-0.4395688526089251
-0.2537336127728569	-0.25935770297750127
-0.335407504993146	-0.33477308375502646
-0.283200721823496	-0.30547000343273983
-0.3937001657037271	-0.40472435547642094
-0.46704222744055635	-0.4610110326694228
-0.3701371762236114	-0.3740704621765817
-0.3678658912020083	-0.3419280609618082
-0.3803841585188934	-0.3752511902510286
-0.2564599905731022	-0.34553117817142726
-0.29689266560264826	-0.31458150441135324
-0.3907307461233991	-0.35868592943831035
-0.3492897772319594	-0.3913265869099911
-0.5028912933647192	-0.5099905054127386
-0.31729165142157	-0.3324330217139486
-0.4060405073145432	-0.41697411718961785
-0.3884448988590652	-0.41846301484176
-0.3690669146841472	-0.38193037723784706
-0.2906565717145	-0.303080110667316
-0.5529756032983766	-0.55871554454098
-0.3333983405416703	-0.33819868676172526
-0.2697259888365622	-0.22518397864060916
-0.10664190120018091	-0.1764578573384385
-0.3076424696945175	-0.2870236453709579
-0.2129239731407857	-0.1737533732782979
-0.03581229718830237	-0.04509806262787295
-0.05246729823086227	-0.20926591732868483
-0.2215866906949131	-0.25364947259321435
-0.2569360447495619	-0.24742866365761207
-0.33063020718189406	-0.2597355038265701
-0.3374424751462133	-0.34419547540715995
-0.2868921038338783	-0.32308819564874414
-0.23677667943014669	-0.22578123597271782
-0.5376870105968106	-0.5325883739833539
-0.21771102879923276	-0.23875492296584924
-0.4703734661025827	-0.4610274282793328
-0.3892655870323125	-0.3849213484138101
-0.09688852711934359	-0.1022792238647249
-0.2277972665472099	-0.24547255091735606
-0.4498651949314372	-0.44546340907878607
-0.3296507146138037	-0.3435113958950895
-0.36934407541475167	-0.33270602571504193
-0.3448508868625382	-0.3854094735879394
-0.5246929886232596	-0.5514562486039055
-0.24333915774991333	-0.23296422675983994
-0.40518313843075937	-0.38902193341712243
-0.24428160755722672	-0.23985153402783876
-0.238798017230053	-0.24495398729033804
-0.2806932686550212	-0.28153969317496086
-0.10995713775257343	-0.22451743106372382
-0.4217889462948463	-0.4287015083265295
-0.4525986746113375	-0.44873376162269785
-0.4017465404960756	-0.3912325167072793
-0.3797640271304452	-0.390821711516646
-0.21822850085649748	-0.21256618129204752
-0.34995590331569204	-0.33965222172550497
-0.1900626009842732	-0.20101153983043427
-0.24899558043960113	-0.2548743129385704
-0.24746230343572506	-0.3103883487940986
-0.2778403028775678	-0.2791004558554331
-0.1021467202440487	-0.19878071927385355
-0.2166792503911381	-0.2220140537200069
-0.4203936978937186	-0.4270138214198054
-0.30114128171523546	-0.27383509822497487
-0.39525222767117896	-0.391277189888248
-0.25599349470088484	-0.2513166939338622
-0.24953413123098578	-0.2514198271340177
-0.28155490350482637	-0.2765460734106127
-0.2518169067391227	-0.2459722608427164
-0.36846079606165283	-0.3151992918153724
-0.36934018814464764	-0.3576331085891042
-0.34464289060086273	-0.3675874320589992
-0.3051232201907368	-0.31551764760168866
-0.3013875937609054	-0.3083359103914211
-0.3665333708616849	-0.34017222693440907
-0.3204956213221237	-0.3284830813172956
-0.33418635991377243	-0.3281340156022451
-0.2415943967175629	-0.26047841225075885
-0.16436794264194887	-0.21647415193042993
-0.4270595095768783	-0.41601210859631155
-0.36562606165050937	-0.3159963828255619
-0.2387805906788003	-0.25548348673359605
-0.5410559195313596	-0.5361259421121968
-0.3362774637310437	-0.30682886966659884
-0.4144604219080108	-0.42528043377075636
-0.14132226340762166	-0.17041461697663654
-0.2494975663572525	-0.25225301996136484
-0.28088473874689157	-0.28889623781792256
-0.13059730853986906	-0.12682571509686077
-0.52428400430769	-0.5260321347787623
-0.37038675247211117	-0.33537672948382946
-0.3906669534206131	-0.39466325130727437
-0.29283823079005344	-0.27855791933303736
-0.23286850073729326	-0.2441549619519997
-0.412160695865321	-0.427513655238513
-0.30042880330704946	-0.2752216554012633
-0.4184860564262287	-0.41745074271784044
-0.41300350111491113	-0.4165245769067949
-0.3260723443299973	-0.340687171894249
-0.25815798838924664	-0.22829134747350935
-0.5595352797028923	-0.5473909473232039
-0.4289085764880838	-0.35348756200373066
-0.3736280882850096	-0.3675464412103089
-0.2996732223499521	-0.4240227951652511
-0.38829588553461036	-0.36914024918792965
-0.2685132242888404	-0.29251030454653826
-0.3023568102977734	-0.3027987830293929
-0.5271143540240626	-0.5302155220061909
-0.39159368697141517	-0.3945723143672288
-0.23981612915342154	-0.2253138746736401
-0.3605915062237841	-0.317126890988649
-0.46829569758256184	-0.4431995395343117
-0.3409432803002552	-0.35277785883110396
-0.3663943859782073	-0.3696596940204581
-0.2652326139509231	-0.26486060689894136
-0.3368022500449612	-0.36851076310099007
-0.40134882031883734	-0.4059913914005172
-0.3972284046595256	-0.4093216449379643
-0.3738899852789146	-0.368982442176143
-0.25018818170661916	-0.2639213478175427
-0.5393124057300085	-0.5649048759028771
-0.3221297279062689	-0.30693983839910466
-0.3995035291511222	-0.4028357253481877
-0.31778347543506413	-0.3165142889376352
-0.27595108140599933	-0.2714577456202711
-0.43591000458222595	-0.4319428678713418
-0.09535159654918957	-0.2204397787323278
-0.076312919937509	-0.10112840791088143
-0.19211390250334404	-0.1416046854868062
-0.427482000756811	-0.3966283293748851
-0.38893814897946655	-0.3726295823826449
-0.3966674986727785	-0.3944761149819337
-0.2802964715052134	-0.25461127645002035
-0.229256199644297	-0.22460741647573354
-0.40848568208402725	-0.376328134621139
-0.08268862150690914	-0.12639890391351732
-0.34993987921548	-0.3230335817032019
-0.3512385424141229	-0.3472083890021962
-0.10368765723792706	-0.2348742994514961
-0.3302381805717651	-0.3279555599668238
-0.21899014502835712	-0.21797992345440764
-0.38002515357034206	-0.3804905542304184
-0.25250367162295007	-0.26269461567411595
-0.35870362266713585	-0.3857173653550009
-0.2103869933311593	-0.20229423123898954
-0.38438743488829097	-0.3913399586940454
-0.24997364821490287	-0.26400139816068197
-0.23623059230017596	-0.2225263567749836
-0.38880403494407645	-0.38119617468721134
-0.2886908583956096	-0.2678437429882694
-0.1531174458819038	-0.20472792685088853
-0.2735574068479849	-0.273544234040849
-0.20030974903983179	-0.21466370699050974
-0.3699610855616058	-0.35792548147253533
-0.5424544882063742	-0.530008539302601
-0.39914114901318243	-0.39184268996347627
-0.3360663721315156	-0.338715677227819
-0.16356367426746843	-0.11458587636749333
-0.23935487603519867	-0.2712006048269972
-0.34791431227204583	-0.3374251761952142
-0.3662927644117513	-0.3604631206016422
-0.4013688002229685	-0.40522858099632314
-0.05204644996758212	-0.22127889882144428
-0.39666257442229025	-0.3746392386754676
-0.26508097696912003	-0.25796743572300534
-0.28213429449025007	-0.28260585107491654
-0.16662539778925556	-0.22596045595130385
-0.35937743293222013	-0.3612369794173949
-0.27943785181613734	-0.29164375090943706
-0.3817416790615642	-0.3807639657017594
-0.045149483536135904	-0.05227558569400549
-0.46068070384664495	-0.4413547411158111
-0.2726043630901849	-0.27501240383477693
-0.34821608905964396	-0.353722684502105
-0.2646955226354173	-0.26174598047625847
-0.40630152769139016	-0.41058194508740786
-0.364528095934034	-0.3456275866273563
-0.24261871836455384	-0.23632985609102972
-0.27826243187073985	-0.26401123633603724
-0.17542318931599254	-0.1594593925453175
-0.5499179364413607	-0.541003909281732
-0.07928997843374219	-0.07108132278031658
-0.5543349223200273	-0.5558061192209233
-0.23826962665294715	-0.2312923827025604
-0.24274847496450747	-0.239079533876867
-0.4695217060381385	-0.4777556213954336
-0.38481392916478185	-0.37612029114143075
-0.15152234597367809	-0.14650785782605233
-0.25875226844386034	-0.22340975959664017
-0.06402370397460544	-0.07178736127874133
-0.2664404851244626	-0.2465475577342028
-0.2630244874505614	-0.28925026862429953
-0.33440005390026784	-0.33989202477452685
-0.30406991097446046	-0.2747725111328296
-0.07677682223570415	-0.11796707653136251
-0.3725944527563243	-0.3709878301496498
-0.2688393230048227	-0.2554461662975694
-0.5275712914289805	-0.5310194184212139
-0.32778499626891744	-0.29418221116765153
-0.189349083733104	-0.21594282004218004
-0.1996969893845062	-0.20999000041919014
-0.37966817916539597	-0.3597753766050155
-0.2891654226209468	-0.2908693899311375
-0.4141435595904106	-0.428741088075992
-0.028163601270529526	-0.20212618393656864
-0.3735772630437211	-0.36484218420017717
-0.3668255378816099	-0.35735514723484135
-0.2999208726482685	-0.3061624934550031
-0.13578691497047224	-0.09299255604571281
-0.4059931443202647	-0.4066616323251669
-0.28856611647754704	-0.25361719208547456
-0.26998007319289385	-0.2754303449979774
-0.23736016197746324	-0.24515509297405755
-0.18582529300748618	-0.1784913761705132
-0.12567517971672082	-0.19780959546913848
-0.29809035268440454	-0.2753905996320003
-0.34776170249587324	-0.2884233549868607
-0.24405092465602252	-0.25489097818061945
-0.27637703834385974	-0.27082506705001247
-0.3339623458400105	-0.3049081393107486
-0.510092831773834	-0.5084273148722163
-0.18735768710659073	-0.2815218285136585
-0.23701143482595732	-0.25577015630862493
-0.43890840970848366	-0.44487857498006833
-0.3576622354669965	-0.3779206431915531
-0.10681945750566868	-0.11984120408623186
-0.29815283437536877	-0.2871631011256462
-0.04741120359310713	-0.023347762392682027
-0.2696367922333245	-0.28112845984359075
-0.47334766623487745	-0.5401582149164362
-0.2328204776932985	-0.25748606180255357
-0.42705789327700394	-0.3749595838402016
-0.415794810184849	-0.4135802335101068
-0.38608660500465675	-0.39558027885040065
-0.2680885888771769	-0.2528970974759177
-0.333448430386067	-0.3371152060471041
-0.5291786732448482	-0.5296426170648808
-0.235808989258679	-0.2525244064150444
-0.3708469223217854	-0.33153633882507183
-0.30512646234173957	-0.25831804061299773
-0.09608689662199588	-0.10558317275997076
-0.3199714499598514	-0.3000033992125886
-0.141317203216067	-0.14150018514953724
-0.5356584060444938	-0.540437488410072
-0.06556611821193314	-0.0905657417868163
-0.2898051671191624	-0.2755085312761225
-0.288418532402936	-0.22506720531519678
-0.2554710684669175	-0.25401299097622415
-0.3688094436885798	-0.3866683822050926
-0.3551113676616442	-0.3482538748374451
-0.2520286861398713	-0.2510682886982358
-0.26678379102364147	-0.30090425965391226
-0.2498610235324321	-0.24487939221502464
-0.4590234142534442	-0.49794962041913754
-0.3080736848644712	-0.3163491467310455
-0.24276353435591247	-0.23758543410642455
-0.2257675009464961	-0.24601819901494507
-0.43231315205850507	-0.31567616416450545
-0.41316166126446063	-0.3964798328717547
-0.3068902677071641	-0.2688942083951059
-0.25784850369508305	-0.24811798596304652
-0.3541102488843144	-0.3522524401383441
-0.4053999281525602	-0.37749645474093274
-0.28246461318918037	-0.25214170179080075
-0.22952249222831256	-0.24728439638937683
-0.3580975191276945	-0.34648477658545446
-0.15714502475535674	-0.19799022641173236
-0.4056658373402975	-0.6679510566436667
-0.5398371332681098	-0.5559926743068138
-0.35963890293933076	-0.35351755414894354
-0.4263507142139744	-0.38246495516784196
-0.26434741060958444	-0.2679887899742082
-0.41059958876334335	-0.41930856093934005
-0.40212799368609353	-0.413685454746109
-0.3738978343939987	-0.28361331348823243
-0.4537231680513365	-0.47710202497424525
-0.25536005095346503	-0.27016327016391534
-0.23897866869875273	-0.22414142773501286
-0.33875473475520934	-0.3348531503129226
-0.24851777493576854	-0.21202122839238624
-0.48964473488438287	-0.4709248422375105
-0.24536307600132368	-0.2419793339066939
-0.30856434769598806	-0.30364409398679587
-0.2577164955719766	-0.2552570459270944
-0.3493734200933485	-0.3490586846989502
-0.3140865702605957	-0.35734301371476873
-0.2647929276400447	-0.23873917068962475
-0.24403414846959848	-0.29790888674387633
-0.4146893610375404	-0.36497867192482714
-0.46835106611355215	-0.4262190183359459
-0.36022698750319115	-0.33626158084297214
-0.3684457422760854	-0.34483297189148576
-0.3343935384819563	-0.3988819882986797
-0.35477282425932444	-0.36437088776778803
-0.1664468422690355	-0.21150900699501735
-0.21190849096707964	-0.22002279522030457
-0.5205187724029798	-0.5299916320255575
-0.10368560718332276	-0.1047356198116934
-0.18428263511133913	-0.20833331757969642
-0.3758804481673792	-0.38750507732506995
-0.5519525715947715	-0.5553879290775636
-0.5482347316168319	-0.5384767338101974
-0.4284280360082757	-0.41858314763587173
-0.3035320156281891	-0.3179328150022967
-0.48474412201213823	-0.4865303996660479
-0.3360543932562017	-0.21463134196732708
-0.11445776251031958	-0.2365417603136624
-0.2302635777425479	-0.2519070305272635
-0.2443920404601343	-0.20628960734577317
-0.257220480011636	-0.28148998914041784
-0.1103113987018407	-0.12983763125683925
-0.40841387620591085	-0.41530845506643366
-0.5189427357355587	-0.5260995343501146
-0.319575485228512	-0.31925695344386096
-0.13925999507515208	-0.167618006195681
-0.37787224079483117	-0.37913070969189244
-0.2884437377926865	-0.24589253134905012
-0.26794617799596665	-0.2773587415407662
-0.13279813900732762	-0.11083400763088325
-0.3124593541067391	-0.2952381386816195
-0.3678357594106245	-0.35359029944196596
-0.5601173979254863	-0.5514418457751611
-0.27900709711504845	-0.24638324804113979
-0.30435443932271866	-0.24033552849568632
-0.3444828796630439	-0.30342725428457895
-0.517775868094061	-0.5136021366115071
-0.3723097573880061	-0.3767231065077494
-0.48788948001021737	-0.4830879930693304
-0.3197920452440002	-0.30646210522127454
-0.257095274673766	-0.2747165268497085
-0.04856935530558282	-0.04276718949504672
-0.256631947709117	-0.297461692763752
-0.2999006136790854	-0.30580134045010815
-0.2684393548471782	-0.25639730554506407
-0.22834631645805104	-0.23616631251242448
-0.4146420542379996	-0.39813870577601096
-0.2599296533695803	-0.2225530055689973
-0.465131624139719	-0.4691330569289394
-0.26956529974495247	-0.256488057973603
-0.36976152168059073	-0.37898404033537064
-0.27448917411599894	-0.2592698060192811
-0.3048321274219923	-0.3071215331769852
-0.40462657601792884	-0.3985110868096126
-0.24281647813209162	-0.2545059531528419
-0.38519236819276337	-0.3686894563428204
-0.32975951525278546	-0.2573623408499262
-0.47596294069772327	-0.40516897998243695
-0.23690518664240656	-0.2505101080517491
-0.16515475856980366	-0.1551721861623736
-0.36575756632799283	-0.23696133713805287
-0.40479877079154747	-0.4051060794793658
-0.2790758526338415	-0.2966108260701318
-0.36580041575315647	-0.339137870291809
-0.5449660878661273	-0.5871554858838051
-0.24738003581419932	-0.23891892276671067
-0.23966944229650622	-0.22828317215237184
-0.2534204046568469	-0.23048896920956016
-0.14933182637662057	-0.20132302816796335
-0.2185768971103066	-0.2109453391331028
-0.2588456953774312	-0.2707451282775907
-0.07909623845051428	-0.10522301991441214
-0.3615404786085854	-0.3542902698792496
-0.23002554287586818	-0.29560438263789257
-0.13246419926461783	-0.14145665008243502
-0.3329702462899604	-0.32953984970740746
-0.5183882269358122	-0.5088815784682935
-0.27472028151993655	-0.29620448735039157
-0.322259928287421	-0.28913123983756195
-0.36997684430267697	-0.3699518916058683
-0.42957726696925036	-0.43930401489147397
-0.23311993806766296	-0.26628471264215053
-0.5035599745562074	-0.4991962162396807
-0.28139908929132673	-0.2879169803967524
-0.13340507417029812	-0.21265122921896604
-0.3152973738142908	-0.31245184527599756
-0.41677524028111534	-0.4230235657843007
-0.4994786756869427	-0.4934925932815805
-0.43829259209186233	-0.4422482061422743
-0.27360832952691894	-0.2794724320476752
-0.17425481123281195	-0.14227003712361555
-0.3781646284181228	-0.33138278705069707
-0.20063644524289437	-0.19910410720419025
-0.24996975541761657	-0.27280470751597474
-0.21738137470817165	-0.27571594483396883
-0.376714865540972	-0.2284625213919907
-0.3524769635240119	-0.35190352191648533
-0.29838397529843164	-0.3064931997269196
-0.3805737017581663	-0.3787264940510857
-0.27089810424318017	-0.26378043921160177
-0.29125154273723197	-0.2864233052494996
-0.29670223394481	-0.28024679745867687
-0.10797460617753174	-0.1117848608397106
-0.25027221484564777	-0.3169991769365484
-0.38377609980508254	-0.3947238688899522
-0.4732527539673903	-0.4614941394929894
-0.29269124843695593	-0.2785384813318477
-0.17190953564615263	-0.1966304460180566
-0.26902656694687366	-0.2605552031444893
-0.4894747637527672	-0.49499628757184916
-0.4544232890333575	-0.4492938983748185
-0.29053269454549735	-0.2785502774229366
-0.3347802231378765	-0.3252482571714983
-0.02677530760307434	-0.25860835505719854
-0.2561943923278598	-0.2767463527390624
-0.24917009784356736	-0.31523148607177853
-0.07455040563394988	-0.07148197513242853
-0.5155758520066929	-0.5157894478968901
-0.3831157295184209	-0.39135693874206223
-0.3622939208919256	-0.3407932548403705
-0.4122973993587493	-0.4138978804954846
-0.3913361395334576	-0.38376354294671056
-0.33934979876867644	-0.297350330834602
-0.375753942701202	-0.3650349641915283
-0.3116046471817775	-0.3191238448791868
-0.29796968066055385	-0.27412328285504073
-0.3715907007152097	-0.37360349540152027
-0.10981936674417092	-0.10976547198751264
-0.4152728553170153	-0.41756858294641086
-0.4085593641788119	-0.40756061123480647
-0.3660933527661676	-0.3526417358439226
-0.13836238591027694	-0.14567735366899562
-0.35848096408543206	-0.3516125204566719
-0.3223891797260414	-0.2841666701215117
-0.22260247448747705	-0.22042847463190002
-0.3759150512463272	-0.3558796028792022
-0.2416665876051063	-0.24357466471577857
-0.4242384376817423	-0.4107972258087444
-0.3065586079522724	-0.3043030561502459
-0.487641971582347	-0.5145302491710534
-0.40187661504710803	-0.3865405966445426
-0.2527275340175308	-0.24339257951306417
-0.4451696437787689	-0.4511191056285713
-0.4031419402270835	-0.4090161342838004
-0.33316903982123414	-0.3534209878641917
-0.24938452665466926	-0.26224586818009915
-0.3644769976597573	-0.3631879850436567
-0.24589023744771943	-0.27625738598319083
-0.34822092474667343	-0.33861910244861915
-0.42402054516920806	-0.4262153064592488
-0.34200945423629037	-0.36584417547093756
-0.44785667207084856	-0.4427074373076669
-0.13892128851033725	-0.1407897437001692
-0.11333218799569877	-0.119779717453933
-0.37340586135591813	-0.37356086278739675
-0.35192685641329646	-0.35723364926701656
-0.27917991827137634	-0.2676013148203731
-0.3356746856516537	-0.30229418578635503
-0.16899337129504133	-0.2539001980978106
-0.2932932766510312	-0.2884665469379907
-0.06351157266804464	-0.06745134504443029
-0.27614974856219376	-0.29270990073870395
-0.3865752482140685	-0.37293637111118494
-0.5057209895101202	-0.5184974664360554
-0.38988789729635087	-0.4101202752433507
-0.2443538425343199	-0.2352105636180436
-0.13851886498675015	-0.15190678722012083
-0.2187852439617366	-0.15091423913823968
-0.16415562425602204	-0.31287141273607755
-0.1980258792895473	-0.28526104223155885
-0.4016562179422287	-0.37783358308158665
-0.2421527283413205	-0.2426996747135683
-0.37669174144036077	-0.36485930264457117
-0.49383238608585245	-0.5221687031809058
-0.22342304513854572	-0.21840575556467456
-0.08990788759240687	-0.1035389522158493
-0.3743605776208252	-0.394325359014663
-0.274370039480079	-0.28984709632703826
-0.2623801465758824	-0.2572165640253304
-0.5416200947944603	-0.5413523102285901
-0.3081499169291746	-0.2859051663313048
-0.28679422014696954	-0.2809359341410123
-0.41951211871613125	-0.41954507512282607
-0.2815339949943585	-0.2653381881215606
-0.26140901153564045	-0.2608831800162992
-0.30537327820852234	-0.26295978891999006
-0.38675782711521123	-0.37890897260512274
-0.4229532576340951	-0.3990817260260466
-0.32280381874650743	-0.251264802219198
-0.5140056725784241	-0.5078450612947191
-0.31624597713287095	-0.3361459074040312
-0.23507675318078824	-0.22863103010534958
-0.2865062290489	-0.27259890858337826
-0.3694140034412463	-0.3631872838959316
-0.14499582499847286	-0.10672661476897413
-0.47004026585095815	-0.4587585284472492
-0.1672903912407726	-0.1731670761951085
-0.437535487789674	-0.41724849709570355
-0.11880410358629412	-0.14938207189433275
-0.19674013685786207	-0.20717408237229445
-0.335480036681151	-0.35962652253424227
-0.2982356611969976	-0.3062993123221969
-0.45526438983520734	-0.4384921674348208
-0.2931782388686557	-0.28188671167073875
-0.4062453715064649	-0.4084044510348159
-0.2840233245940009	-0.31592301495359754
-0.2885718398469699	-0.29250324090700364
-0.3983521362345961	-0.42926769997941777
-0.062403101231653935	-0.1777992898612747
-0.3786130221533064	-0.37484867673458877
-0.3282228135918537	-0.3276398614863635
-0.08642097608249344	-0.05121647525507974
-0.08860774788701065	-0.33777671173741897
-0.38993942734086495	-0.3962364241882661
-0.20008201726228414	-0.22901379267705899
-0.12399364649489897	-0.16114464072761198
-0.3142979788649569	-0.28860163467350447
-0.20026759463540422	-0.19609913361920722
-0.5451831770378224	-0.5264006733602039
-0.4652200561880484	-0.4761467166763221
-0.08282422171699189	-0.09375016096739368
-0.16030437828083421	-0.1548295359651789
-0.1573213824293056	-0.18815800446271538
-0.3390205820696046	-0.3262592592774015
-0.4100409841573427	-0.40530552206712
-0.5312716688606969	-0.5365095947158184
-0.3611733914682098	-0.37066684927459853
-0.46431471779590616	-0.4827923400235976
-0.30333396723354866	-0.3239406183273429
-0.2489547790801403	-0.26895294250908075
-0.4132681715780926	-0.4108620524744043
-0.4037590980817196	-0.39416116445677085
-0.38038238061973395	-0.3996811089994466
-0.3217728247940066	-0.2796958164108818
-0.2891183433743887	-0.30913471198714987
-0.17145113416871993	-0.2265484479762398
-0.2903418829062794	-0.33670296967680446
-0.3830738790397561	-0.3737817806241871
-0.05260331177507993	-0.051418847986513874
-0.37473714992863805	-0.3596167128108824
-0.2660638123319998	-0.26236734109173737
-0.42607750494297036	-0.4265744499257167
-0.2950973480062924	-0.31632950941760124
-0.13590056529439387	-0.15654257916800526
-0.3866319806675822	-0.36531100005909467
-0.13287865448143776	-0.2045819738940638
-0.5302882126260862	-0.5399275558777111
-0.31435943503751673	-0.46065508192910104
-0.4159899411672434	-0.4194039140722511
-0.3211546130740146	-0.2955067624396281
-0.3248424760858981	-0.31110361796999736
-0.31267091480154185	-0.31987418328518363
-0.3985616983960547	-0.39341323413416385
-0.15803011493594354	-0.16063145850995136
-0.24814796288206864	-0.3448075615789878
-0.2726513149227916	-0.2562412134177707
-0.14484575582452663	-0.2120699815861523
-0.37605438115333456	-0.37113220037937955
-0.34194283061805386	-0.33818563479833585
-0.2739882443008419	-0.313742525543128
-0.28354281610246446	-0.2533635390475958
-0.4250302572308229	-0.41732702373680847
-0.4279164795009791	-0.40936150666241217
-0.5005080859508251	-0.5049330659189685
-0.36183901582599276	-0.3335756002818845
-0.43166938300737456	-0.43241232144984604
-0.26892784739202824	-0.26730017372188486
-0.5488950085582545	-0.554641013911198
-0.4285173434710714	-0.4307406807318568
-0.144529968433055	-0.18781164676309225
-0.3837310241107925	-0.3884851580747369
-0.35684749033364227	-0.3840723033293992
-0.35475809003566994	-0.33709235924402575
-0.0786546627694964	-0.09895065020274468
-0.5609666385492034	-0.5579070514161788
-0.4595470699043247	-0.46097318178867713
-0.18720084355590316	-0.17244251197213126
-0.34669802052884435	-0.3656523740921704
-0.05507723478129378	-0.06188379302011975
-0.21763272623103092	-0.2207559080939558
-0.3284146922367377	-0.33386890729204194
-0.21995681947731605	-0.2815107877019951
-0.3313822357388361	-0.3149551024744543
-0.4448366578801277	-0.4482933660776835
-0.3802503608042933	-0.37003050480185656
-0.3687873764861678	-0.37535075401880463
-0.39427454867682954	-0.40351118410454967
-0.2676207936594128	-0.2755238342496109
-0.08741431203979388	-0.13207218370601123
-0.22254556993606656	-0.23995457010199242
-0.31155251073210977	-0.280681219825613
-0.3113269378232193	-0.3082214379881373
-0.18908424153183034	-0.15499230135504796
-0.2826902656132937	-0.34226832144692326
-0.40072273061075236	-0.41116894466800125
-0.5276928416276956	-0.5300610781297226
-0.3172300664649299	-0.2986975705367801
-0.4054458560060539	-0.389778373145712
-0.262201481462391	-0.2610144684010489
-0.519714627588252	-0.5213452684073434
-0.5013496713118819	-0.5059382269321018
-0.4158102225280018	-0.4149733552239358
-0.2614791740530791	-0.25656397180432045
-0.5374282282637726	-0.5604645598092067
-0.4277467283617735	-0.41630461637588334
-0.3452499577608741	-0.3680068387865054
-0.32107975703124225	-0.2941850516313612
-0.420285513641371	-0.4189092684451416
-0.18833457859501834	-0.25333300949194065
-0.31429515879558423	-0.3404065731904602
-0.5219278073732738	-0.5116308930676807
-0.3456941661424793	-0.3333175927785092
-0.39556187227196205	-0.4059276793376987
-0.31291966673791194	-0.29793970626841926
-0.10637874635933642	-0.12458660594681996
-0.3583597363577802	-0.2877822509283795
-0.2858775424394544	-0.2819250832840429
-0.2539111397314926	-0.2534884613166269
-0.23186204912886055	-0.25199562679993687
-0.40685301020026365	-0.4100831090948959
-0.22034493748221706	-0.358704560607941
-0.5357600500388422	-0.5360069448792132
-0.4031256570904098	-0.3922085310646601
-0.5438611139595508	-0.5471058148192558
-0.31214442429781286	-0.28832919342031726
-0.5519501415007415	-0.5649291750491169
-0.37728213045662606	-0.3412304070963109
-0.42361201840719254	-0.4234978858811898
-0.32837746833907744	-0.32547640804338546
-0.5198879700669679	-0.4456880991493976
-0.17257961295062074	-0.18813646103016907
-0.23193180248108547	-0.21446233946658894
-0.0357661069585653	-0.08834166701073543
-0.2873088572367273	-0.25491064473990366
-0.4694561255177625	-0.4921741983560715
-0.5644007701846547	-0.5538017728763178
-0.17559691656283505	-0.14778703852201835
-0.3772682678314432	-0.3778943367649323
-0.2760259997378043	-0.25983830199593333
-0.3333112597800394	-0.3627862193968355
-0.41059604850552844	-0.40385106254508835
-0.5002496193161221	-0.49654957276760714
-0.2903061145547845	-0.27827466582708
-0.37606413302951225	-0.37095424942367095
-0.36339321743489705	-0.3948961431721036
-0.26230457453512557	-0.2940247042796419
-0.4515751756632511	-0.4400012776223009
-0.17745232504724484	-0.16105940058564264
-0.33276270537059816	-0.337502686582799
-0.3673907393527358	-0.3742430614468609
-0.47106446866341756	-0.45172223123537075
-0.23033275297923517	-0.24308952249267834
-0.26461080679208493	-0.27621024025390134
-0.3490372363026495	-0.3255736647990167
-0.2770684911470713	-0.2681005583812808
-0.23925979172499545	-0.19453098689467557
-0.13770437293965188	-0.16251548292909548
-0.2539993070894173	-0.28266476398858037
-0.1246366989559533	-0.18686060407323318
-0.3130578720574597	-0.26965168294784186
-0.27467778924216546	-0.26893907666002487
-0.5552610815171217	-0.5616461762127911
-0.3422738476297482	-0.3461535239054827
-0.3846178876266819	-0.3550118072316772
-0.3352621897532817	-0.36443215214735075
-0.2872247776943624	-0.2835965788464628
-0.09322037300058206	-0.07797043536303915
-0.2895948865411224	-0.27215620085231285
-0.3879028519559071	-0.39075147908703806
-0.39170908376456914	-0.3854943664239902
-0.5257351771231633	-0.5080895579965646
-0.23690207632749782	-0.24786052322354435
-0.2505887469514274	-0.2528580514977315
-0.24101537026359132	-0.2419277333662218
-0.08490963248709882	-0.04219491593241523
-0.2343832832427566	-0.24222903808607182
-0.32096267865241757	-0.3533180241280192
-0.3619028214222624	-0.6831974055984807
-0.3936770430145682	-0.3722951411436934
-0.3234854335076225	-0.3179392956482125
-0.502658622181098	-0.4942281045536088
-0.42029548126567917	-0.43343018416891715
-0.25817710708035335	-0.25509855798743014
-0.27880640911603294	-0.2924773880424571
-0.2919706387769736	-0.34317937203225896
-0.2801187898870907	-0.20517231886061063
-0.18374810973025646	-0.1824528516897546
-0.34305469673715017	-0.2961254693835904
-0.35350501939378276	-0.31151062257545437
-0.41090144318167887	-0.393114874509853
-0.23668578441919408	-0.26993702719085255
-0.25843405891609805	-0.3304064106451549
-0.39959355369653693	-0.4025700684326918
-0.5266672440547122	-0.5193336002088843
-0.2512975737875216	-0.25890520849412263
-0.3343928009016892	-0.3447966075302685
-0.24458495011670855	-0.2534690884725691
-0.3242578339195674	-0.30349739877751136
-0.32466418475569725	-0.2981375572576976
-0.4700892523945406	-0.4586739236212058
-0.41733342026604525	-0.40501012816174486
-0.25850696582616806	-0.22711412602020206
-0.2761334462672558	-0.20426407625373105
-0.34078837320532784	-0.32542592180330665
-0.23937746905983737	-0.239876154096095
-0.222813531729253	-0.225379713260736
-0.3876256020950244	-0.38120936881224177
-0.08878285188236923	-0.10621525572991569
-0.26199208206378444	-0.26257698254683426
-0.11236330739240685	-0.12135256043291298
-0.4072888608676948	-0.41526851446560986
-0.2744998732762749	-0.26354641014860164
-0.2595397919812008	-0.24580310522907534
-0.07925933840730437	-0.1755452603472497
-0.425483216047148	-0.43409343947759316
-0.2075033697371449	-0.20731927279631684
-0.2539168895534658	-0.3108759590043937
-0.4164699233766793	-0.4430646354498812
-0.4028175301424959	-0.4016159267817891
-0.29474321385322	-0.3260476136705409
-0.2810066547943517	-0.2851014411012019
-0.5605718510685627	-0.5564111715501687
-0.20033103370448302	-0.18337884596261764
-0.2626596376331065	-0.274851769893934
-0.35266273321793307	-0.34310559194687595
-0.555009880425203	-0.5554492002787067
-0.558943081179212	-0.5517528988909637
-0.19692360315301372	-0.19406128150126373
-0.3412909830716977	-0.3476084700250156
-0.31814839181518906	-0.33587745784423056
-0.43168405822497924	-0.43747002623796666
-0.5477703342084546	-0.5583430400519918
-0.5532748276502133	-0.5581066377146329
-0.2870446606199444	-0.25443395559574083
-0.3599202174209637	-0.3359231058770543
-0.28371054487206493	-0.2641622006452103
-0.2163418289852217	-0.21267416179220655
-0.46210798162541344	-0.5302162807353745
-0.38550679328192317	-0.33197442357421686
-0.28826037973187013	-0.350676173779966
-0.539150331080938	-0.5288226049765574
-0.3318526023145907	-0.3228842341600676
-0.39824470934195233	-0.40133566865233306
-0.22396597024073728	-0.2189361971368371
-0.43763209553449123	-0.46982841238640044
-0.15591960771019586	0.00270471676693154
-0.4916315445150321	-0.5021933327501081
-0.26744524075631304	-0.2261506674491445
-0.17983590817312134	-0.19118197224925462
-0.3617166821772315	-0.33476050190553147
-0.5601751434921383	-0.5456912706175439
-0.37173566013561654	-0.3685313683256969
-0.49652473424636945	-0.5004353698306432
-0.2511027932831027	-0.25722274237812187
-0.15137575441919182	-0.09453017417391275
-0.33583978643530266	-0.3280591158389265
-0.4018190557386241	-0.3946449644520093
-0.2823001334782802	-0.26422411200840407
-0.253081697464685	-0.24578512533189656
-0.29057949060393184	-0.2747115527895616
-0.3781930451498532	-0.31852586918332493
-0.4094054266806797	-0.4249930542312474
-0.2210343928036309	-0.21199033656179217
-0.5449057388518845	-0.5559149352616121
-0.26089002697673713	-0.25021260236135034
-0.3855154482121286	-0.3874991562287052
-0.33313988011428464	-0.3181447131597996
-0.2396650488845502	-0.2294713445624504
-0.4058806498664449	-0.40611272702216045
-0.14801525529342818	-0.23115222498956503
-0.4196199934327396	-0.4093188729007477
-0.4274027479438409	-0.4490720896046296
-0.5063365527031163	-0.500486221405681
-0.24561906993091398	-0.22120050819587522
-0.3806422841632937	-0.3631210825042315
-0.19284588818070247	-0.1810918804656206
-0.49905818582157835	-0.4845304942257949
-0.22272565973416647	-0.24315400924383002
-0.5333610092842918	-0.5432847495918547
-0.37926682632134856	-0.37993237106102
-0.4002688175271416	-0.3986751267559555
-0.2636926007987057	-0.24382092219124815
-0.3560046803653023	-0.38713407705273317
-0.2087253801075235	-0.2082072245036301
-0.4017265687644809	-0.38956910629816055
-0.26759549421813134	-0.2812198184974828
-0.5429013630399222	-0.5380064784971373
-0.39616216906309276	-0.3775974199487584
-0.19909895247636555	-0.1962888118871758
-0.4972872751201791	-0.5087767478739862
-0.3429075386666671	-0.34297298175230034
-0.31732931428199507	-0.318946955418222
-0.1050807532832323	-0.14119898954147084
-0.3591626395537695	-0.3694389879001004
-0.4004386984555488	-0.3869746875408324
-0.28976413812719315	-0.3041040794068843
-0.37889197625460014	-0.38849632751984453
-0.11193110228680858	-0.13254593507560541
-0.3656126689892929	-0.36153159440140875
-0.5260522315048277	-0.5240342511565793
-0.5368327619253215	-0.5386101227782263
-0.3935765723671878	-0.40037210933679995
-0.40527469790784565	-0.39859604070120364
-0.2780475742083883	-0.29542892351505917
-0.23792044430855697	-0.2279481897191625
-0.3180853499691345	-0.3003559766047607
-0.36439680519427853	-0.3519006182189392
-0.5045405445337519	-0.4901987778752756
-0.3442070382299871	-0.3039364210363326
-0.3811065847822164	-0.3838322532089295
-0.23453397218962024	-0.2247629201153895
-0.10958987208957005	-0.11447748234436751
-0.48095628449134864	-0.48502122822117094
-0.1277563577293357	-0.13808635092555335
-0.2134637845321592	-0.24420673796321402
-0.15636542032815726	-0.13655905989440065
