1.688674446776464166e-01 1.962775172413283673e-03 1.000000000000000000e+00 1.000000000000000000e+06
1.688635525199592424e-01 1.962737910233115866e-03 1.000000000000000000e+00 3.162277660168379080e+05
1.688512459661101472e-01 1.962620078078554462e-03 1.000000000000000000e+00 1.000000000000000000e+05
1.688123457939876837e-01 1.962245907309612038e-03 1.000000000000000000e+00 3.162277660168379589e+04
1.686894791059547205e-01 1.961062220712808234e-03 1.000000000000000000e+00 1.000000000000000000e+04
1.683024615011964875e-01 1.957279347915938383e-03 1.000000000000000000e+00 3.162277660168379043e+03
1.683022489890963203e-01 1.957305448102565799e-03 3.162277660168379394e-03 1.000000000000000000e+06
1.670943628153041538e-01 1.945529608664153679e-03 1.000000000000000000e+00 1.000000000000000000e+03
1.670941882205939089e-01 1.945553182231867439e-03 3.162277660168379394e-03 3.162277660168379080e+05
1.634261570231343441e-01 1.910715240397292247e-03 1.000000000000000000e+00 3.162277660168379043e+02
1.634260480854985986e-01 1.910734407099016693e-03 3.162277660168379394e-03 1.000000000000000000e+05
1.531427846019402517e-01 1.809918544846529425e-03 1.000000000000000000e+00 1.000000000000000000e+02
1.531425098479374525e-01 1.809922724574665725e-03 3.162277660168379394e-03 3.162277660168379589e+04
1.297248511748505528e-01 1.505323443571402299e-03 1.000000000000000000e+00 3.162277660168379612e+01
1.297222164933160837e-01 1.505252005962984556e-03 3.162277660168379394e-03 1.000000000000000000e+04
9.453556909158351840e-02 9.159784046273419583e-04 1.000000000000000000e+00 1.000000000000000000e+01
9.452497361426703826e-02 9.157207957176914659e-04 3.162277660168379394e-03 3.162277660168379043e+03
9.452494016392118392e-02 9.157199619235929225e-04 9.999999999999999124e-06 1.000000000000000000e+06
6.164822759202513713e-02 4.925730393402214576e-04 1.000000000000000000e+00 3.162277660168379079e+00
6.163024453163442468e-02 4.917364875815424113e-04 3.162277660168379394e-03 1.000000000000000000e+03
6.163018780333066882e-02 4.917338361375603968e-04 9.999999999999999124e-06 3.162277660168379080e+05
4.115562544993454225e-02 2.647136248512907972e-04 9.999999999999999124e-06 1.000000000000000000e+05
4.115561867045965105e-02 2.647123898325474912e-04 3.162277660168379394e-03 3.162277660168379043e+02
4.115403550180061348e-02 2.644342812574841228e-04 1.000000000000000000e+00 1.000000000000000000e+00
3.187134912735588993e-02 2.467771146553682606e-04 9.999999999999999124e-06 3.162277660168379589e+04
3.187081408981819880e-02 2.467379511254282195e-04 3.162277660168379394e-03 1.000000000000000000e+02
2.821072274557753085e-02 2.956280447124078037e-04 9.999999999999999124e-06 1.000000000000000000e+04
2.820690177107599769e-02 2.955364725264529135e-04 3.162277660168379394e-03 3.162277660168379612e+01
2.639905620679924847e-02 3.315698613304512814e-04 3.162277660168379191e-08 1.000000000000000000e+06
2.639897067127390876e-02 3.315695137287968442e-04 9.999999999999999124e-06 3.162277660168379043e+03
2.637261831504184723e-02 3.316137249711223305e-04 3.162277660168379394e-03 1.000000000000000000e+01
2.504567832991856993e-02 3.758549635221940070e-04 3.162277660168379191e-08 3.162277660168379080e+05
2.504503408296085420e-02 3.758427516724191161e-04 9.999999999999999124e-06 1.000000000000000000e+03
2.485430336592070813e-02 3.754394885066848460e-04 3.162277660168379394e-03 3.162277660168379079e+00
2.381585262439712275e-02 4.034414936068959055e-04 3.162277660168379191e-08 1.000000000000000000e+05
2.381120729754949289e-02 4.034141556404990210e-04 9.999999999999999124e-06 3.162277660168379043e+02
2.274504355500413938e-02 3.907300247378168783e-04 3.162277660168379394e-03 1.000000000000000000e+00
2.264470210303088857e-02 3.856460187341742194e-04 3.162277660168379191e-08 3.162277660168379589e+04
2.261242168362421687e-02 3.850480044617945715e-04 9.999999999999999124e-06 1.000000000000000000e+02
2.158295495999906083e-02 3.471012544119141119e-04 3.162277660168379191e-08 1.000000000000000000e+04
2.136135568476773411e-02 3.408185289708993656e-04 9.999999999999999124e-06 3.162277660168379612e+01
2.078321564960241077e-02 3.142583999366094769e-04 9.999999999999999072e-11 1.000000000000000000e+06
2.077388506481251881e-02 3.160224400888173892e-04 3.162277660168379191e-08 3.162277660168379043e+03
2.011999810759541180e-02 3.106870472492690338e-04 9.999999999999999072e-11 3.162277660168379080e+05
2.007057344793570022e-02 3.090996865842334396e-04 3.162277660168379191e-08 1.000000000000000000e+03
1.958375772110755586e-02 2.996205338051532454e-04 9.999999999999999124e-06 1.000000000000000000e+01
1.951053635591040725e-02 3.026246884225985306e-04 9.999999999999999072e-11 1.000000000000000000e+05
1.914890046137898011e-02 2.964979584055852041e-04 3.162277660168379191e-08 3.162277660168379043e+02
1.900357959501892263e-02 3.028791690624183463e-04 9.999999999999999072e-11 3.162277660168379589e+04
1.861275913541845031e-02 2.847802166484331827e-04 9.999999999999999072e-11 1.000000000000000000e+04
1.794391146384589908e-02 2.678082312854693681e-04 9.999999999999999072e-11 3.162277660168379043e+03
1.753750558156072503e-02 2.799152516538677671e-04 3.162277660168379191e-08 1.000000000000000000e+02
1.739865605871037182e-02 2.718278011268719652e-04 9.999999999999999124e-06 3.162277660168379079e+00
1.661430950438705714e-02 2.553144648048757698e-04 9.999999999999999072e-11 1.000000000000000000e+03
1.605603879805327788e-02 2.453200188161563044e-04 3.162277660168379191e-08 3.162277660168379612e+01
1.578381109121184192e-02 2.253905426880945580e-04 9.999999999999999124e-06 1.000000000000000000e+00
1.542454828892351158e-02 2.278036173799868696e-04 9.999999999999999072e-11 3.162277660168379043e+02
1.485017242749891650e-02 1.942189186014524891e-04 3.162277660168379191e-08 1.000000000000000000e+01
1.421507093835351968e-02 1.760637527598845210e-04 9.999999999999999072e-11 1.000000000000000000e+02
1.353214389747652360e-02 1.558118249199359653e-04 3.162277660168379191e-08 3.162277660168379079e+00
1.312749322006484531e-02 2.471751160775069044e-04 9.999999999999999072e-11 3.162277660168379612e+01
1.232779090272844227e-02 1.376093461957895276e-04 3.162277660168379191e-08 1.000000000000000000e+00
1.229579616257056932e-02 3.095148648321073407e-04 9.999999999999999072e-11 1.000000000000000000e+00
1.218203083973608096e-02 2.599979024895505237e-04 9.999999999999999072e-11 1.000000000000000000e+01
1.183676419461271792e-02 2.108950221349216415e-04 9.999999999999999072e-11 3.162277660168379079e+00
