1.318595428757182164e-01 3.321691722440538262e-03 1.000000000000000000e+00 1.000000000000000000e+06
1.318594463832344632e-01 3.321690684317741768e-03 1.000000000000000000e+00 3.162277660168379080e+05
1.318591412485813630e-01 3.321687401491228535e-03 1.000000000000000000e+00 1.000000000000000000e+05
1.318581763418057162e-01 3.321677020348060786e-03 1.000000000000000000e+00 3.162277660168379225e+04
1.318551257727682835e-01 3.321643913185558846e-03 1.000000000000000000e+00 1.000000000000000000e+04
1.318461957276725605e-01 3.322318430074752606e-03 3.162277660168379394e-03 1.000000000000000000e+06
1.318454841482053774e-01 3.321537468351671522e-03 1.000000000000000000e+00 3.162277660168379498e+03
1.318157264500240955e-01 3.321981973265472014e-03 3.162277660168379394e-03 3.162277660168379080e+05
1.318150083514819659e-01 3.321200934457871172e-03 1.000000000000000000e+00 1.000000000000000000e+03
1.317195107593914227e-01 3.320918745078410388e-03 3.162277660168379394e-03 1.000000000000000000e+05
1.317187721631653541e-01 3.320137463323752976e-03 1.000000000000000000e+00 3.162277660168379612e+02
1.314168445589155021e-01 3.317623935055644038e-03 3.162277660168379394e-03 3.162277660168379225e+04
1.314160879274369198e-01 3.316882121601892781e-03 1.000000000000000000e+00 1.000000000000000000e+02
1.304751959757570190e-01 3.307702532713106738e-03 3.162277660168379394e-03 1.000000000000000000e+04
1.304742715131302633e-01 3.306888452956763692e-03 1.000000000000000000e+00 3.162277660168379256e+01
1.276467270746076965e-01 3.276241179520005681e-03 1.000000000000000082e-05 1.000000000000000000e+06
1.276467229441218543e-01 3.276238434127310816e-03 3.162277660168379394e-03 3.162277660168379498e+03
1.276454233925746751e-01 3.275372243151346199e-03 1.000000000000000000e+00 1.000000000000000000e+01
1.199905352810971826e-01 3.196490366403786833e-03 1.000000000000000082e-05 3.162277660168379080e+05
1.199905282376022286e-01 3.196488071763722502e-03 3.162277660168379394e-03 1.000000000000000000e+03
1.199883093460355210e-01 3.195762388377179804e-03 1.000000000000000000e+00 3.162277660168379523e+00
1.037937477453292762e-01 2.827405840011330742e-03 1.000000000000000082e-05 1.000000000000000000e+05
1.037937390560943890e-01 2.827404872400748805e-03 3.162277660168379394e-03 3.162277660168379612e+02
1.037909896720092817e-01 2.827095307402921216e-03 1.000000000000000000e+00 1.000000000000000000e+00
8.195201448207065087e-02 1.943903056620631875e-03 1.000000000000000082e-05 3.162277660168379225e+04
8.195201432820040099e-02 1.943905472676077427e-03 3.162277660168379394e-03 1.000000000000000000e+02
8.195197934795736550e-02 1.944683246156680544e-03 1.000000000000000000e+00 3.162277660168379412e-01
6.716483982844154155e-02 1.312919381986426062e-03 1.000000000000000082e-05 1.000000000000000000e+04
6.716475787657856522e-02 1.312934663718886251e-03 3.162277660168379394e-03 3.162277660168379256e+01
6.713952988959542845e-02 1.317723302655535861e-03 1.000000000000000000e+00 1.000000000000000056e-01
6.067619683463835317e-02 8.419015210677916047e-04 3.162277660168379191e-08 1.000000000000000000e+06
6.067619214659771693e-02 8.418999234749368309e-04 1.000000000000000082e-05 3.162277660168379498e+03
6.067535392282471379e-02 8.419773089126602553e-04 3.162277660168379394e-03 1.000000000000000000e+01
6.043775978892337170e-02 8.631503754182715850e-04 1.000000000000000000e+00 3.162277660168379134e-02
5.724300842203946388e-02 8.342459686074811748e-04 3.162277660168379191e-08 3.162277660168379080e+05
5.724298604856385697e-02 8.342434972411017294e-04 1.000000000000000082e-05 1.000000000000000000e+03
5.723518071990686684e-02 8.346272219430682024e-04 3.162277660168379394e-03 3.162277660168379523e+00
5.581890900962528657e-02 9.134929277704605154e-04 1.000000000000000000e+00 1.000000000000000021e-02
5.354906543556949006e-02 9.277913127498712154e-04 3.162277660168379191e-08 1.000000000000000000e+05
5.354883608388076588e-02 9.277943754397217522e-04 1.000000000000000082e-05 3.162277660168379612e+02
5.347783686262078812e-02 9.305428282303202870e-04 3.162277660168379394e-03 1.000000000000000000e+00
4.873670624245061284e-02 1.045549588636781897e-03 3.162277660168379191e-08 3.162277660168379225e+04
4.873499301251880272e-02 1.045616569218556701e-03 1.000000000000000082e-05 1.000000000000000000e+02
4.827925540440260177e-02 1.057772231237090682e-03 3.162277660168379394e-03 3.162277660168379412e-01
4.328218547144834644e-02 1.205757179941401415e-03 3.162277660168379191e-08 1.000000000000000000e+04
4.327401104268615434e-02 1.205922588922261549e-03 1.000000000000000082e-05 3.162277660168379256e+01
4.205217284113432763e-02 1.255197561190564285e-03 3.162277660168379394e-03 1.000000000000000056e-01
3.790705873143899313e-02 1.185109425088882442e-03 1.000000000000000036e-10 1.000000000000000000e+06
3.790551908380421914e-02 1.185721845277013789e-03 3.162277660168379191e-08 3.162277660168379498e+03
3.788015010067487948e-02 1.188075301533096043e-03 1.000000000000000082e-05 1.000000000000000000e+01
3.682282765674130265e-02 1.261605595203077858e-03 3.162277660168379394e-03 3.162277660168379134e-02
3.357807328889033521e-02 1.015894523276934846e-03 1.000000000000000036e-10 3.162277660168379080e+05
3.357770230441015774e-02 1.016286244335758366e-03 3.162277660168379191e-08 1.000000000000000000e+03
3.347450139188185708e-02 1.030639185752750715e-03 1.000000000000000082e-05 3.162277660168379523e+00
3.237131563979177284e-02 1.085871710936558293e-03 3.162277660168379394e-03 1.000000000000000021e-02
3.058428017894983947e-02 8.970204072053186185e-04 1.000000000000000036e-10 1.000000000000000000e+05
3.058018102022695001e-02 8.977552079017293331e-04 3.162277660168379191e-08 3.162277660168379612e+02
3.035298338338110469e-02 9.460904575777295215e-04 1.000000000000000082e-05 1.000000000000000000e+00
2.829991051813265240e-02 8.485206489289138197e-04 1.000000000000000036e-10 3.162277660168379225e+04
2.827625863023426958e-02 8.523571188105529602e-04 3.162277660168379191e-08 1.000000000000000000e+02
2.786496492766325425e-02 9.356356926711630311e-04 1.000000000000000082e-05 3.162277660168379412e-01
2.644538979652137980e-02 7.903767561500481438e-04 1.000000000000000036e-10 1.000000000000000000e+04
2.634705614213424946e-02 8.118157192666305413e-04 3.162277660168379191e-08 3.162277660168379256e+01
2.524809793295164709e-02 8.281303417280731945e-04 1.000000000000000082e-05 1.000000000000000056e-01
2.468517682343367853e-02 6.597130173685291721e-04 1.000000000000000036e-10 3.162277660168379498e+03
2.436341312795561528e-02 6.790496239247883906e-04 3.162277660168379191e-08 1.000000000000000000e+01
2.274791363187409626e-02 5.729755475474722966e-04 1.000000000000000036e-10 1.000000000000000000e+03
2.219866879162453455e-02 5.839029436712654458e-04 3.162277660168379191e-08 3.162277660168379523e+00
2.206940562992097329e-02 5.279424597768985145e-04 1.000000000000000082e-05 3.162277660168379134e-02
2.083827719620088073e-02 5.505446206947976762e-04 1.000000000000000036e-10 3.162277660168379612e+02
1.994804918558770734e-02 4.881325647436500189e-04 3.162277660168379191e-08 1.000000000000000000e+00
1.947287518771143380e-02 2.408472503861506218e-04 1.000000000000000082e-05 1.000000000000000021e-02
1.928772311831858030e-02 6.412442945827165255e-04 1.000000000000000036e-10 1.000000000000000000e+02
1.838459741559586233e-02 1.599035974656849756e-03 1.000000000000000036e-10 1.000000000000000021e-02
1.807949149226377797e-02 6.752967825440404524e-04 1.000000000000000036e-10 3.162277660168379256e+01
1.773962384679630272e-02 5.206577188020721164e-04 3.162277660168379191e-08 3.162277660168379412e-01
1.681132521676873687e-02 6.342480754590381232e-04 1.000000000000000036e-10 1.000000000000000000e+01
1.627237690276836513e-02 4.978363481818732887e-04 3.162277660168379191e-08 1.000000000000000056e-01
1.574290498486765125e-02 4.962946359849907882e-04 1.000000000000000036e-10 3.162277660168379523e+00
1.539779502529507391e-02 1.277712800079493618e-03 1.000000000000000036e-10 3.162277660168379134e-02
1.512449691450997932e-02 4.874060578375191319e-04 1.000000000000000036e-10 1.000000000000000000e+00
1.506943413635313325e-02 6.560980479532500190e-04 3.162277660168379191e-08 3.162277660168379134e-02
1.450206346661518306e-02 9.977441900466867825e-04 3.162277660168379191e-08 1.000000000000000021e-02
1.432347278438564873e-02 6.098638181707371998e-04 1.000000000000000036e-10 3.162277660168379412e-01
1.431189214975761917e-02 8.340850453574483007e-04 1.000000000000000036e-10 1.000000000000000056e-01
