1.677464265058495885e-01 2.074108666093335291e-03 1.000000000000000000e+00 1.000000000000000000e+06
1.677425958979282261e-01 2.074059309753219227e-03 1.000000000000000000e+00 3.162277660168379080e+05
1.677304838780720730e-01 2.073903247023466557e-03 1.000000000000000000e+00 1.000000000000000000e+05
1.676921983659970805e-01 2.073408768926911835e-03 1.000000000000000000e+00 3.162277660168379225e+04
1.675712833380992028e-01 2.071838055486768717e-03 1.000000000000000000e+00 1.000000000000000000e+04
1.671905416522573851e-01 2.066819113819796157e-03 1.000000000000000000e+00 3.162277660168379498e+03
1.671903304532091072e-01 2.066809555814354358e-03 3.162277660168379394e-03 1.000000000000000000e+06
1.660021299346768064e-01 2.051045564979055765e-03 1.000000000000000000e+00 1.000000000000000000e+03
1.660019553033030559e-01 2.051037358061753770e-03 3.162277660168379394e-03 3.162277660168379080e+05
1.623930386500372358e-01 1.999390043115362604e-03 1.000000000000000000e+00 3.162277660168379043e+02
1.623929303045288930e-01 1.999385617621751710e-03 3.162277660168379394e-03 1.000000000000000000e+05
1.522648604608576872e-01 1.840443687701598992e-03 1.000000000000000000e+00 1.000000000000000000e+02
1.522645908051690755e-01 1.840441522732863674e-03 3.162277660168379394e-03 3.162277660168379225e+04
1.291833491942009915e-01 1.492323726451176601e-03 1.000000000000000000e+00 3.162277660168379256e+01
1.291807451096784187e-01 1.492288822523874132e-03 3.162277660168379394e-03 1.000000000000000000e+04
9.441928612473746152e-02 9.482898344111824560e-04 1.000000000000000000e+00 1.000000000000000000e+01
9.440877454311237538e-02 9.479994777698432613e-04 3.162277660168379394e-03 3.162277660168379498e+03
9.440874131259692492e-02 9.479985576839978579e-04 9.999999999999999124e-06 1.000000000000000000e+06
6.172670800743772224e-02 5.092763595203735625e-04 1.000000000000000000e+00 3.162277660168379523e+00
6.170870231631264691e-02 5.083515708793564679e-04 3.162277660168379394e-03 1.000000000000000000e+03
6.170864544785741035e-02 5.083486353439189065e-04 9.999999999999999124e-06 3.162277660168379080e+05
4.122870667448817750e-02 3.588190321126609136e-04 9.999999999999999124e-06 1.000000000000000000e+05
4.122869778466770746e-02 3.588218155416898975e-04 3.162277660168379394e-03 3.162277660168379043e+02
4.122653550088833940e-02 3.596608086327400143e-04 1.000000000000000000e+00 1.000000000000000000e+00
3.189602684826532697e-02 3.721402812508485904e-04 9.999999999999999124e-06 3.162277660168379225e+04
3.189550772846282134e-02 3.721533883052926639e-04 3.162277660168379394e-03 1.000000000000000000e+02
2.820237961629323831e-02 4.115583741236102035e-04 9.999999999999999124e-06 1.000000000000000000e+04
2.819860031635755895e-02 4.115068221178563358e-04 3.162277660168379394e-03 3.162277660168379256e+01
2.638678585939931848e-02 4.148117268404388660e-04 3.162277660168379191e-08 1.000000000000000000e+06
2.638670157948973596e-02 4.148068029596365378e-04 9.999999999999999124e-06 3.162277660168379498e+03
2.636017023510244320e-02 4.143423574049793622e-04 3.162277660168379394e-03 1.000000000000000000e+01
2.504139166300731884e-02 4.203565732663806938e-04 3.162277660168379191e-08 3.162277660168379080e+05
2.504074586714694073e-02 4.203426252570193183e-04 9.999999999999999124e-06 1.000000000000000000e+03
2.484709858995575588e-02 4.152044294957897000e-04 3.162277660168379394e-03 3.162277660168379523e+00
2.380591763877685368e-02 4.162793294250642976e-04 3.162277660168379191e-08 1.000000000000000000e+05
2.380116944511958404e-02 4.160936437504159590e-04 9.999999999999999124e-06 3.162277660168379043e+02
2.271474620145676540e-02 3.786600483957604452e-04 3.162277660168379394e-03 1.000000000000000000e+00
2.263741536137488242e-02 3.964735149390849131e-04 3.162277660168379191e-08 3.162277660168379225e+04
2.260425450608432446e-02 3.954600330881862555e-04 9.999999999999999124e-06 1.000000000000000000e+02
2.159021399610294711e-02 3.831282040259587746e-04 3.162277660168379191e-08 1.000000000000000000e+04
2.136140199585138261e-02 3.790366760460862666e-04 9.999999999999999124e-06 3.162277660168379256e+01
2.079507804295527285e-02 3.487239945744595210e-04 1.000000000000000036e-10 1.000000000000000000e+06
2.078873020223864082e-02 3.488186544915488274e-04 3.162277660168379191e-08 3.162277660168379498e+03
2.012907630839102374e-02 3.265483454295274482e-04 1.000000000000000036e-10 3.162277660168379080e+05
2.007858908223670441e-02 3.256124511175100726e-04 3.162277660168379191e-08 1.000000000000000000e+03
1.955913797738234594e-02 3.334188301453784218e-04 9.999999999999999124e-06 1.000000000000000000e+01
1.951354862890641861e-02 3.201596029544410776e-04 1.000000000000000036e-10 1.000000000000000000e+05
1.914578560566470092e-02 3.153116996913280737e-04 3.162277660168379191e-08 3.162277660168379043e+02
1.901256574646060377e-02 3.169672318913241524e-04 1.000000000000000036e-10 3.162277660168379225e+04
1.862175622890974158e-02 3.224637754221371371e-04 1.000000000000000036e-10 1.000000000000000000e+04
1.795993669665049697e-02 3.136348209901849331e-04 1.000000000000000036e-10 3.162277660168379498e+03
1.753392249678752471e-02 2.880543478382389423e-04 3.162277660168379191e-08 1.000000000000000000e+02
1.736526741350540720e-02 2.780310647988349531e-04 9.999999999999999124e-06 3.162277660168379523e+00
1.663229078507064834e-02 2.753089615459134083e-04 1.000000000000000036e-10 1.000000000000000000e+03
1.604985190751138241e-02 2.444172263652263422e-04 3.162277660168379191e-08 3.162277660168379256e+01
1.575110116492227028e-02 2.190672821465431709e-04 9.999999999999999124e-06 1.000000000000000000e+00
1.539790424598823024e-02 2.181400454542459667e-04 1.000000000000000036e-10 3.162277660168379043e+02
1.484804235656108848e-02 1.879360867825200919e-04 3.162277660168379191e-08 1.000000000000000000e+01
1.423032963372401760e-02 1.705953984443036220e-04 1.000000000000000036e-10 1.000000000000000000e+02
1.351813002609884504e-02 2.107633722879013950e-04 3.162277660168379191e-08 3.162277660168379523e+00
1.302984373268608817e-02 2.140643946831325599e-04 1.000000000000000036e-10 3.162277660168379256e+01
1.225670832005545594e-02 2.163586220385517889e-04 3.162277660168379191e-08 1.000000000000000000e+00
1.213624747617390517e-02 1.806254888045952830e-04 1.000000000000000036e-10 1.000000000000000000e+00
1.208357283514103521e-02 2.814990101520981254e-04 1.000000000000000036e-10 1.000000000000000000e+01
1.178348199233812676e-02 3.034214921464224723e-04 1.000000000000000036e-10 3.162277660168379523e+00
