[(29, 0.18274277418125584, 0.0), (59, 0.05047359102251795, 0.0), (118, 0.03596119882280421, 0.0), (177, 0.029246394452839997, 0.0), (236, 0.027266229751192514, 0.0)]
(array([8.24521509e-01, 1.79898927e-01, 8.82173415e-01, 4.18221437e-01,
       4.35278879e-01, 1.77561357e-01, 1.73822466e-01, 9.66396635e-01,
       3.75363285e-01, 4.41788735e-01, 8.80308527e-01, 9.49826333e-01,
       2.01840983e-01, 2.57648111e-01, 4.84998671e-01, 4.30013991e-01,
       2.08458832e-01, 1.13482936e-01, 8.76737279e-01, 1.61244390e-01,
       6.79239902e-01, 8.24950215e-01, 4.55249671e-01, 2.46064769e-01,
       5.39197081e-01, 3.45946673e-01, 4.61736585e-01, 1.23044585e-01,
       8.21541528e-01, 2.78992985e-01, 2.25668525e-01, 2.26804716e-01,
       1.53927495e-01, 2.47415259e-01, 8.15794215e-01, 9.93770891e-01,
       1.58172225e-01, 9.91581900e-01, 4.47280216e-01, 1.40478580e-01,
       2.22146230e-01, 2.28402871e-01, 1.66124715e-01, 1.09025417e-04,
       4.39644843e-01, 1.81097892e-01, 1.38964784e-01, 3.19933914e-01,
       3.89989957e-01, 2.32133826e-01, 1.06269374e+00, 2.31073910e-01,
       9.83295469e-01, 4.64923900e-01, 3.67492514e-01, 4.88662050e-01,
       1.13852842e-01, 2.81401614e-01, 4.32496768e-01, 3.97860913e-01]), array([0.8203432 , 0.18959823, 0.92284307, 0.42782435, 0.48116319,
       0.20207965, 0.18010662, 0.9326859 , 0.40140563, 0.39413571,
       0.87071942, 0.9712494 , 0.22055332, 0.24252396, 0.49111676,
       0.44573755, 0.21906449, 0.14096613, 0.92271763, 0.17629878,
       0.62110403, 0.83318327, 0.48086445, 0.1932192 , 0.48566626,
       0.43479767, 0.49274493, 0.06976129, 0.84683264, 0.21492424,
       0.23890417, 0.23041923, 0.14088591, 0.24431423, 0.82166239,
       0.98344625, 0.12495891, 0.9757863 , 0.40490652, 0.16865763,
       0.21251691, 0.24644177, 0.19134719, 0.18569664, 0.46716869,
       0.18930414, 0.16997744, 0.34896912, 0.3629088 , 0.23429597,
       1.03425921, 0.23212584, 0.95778618, 0.43160053, 0.41958032,
       0.52475242, 0.12234065, 0.27201467, 0.43287766, 0.41191538]))
