1.318590962359503516e-01 3.321686739063272296e-03 1.000000000000000000e+00 1.000000000000000000e+06
1.318580340003431828e-01 3.321674925619486161e-03 1.000000000000000000e+00 3.162277660168379080e+05
1.318546750969981918e-01 3.321637553130282576e-03 1.000000000000000000e+00 1.000000000000000000e+05
1.318440590844588700e-01 3.321517360943818196e-03 1.000000000000000000e+00 3.162277660168379225e+04
1.318105028860707961e-01 3.321137397761787964e-03 1.000000000000000000e+00 1.000000000000000000e+04
1.317052986225947797e-01 3.320718849864842843e-03 3.162277660168379394e-03 1.000000000000000000e+06
1.317045344521306505e-01 3.319937027061444900e-03 1.000000000000000000e+00 3.162277660168379498e+03
1.313719346391747922e-01 3.316962765310840430e-03 3.162277660168379394e-03 3.162277660168379080e+05
1.313710982314272857e-01 3.316186130574355195e-03 1.000000000000000000e+00 1.000000000000000000e+03
1.303327830241997887e-01 3.305768969501609797e-03 3.162277660168379394e-03 1.000000000000000000e+05
1.303316208799418507e-01 3.305017723996395325e-03 1.000000000000000000e+00 3.162277660168379612e+02
1.272022888726356271e-01 3.270241718242215823e-03 3.162277660168379394e-03 3.162277660168379225e+04
1.272003614802775240e-01 3.269428333807651230e-03 1.000000000000000000e+00 1.000000000000000000e+02
1.186609835237463634e-01 3.179929672642910730e-03 3.162277660168379394e-03 1.000000000000000000e+04
1.186580093167918237e-01 3.179064639881715865e-03 1.000000000000000000e+00 3.162277660168379256e+01
1.004094052557167605e-01 2.786350300816563003e-03 1.000000000000000082e-05 1.000000000000000000e+06
1.004094029616561939e-01 2.786347695045422908e-03 3.162277660168379394e-03 3.162277660168379498e+03
1.004087181718704702e-01 2.785587951575769529e-03 1.000000000000000000e+00 1.000000000000000000e+01
7.529137445107979276e-02 2.013281147622284634e-03 1.000000000000000000e+00 3.162277660168379523e+00
7.527861789237820511e-02 2.013256731638080575e-03 3.162277660168379394e-03 1.000000000000000000e+03
7.527857748880195654e-02 2.013256652157021254e-03 1.000000000000000082e-05 3.162277660168379080e+05
5.645476792984841646e-02 1.330587940821178171e-03 1.000000000000000000e+00 1.000000000000000000e+00
5.643310241863833815e-02 1.329753403290226442e-03 3.162277660168379394e-03 3.162277660168379612e+02
5.643303473269236509e-02 1.329750750660571666e-03 1.000000000000000082e-05 1.000000000000000000e+05
4.817272162466922081e-02 7.154882118453266722e-04 1.000000000000000082e-05 3.162277660168379225e+04
4.817239028639588860e-02 7.154890080835263951e-04 3.162277660168379394e-03 1.000000000000000000e+02
4.379435134311471939e-02 5.693770264940149154e-04 1.000000000000000082e-05 1.000000000000000000e+04
4.378967523022350011e-02 5.695153904146346875e-04 3.162277660168379394e-03 3.162277660168379256e+01
3.993704882467465078e-02 5.609986049819015415e-04 3.162277660168379191e-08 1.000000000000000000e+06
3.993689955689683213e-02 5.610007182012693733e-04 1.000000000000000082e-05 3.162277660168379498e+03
3.988975080643870907e-02 5.622691280307167859e-04 3.162277660168379394e-03 1.000000000000000000e+01
3.655871060912141424e-02 4.513259880175052459e-04 3.162277660168379191e-08 3.162277660168379080e+05
3.655721353141559021e-02 4.513285216232629476e-04 1.000000000000000082e-05 1.000000000000000000e+03
3.612273542216933031e-02 4.508738148228477760e-04 3.162277660168379394e-03 3.162277660168379523e+00
3.311736125231022621e-02 3.909992114667385985e-04 3.162277660168379191e-08 1.000000000000000000e+05
3.310293986293653262e-02 3.910729054050661457e-04 1.000000000000000082e-05 3.162277660168379612e+02
3.057545422276215438e-02 4.695652292063017463e-04 3.162277660168379394e-03 1.000000000000000000e+00
2.935268571235078588e-02 3.596151611007148319e-04 3.162277660168379191e-08 3.162277660168379225e+04
2.923764456669807402e-02 3.593722193444817605e-04 1.000000000000000082e-05 1.000000000000000000e+02
2.604221821234895679e-02 3.805348966225828469e-04 3.162277660168379191e-08 1.000000000000000000e+04
2.540123555278305315e-02 3.596883579076790688e-04 1.000000000000000082e-05 3.162277660168379256e+01
2.370276461043951260e-02 4.327480440261850933e-04 1.000000000000000036e-10 1.000000000000000000e+06
2.368681020748207577e-02 4.325199338455590651e-04 3.162277660168379191e-08 3.162277660168379498e+03
2.204747028846791232e-02 3.892638054006704621e-04 1.000000000000000036e-10 3.162277660168379080e+05
2.193242331373657095e-02 3.871311104319335940e-04 3.162277660168379191e-08 1.000000000000000000e+03
2.188536129083207618e-02 3.310743140209539831e-04 1.000000000000000082e-05 1.000000000000000000e+01
2.093452636306815384e-02 3.636632022680114941e-04 1.000000000000000036e-10 1.000000000000000000e+05
2.027914529687403072e-02 3.715117346879703332e-04 3.162277660168379191e-08 3.162277660168379612e+02
2.022116162617020735e-02 1.838174836186510803e-03 1.000000000000000036e-10 1.000000000000000000e+00
2.021821406188865911e-02 2.912941924933152259e-04 1.000000000000000036e-10 3.162277660168379225e+04
1.958245098766119713e-02 2.325503500532313708e-04 1.000000000000000036e-10 1.000000000000000000e+04
1.946353482994299736e-02 3.163000900431800423e-04 1.000000000000000082e-05 3.162277660168379523e+00
1.856717282504007777e-02 2.424341987881815030e-04 1.000000000000000036e-10 3.162277660168379498e+03
1.855581578610399421e-02 3.878074228402320078e-04 3.162277660168379191e-08 1.000000000000000000e+02
1.792366188933260801e-02 2.891411944609423865e-04 1.000000000000000036e-10 3.162277660168379523e+00
1.765036989044823507e-02 4.191003425610482624e-04 1.000000000000000036e-10 1.000000000000000000e+03
1.760267306336433385e-02 2.866402596929847339e-04 1.000000000000000082e-05 1.000000000000000000e+00
1.734279954952788055e-02 4.304086966883896126e-04 3.162277660168379191e-08 3.162277660168379256e+01
1.695718018090137252e-02 3.949528998182002659e-04 1.000000000000000036e-10 3.162277660168379612e+02
1.628733689798574427e-02 3.685061611009581473e-04 3.162277660168379191e-08 1.000000000000000000e+01
1.613017376457533819e-02 5.311270466040736264e-04 1.000000000000000036e-10 1.000000000000000000e+01
1.609976194625749313e-02 3.891747694176540449e-04 1.000000000000000036e-10 1.000000000000000000e+02
1.555938169499360667e-02 3.978295422652790552e-04 1.000000000000000036e-10 3.162277660168379256e+01
1.519112103538664514e-02 2.626566217539335495e-04 3.162277660168379191e-08 3.162277660168379523e+00
1.464800492544209888e-02 2.441441715595379100e-04 3.162277660168379191e-08 1.000000000000000000e+00
