-0.4828675859370417	-0.4757209368989472
-0.16199507402987656	-0.16938230972538196
-0.13194589738285245	-0.14581046464758915
-0.14035217923077248	-0.20450696616698286
-0.0617339408009272	-0.0630735858548111
-0.2977142209168857	-0.2843154895411282
-0.4545817101692382	-0.44572033957359347
0.04844165291927727	0.07486507247700329
-0.39992918407706934	-0.3600589222248716
-0.2166817387137865	-0.17214001315696956
-0.015989430347980615	-0.02496227516695217
-0.34026959445039395	-0.31748190154193057
-0.1791138536677046	-0.18523558878867818
-0.4598280799933878	-0.4641505978922937
-0.48238284472945914	-0.48948235005753143
-0.35098765364206574	-0.3470002440618375
-0.08178869756038942	-0.05900475813928838
-0.18690004524529424	-0.2356605700478337
-0.16146850552226422	-0.16056489214145367
-0.22112229571474895	-0.22240306531593612
-0.38050569731313644	-0.3827994744722201
-0.39257315485327915	-0.4178112697286269
-0.19200151428875856	-0.22355794612074928
-0.129172931400638	-0.13031766614169524
-0.22339434640674405	-0.1737236488890221
-0.07381706818416589	-0.10456518317721324
-0.17552420390152967	-0.17966952966261412
-0.13446935533986348	-0.1551651454376513
-0.19097974664439654	-0.17266341345462338
-0.4411963071594238	-0.4401249693951315
-0.22404172072571793	-0.23873205211058496
-0.17686885348243653	-0.16036976958759186
-0.1960583323965288	-0.13478531391809806
-0.10110752992470129	-0.09243320722310266
-0.0823136037545158	-0.0912247922113656
-0.6127747515258406	-0.626195792963538
-0.23176505228126132	-0.20629349222994883
-0.34346001440861684	-0.30502220021252097
-0.04170942843474634	-0.04936266741480979
-0.2352177849463546	-0.27601411856726843
-0.2716641179253063	-0.28320102794539653
-0.11743246634477522	-0.13388233595105706
-0.06015158396033016	-0.06137325551535215
-0.4529208155579756	-0.4501694377184009
-0.11088396970995973	-0.11304312887557415
-0.42949862228948543	-0.42801191563731633
-0.42628270829403636	-0.4250951849864088
0.0023907906951290414	0.009892332944988104
-0.3759963003048359	-0.3603891178491137
-0.630910568700715	-0.6212138653881975
-0.19354949236154795	-0.19804511110879772
-0.36447936237629364	-0.36951572911722685
-0.3526872060999722	-0.357525532566009
-0.5145767457977177	-0.5051952110748097
-0.007329768761264788	0.012706729179617035
-0.26489974537379357	-0.27015112321748397
0.024901766666347136	0.04383666430076435
-0.5414372843672375	-0.5437470240730525
-0.338187887113806	-0.33549032916840704
-0.32737812568978075	-0.29071798266630317
-0.2508810532744743	-0.26461676984813987
-0.34162566940171857	-0.3772881839248817
-0.16605569962173394	-0.1649989157445898
-0.15279173260138101	-0.14467425147072988
-0.2520654545854386	-0.21143963385670847
-0.10898324123124148	-0.098768414837178
-0.01908340929131569	-0.019798355123399326
-0.35733510551111713	-0.3563891860414597
-0.18402879401157612	-0.16061379946374973
-0.36534120578111207	-0.36530747195091046
-0.020839762294871278	-0.03340925660929092
-0.3780944051855446	-0.3924378982710199
-0.18103998104718144	-0.14407341883135277
-0.13478383510519798	-0.13260078055655802
-0.3993314550383875	-0.40361933579444037
-0.5463038206974069	-0.5435686033187302
-0.2801763383317173	-0.2344170837352605
-0.2484996154274235	-0.22951038906382892
-0.21345953050534483	-0.22800591570728154
-0.45137886562595675	-0.4658978606014744
-0.23372657805268116	-0.2462820568005978
-0.277678270074011	-0.2871567463887591
-0.4274443507788739	-0.42753431879521026
-0.2599332042220768	-0.2525776940372744
-0.18904855214529626	-0.19577878175023156
-0.3276099211745276	-0.33907499244056166
-0.18921248386563683	-0.19410572431570508
0.05047903581645574	-0.007578054762410254
-0.33591631259105803	-0.32776869670549746
-0.4685740171262891	-0.478366061963881
-0.26602571642155937	-0.24369223484417332
-0.09596153976510724	-0.12656241979991859
-0.0840423122566678	-0.031603817645318964
-0.09534057693003462	-0.10248098474368245
-0.08042033980349128	-0.0926415914762708
-0.43849330913023365	-0.4399917954638572
-0.08852040069493139	-0.0941894450991964
-0.3247509294455675	-0.31347402148168957
-0.18152448195641746	-0.14913006047534816
-0.3348392948046284	-0.33607610300681506
-0.2566004757586011	-0.2107282423570984
-0.21330793298700446	-0.21492810330145723
-0.297580712631226	-0.29276072713308715
-0.07531482280018409	-0.08531857039947874
-0.5483270118566068	-0.5510923954679693
-0.4989787786454132	-0.5192283045370851
-0.1767983073195687	-0.17225168957395046
-0.2857812668333439	-0.2791747400028539
-0.26427735626461235	-0.26968158134778164
-0.3441890686925575	-0.34844323551378176
-0.1567750881389811	-0.16282853966311678
-0.14916253643449728	-0.1680132131849544
-0.13283303672990243	-0.1421555917824269
-0.3765669821773212	-0.37397765994705934
-0.1291335417641042	-0.20256815514849155
-0.3324551365590702	-0.339258086558876
-0.16374695698766573	-0.10616795475114794
-0.23863511266672077	-0.24902403755493085
-0.06350996966564182	-0.04858908342280845
-0.14124853667599524	-0.12731720641715677
-0.12451322680966914	-0.1251563673783554
-0.33131222254761994	-0.3370503264923673
-0.1803704425861543	-0.18778064098696473
-0.4524226680687242	-0.45163818115130183
-0.31493322546499947	-0.311125627506023
-0.32283821312205596	-0.33227094236822036
-0.38446858381846294	-0.3663462735669445
-0.15818522286345704	-0.10737009534754847
-0.020884412604242897	-0.008806934281683254
-0.5234574814578759	-0.5260373580028644
-0.15898107926017957	-0.16496080605293875
-0.5068477157759972	-0.47459026707378044
-0.4508178127400351	-0.4661978520316244
-0.1306835102671915	-0.1346647442495647
-0.19218755176070879	-0.19950530390134275
-0.2292413821811845	-0.20518903216756762
-0.45660984376285185	-0.45398091839708754
-0.04630489571346619	-0.14295988908722412
-0.29547683478906883	-0.29087371162456543
-0.054168162811630616	-0.0528845221350559
-0.1907062142998246	-0.1867236240153572
0.0024683235844760176	0.005862985530398627
4.814404142639006e-05	-0.045895217729898435
-0.3808389237798533	-0.3762820517997056
-0.5647357493808292	-0.5580028131504059
-0.13089692025266153	-0.10532615754005749
-0.09951911503886457	-0.09915913328423423
-0.3438646144850299	-0.34248897066262746
-0.05956967052166462	-0.06215831615114118
-0.3458133217361796	-0.3509070452020443
-0.3389999439203688	-0.3194460576731956
-0.34020336203944623	-0.33014144948064944
-0.3391556260061588	-0.3347330488747835
-0.3350038269195208	-0.32758157026737705
-0.09603940438434222	-0.09728476660373422
-0.2180474723224357	-0.25606815306536285
-0.07831572902971207	-0.07549242529816069
-0.4957466597629985	-0.5027522321681072
-0.38990640029125245	-0.38614889204340336
-0.33552083276396516	-0.3377427181762821
-0.3511883173423662	-0.34850431480750993
-0.314356624181106	-0.2940240425756872
-0.20489340048136384	-0.22693470284538655
-0.07533655923800708	-0.09967485002614984
-0.37008033747855507	-0.3709801633581385
-0.29243862132724097	-0.2871394603372433
-0.3680811398319772	-0.3836596884036322
-0.19488365920616246	-0.19947623416220242
-0.10917529687637462	-0.12042007936720181
-0.28713108966904066	-0.32345772969579806
-0.45191937328155163	-0.45883574948523037
-0.28333179389152363	-0.29121993781828215
-0.31073001502601816	-0.3301430897968466
-0.10021062271011338	-0.08000826841569482
-0.05996143748151539	-0.044561097725747206
-0.23679905835380666	-0.24486813569177368
-0.28501789536959343	-0.2916693149990916
-0.38956057504069364	-0.38313226125946903
-0.507569567788325	-0.5045126294374873
-0.2853694432793734	-0.19884924153870567
-0.28534843090604234	-0.30035223890780904
-0.4517429439788714	-0.45491306616277216
-0.12703351826372167	-0.1189561185993044
-0.05446828057495612	-0.06504097133593367
0.03661476070598013	0.0004595831415368065
-0.2808063244760728	-0.30046563304772084
-0.18922400042059184	-0.18927798900729997
-0.4614007417007393	-0.46413136701229907
-0.2580173686326592	-0.28612492123049055
-0.34921508710534255	-0.3001185494823226
-0.11039973055112196	-0.11259180361138527
-0.15552714291151482	-0.16211046424553777
-0.19936358666658904	-0.22828583755522064
-0.29337117150711034	-0.29639656735486286
-0.1807825712088036	-0.18570726897601744
-0.25276726293899987	-0.23291992709745746
-0.2718748125022721	-0.25340848079223577
-0.4799985835258891	-0.47464273953113545
-0.4792308256421638	-0.4974302911180991
-0.3973704698208369	-0.4002801147548731
-0.3337474816770918	-0.29376575339884575
-0.3775903088397943	-0.3735560067405344
-0.3668472317504534	-0.4015163693735598
-0.04400337343557226	-0.0334207160339425
-0.10996079693271454	-0.15261491122202103
-0.4705354508601767	-0.46985924491663783
-0.14167611520645362	-0.1473342612437448
-0.16918322132100272	-0.1764852635458252
-0.4617275017789737	-0.45141415810520213
-0.17662268038861484	-0.17880227088200365
-0.29191885852426047	-0.2938145195504886
-0.08269077549053172	-0.07311780637570894
-0.2968259612666291	-0.2993281548209853
-0.5049195304413203	-0.5054448950676093
-0.41642348956956443	-0.40404726228563
-0.08464306672565058	-0.09282498247407181
-0.23137413246865535	-0.2286462104986055
-0.09145750139196629	-0.08191716211968361
-0.3049003312751015	-0.2977868359011553
-0.14368166664845816	-0.1409580644631345
0.20407032979768402	0.24339342234404004
0.06490492549919402	0.06544477858129018
-0.20430464367223067	-0.23311963170665262
-0.3856288781884665	-0.39903165353112474
-0.026766646325739885	-0.021282997738848737
-0.30063824670036876	-0.31581266116844364
-0.46149723041646595	-0.4613490624897582
0.21487282532628704	0.21340026916745075
-0.2971781951325969	-0.31871152617912807
-0.12495993399908478	-0.13478895533491123
-0.21374839964905057	-0.2061984555010133
-0.12819565589995108	-0.11966376537306164
-0.2681552126274944	-0.21781131836383377
-0.4609832595621919	-0.45692478412973236
-0.4825177934290439	-0.4840164331171705
-0.07974298961147763	-0.085525819433308
-0.13252141431763054	-0.11002497244091318
-0.3014598193518765	-0.28769664480578266
-0.06007594674152461	-0.03858773375190267
-0.31818844776668875	-0.3089847894249903
-0.4424544177319527	-0.44006414510631264
0.0671118670789248	0.06490831373909645
-0.28823259844056004	-0.2685344522781192
-0.15245367132907361	-0.1565793768372268
-0.17292301153197798	-0.25064900792407263
-0.1621764452200516	-0.1993633765314465
-0.46737840158361266	-0.4856991874192611
-0.07965036792498559	-0.0869032852036091
-0.5640692218765162	-0.5164674942713482
-0.09482738411434966	-0.09730602043359995
0.08248343828106819	0.09687177487369238
-0.22870024366851638	-0.2415217956693657
-0.43618819179215684	-0.42808262988176443
-0.2929346390174352	-0.28224802047998815
-0.09435626988674617	-0.0943059072247991
-0.08341391395165765	-0.11229887804966975
-0.09834951534039504	-0.10608522447858208
-0.39026960193804694	-0.4051646496838313
-0.48347001409070334	-0.48376637757626595
-0.07948064230140339	-0.09201505075728954
-0.37546440250643087	-0.40038012052348765
0.024356986926823865	0.023890596549359253
-0.12373640611839054	-0.11786310679831587
-0.19336938018767036	-0.19522494991235334
-0.05647946436173967	-0.0607235774073123
-0.2779771420664181	-0.24938514532413983
-0.19566595294888423	-0.20815027966991337
-0.2262740758624462	-0.2254892371580696
-0.16760109496845388	-0.1581052184352943
-0.06070174300308562	-0.06361452948140198
-0.31637051878228384	-0.32500315580752026
-0.28393345660837	-0.2933712992340171
-0.43856874363542264	-0.4453104701633502
-0.07994083345054825	-0.07020851456525556
-0.2318769935213627	-0.21865792231463538
-0.08771036463757564	-0.09806222175270521
-0.31186736337297205	-0.2978193170495397
-0.03368216364398968	-0.029481298697263476
-0.17943708590737995	-0.20566275015216326
-0.17621720396741658	-0.1739492328906506
-0.254547253425768	-0.28139256132450247
-0.21007916936054016	-0.15817915641794855
-0.06173643494326697	-0.04465615853220619
-0.3542530251519249	-0.3701759825526806
-0.16752326768943604	-0.19285772879210344
-0.34757155845985643	-0.33968827949264957
-0.0642519740999008	-0.05264284832430724
0.011509682075903527	0.004762678318578856
-0.31345004095411966	-0.3027090108686718
-0.18783778182601374	-0.19775970110978763
-0.1306375757832896	-0.1348475785235457
-0.29371471034214913	-0.2889809584317663
-0.11939399319247457	-0.10520726351551436
-0.13638256429232598	-0.10590751354416955
-0.2659788051466059	-0.2427123517587161
0.0755643692887551	0.10281587278827797
-0.256506370286683	-0.2653582041666009
-0.5170471954431122	-0.5204580969286489
0.13648495551826834	0.11475419460195677
-0.1713244301970267	-0.1937146807181746
-0.35963051559202164	-0.3461574757321459
-0.17753478808314682	-0.1614587394711696
-0.37303782929042484	-0.3697825879390234
-0.10794156033149704	-0.11495833181290996
-0.39090160556729714	-0.38100595790456365
-0.2447705983980928	-0.2525338095590972
-0.10945705578562137	-0.049340909162961306
-0.5206022740659879	-0.499350033839965
-0.10148185551234334	-0.08898709152338166
-0.6061522961955887	-0.6175045160099195
-0.2834681316770933	-0.27250739901002113
-0.029893874193620995	-0.05942647200356964
-0.29135436403258375	-0.2810393463945303
-0.4909345271146375	-0.5368157809457857
-0.33737685636913994	-0.336639414702083
-0.4390052279066836	-0.4296281318821807
-0.09941654386835452	-0.09729203786644909
-0.3735876898353583	-0.3746230940264862
-0.4184264195774663	-0.4330480583071239
-0.2712066261126349	-0.27419208193608785
-0.45990594922153427	-0.45648951075944716
0.10080166597995088	0.0826499143129935
-0.4940024525850948	-0.5021425589830459
-0.177293431321222	-0.20504111128072702
-0.2997252235614445	-0.25420763872517754
-0.14645466188302336	-0.15726921730839316
-0.03604634468715773	-0.045249526350246504
-0.142184650806235	-0.14023080188542306
-0.3389279897061197	-0.32955802806379336
-0.16177190522759055	-0.1710888819607417
-0.2926494058322646	-0.315446212325177
-0.13127767528009127	-0.1288061126193012
-0.47669718048364906	-0.4690528155441194
-0.056841670350154416	-0.05100402577215522
-0.1828593216348544	-0.17519372900395855
-0.3604249068257994	-0.3358877466042347
-0.30203239543321025	-0.2516528619118454
-0.4930098287777014	-0.5041565858163511
-0.046265796707912976	-0.07103804618170212
-0.11707427974183027	-0.16548930284587654
-0.2816434065162081	-0.26662520147500424
-0.18503934745668715	-0.1739068076921543
-0.07487885270286743	-0.07083041131460359
0.023128478582048473	0.004755815065276412
-0.21405987182571096	-0.2608887489234297
-0.23203765160956014	-0.23404396662443802
-0.09872678997862927	-0.10297707765651438
-0.26095264777854243	-0.27150593893056274
-0.26726946606184665	-0.14855432316031417
-0.029399980763095357	-0.016524500800200386
-0.49395445951937056	-0.45937691416414617
-0.04506921302859723	-0.04159490977848741
-0.20582899918291986	-0.1996183960462742
-0.247342821394696	-0.2605718019546245
-0.42623198649414107	-0.4298334477378133
-0.40451278634492027	-0.41143859791886034
-0.1605582250300026	-0.15556587961962695
0.0028463585392550783	0.003970480484593851
-0.30904595675223856	-0.32434463989314577
-0.2508778273883454	-0.25156159350787577
-0.2662459558639334	-0.27211039555282923
0.00023361436540092484	0.0003379627462011723
-0.18239296687414353	-0.1924525170786225
-0.32527005041628687	-0.29076937054104834
-0.034343151480440426	-0.03543782713248576
-0.48233017897269903	-0.4530902661772576
-0.5130833453929657	-0.4973583753306065
-0.09687235091552537	-0.09640583785593468
-0.447219145661391	-0.44423917263195395
-0.3107123181614	-0.29136190974291426
-0.3675876526294033	-0.3536568015995249
-0.30055205855140876	-0.2990728081613199
-0.4157364732275015	-0.4019548436620447
-0.4216855453171311	-0.41372361818920317
-0.11921425845578959	-0.2221380214308899
-0.6138535147397226	-0.6021919090752681
-0.09755727128312586	-0.07452803635331001
-0.3538911974084922	-0.3550993664299593
-0.05583043019444922	0.04036917248343755
-0.21816511074761813	-0.2397087530856783
-0.32593120462951397	-0.37215753234145404
-0.3398704448701988	-0.33225554122864354
-0.44593623919066605	-0.44421661232571136
-0.27382939556888175	-0.2718963451153219
-0.24111515074687695	-0.2264133599704425
-0.32639854218610154	-0.3210471009569108
-0.25437587463726175	-0.2303057166408864
-0.28069419896724845	-0.2869290477113909
-0.28821985937802985	-0.22450280462476824
0.09056078780928978	0.08435096170632456
-0.5350739625643985	-0.5406837559806682
-0.43554298231268884	-0.44783203190642196
0.08313026124872014	0.10128079896104196
-0.27934184804863804	-0.29188054274876146
-0.28867819801646455	-0.28227661913460295
-0.27704369941334317	-0.290753171495199
-0.11961699044597829	-0.1360890455157813
-0.04222845079558191	-0.0409533149269204
-0.1515081102171152	-0.1529739861834311
-0.09281879371601676	-0.10777012089482188
-0.13973873236829526	-0.14060129010511319
-0.36626754297932784	-0.362657640932145
-0.12341146964145988	-0.1599079836488726
-0.32787724099271465	-0.33215755824483595
-0.10377138715022927	-0.09572701917225299
-0.2451504175933792	-0.2014132384821678
-0.11853699374758264	-0.1252338805296781
-0.12223320717488484	-0.16239195666783962
-0.4602570795134113	-0.45869399107786896
-0.47438401617337433	-0.4807792522222316
-0.17176074603279723	-0.1687769914974737
-0.4938454098148295	-0.5063981881509517
-0.03435875245336284	-0.06208939524772826
-0.3489909562409492	-0.3692962688522137
-0.026109259678211316	-0.029608580734128094
-0.22664034421718604	-0.25290702393912734
0.07784598923730535	0.06232017401033315
-0.16160292408657995	-0.1676609251941821
-0.513721343698851	-0.530629849521566
-0.3116583682919378	-0.306990018153205
-0.47338287147731783	-0.47118687542489895
-0.15124559400410043	-0.15600405721851346
-0.47256233457137053	-0.4880606149940206
-0.36165557785978386	-0.36446494898633336
-0.5109585308990399	-0.503217425565619
-0.32029677174248317	-0.305215198976418
-0.46195253275684856	-0.45941895196658494
-0.33167277068585577	-0.32266137087495966
-0.4713995621692959	-0.4775481522398132
-0.5409753507078134	-0.557194586223209
-0.35813111092919936	-0.355065941707921
-0.14060377064845397	-0.17125491382700372
-0.49412654394965116	-0.49980211212152525
-0.18852108028713843	-0.19406090608282614
-0.2238447720242034	-0.21858454793413373
-0.058455053715352534	-0.061463889271824675
0.0684863417305861	0.058551258451848526
-0.27309411871044276	-0.26496779854052255
-0.3773105312211449	-0.37462469409606297
-0.3417171688878504	-0.341898373230558
-0.3094390147493744	-0.29813332793027386
-0.13151599010742743	-0.14092015944485717
-0.17266337248970842	-0.18949147530347962
-0.07116763298709472	-0.08625038287533544
-0.1447300622187342	-0.14768115597941503
-0.10393593182102023	-0.14836862750512048
-0.5029096809092923	-0.4945325083007824
-0.5193526833244944	-0.514882831513952
-0.13641951597920787	-0.13769262269919494
0.07628435176180837	0.13333608152533372
-0.11368420931318468	-0.1269350184791541
-0.169445581305542	-0.19921133046862088
-0.3286628660636861	-0.3190172546062542
-0.1915006704560538	-0.19433712131483186
0.06769926578112173	0.06981824494949249
-0.09266923694558038	-0.09358519895149735
-0.2008329816455987	-0.20102035441749702
-0.3039296326465397	-0.302950529061898
-0.36980854348500714	-0.38249932018465155
-0.27898875277407775	-0.28250184274468887
-0.01121312410592612	-0.018462033015917086
-0.25043469496269655	-0.25893772653569525
-0.06819530060094703	-0.08684243060211143
-0.34120846412138484	-0.31568624912772525
-0.27760523650837143	-0.2811506054471577
-0.43296576681882293	-0.4255825272435528
-0.5021511246067973	-0.5127069702303999
-0.31747217773287684	-0.3153059052494526
-0.35990266855720243	-0.32600044364846426
-0.4705993390551857	-0.46993662901120437
-0.3939830708754304	-0.3878772557558387
-0.3195496427231239	-0.3052144180608507
-0.2591235671936367	-0.20110345480048564
-0.2994068678782149	-0.32079267812752027
-0.16090690941272356	-0.16469264464366468
0.008743428420618926	0.07571100093606352
-0.194111780673909	-0.20664572951366908
-0.31676079438656046	-0.2963760598636317
-0.44459800887319556	-0.4384694138130932
-0.20452063305311619	-0.2008781651029095
-0.36762865786768906	-0.35861178543332195
-0.49500189421699403	-0.5041751285414731
-0.27883284867691316	-0.2798376027055609
-0.23769030637063082	-0.19968313265576346
-0.45035065263607343	-0.4339806142624869
-0.11847911037600589	-0.10414279700425401
-0.34190197849700876	-0.3664813945918653
-0.3358287886456228	-0.33343242764439207
-0.3307955176893831	-0.3196679505565814
-0.2235203181777088	-0.2259847989038042
0.054643102735848714	0.04619263756708681
-0.17684729803923904	-0.1760456160356603
-0.4661632857520388	-0.48215470474569283
-0.26972046245949066	-0.26971162048104697
-0.11891242904032673	-0.1023736154341842
-0.3935022154826697	-0.40588318692304326
-0.08835547656724074	-0.0875508796183356
-0.09872035109273902	-0.09869402818334685
-0.4233932294603475	-0.4136165285636203
-0.27879300762521453	-0.2794066793255886
-0.5161436713890506	-0.5086186348112158
-0.2512587957779928	-0.2917736537211614
-0.2880900119454166	-0.2766826286483992
-0.5111609662470329	-0.4872610328484507
-0.12212181672340261	-0.11903042246540262
-0.14438724334288366	-0.17033039382106133
-0.08806291946168265	-0.08183261418882166
-0.07499973688398054	-0.08717066409112155
-0.5050711060078585	-0.5037509871557281
-0.11952853326450885	-0.1198387637253202
-0.36049277501678656	-0.33010881776758516
-0.10714146176645478	-0.10367158969035473
-0.11613916425740989	-0.12321517284397192
-0.09902784697033962	-0.09281072778728802
-0.6163797249252063	-0.6186680821141478
-0.1295890313412471	-0.12435346781371506
0.05330421275037445	-0.059232673501285873
-0.2331941589456763	-0.19083429305059313
-0.41735483788553474	-0.4148684178991006
-0.47483868651758865	-0.46879214185948975
-0.11244078249178457	-0.11568010830602113
-0.12166906687169288	-0.19232128166660625
-0.04262274653358755	-0.05381074009547083
-0.3600665916881818	-0.3339562106495344
-0.2791850115902914	-0.27169732481787956
-0.32424366908013447	-0.34225369483153767
-0.14547286692772854	-0.131536145707657
-0.07976394539389275	-0.08329393752053584
-0.21874566992157884	-0.2129538121980741
-0.32195877571687426	-0.4055278723788733
-0.15200522334748268	-0.13573571127888348
-0.2974240737398439	-0.29030487215767303
-0.05266440453988075	-0.04618312423988674
0.03688049266877247	0.025748257417255477
-0.20023639216710265	-0.2048718511037341
-0.19805517811030615	-0.19911411565093196
-0.32503295883741856	-0.3282888289162794
-0.20833603417569968	-0.21415669387238795
-0.44935000687303095	-0.4476846283713073
-0.016489666837146366	-0.010703681684305744
-0.26709921213005305	-0.22665872889385497
-0.04008728139688866	-0.06878802974951054
-0.3271723174512502	-0.2993403653446299
-0.4451962488770569	-0.45298966377237204
-0.26491762392420704	-0.23234548484171014
-0.14814330409663246	-0.14622037402384389
-0.13775878848476708	-0.14198148390910129
-0.15102255820845567	-0.13521103551249583
-0.2257345738174994	-0.18569389373171602
-0.25719951832236987	-0.23982074156103747
-0.10282828662652488	-0.1047344933614963
-0.43578801305404546	-0.44350369169319254
-0.6326443759786233	-0.615238558482433
-0.21723859685418923	-0.1699278422942098
-0.3513177958106084	-0.36464640637787354
-0.14314056797565833	-0.17411889336918646
-0.27194593408431356	-0.2679980152078624
-0.25656174030660495	-0.2523844164115738
-0.44364673460502857	-0.45492932585968365
-0.1790576240346784	-0.18354969829324905
-0.21156591944010295	-0.2312008901035032
-0.27801948336218807	-0.25502214968925474
-0.4936334523556347	-0.4911300314775649
-0.3214063654719972	-0.31872676432196795
-0.28599329235399473	-0.26622202735854833
-0.6316440525677187	-0.6463354887465614
-0.25956530252325294	-0.24830658903275882
-0.06608550570039284	-0.05974262093253653
-0.26103235437677696	-0.27690946367594277
-0.49158745327611975	-0.499151765042502
-0.4699822689733004	-0.46552394787862394
-0.21839296705532796	-0.20648567023466827
-0.30910766992116123	-0.3600103345670096
-0.4755846285818528	-0.4791025661583745
-0.12292043857936452	-0.12844122435250402
-0.279665113563766	-0.2436316823911222
-0.15011801862895524	-0.1556517641194108
-0.16932878052981337	-0.17580628735503015
-0.052446700926854106	-0.06246043495484962
-0.07980577584214288	-0.0950289658037273
-0.01067795861488463	-0.017779038839352408
-0.10317258660173945	-0.10623406482412452
-0.08783138270197455	-0.10242266670669423
-0.3058472374741381	-0.304186522490188
-0.2769474207571978	-0.27411804612607044
0.05655902849878913	0.046451224715731515
-0.25422392234620617	-0.25135706754688375
-0.42934217876331715	-0.4255484708922368
-0.10961601068228166	-0.1168363803071724
-0.14498698894628426	-0.1157637878452974
-0.22261240602210464	-0.21787247542460608
0.03791483989365396	0.04167021363289939
-0.32070382321438196	-0.3153239551687191
-0.3963005523216854	-0.39847322722135975
-0.24392991866055524	-0.2688430470490197
-0.20948115887974872	-0.19514409120428752
-0.5054129331796151	-0.5031858918784949
-0.22178412140243609	-0.23140406845219938
-0.16558877408544248	-0.16091346706421242
-0.1171533109934213	-0.11860676996592097
-0.34165324706742783	-0.33383016062563126
-0.2497593241610856	-0.24249598758518154
-0.11888855467971293	-0.11600720583984152
-0.09157334941332529	-0.10142108539266781
-0.1468144213341951	-0.1352618464464646
-0.30417811059704025	-0.2955896307213248
-0.27327545295968836	-0.2884516408584463
-0.5060908787805651	-0.5104225156978933
-0.29897352520991305	-0.2958673706482452
-0.12773293623742	-0.10561401576149965
-0.21850284997243286	-0.23686956703931358
-0.0823346385184145	-0.08954311808549782
-0.19106429983061624	-0.16786589935336413
-0.10478372958700177	-0.09808320782587572
-0.3970639611068183	-0.43029472017404974
-0.08362681042863063	-0.0807267927252965
-0.4401446176599775	-0.4322659293721569
-0.5625219769835645	-0.5507758203434147
-0.09958361104860636	-0.10713323432417743
-0.45533932706033653	-0.449481679541058
-0.323227100211116	-0.33131348357888435
-0.24216583034085115	-0.2401823405166392
-0.03896318749903216	-0.03882793001042517
-0.2684175001188187	-0.2729340975386512
-0.22178281258103638	-0.23336174552281186
-0.19715112894175135	-0.1500447889651856
-0.29378880724431333	-0.3419095636553685
-0.1418211419974149	-0.1666622732026374
-0.4128956831953525	-0.4133771364139724
-0.41926401053039264	-0.4368827754597787
-0.19974797473225614	-0.23357741347787442
-0.4565764256260856	-0.4514820494559529
-0.3330054667382729	-0.3254534204848962
-0.34191581860629316	-0.34545418331048267
-0.09659156606951669	-0.09702033823342071
-0.2102398639019354	-0.23018627843928696
-0.3431404113334775	-0.3596408675266161
-0.3322126900174691	-0.36496495465443135
-0.5557380880428324	-0.5659490056937863
-0.18637836074663738	-0.1616626899673444
-0.2384268943776071	-0.23256144483272917
-0.3281838670008099	-0.33869310191192964
-0.20557986186802957	-0.19475436056999648
0.005666525050783022	-0.002162186873773761
-0.0647829382368661	-0.06216780302504473
-0.3303890586477696	-0.33212317725864104
-0.2351155674732608	-0.24642319208218844
-0.06256559352821611	-0.06367311192997765
-0.13127910483348337	-0.13444075946029768
-0.3577411074218322	-0.32611975678195493
-0.19313821337832238	-0.1740337423255012
-0.2517189649887275	-0.2554242125123924
-0.37279119627540513	-0.37367628883785103
-0.28420910575943825	-0.2936894089173577
-0.24248088827620684	-0.2556807387069874
-0.3434122416134233	-0.3411963315965264
-0.06226019473012734	-0.06949098477746482
-0.22570219439529282	-0.2143438746927214
-0.18367396703410588	-0.18493869284620523
0.08355165337412807	0.023714179263470518
-0.004674451746959463	-0.035462032249073724
-0.5499117468286112	-0.5436522953932679
-0.628229214438079	-0.5816302493327631
-0.17276640967446966	-0.1675204016969472
-0.08776414381823372	-0.09148797078060594
-0.12346489994637189	-0.1632847279720987
-0.2657351853362879	-0.2632719750685406
-0.17776533848226173	-0.185404480072909
-0.25813587981000374	-0.25448897263130116
-0.28514715786772804	-0.2845041157648353
-0.46839084813769816	-0.4680983274692216
-0.615277154082051	-0.6421829361839182
-0.43949552535762315	-0.4159745248799512
-0.28689326283246785	-0.29531750178664845
-0.2292154272630995	-0.22839065299661912
-0.524355799774959	-0.5195694695937851
-0.2453154255950647	-0.261404447563773
-0.15544264668294083	-0.13864968495969174
-0.1973612559328597	-0.22051512544834942
-0.07168499477835599	-0.06314346045602177
0.09185996229915006	0.0710243043704485
-0.19857619768173507	-0.21280702934271067
-0.08064035470598263	-0.08991764481575457
-0.26719760709555906	-0.2849880488608626
-0.08801190022095362	-0.09221212187811631
-0.26782366601006835	-0.2811092006245261
-0.2010461468061866	-0.2026928855819138
-0.3318323526174911	-0.3661943982329718
-0.10993745446351966	-0.10512608986463663
-0.13008761301996508	-0.11400376041901454
-0.1929129471389146	-0.19879398570124365
-0.22110199532474617	-0.2206122461485162
-0.3728716891156978	-0.3837987233460894
-0.5198654612094753	-0.5162029604165594
-0.17651042083454271	-0.17820980215267776
-0.4554621040873936	-0.4499230892592094
-0.1990337072355297	-0.20051312644234975
-0.12851618762699957	-0.13204680578620215
-0.5163531441886775	-0.5106615954191163
-0.2958772499569733	-0.2946582365581123
-0.06814969737950882	-0.060705031302378136
-0.2999834791568077	-0.30049938349586375
-0.15680789997171551	-0.2009815236433962
-0.331553994806546	-0.29817163403828023
-0.4367489614087896	-0.4310010656100491
-0.4749088691820287	-0.46403383289027345
-0.2704812777932357	-0.27527154108252144
-0.28959638723178216	-0.2896414295672901
-0.23668494464633483	-0.2550522355569584
-0.5132116548127801	-0.5123502422437707
-0.45931029941169754	-0.4652650995767298
-0.23641743548971128	-0.2198386140657545
-0.1265045412333059	-0.13031670111154087
-0.07199813035541958	-0.0662315103170718
-0.44670828878387603	-0.45313535754079426
-0.11516441318105741	-0.12472650367855813
-0.13971183416162525	-0.13503005648958188
-0.6126681152646416	-0.6063232162130175
-0.3695302250488064	-0.3769770600134258
-0.5366246797720002	-0.536604238793521
-0.2966707747158548	-0.26054015966212607
-0.11409753825713942	-0.09960104070504705
-0.14411808983293817	-0.14610347704733723
-0.19765304666994687	-0.31244291125169693
-0.49824600664215524	-0.49684045644304126
-0.4959178312795327	-0.4894206950922605
-0.07679712134765015	-0.07120665163275244
-0.1530561946529163	-0.12547199635538722
-0.36737803404165703	-0.3738554705917866
-0.537021496751418	-0.5459523121142217
-0.41404321685237555	-0.4090511717320637
-0.3885234237214492	-0.3906495935239598
-0.33690467194671214	-0.39506677371372634
-0.21373238483858437	-0.3002485840449399
-0.170373151310919	-0.17500328391849754
-0.39779645854806844	-0.39429261499959906
-0.4629797651865255	-0.46300482751682054
-0.3398825459686261	-0.335156266778407
-0.3351740462839654	-0.3331702776854055
-0.15267065794829282	-0.1613070956323812
-0.37268780302775006	-0.38100173359629536
-0.2622859519838521	-0.26746135336876714
-0.13795349565856796	-0.1439245565239988
-0.14311444575275	-0.14665903587334203
-0.30042077077938867	-0.31103233834024435
-0.11410641069314931	-0.12762431649415187
-0.3871055255212337	-0.4231455439087703
-0.2729098474364342	-0.33545834833071825
-0.19029512523132475	-0.1857230506094989
-0.23313703181810563	-0.24934259412571788
0.007835611674757104	0.0061706229846726374
-0.4181675545123582	-0.4038738475653665
-0.15687665346938928	-0.17459557612910323
-0.4169140819424202	-0.4152933305654048
-0.3465445229008868	-0.33698626157184114
-0.09910468475377421	-0.09902629189766533
-0.2492069570743265	-0.2609632687774816
-0.2465199095401509	-0.24372797913754876
-0.3931039357257866	-0.4114886953396961
-0.18800455264533866	-0.18998999648088122
-0.13408324036988173	-0.14680033482740829
-0.2691238774031266	-0.28141039894038583
-0.14453607343251385	-0.1482980285686257
-0.1466912284499058	-0.09706753677226114
-0.4776983345339989	-0.4477801945677406
-0.43992205940768603	-0.4259339409249265
-0.37051543707411483	-0.37581559742797593
-0.47302572012037913	-0.4787393052170176
-0.26902570785300917	-0.2721759078173638
-0.28583518357932647	-0.28498567949557185
-0.10191576863954843	-0.15600794099770687
-0.49308051186297597	-0.4942963350333618
-0.47936348268981543	-0.47428535771449354
-0.474651387029807	-0.4752460126206174
-0.19576031921140036	-0.1584239895565952
-0.12730510521974736	-0.13935508043714762
-0.2120549757363328	-0.2037763589226561
-0.05356071664532358	-0.05149774674690819
-0.6180948891722569	-0.6001276572340143
-0.3376232982314402	-0.28655262793022335
-0.11209183141478896	-0.1205112276402141
-0.33852264334708515	-0.33027334348952897
-0.3188848692163555	-0.2842053176472093
-0.5990749308362187	-0.5717125143093101
-0.12946946774977608	-0.12151967474132329
-0.3133007143262727	-0.23546365136795178
-0.5511576695773712	-0.5667745233525185
-0.05146731482216538	-0.08113507634429112
-0.36412320433742984	-0.34709214859037335
-0.2509482614822094	-0.2576300329859511
-0.2210344297729403	-0.22358635459442286
-0.18245008677730645	-0.19284683335695144
-0.4134038105587585	-0.4180561306992832
-0.14508037392905848	-0.1480246543984949
-0.4787870336250366	-0.478769435584968
-0.347717697800479	-0.34683022684116965
-0.41891109392743253	-0.4253848350451205
-0.5450167022590762	-0.5346545474500445
-0.2998346420345861	-0.30135718705242387
0.07757902166869801	0.09380342458428838
-0.6186313110310913	-0.6082342052152077
-0.0482857106198713	-0.051314834776456736
-0.2802146226532063	-0.24777107341083296
-0.07122141987786001	-0.08730051141281288
-0.15930233673198746	-0.14903784971246029
-0.22509073576144978	-0.230363754116552
-0.40316395275049466	-0.41515488635516745
-0.11216290676804519	-0.17038581889462617
-0.2876269165570875	-0.23923647606145812
-0.563213667007405	-0.5719457492742165
-0.1094408215600069	-0.10470512438212876
-0.050715094093722435	-0.05347274261938079
-0.38996101180888854	-0.4054303171503704
-0.25900437226282147	-0.24547480323348428
-0.19905028413520842	-0.1953628124425719
-0.13793854930739435	-0.1608098471867829
-0.20062712805264216	-0.1980135935680542
-0.2093646093173369	-0.21292636172913257
-0.08899737600667912	-0.09553388782993175
-0.32345288655178983	-0.30891620940401743
-0.1787571424786698	-0.18466106413415284
-0.308337658893322	-0.30399953216386455
-0.2833822790039804	-0.2291840867196917
0.009053070629000182	-0.003921843881687111
-0.12931128465414954	-0.12922064824438187
-0.3718454942331064	-0.3693057556056728
-0.17186286759320524	-0.1663654328583843
-0.13853783860448132	-0.13774285650076729
-0.46323462908665825	-0.4634630115167758
-0.07824178950089955	-0.08771153078255454
-0.4754876908308052	-0.4769959260443821
-0.4637034269055835	-0.4693166895786864
-0.29252837596501635	-0.295727451968891
-0.17743385126040145	-0.17247809975151326
-0.18335329481458018	-0.1719043159352149
-0.5443307828426063	-0.5408294596299982
-0.18949697523795184	-0.20010752640343346
-0.15920460236759748	-0.17124941160437473
-0.4473337282718255	-0.4368384490182034
-0.4096366083224421	-0.4171469506421677
-0.2870170310602713	-0.2928498507277612
-0.4123434187251407	-0.4124377069785729
-0.008396048514446974	0.009376622877241378
-0.22940360315067565	-0.22142186540012523
0.08905185194435994	0.08390549332017899
-0.06638280679966702	-0.06255629266762464
-0.5931914869359858	-0.581039101267068
-0.04348755704757856	-0.017217263087159734
0.034695807033344295	0.04389810133598005
-0.6163823807123627	-0.6222049649959618
-0.17753340947348484	-0.1837866948865678
-0.0025805761274408923	-0.001322869414920808
-0.14226197793804918	-0.09904288257397989
-0.5058832367362935	-0.49961090464500113
-0.5219339250913775	-0.5086216722100672
-0.06122117818272432	-0.06399158582124465
-0.04814673294467475	-0.04633222956685847
-0.4188600716931017	-0.415840358433887
-0.1270044099135763	-0.060842310161326775
-0.31983495860874633	-0.3047812439420461
-0.04286092010588227	-0.05195545443571539
-0.35967085834127843	-0.37106138021675444
-0.1759404412140544	-0.2406740193258771
-0.10317748728900789	-0.10783098016606676
-0.26305374449898977	-0.2446838402878483
-0.2273571026968897	-0.23212812161990873
-0.47105270090836626	-0.44431136792342085
-0.3158676942956058	-0.3148676261944654
-0.46723225670384405	-0.4761612851593554
-0.23242296783477734	-0.23959760619232012
-0.2555725803832809	-0.16902534080447051
-0.48272741005039954	-0.4873377515613827
-0.2885943732197429	-0.2878694036263488
-0.4031972065349425	-0.38625381899786154
-0.24119682321312386	-0.24339841853294086
-0.44153385469547146	-0.4394953023725805
-0.37714963299048954	-0.3798678678801927
-0.07404351500382411	-0.06981900123998566
-0.28686724451473644	-0.2909383438974338
-0.3424944780329726	-0.3059443433394311
-0.2761779594243343	-0.274371630942838
-0.14675048865384355	-0.1427933017794377
-0.4540549478964806	-0.46503202137565514
-0.22351494301457642	-0.1924078405993485
-0.19304149582753727	-0.42400539204817883
-0.21815225121280513	-0.23922554263460727
-0.25893751334749915	-0.2522263832348177
-0.49496567477218	-0.4896280627774823
-0.31411326473846035	-0.3346793046901517
-0.022298659486212458	-0.0358438767014301
-0.009141931668448677	-0.008621431856501004
-0.05998026322761163	-0.03942340999251255
-0.37229736803475255	-0.3620354513223787
-0.37831420001840677	-0.3732150671052187
-0.4513337521690932	-0.4592200834711012
-0.13223401226262332	-0.12544951960862602
-0.3346685210663125	-0.32646696175645107
-0.42998919613588704	-0.4616341988093933
-0.34655723265976945	-0.3288013932810519
-0.12218260398696046	-0.11082388551088815
-0.3005995426693584	-0.29159053203773694
-0.1746369649048365	-0.1680182920631637
-0.5999688935997298	-0.60727224015764
-0.1413644077595162	-0.14633789983843784
-0.18961207438427152	-0.19156584284930905
-0.33312331118684035	-0.30875304455415853
-0.33963470665673157	-0.3400048346594104
-0.13248876265386933	-0.16812554638431798
-0.16412246317986146	-0.15568306091156087
-0.2871442008915972	-0.28923033675916976
-0.26340950581893274	-0.26447209275088657
-0.42450805509313483	-0.42239771010431965
-0.14270812295359825	-0.14814401998214166
-0.2000248262254818	-0.21949298555390254
-0.31388853401990335	-0.3214914597358451
-0.05677370662645487	-0.07371457753109698
-0.5128355155999813	-0.5113902466175737
-0.49941725832111317	-0.4806468253210573
-0.4689233492474765	-0.4639502627974994
-0.04835830874153135	-0.03747153291300688
-0.08925646667707277	-0.1394729418844959
-0.31953244401564174	-0.3101371433527948
-0.004669672396683033	-0.012566560569188779
0.040948561412958995	0.02347543945113
-0.4336228347731055	-0.4369779356120512
-0.11185301089983479	-0.12015220569196075
-0.2324297731904723	-0.24048451021766432
-0.2686379653790105	-0.2980057817466344
-0.4490999282259063	-0.44698620278366685
-0.4812233232695142	-0.48522377465619504
-0.06865554321340817	-0.049866492982301364
-0.05177366439662112	-0.008358072030491772
-0.5025306248275765	-0.46541037797941015
-0.08435122734455014	-0.0879905838082968
-0.0723906470438056	-0.08511947207447537
-0.09451952133096775	-0.08534408776655467
-0.19948266084914934	-0.1942193471491505
-0.2931213743751737	-0.24301569584460206
-0.117768948971821	-0.1128491078846376
-0.4129728280840652	-0.4126235664372805
-0.29678652974244457	-0.287207427051921
-0.16585595083182536	-0.14861140630072267
-0.14904542235635088	-0.15751380365224182
-0.13306843937560764	-0.18158950160336282
-0.45223463410231624	-0.4502429157804383
-0.5500724401493855	-0.5613904735945996
-0.13896870109788395	-0.13895466614714963
-0.07339107284868795	-0.0709908582750332
-0.19055094162706787	-0.1918796125627524
-0.17614326513517575	-0.16960273493402508
-0.4991759131421265	-0.4968383139980203
-0.13813659140385504	-0.1317547832111662
-0.19150039235316552	-0.16944217851897295
-0.10165582899295522	-0.09072332202465176
-0.4386911253066632	-0.4300574538674927
-0.5695284367025266	-0.5831286545106125
-0.21714875239931608	-0.2054705108293805
-0.24094289471854324	-0.2471235224935765
-0.10748993966264386	-0.09612761899749198
-0.44177937516975696	-0.43685193943103834
-0.13162304107962797	-0.1348933123725291
-0.4642499480581197	-0.46753264117062504
-0.18470132249207438	-0.1908706235925433
-0.40828012049302664	-0.3998566652476373
-0.10283549923088842	-0.17068877585424785
-0.6131461562264828	-0.6325658513012503
-0.4904903164802752	-0.48901143450544793
-0.3528653349168014	-0.2707425087117958
0.005200695480344741	0.01984223759192662
-0.39957000421518707	-0.4006679809880495
-0.2817659080736714	-0.2526169942688865
-0.07942867927111674	-0.07226621330299939
-0.08759522912899875	-0.08907785307436353
-0.23786754605403004	-0.2621822795766925
-0.009209474905681247	-0.01876215070806355
-0.3236766337792609	-0.32726848341611425
-0.13128027202865766	-0.14532119662107662
-0.2294735425656631	-0.19960131358507835
-0.43954656028945127	-0.4243268138420673
-0.2987517896077776	-0.3169842096365439
-0.09453451777098998	-0.1415750673936164
-0.28116845142847957	-0.2663449406563209
-0.26399297688458123	-0.22110580627029383
-0.2769177172377244	-0.24908658833769307
-0.26644883095929295	-0.26960849949355326
-0.11222734656666411	-0.11504524927606541
-0.16422651183533699	-0.17302553106738608
-0.04443863355551869	-0.03672206958571047
-0.32399571316220843	-0.3145769350799244
-0.4333840316660549	-0.43198561425568555
-0.056365495775237306	-0.07005592231628496
-0.11872455245362268	-0.11250076428782325
-0.16452881905667915	-0.15914634561598218
-0.11476369104374129	-0.10598502498701766
-0.6132238032015849	-0.6324392439513226
-0.3731594618421603	-0.3766207318807271
-0.08817450783541858	-0.10053272431061666
-0.30394366083987734	-0.3320838217200676
-0.18608901495366403	-0.18401273504986726
-0.48832539758917726	-0.4931793170630399
-0.4295982426597025	-0.42049541613822644
-0.5202464763350569	-0.5117413849773718
-0.4804202046561201	-0.49564678787637456
-0.4887596508132308	-0.4855653598531717
-0.08087516345743495	-0.11000648225463795
-0.4830020812899587	-0.4989222482680788
-0.19939507601206685	-0.18396474213601666
-0.2518239230725312	-0.2962203076970808
-0.10857319053213921	-0.10632886066958455
-0.07446622670013525	-0.07583724039737745
-0.2763248021643179	-0.28033731643189247
-0.06029866709882814	-0.07755645576444686
-0.3285255552084081	-0.3508454223317393
-0.26310026933567787	-0.2749530507899862
-0.40747859827013855	-0.4085105879252917
-0.27159677582667374	-0.270534913161057
-0.35947451650062767	-0.3501269610862349
-0.2672562583449265	-0.2227840170721089
-0.05083225840161809	-0.06630670315511923
-0.31943851170835913	-0.3298781452211858
-0.6076927298239276	-0.6011146883261226
-0.246567436203037	-0.23869633774162968
-0.1731521628345698	-0.1705572236173925
-0.24233859954906567	-0.2539523582540375
-0.3964867845278004	-0.4035468118957204
-0.21302578213829104	-0.16882523226085155
-0.45382751352209194	-0.45266329601336813
-0.1740480880182238	-0.17409233649959885
-0.2891377003970561	-0.2853124699511026
-0.023644909772126965	-0.02779658321274836
-0.2650376742445797	-0.2643071047107843
-0.2842349575065537	-0.276116986017299
-0.08841213149270732	-0.0839116687746226
-0.04719783249884202	-0.03956406124937352
-0.34669747795048167	-0.33967119251522576
-0.4377934370905683	-0.44760649815307396
-0.2524944266131648	-0.23247116006346558
-0.2640802139995033	-0.23177183668877782
-0.09086910125140868	-0.12546763921973614
-0.3638300155851315	-0.3714797938577835
-0.31422231330650874	-0.30164198606819076
-0.2561507055235692	-0.26098335546283913
-0.262306101710287	-0.26488442810402674
-0.37699107333628756	-0.3785681603515193
-0.5448030646084288	-0.5535873994112367
-0.6001035311613077	-0.5862347007271008
-0.11429760242592835	-0.11216870941498708
-0.2981492356938027	-0.30949743299542076
-0.3355971331796912	-0.18240761674275086
-0.18760130536674335	-0.18798685283170918
-0.39050241525734997	-0.3868319030986804
-0.27937447486578293	-0.2689405603998893
-0.48205816519717537	-0.4596773939646199
-0.10310160220842146	-0.09918948393901293
-0.2589657404466381	-0.2544678132373791
-0.12497885969793199	-0.16808620164421045
-0.34018494488979556	-0.3521768574361528
-0.22891533109058138	-0.22581215954980707
-0.23664288515506549	-0.1997910527385502
-0.17680017892299915	-0.17704228648668086
-0.2925750252494339	-0.29906721239342676
-0.19248444220059113	-0.2082768802858458
-0.19800395727981268	-0.19372732230410133
-0.09190519140633402	-0.10484127538999563
-0.4926380686550349	-0.49213974328020227
-0.028752527777998083	-0.12298021233954815
-0.0718774026051765	-0.07335477460906485
-0.4269041828152149	-0.4005999102475935
-0.31071277332241554	-0.2994078907883942
-0.414897775637046	-0.4077174890714058
-0.34499078472527245	-0.34583813461008583
-0.34386684905514997	-0.3397541739407108
-0.3193227714594986	-0.3118000227355789
-0.17237994688308067	-0.17092683819932822
-0.329290393177029	-0.31545290536071807
-0.4829471636941971	-0.4773511813253872
0.0353750681677365	0.01962577390865132
-0.4070207136379498	-0.3974880872525325
-0.3381345660207611	-0.3050352522457465
-0.12894864837633158	-0.1458910894606157
-0.27419085909384044	-0.23747372714060114
-0.03117642393978315	-0.04445153750878621
-0.49685921347549566	-0.49960332037700894
-0.29061039904971864	-0.3101185600140296
-0.3406545350685306	-0.33943676410521534
-0.269971244733334	-0.27812839417361795
-0.34071618948632754	-0.34078876312956996
-0.5228909135307447	-0.5201776433903736
0.08588980856223749	0.09198988674405303
-0.3418881857527687	-0.3516064134686805
-0.24053194469721006	-0.26462800385176777
-0.2874639266318324	-0.29053225433307617
-0.11617930262451548	-0.12034027282846523
-0.2496160304359556	-0.24050059136691584
-0.2841754850299676	-0.2937432194755633
-0.4125825981008413	-0.40645635920804996
-0.20020514612453066	-0.2247304833754795
-0.12311135943159357	-0.12620464383116137
-0.08681350063271331	-0.06545617702399124
0.022940459842677896	0.013010031708700581
-0.09852556849997463	-0.13176625641307965
-0.36758742856658433	-0.3621506994513208
-0.15030724875615853	-0.1555899988253358
-0.6103360530729462	-0.6078965653321142
-0.33281723122942886	-0.3260603195971618
-0.054425068693266354	-0.05000603863651948
-0.02575105339379391	-0.14734501410384165
-0.2865303343278782	-0.29580265875865336
-0.13247049999304128	-0.13126493594611452
-0.30299676190481506	-0.2799759194800533
-0.26062236065929323	-0.26504433620829615
-0.15001766364986402	-0.14634002595182036
-0.3076235763745121	-0.3159381836603667
-0.013826297469938353	-0.009061023723154649
-0.03921401258950752	-0.04071166708457234
-0.17018084274784506	-0.15329082003926225
-0.4428278161553001	-0.4383870891445128
-0.18309140052439687	-0.1738007019072332
-0.17532266611606495	-0.17897010115801362
-0.1804770624623373	-0.1621731907836288
-0.47024302709093213	-0.48079098401828824
-0.04023022603995585	-0.03903890298067842
-0.3152396269709179	-0.3190859460460765
-0.16350706601643505	-0.16607756433351525
0.017646989225097442	0.009940698603413593
-0.17924376320604374	-0.16909784383484378
-0.1325647631795821	-0.034200688404658175
-0.5038109399838602	-0.49863129894230807
-0.176835682777309	-0.17136599160465812
-0.42310098498589976	-0.43309092500473956
-0.29555655087371413	-0.29272395903446013
-0.507826911027605	-0.5148596029758256
-0.5126836399886603	-0.5101724499127779
-0.5216401667783117	-0.5218178223108529
-0.2733301944227211	-0.2701857471827775
-0.512306552612106	-0.506642464904041
-0.3146866093821288	-0.3214862527877099
-0.09242465991621884	-0.0856955732856667
-0.12028570180988041	-0.11306221166008094
-0.20162986811563144	-0.22239651648269929
-0.45923648488307656	-0.4798885406432093
-0.11966545212976065	-0.12363258707138258
-0.17286421637157012	-0.16584871834041023
-0.25286837203956036	-0.2493474559936447
-0.5562170558738115	-0.5458188011184492
-0.5064450828395035	-0.4373180528877724
-0.34591348899668617	-0.35222211369711914
-0.3124335672888927	-0.309117217370546
-0.43836594902187187	-0.4401559665124758
-0.18665928857792657	-0.19400981573087298
-0.005847960364021354	-0.013140670097484554
-0.3358331648199986	-0.34147859182884244
-0.44578693116606516	-0.45160526186260014
-0.5053295024438418	-0.5067062773759864
-0.08660681068795917	-0.08408412490416753
0.06372142054290819	0.041886703469272
-0.42577522776261034	-0.42767279533634284
-0.38530282547746175	-0.39086659390256995
-0.09626411138564261	-0.09520758109981914
-0.21410781477666774	-0.2169459082589636
-0.18363785703631752	-0.20932322549808632
-0.1787867992558958	-0.18347648737792893
-0.29893809205417377	-0.29668421952171126
-0.47127886763772153	-0.46775988699880605
-0.6267998580838672	-0.6252159813470967
-0.36123113599729884	-0.3633547972659759
-0.2839735936835659	-0.2832730481615059
-0.29613110725369296	-0.301200548652216
-0.33705840593538916	-0.3223303195024641
0.02443019992286999	0.029068906157095124
-0.3484741470390711	-0.34594698030744275
-0.022190251267049987	-0.0016052391855256134
-0.18225649830633905	-0.1855995643814989
-0.31711179455059835	-0.27436294697655955
-0.06393341788761919	-0.03311927978346099
-0.5443923904762187	-0.5559159120946251
-0.41843402051033074	-0.42046007888430664
-0.13785143539707967	-0.13579351428924788
-0.3097716804508588	-0.31557779615315196
-0.2797780054770538	-0.24750883957150271
0.025578512587653535	0.027585825773497656
-0.06847762303200788	-0.061826314192194275
0.19359283839289354	0.0801999230629728
-0.466817492215295	-0.4687561209081336
-0.20172469298068485	-0.1846802003145699
-0.27434622012713206	-0.2579576143780546
-0.08787988710703853	-0.08942310424423218
0.0669559744352286	-0.037418763129183866
-0.18486592091679555	-0.18470730942431127
-0.27634102774394975	-0.3178266005177773
-0.4681484891336609	-0.4900023921693926
-0.3319558424216513	-0.3331564418903951
-0.03928903515366766	-0.022525584609851084
-0.4287815575290512	-0.41981662670624753
0.012121957971217512	0.005295516919953919
-0.43204114353047274	-0.4259749783860903
-0.16667675201673582	-0.14897453536285388
-0.2673498355909665	-0.2372725101335088
-0.26161970675904733	-0.25744690737332737
-0.08911692067460031	-0.08058998200275196
-0.1003347440379736	-0.09988317692788799
-0.49455488135949466	-0.4955720025179743
-0.6349689069822588	-0.6335737012092635
-0.31901473601149277	-0.309420440075285
-0.03338107414920266	-0.07367877894960664
-0.26724196490548735	-0.29060968108214214
-0.2939780335565896	-0.2993621889368076
-0.26586963649897033	-0.23816550314073984
-0.09699420159819461	-0.09898513708915861
-0.009504250330856223	-0.024489907613907076
0.07920586767861515	0.04277799177225768
-0.04628280784499594	-0.07013820135320151
-0.11820852194149367	-0.1387060628082195
-0.27151850248474574	-0.2898415496106815
-0.19473009968791732	-0.1930846997520156
-0.44648940164929307	-0.4526842111229217
-0.16221777461524134	-0.16743429776903798
-0.41172746718042585	-0.418422833368648
-0.08236535400434875	-0.09135508686269761
-0.3095265182931337	-0.3182263259599146
-0.26459552486410054	-0.21914288322918057
-0.2970950189140815	-0.29370525469269904
-0.47011040380630664	-0.4771184955171868
-0.043626325561213264	-0.04324409055193911
-0.1305523768193062	-0.1176136099813958
-0.5496718298357015	-0.5424587094059391
-0.3157411516841737	-0.3161798884616195
0.016169187095140813	0.014538958808218873
-0.3336914978899461	-0.3695788014676112
-0.3283386485377937	-0.3577902206527103
-0.3016205645727945	-0.29992585403224814
-0.3792425641148416	-0.3819143505787476
-0.5506123430535226	-0.5411590395184661
-0.005981470756673879	-0.009034432263230226
-0.6354022171380329	-0.6072795575899711
-0.03996472571215648	-0.060230402915635785
-0.1445394708449843	-0.1421730114062012
-0.30470917062303826	-0.2680252616708626
-0.4748634416149411	-0.4971598826684485
-0.14852777201359935	-0.1587905883093171
-0.3368550530602592	-0.32528463409445135
0.03183363752764379	0.02734982478476636
-0.48897016235993274	-0.4955091610998551
-0.3433200070490088	-0.327746091625506
-0.03828417720362154	-0.049580774445797525
-0.48411909271012554	-0.5055551997435757
-0.3291131666178648	-0.28380627787637247
-0.1064034561396241	-0.1341476317563091
-0.2187948159062989	-0.20825948145042228
-0.2453476180673677	-0.2485215126820322
-0.36720690243451326	-0.37429488289554275
-0.49355209056503924	-0.4991449688151176
-0.18681277210314917	-0.1669141864538226
0.03235900874104125	0.028532817337715146
-0.45101531688823293	-0.4572791842612122
-0.032939947179632334	-0.04044637413363231
-0.414763239453082	-0.3909163791549128
-0.44320899959557103	-0.4413512009117997
-0.20763764941618668	-0.24403916233859635
-0.09613044618676625	-0.09051058181017091
-0.38453733520869626	-0.3818169855891478
-0.20727551548811896	-0.23077796476160797
-0.3270329824042406	-0.32209624423582905
-0.03170400418560604	-0.07388191706193793
-0.32964878504865514	-0.350565146485819
-0.20295939139311692	-0.17932582763937846
-0.37016233460748893	-0.3513999597875325
-0.3434881209623821	-0.31118921518448256
-0.2836849620501809	-0.29418129440280816
-0.5034273313878099	-0.4999326076651838
-0.15188767701899053	-0.1683977559361059
-0.6127349074284316	-0.6137423975550742
-0.16047020919345556	-0.17474936332858895
-0.2624145926497752	-0.273484248287133
-0.2971159368134071	-0.3084717614798435
-0.3997766660992763	-0.37390491009113747
-0.3954277232929275	-0.3817057098734307
-0.592553038140391	-0.5987968352144271
-0.08190327560864041	-0.09602837863884771
-0.3515697582155184	-0.3101482096779975
-0.00985477965820536	-0.006118521869975058
-0.21537198210829267	-0.23490939053457616
-0.0012606501544958348	-0.0024424038819086053
0.03617582250416618	0.004119377653777207
0.043093481044570225	0.03561227852612094
-0.22428160480396198	-0.22291884330428952
-0.2755187566525903	-0.2916853316755733
-0.293449940138494	-0.2874529806876163
-0.5355751924617405	-0.5419300313578836
-0.5521647600036896	-0.55807631841998
-0.1638443549570674	-0.1519881730022517
-0.45317584368459585	-0.44997621103611296
-0.27983850764866425	-0.277043175118934
0.015665982970632264	0.02662196963309917
-0.12640952447567066	-0.1260682325634262
-0.30304088304834753	-0.293492474373807
0.00010090616721747381	0.0020659441025448135
-0.3712253249428654	-0.36659392310636024
-0.17043230832570622	-0.17858616595569907
-0.32225627620856123	-0.32405546939928803
-0.3034460254712066	-0.31195944235327494
-0.4128748091941299	-0.4075785899621207
-0.0874504837531882	-0.08361950648763711
-0.4136029576355824	-0.398733283560708
-0.17971889036878874	-0.1688127279142305
-0.433240664499011	-0.411083006903269
0.2139293936579687	0.1871882425254291
-0.2311171689362128	-0.1840964250849031
-0.22941508718311443	-0.2490523118391456
-0.422598701203289	-0.4110876741033089
-0.32194392640474945	-0.3354556379875123
-0.1726792986104897	-0.1600715010250138
-0.25608839319522847	-0.245370821544123
-0.11593270446673465	-0.1681788761652965
-0.2247154757796217	-0.2511426818475368
-0.09632084705654265	-0.09399026756192867
-0.24085699115496872	-0.24095203963796702
-0.22761951167111416	-0.2387284875722922
-0.47233062110731794	-0.46620502162332655
-0.2840906743309395	-0.2753838982663601
-0.12419437286064738	-0.15498877802226121
