-0.08935677721060387	-0.15612678493205917
-0.2653511606698711	-0.250816157111977
-0.3501699014006743	-0.3262190176888792
-0.3428823475436502	-0.38749616343193216
-0.2534204046568469	-0.22428850172020737
-0.2788328404736973	-0.28877375182103376
-0.2163418289852217	-0.22093465710860466
-0.40848568208402725	-0.3654749825697328
-0.1448369001133596	-0.17003836216843968
-0.28030320418677945	-0.21775928602768294
-0.5126776837886879	-0.5213027128311564
-0.0854792252761154	-0.07041466685600596
-0.258524194082316	-0.25483301975718475
-0.12013744224521261	-0.12095638028640689
-0.3684224359268029	-0.3684748852214668
-0.23525255835786751	-0.22314705286349684
-0.24002808968052491	-0.24446105043922953
-0.31980981259251173	-0.3045137057087432
-0.45738692819654325	-0.42164760101279714
-0.24759696725692848	-0.28639218248242754
-0.29004826638082193	-0.2525656359670443
-0.2595397919812008	-0.252670173451107
-0.23354752714636007	-0.23275978627296295
-0.3685938851068613	-0.3964584665777463
-0.058363657563011984	-0.06501386795289713
-0.34187124851979256	-0.37038818748483543
-0.22224904693258551	-0.2414837285379016
-0.17018695578106957	-0.1978055801191606
-0.2694914771880246	-0.2763453276633143
-0.24033832255353715	-0.24053207268423052
-0.0991883370237403	-0.15920616371042073
-0.3384076376416445	-0.3743812460767386
-0.33890286385597257	-0.3366496242871339
-0.14632846235011776	-0.27769478680685034
-0.3889296091477199	-0.39378351450997046
-0.34822092474667343	-0.3203747670899273
-0.47623891513449834	-0.5142697795037356
-0.28497891804692443	-0.2971386055555085
-0.3264718735159242	-0.23508971351255142
-0.3493734200933485	-0.3559133835695155
-0.3934265138879294	-0.3158344578511067
-0.17922434915629282	-0.18501787677701392
-0.33827248056183734	-0.2783004141405568
-0.3776327478890593	-0.3619219557717187
-0.3380018143927792	-0.24915991431398415
-0.534312809909812	-0.5396357842636285
-0.043720550863145746	-0.15188608050143063
-0.3096312867421105	-0.2859986592775439
-0.4266081160380679	-0.4312739756983075
-0.5280222818853488	-0.5302297290095077
-0.45711779016804144	-0.42971345304360425
-0.3321642463142247	-0.2756117572700588
-0.5279402865807032	-0.5759776376075368
-0.20008201726228414	-0.23536333033059822
-0.3304844768564479	-0.30220800449389734
-0.3645508190449007	-0.3281205461782542
-0.3118225387336082	-0.3113454641780666
-0.23643136369019047	-0.2551080325419824
-0.43346375067801013	-0.4184809673771871
-0.384395980933796	-0.3584817394452624
-0.2305628176481722	-0.25314119266730234
-0.34856758228224294	-0.3596258270333587
-0.3841595192066034	-0.373536261555337
-0.3057691119281092	-0.3151597199219445
-0.28354281610246446	-0.2676487205109575
-0.43198326196754877	-0.4416588015097054
-0.2582891326519636	-0.2841522924131983
-0.4017265687644809	-0.38971920950555705
-0.5245009257218634	-0.5253534915334208
-0.2968545033942718	-0.307320490310569
-0.1573172745961493	-0.1415194248384948
-0.12384867853782211	-0.2119023835643088
-0.554572350977347	-0.5532144585061728
-0.3375841881376367	-0.3303666434512531
-0.33440005390026784	-0.3545202993174129
-0.13578691497047224	-0.11066024007196196
-0.09331116307811094	-0.1970777239661479
-0.37669174144036077	-0.3713113816385937
-0.2748471147409912	-0.2867809004748589
-0.2579235610651409	-0.2506421475970213
-0.346583685142015	-0.30179571097255825
-0.29809856513346844	-0.281427545700695
-0.2551093172126606	-0.2529353756912029
-0.3755209892606537	-0.38908643281780686
-0.28264868317955205	-0.2794852662817333
-0.42074222689111807	-0.4116325731063254
-0.22266209375370138	-0.21236564856408155
-0.3115770648856184	-0.33333632911876687
-0.32778499626891744	-0.28793109652391313
-0.47985640712791167	-0.5190752081953566
-0.5551837304457496	-0.567595134020039
-0.31247014858539046	-0.28410450478252525
-0.5224317373199732	-0.5247866361034205
-0.028163601270529526	-0.21377957214953633
-0.26674696747844173	-0.27851299156822884
-0.10762986970061661	-0.13340498680651625
-0.4980278917247425	-0.5177114793311125
-0.2724222204351001	-0.273823959389884
-0.39874722724441014	-0.3806155259491937
-0.3741934897150223	-0.35849126709144424
-0.2601163885085924	-0.24972997506084046
-0.40518313843075937	-0.4031320045210175
-0.45885081212914614	-0.44675718618462146
-0.2701624086964607	-0.25764611611934185
-0.32952712035387677	-0.2987790072566118
-0.47106446866341756	-0.4663306340595617
-0.18881088790058165	-0.16895092390939787
-0.09911879075935204	-0.0934655274247864
-0.3922566154405338	-0.40781937065080426
-0.35134521712207345	-0.352205755322185
-0.12262059783763846	-0.11677393200703455
-0.3537551677008324	-0.3707459666455677
-0.3409432803002552	-0.3423058178765791
-0.3359634989051443	-0.38799545532616264
-0.23287150500836518	-0.23626344705282581
-0.289465527010595	-0.28123763260762413
-0.3048321274219923	-0.30551210517989963
-0.4008295679067295	-0.4059300473010218
-0.4231025803164812	-0.4093834283134673
-0.2743043608157709	-0.33890298273899166
-0.26658184338776536	-0.23071408936567014
-0.2732183015822116	-0.3024700790092917
-0.16158729346513567	-0.30244060089810487
-0.4132681715780926	-0.4125231471827226
-0.4505391825321574	-0.4474348650679386
-0.2449968120250503	-0.2871134676803983
-0.23571601897357297	-0.21512033916323428
-0.14454182392569415	-0.14009108122007036
-0.1021467202440487	-0.20319195133960474
-0.43490898896937935	-0.48486454382960575
-0.24764459930847238	-0.25370348062961035
-0.4392006750715378	-0.41166034809710506
-0.24810882591157934	-0.2646205183098354
-0.299200820768867	-0.29635559265252986
-0.29041054118683896	-0.2902658034326801
-0.43971487011786614	-0.4118433158334859
-0.4270595095768783	-0.4141053342901448
-0.3008616898253713	-0.25421199985241355
-0.12591446202723233	-0.16037645670307032
-0.31814839181518906	-0.3400536197469301
-0.1478037182988423	-0.29164305549088826
-0.5592892698965493	-0.5556650202049495
-0.5198533796634823	-0.5316770301916209
-0.5332020397702664	-0.5262789383508378
-0.3673907393527358	-0.36116971495439204
-0.2915574773785927	-0.27962342992099193
-0.43347308897641135	-0.4336714071302866
-0.47413640009805036	-0.4245748882535425
-0.477368678963515	-0.47560605544812773
-0.2684393548471782	-0.26093090563942745
-0.2684657290698329	-0.2613928116027746
-0.3801723015666294	-0.35129756363300274
-0.39824470934195233	-0.41368568860187294
-0.3677273347911285	-0.35568898454449377
-0.362779430839943	-0.3693203860961986
-0.30989158117026605	-0.3148711570660559
-0.39512696695678784	-0.35412257119554447
-0.11224822656854272	-0.17608792281725458
-0.14486321739404673	-0.1637077539950084
-0.4427611439825405	-0.42457563278902477
-0.36562606165050937	-0.3029451645795146
-0.3446586698186245	-0.34537401088862385
-0.4149900770093726	-0.4447378143957047
-0.4621929400303202	-0.4759806315396274
-0.19281566903966407	-0.1874451619923097
-0.2683446649082182	-0.26609735984383454
-0.3701371762236114	-0.3654173753774392
-0.27366929927494965	-0.20784871855981335
-0.18923402320695004	-0.20673647405812048
-0.4203936978937186	-0.42914297195105516
-0.24660933071584346	-0.2599699212939415
-0.293190093738243	-0.279158957930807
-0.31976345383759863	-0.30700034952764405
-0.4148904511973406	-0.41483541404847
-0.25500247186159797	-0.2537238110126583
-0.21440750967386535	-0.32826628827357446
-0.4641020499698243	-0.4327999588887449
-0.20482229877089608	-0.17840315987003869
-0.3201502080973313	-0.28149182459928385
-0.20508177136669303	-0.2654646654262551
-0.3797424107155791	-0.359357781577312
-0.29171727483720744	-0.2791425877672665
-0.5324809466106988	-0.5304556975195744
-0.30376637341256796	-0.2883862515965862
-0.10564398805887976	-0.14948125243004115
-0.5135434815451916	-0.5131189073414453
-0.24714435046828065	-0.23568314279244082
-0.3944919879698343	-0.37827392530595066
-0.37249308493204936	-0.37477393668868114
-0.3040360263434039	-0.29508228941437153
-0.3880804263830182	-0.3975071038966538
-0.41493412493240456	-0.40550344489798096
-0.2468832105731984	-0.24841148509510647
-0.1140050868953999	-0.04568720938877189
-0.24143901581966887	-0.23214809770774364
-0.26018340900122894	-0.23675638276564676
-0.25009670445468757	-0.23422126351517455
-0.24538175581576382	-0.23825231871193117
-0.38849587139838704	-0.3313050608279395
-0.23874504028460208	-0.21387343854967264
-0.3486907183071537	-0.3376697345026995
-0.37575256725420836	-0.34127965712935415
-0.3175930598815153	-0.33795337988732393
-0.2596169803122024	-0.28844340360463305
-0.2717831093589176	-0.2579751017717175
-0.5109637191572993	-0.503248861072554
-0.2932932766510312	-0.2816827499093934
-0.2713476026740391	-0.279835909716819
-0.25794723500042593	-0.2577417508432064
-0.3756742476485666	-0.3634275194847842
-0.37177332605079627	-0.32344236052109365
-0.22879816333644598	-0.2909468410803272
-0.2680885888771769	-0.2510156921199014
-0.49819286494370374	-0.4913413772330655
-0.4139125137284907	-0.4238303187277834
-0.13618756626781447	-0.131885044384104
-0.26508097696912003	-0.256281352298092
-0.3987616275755119	-0.40372198338113713
-0.22594044184608109	-0.21730054601716955
-0.4017465404960756	-0.3954156256568709
-0.15138260950104687	-0.13764456896823601
-0.36229840647526856	-0.4114181609655085
-0.35546324950450625	-0.3527664442224434
-0.40996094290612106	-0.3614737008954364
-0.36344755082540736	-0.34812497352499244
-0.17425481123281195	-0.17728585661578328
-0.3495970100943957	-0.3225543375570466
-0.2908668498159912	-0.28794545631194624
-0.24230448513442226	-0.2557913709054533
-0.24811370497591057	-0.2364246573703484
-0.24642850526944926	-0.17893822378607283
-0.5166537187675537	-0.5025315489761798
-0.29815283437536877	-0.26795358703680305
-0.4037213951016181	-0.3874291044530549
-0.4388864797562988	-0.43403375931987476
-0.3688556836589907	-0.32691233554407045
-0.3034709811844589	-0.3309294310405035
-0.2163369565792017	-0.22392509767850385
-0.4114553138690553	-0.4102833061416726
-0.2851771944616601	-0.31227633358102386
-0.018707854333722906	-0.040254888305743024
-0.3188971272096275	-0.2849063688094276
-0.23810370998651997	-0.2476256071577249
-0.48178145091430835	-0.503513163494022
-0.2689547012042919	-0.2657353839585768
-0.5329204596051476	-0.5306740614876273
-0.29824547100259124	-0.2778153252943349
-0.4393509909416604	-0.434445820100717
-0.41889935456113037	-0.41880976964739364
-0.42413695638575	-0.4377964778811108
-0.3356746856516537	-0.29778299199435565
-0.3176849009326226	-0.32988541208257977
-0.3275358453836219	-0.23421852905636373
-0.41077710132284295	-0.41402975317555835
-0.25314676523206003	-0.23511026603706695
-0.297777623913273	-0.2721331136207452
-0.2367858187549814	-0.24218084458169198
-0.3989898816835904	-0.39465398224157056
-0.46968870929076445	-0.4279747737704948
-0.3340810172177857	-0.33993126380589106
-0.19310145982396065	0.1493516645107368
-0.2573531514773606	-0.25183518503333086
-0.23453397218962024	-0.22610478632105097
-0.4197493844613014	-0.237007816672088
-0.11635582083637885	-0.10805253237790455
-0.4040016511204563	-0.3938490736991641
-0.23180698890425155	-0.24761488141159543
-0.24720673833314244	-0.24889018746757932
-0.2745386686779909	-0.2311228369323458
-0.41505441266638954	-0.41015750770054155
-0.2614312105984702	-0.2857994791625644
-0.5240665390311108	-0.5230325912591965
-0.28780681830634514	-0.28554785530498034
-0.23446562841153984	-0.22202053401511482
-0.32421508619275663	-0.2868413640102341
-0.37916213244952957	-0.4205771828748621
-0.08542990800541972	-0.13772379895916537
-0.27614974856219376	-0.28861287565432475
-0.5419371858308342	-0.5438880135636401
-0.0915687953042017	-0.06574284429288038
-0.37963258617883255	-0.37426259600050016
-0.531463633830553	-0.532823537045649
-0.3898193223128583	-0.38824390129298875
-0.2717264659246119	-0.28678246588147277
-0.4122973993587493	-0.41442275320358396
-0.2791024463789231	-0.27943237016245753
-0.5352015727410411	-0.5243545197327502
-0.37995006199278336	-0.3813570365193478
-0.37606413302951225	-0.35977198879605793
-0.4038468757264866	-0.39774771201574005
-0.5238486588479496	-0.5370982671672387
-0.2846980637066814	-0.3034489691770503
-0.2431494555300162	-0.2322359127639467
-0.3497881700164065	-0.3409186050998082
-0.5079328448652944	-0.509809756992705
-0.33312033142321873	-0.3261362212165331
-0.3456754379699696	-0.34492928917008336
-0.26863502456940935	-0.2715222908369934
-0.3830758363293505	-0.3089147063788194
-0.21402165633333858	-0.20560454370461556
-0.4029230591668522	-0.4115661169698273
-0.2545433554074883	-0.24636792922944684
-0.5294868200700176	-0.5381454728879036
-0.27356164926169235	-0.2923670655741496
-0.3765117837559675	-0.39507557193559717
-0.5289579063873067	-0.5259038903840483
-0.5227655049263333	-0.5161799075808339
-0.42315653183969815	-0.4133426389265549
-0.2761463994836717	-0.25196270682837496
-0.26766352874633625	-0.26229530980085314
-0.2422777817216364	0.21248715775484292
-0.40807917206334565	-0.40487007991317836
-0.3865522875549079	-0.3799395611318199
-0.3022587428706309	-0.28952129301553586
-0.5240661486696077	-0.5162594632759084
-0.396131797121118	-0.37853174108560905
-0.07771587747438424	-0.07261583923458335
-0.26998007319289385	-0.2896134637109019
-0.23797516450632727	-0.22548825459037794
-0.5266672440547122	-0.5256983701646618
-0.26636868264105473	-0.3505930782261207
-0.2964494083328013	-0.29183733006684215
-0.21008289700348293	-0.2511357721506148
-0.258555693735115	-0.23250875114815972
-0.28247494951637186	-0.30507123025059496
-0.37779930485347357	-0.36224559155780517
-0.3731330644667459	-0.3812787997628499
-0.1686948764124807	-0.15531675880322657
-0.29192587762730327	-0.27764491697490556
-0.43168405822497924	-0.4376513391241692
-0.5314102549353272	-0.5325458780212454
-0.2268433234574765	-0.2561262792971277
-0.4738427634981335	-0.4615661042872487
-0.5587906400854621	-0.5599402748600566
-0.40396681414762625	-0.4123091883349696
-0.3061197850536814	-0.28542282888020953
-0.37606073397057216	-0.3590153098710376
-0.1854381330952748	-0.23413941931535298
-0.4291088644120986	-0.4079213053067665
-0.4927355700205318	-0.51005828145741
-0.31072995341295595	-0.29623810721080146
-0.5278555440367292	-0.5296374649580526
-0.24024277921683002	-0.23124076505407096
-0.38550679328192317	-0.32732294724007577
-0.20706140214659285	-0.19524608205745062
-0.2406023932043091	-0.23935243605431208
-0.3593571065983969	-0.34160642976290856
-0.2641652846235054	-0.24911618174679453
-0.49652473424636945	-0.5117146864387311
-0.27210189787383854	-0.27031773196736697
-0.1277563577293357	-0.14727203226847912
-0.1520328374048674	-0.17132870547080445
-0.3998298808186771	-0.40283508964256626
-0.07507881821106288	-0.10087327711082436
-0.2502893894659888	-0.2809247490159482
-0.2946375748983314	-0.3229805820939666
-0.2730079999580912	-0.27807937308555264
-0.17826306261440727	-0.138359870535841
-0.5695432441752644	-0.5630499344121673
-0.3456941661424793	-0.3368166971065289
-0.5448705456466136	-0.5579853770666927
-0.5350228756534499	-0.5345758376070993
-0.2185518182024886	-0.19931831081705462
-0.3491305357018586	-0.3423522310046352
-0.37191401971000815	-0.37280791216313025
-0.46704222744055635	-0.46485536749879036
-0.558943081179212	-0.5505715395549444
-0.25319796006766815	-0.24719026550264936
-0.1050807532832323	-0.16594508219909093
-0.5061198953427493	-0.5473784400797365
-0.05819217617979788	-0.2551067823310582
-0.5656786605674355	-0.5531454325583112
-0.08368320996245515	-0.06899166914753352
-0.1887443100086834	-0.26450213460021516
-0.07793623501770597	-0.1343903347097241
-0.34935015656057367	-0.3548107499776277
-0.3888473568085189	-0.3794917740058437
-0.3695230974062902	-0.30551513745735714
-0.2886268158015213	-0.27915339267412403
-0.06367584202123311	-0.1843113614040463
-0.34126723905166756	-0.32397676320822066
-0.3271254853222274	-0.32024301149869855
-0.35790214310819124	-0.3811535888231786
-0.33206553668413363	-0.3631604384393484
-0.2999208726482685	-0.3011316802339172
-0.47004026585095815	-0.45817470251518955
-0.2329671367951498	-0.25944449394470565
-0.21057758698296425	-0.25259163500619264
-0.4174824917384825	-0.43070619188897435
-0.4570327525100133	-0.4579498519059679
-0.4229532576340951	-0.41122598757367534
-0.35150400323657394	-0.329241849861028
-0.302752559847951	-0.3125536627677421
-0.2134637845321592	-0.23862890507267992
-0.5591242521859456	-0.5615250689827241
-0.43807890587530096	-0.40704716377688516
-0.31483353301256045	-0.2666767318233454
-0.2209286210219794	-0.2226537461150216
-0.5226755441791759	-0.5445909620024137
-0.28826037973187013	-0.3399927145633949
-0.487641971582347	-0.48145750546079064
-0.5331088570826736	-0.5229605357807556
-0.35247643329576306	-0.35425116774341675
-0.37097046988348126	-0.33017305371112177
-0.41627959633504297	-0.404319339567794
-0.25763977488730916	-0.26740422445001205
-0.3471228093237375	-0.32232582924825415
-0.246029493869095	-0.24966593758416536
-0.44688106289125784	-0.44410605751788046
-0.43509256352975356	-0.4345611889464413
-0.29054286816842634	-0.2949527384835747
-0.28928968483668527	-0.30308257209265066
-0.24741816915973125	-0.26371633233819003
-0.5502894137901126	-0.5552422908457769
-0.38411346904723054	-0.37504128870466047
-0.21806232371521972	-0.20958948250563517
-0.32927737675116475	-0.2994791381550771
-0.2654064452263931	-0.2587492819629311
-0.40905710085722546	-0.3780792302646703
-0.3421051327908824	-0.20543242396319455
-0.345458726718336	-0.3884061879976708
-0.5686201381372342	-0.5577336179093866
-0.5291786732448482	-0.5309816481518155
-0.3491812022385581	-0.3177083230669583
-0.4525710510648917	-0.46470944025120103
-0.34260137321952655	-0.32213505162965755
-0.34567332464805745	-0.3494773567521065
-0.3051264146531878	-0.3028207878148016
-0.2523515556989029	-0.18794525275885007
-0.07993492942020275	-0.0879927445082331
-0.32411173767787815	-0.3557432247063526
-0.5491104303657259	-0.5404258387265779
-0.408313766996768	-0.41459953145319833
-0.30905401763789797	-0.30615551779707756
-0.29632611602596803	-0.3247854394935752
-0.3451690000876262	-0.332454893705512
-0.27917991827137634	-0.26266204107384034
-0.12317073693082037	-0.12767887225285132
-0.495509538209177	-0.5247452437131814
-0.2595226416987373	-0.24278343220105295
-0.3482950127596318	-0.3485899497672993
-0.31924154881049915	-0.3230711770315499
-0.33447483735841743	-0.34961312542299783
-0.337553402558342	-0.3554005501513059
-0.5441846239805255	-0.5396471546640514
-0.32785167851415054	-0.33243061863048406
-0.3833053565812765	-0.26686973236114075
-0.3304969113200329	-0.3304797269978656
-0.3294843165115946	-0.2872251513682466
-0.29460841771014046	-0.29861663037903585
-0.5389621135512606	-0.5297340422906418
-0.28183032719876344	-0.27764026428915795
-0.39167450389282443	-0.37879060311501284
-0.5397314360742804	-0.5328158215983018
-0.38993942734086495	-0.39633642197670566
-0.24917009784356736	-0.31608997723203675
-0.4112625715629825	-0.41268579656791343
-0.19107806738522015	-0.2042048959721293
-0.2269157324758666	-0.2155375425718729
-0.21300019049047592	-0.2936555688825837
-0.06351157266804464	-0.0517539939123512
-0.5548404037850467	-0.5453390236598938
-0.385072191043486	-0.14995576810639777
-0.28003187951493125	-0.25074223633744835
-0.26686005677198743	-0.26800886348456376
-0.06903656343171427	-0.155878726650322
-0.36582520045805644	-0.3828777613822644
-0.3400186814950956	-0.33333081835084427
-0.24536307600132368	-0.23341954165959963
-0.08044204911419328	-0.08064116080069585
-0.2548529045141166	-0.24207307340317938
-0.2750737108933201	-0.3009142487575664
-0.25081985281876484	-0.290088554391665
-0.23868705618110653	-0.2375361274482973
-0.2798275179370897	-0.25196932631008584
-0.23711809449994803	-0.23803001857546283
-0.4105838122596275	-0.4235693110244488
-0.11971224959528115	-0.18934859881858257
-0.22936927516262884	-0.2651030069606075
-0.28252000014392564	-0.26837662773681253
-0.10981936674417092	-0.11637534615876818
-0.39325276298997736	-0.38708916010221517
-0.29478983168674944	-0.29579433182661463
-0.34078837320532784	-0.31679986422052614
-0.37071651895191593	-0.3772836452323957
-0.531740319878482	-0.5337538668573927
-0.28425030822976183	-0.27923094129575904
-0.4161217085417892	-0.41466196550261314
-0.32604328510355707	-0.3313219953843579
-0.4065037732779917	-0.32083663623729264
-0.2786572866574577	-0.2568096625563358
-0.3457968961813602	-0.30333476654218366
-0.3378506489364774	-0.3118567085755605
-0.4179154550567574	-0.40402773986348856
-0.35625239997110114	-0.3408931853685681
-0.21444698082675195	-0.27351865238239975
-0.4222842161387472	-0.42126750462322493
-0.3390205820696046	-0.3053960738496486
-0.08282422171699189	-0.10933234825932758
-0.2778832688653754	-0.2698200356082442
-0.5566811459978389	-0.5497476861056
-0.27806982969422656	-0.28401719679320003
-0.2752664924109176	-0.26811012849823823
-0.4091205558394204	-0.4047401711255609
-0.18641245371587623	-0.15960307402385537
-0.3223891797260414	-0.28363754358848464
-0.07752001625613403	-0.061672774404275585
-0.27889501853127285	-0.2682136278589183
-0.24364724725298004	-0.25442066863907425
-0.2559763469012246	-0.2598069180430044
-0.11535559002281559	-0.09057857911949083
-0.25599349470088484	-0.25724703755809986
-0.32470185865283874	-0.3436182526262156
-0.20026759463540422	-0.1876879671491856
-0.43927003730096637	-0.424389489890842
-0.1531174458819038	-0.1866938443873592
-0.24940765382043573	-0.2465175457410448
-0.3678357594106245	-0.3526278961590563
-0.27749619755911326	-0.2649859230635774
-0.2906565717145	-0.22607940094006027
-0.2569011041846512	-0.27178032725749224
-0.2902791355094081	-0.2456216004175746
-0.34626700956317613	-0.374087185506543
-0.3879028519559071	-0.3814915927322276
-0.047989362664658586	-0.03744059062565705
-0.2493042813119022	-0.2540972027279668
-0.3260723443299973	-0.34071544229756984
-0.25040328669424206	-0.23150040990867923
-0.4305168132609474	-0.41732053428443183
-0.274370039480079	-0.2574484567809533
-0.3066302057684922	-0.31226128343244625
-0.24634415933889997	-0.24307158812604818
-0.2412322426585387	-0.2322657985034067
-0.31707247999727173	-0.31408347695844796
-0.539551985400486	-0.536094413864344
-0.4918724209214318	-0.4806135469340292
-0.1771228798346698	-0.18480073612610087
-0.31267091480154185	-0.31589745602596014
-0.4580014939157522	-0.472183263837059
-0.272756848084434	-0.2744289070678747
-0.23413333610458942	-0.22724208407069815
-0.39159368697141517	-0.3979322360658396
-0.15397529684627642	-0.15217834402380417
-0.5445344895988917	-0.5355746088137996
-0.288418532402936	-0.21563754240507438
-0.30406991097446046	-0.27109840364889676
-0.5487713759294852	-0.5492202569932216
-0.33276270537059816	-0.33958076275993215
-0.4816698016865679	-0.47361888220097503
-0.23323630355986502	-0.23094770913642848
-0.44171136017611445	-0.433457076670868
-0.40685301020026365	-0.4064998442626248
-0.23680226730131082	-0.24612545056521554
-0.21491531834367983	-0.20875538421167858
-0.3759150512463272	-0.37022998860098905
-0.45322291280692184	-0.42798135747195304
-0.1237930046806639	-0.10394398616290437
-0.26384053207995706	-0.261029664742314
-0.20313367290215645	-0.19560234945525315
-0.4244943015826834	-0.41444188279400446
-0.5557858379611833	-0.551181483181966
-0.29101085215667766	-0.3174950442285361
-0.12791247763517255	-0.12579550349519097
-0.033815005495053896	-0.1880718028308932
-0.25193264500769885	-0.26543774685847304
-0.5212795175968985	-0.5313399395441996
-0.5275223305752554	-0.5293980535736909
-0.5261631635980528	-0.5163998962809137
-0.2979926763880343	-0.2972218418313899
-0.36591534859094565	-0.369916795008916
-0.5522078005180333	-0.5524622233499599
-0.4107401087534903	-0.387300155222186
-0.38902606256943884	-0.3869092948753472
-0.33553508046763625	-0.3266123037846369
-0.3941865692894595	-0.46247130364266253
-0.4958290044379279	-0.48484491050942025
-0.2967854336328202	-0.27618632925790576
-0.1327737432849041	-0.1410787257060901
-0.2954087765273634	-0.28033128082329467
-0.4123315290246694	-0.37196864695315823
-0.14121382517891945	-0.16409505327568036
-0.28679422014696954	-0.2837063653769102
-0.4350486016863542	-0.428944874738671
-0.26161273519520734	-0.22977644857807983
-0.4140242468425086	-0.3949848244754919
-0.3910434596189081	-0.3783407810807744
-0.3907307461233991	-0.36147548262599954
-0.27779665522152186	-0.2781649710631294
-0.0357661069585653	-0.10782629609284715
-0.5067078805865073	-0.49348923527821825
-0.2344140091161293	-0.2672575661517164
-0.3268748864550517	-0.2979265220498694
-0.5515889160667271	-0.5521635832122092
-0.4085593641788119	-0.40160215586701453
-0.257220480011636	-0.2740315947375856
-0.5221181754872948	-0.5282143243642932
-0.3080736848644712	-0.31934568454362255
-0.4515751756632511	-0.43796907920021905
-0.2874847456203149	-0.28391621032880515
-0.2761334462672558	-0.21264845049705042
-0.3055722967457193	-0.24318304990166026
-0.3786130221533064	-0.3675998945846407
-0.13279813900732762	-0.11275268327837232
-0.3126479026427571	-0.31896992184772366
-0.5389541146939898	-0.5288839430251514
-0.2865062290489	-0.271231909175869
-0.29440155587123584	-0.3403802695379738
-0.06556611821193314	-0.10874497475102113
-0.24390602790675153	-0.24441786830819692
-0.18498576868639205	-0.25050614457146864
-0.24674704533121172	-0.2694076279344341
-0.24201413934230054	-0.23378165338710527
-0.28033750020042447	-0.2818684363977139
-0.17842828853357418	-0.16128929546452456
-0.27140711274940443	-0.3010777733655436
-0.2744873418198104	-0.30516477275447573
-0.27637703834385974	-0.27126839552333726
-0.4979690774685537	-0.5062931320503588
-0.4027675378425144	-0.4315187807175031
-0.35477282425932444	-0.36005596190646477
-0.22260247448747705	-0.2238095368244163
-0.25977231388779565	-0.30118484794253403
-0.5398371332681098	-0.5586035696413221
-0.031415802601813425	-0.12777791155274668
-0.2518352009341065	-0.24268144857207838
-0.37780766487921014	-0.3823236527332534
-0.1712750529255196	-0.18467285894891175
-0.21961964224702513	-0.22116266072930363
-0.4117068217246356	-0.4233911034537484
-0.2875462094409649	-0.2973676837852006
-0.5386294514694949	-0.5290216688780944
-0.41848821690616234	-0.40081294468623774
-0.2560851261268837	-0.2728650628703432
-0.3241876379233517	-0.3090857766582853
-0.24280447380651005	-0.24006871712507943
-0.3655026749126442	-0.360537704338989
-0.5319827554463252	-0.5316908540339863
-0.4734975949188467	-0.46132062395473056
-0.09177488532780131	-0.14602146603526767
-0.2823745524094239	-0.2713663382286886
-0.36479670861080393	-0.37084741748011674
-0.2529346389719862	-0.25210525720288085
-0.3903263661638974	-0.37540810456493356
-0.2404254441074336	-0.23774923399837464
-0.14434369893265675	-0.20613191578786877
-0.4030188413984046	-0.413955301176855
-0.5121196690342487	-0.5089244810776387
-0.4524667994745002	-0.5079372551401354
-0.3486697998650303	-0.37698247437687044
-0.1896990528887308	-0.1541924847030075
-0.26288291596098645	-0.2552085892032563
-0.378509390451395	-0.35359053109955907
-0.33710632945549435	-0.2267315900737532
-0.3855273248334008	-0.35617596546569563
-0.09112690770610854	-0.06906193446556964
-0.38902240856324255	-0.39507598053207704
-0.27346986174718424	-0.27710409055780844
-0.4548631723718195	-0.40324233271660076
-0.5269686131987541	-0.5165385189782075
-0.3306340341897176	-0.3008314391315014
-0.2617974566529284	-0.29580450123955493
-0.2443538425343199	-0.24515296843657114
-0.2780475742083883	-0.29001093985123855
-0.05260331177507993	-0.05724902487884761
-0.3490372363026495	-0.3236156711922098
-0.14003810467349354	-0.21330442010647307
-0.1366432704489675	-0.12145976694628875
-0.3961997215107864	-0.3875477634311441
-0.34653650859115004	-0.34620618181098983
-0.24199796292769093	-0.24665838318089636
-0.40968243440307894	-0.4068706896088083
-0.5340779169646872	-0.5254941491333075
-0.42342823521280515	-0.420315782390936
-0.08294351866699046	-0.08578590029047534
-0.3803548261273946	-0.38726066277265403
-0.42605944806776463	-0.44442399968448654
-0.06308920815495433	-0.09325410854969071
-0.4953547125945761	-0.4982902437068599
-0.22731823499513482	-0.28527964492341973
-0.08271178921081201	-0.0662102363232826
-0.42855080539195	-0.41966983902733995
-0.23452036132549736	-0.22970184392957738
-0.3412909830716977	-0.3591940928123543
-0.5449660878661273	-0.5582115053479603
-0.19031670890529284	-0.1975824814629476
-0.40842480317059326	-0.39923720391238426
-0.4144604219080108	-0.42694019586530846
-0.4275556446779234	-0.4270036902912616
-0.24914620232406826	-0.22854467393096894
-0.16891065437013353	-0.18567106865694533
-0.34863839148945885	-0.3383400971372611
-0.315421029821394	-0.2564521957096057
-0.35748274400356905	-0.3607635753815286
-0.2415828075663935	-0.24568967658453025
-0.23907022640431563	-0.31144540702639956
-0.13530783742661612	-0.10283334104613834
-0.5323302627561315	-0.5371780053055651
-0.25846877751184394	-0.2629260667757035
-0.40960749751256564	-0.404507328488866
-0.5466646374108244	-0.5426044868300969
-0.1885505396993139	-0.18007731378044362
-0.2063215272592327	-0.20435108658594134
-0.43307347266190277	-0.4453568922360428
-0.3364408424309957	-0.3251825841563906
-0.2766048507589396	-0.314090482307245
-0.0935993176483727	-0.06261416531864596
-0.06494833082225426	-0.06741731841675058
-0.36997684430267697	-0.37106825425118045
-0.37884849465530124	-0.3712029159613378
-0.3617829823505936	-0.36414782630041714
-0.27880640911603294	-0.29577633748503906
-0.513561714666988	-0.5147760212558476
-0.34852974125754344	-0.38004480210253005
-0.2758889887592275	-0.3017195315169735
-0.39673493285870265	-0.38420198903614444
-0.34454224244177567	-0.3439276819527371
-0.41316969468576126	-0.4119009134194721
-0.2701619574876979	-0.26434709805993695
-0.3595000115652578	-0.37694917587105276
-0.2888364940422292	-0.3982937641087018
-0.2532374079245514	-0.25221383501769196
-0.43231315205850507	-0.31901757651872104
-0.3393299219686412	-0.34453177775809424
-0.36124772275455186	-0.3744593904421022
-0.4882287702390613	-0.4762342445803338
-0.27388531781435077	-0.27098748428001884
-0.2346941958634492	-0.2532476587000056
-0.44041412674774705	-0.43131817320124693
-0.26210842988011507	-0.16285640853642358
-0.2235033000299751	-0.20216679885297814
-0.3992699570650178	-0.36086132332372056
-0.4773457571358968	-0.4761363987449931
-0.18374810973025646	-0.1851262367564978
-0.2883136581806234	-0.29314512014094907
-0.3472820334127604	-0.31240358352949477
-0.12466622390061488	-0.11882495089865079
-0.2711233727310862	-0.2655191252236217
-0.3678658912020083	-0.3183429678894376
-0.4172026470794883	-0.4072793958494256
-0.15742040148611736	-0.1522554375018141
-0.09139704289006723	-0.10645878853994972
-0.1274347392239612	-0.19897728422988892
-0.2572950382535133	-0.2540797602205006
-0.24063660463019332	-0.21572451827793362
-0.36035901109506163	-0.34660070551141287
-0.351210083492127	-0.33551498674003977
-0.17190953564615263	-0.16958619253329793
-0.41335257074145026	-0.4158653220472323
-0.3025522963524381	-0.2979566071224003
-0.41087691749665467	-0.35083137420750493
-0.31816316889010743	-0.31692183425761716
-0.2328204776932985	-0.267340861549606
-0.234556621448764	-0.21377169453207132
-0.35202900800820736	-0.35589915683436396
-0.22228944727680044	-0.21852647882612225
-0.16515050768138195	-0.1999602880604604
-0.4493162007840006	-0.4088403995241573
-0.2606029690907512	-0.24074756356268515
-0.20679415504603682	-0.19274809541979274
-0.3093171543053401	-0.29419031723394995
-0.1504383794447648	-0.17766569267641893
-0.3279508677828602	-0.3547529697961056
-0.4725486142808215	-0.4663921066011207
-0.2387805906788003	-0.2639729725541086
-0.3789172254974851	-0.3799198090939158
-0.22246919273579024	-0.20286617754277342
-0.2567928502536798	-0.25950820182500767
-0.09686795085111832	-0.11904985457469178
-0.35873503122185646	-0.38618317492457666
-0.2551173178545447	-0.23220676894340825
-0.3808629369569392	-0.3779296386597659
-0.20224964355910124	-0.19081231688288458
-0.240668141252403	-0.24574090280326058
-0.41179518475303567	-0.37435564959032064
-0.39531401629756857	-0.38269532290303665
-0.4828829035578952	-0.46291408081989266
-0.3987619667595297	-0.40330511942286584
-0.28725987600004466	-0.29860091128466415
-0.5443416049374328	-0.549468849509247
-0.30123483207740875	-0.267982490915177
-0.11489180453158099	-0.34157139202348075
-0.3127133020249424	-0.3076675928028331
-0.228168360431507	-0.29241526934533196
-0.3238460883656771	-0.33283007028872996
-0.24900795029037148	-0.27663604751833304
-0.24591570888550862	-0.23090787721181202
-0.5554158461341849	-0.5443634661702473
-0.32428911468122834	-0.32048872171346177
-0.5357600500388422	-0.5336067725179042
-0.076312919937509	-0.09803390311782635
-0.3205843473334937	-0.279293475102475
-0.2210343928036309	-0.18960814845315313
-0.45944504872101355	-0.47096493665707106
-0.39959355369653693	-0.40633304376093865
-0.25064101560838026	-0.22436340943069988
-0.13985170095876676	-0.1423336331331057
-0.17417408666732115	-0.18119319388131097
-0.19692360315301372	-0.1840840738235589
-0.1013527673101855	-0.1485584281476465
-0.2758964096026908	-0.30691847779659553
-0.24205297639712242	-0.2506843232043527
-0.37547857410707053	-0.39777296099642684
-0.5303869169617599	-0.5212493856197938
-0.5326951408722085	-0.5382756221087752
-0.07667088400024014	-0.08459521182216764
-0.4544232890333575	-0.45023183179943543
-0.3687873764861678	-0.3718095388091814
-0.3781930451498532	-0.30692071322102527
-0.39764646094699607	-0.408591446018017
-0.12337905227816393	-0.12770009040351937
-0.23361888939955655	-0.24383517457329631
-0.25817710708035335	-0.2548821681120298
-0.3950538191545956	-0.3687506318713816
-0.26413425773611365	-0.25481713772458087
-0.26516640329153773	-0.2504133111374213
-0.3642112411434759	-0.35989872968575565
-0.34926913653573166	-0.32253308188867025
-0.48756879820707866	-0.5167737582960004
-0.39787958222576947	-0.32642620122582233
-0.3494974318340738	-0.3000846792150576
-0.2604803614512363	-0.276202591413713
-0.5024147647035591	-0.5054123857396857
-0.10931120564618269	-0.13953006081608466
-0.2246908801278522	-0.3077733405432283
-0.3343928009016892	-0.3446775381798596
-0.3172140960432337	-0.3056771650978742
-0.3200713131702102	-0.3163328045079382
-0.41351439759663755	-0.41924229254396383
-0.5333764200850553	-0.5349162372107119
-0.36754287990037326	-0.3715294682520945
-0.25843405891609805	-0.2830354803878178
-0.15813110163264987	-0.1625442400728112
-0.19078009661414796	-0.1722408235280194
-0.37041482990105123	-0.3396140639080427
-0.34029013705288946	-0.3208637009939529
-0.2931782388686557	-0.2898383859705295
-0.23489254378883295	-0.24806764842074722
-0.3422857469289937	-0.33058707440449664
-0.4129903922544038	-0.4082669047318573
-0.33173698475957636	-0.3424701314698172
-0.21097895389804222	-0.2928167345036468
-0.34500890855317223	-0.3586077936513221
-0.1256139708393338	-0.17756409358123618
-0.24561000731755023	-0.2308810783495718
-0.3515194067052896	-0.34259974041154206
-0.11793320672694918	-0.14954335696419943
-0.31654552563442095	-0.2098180063577842
-0.2676207936594128	-0.27763415843085254
-0.13287865448143776	-0.20520533311278968
-0.37288404814726306	-0.3520017181101891
-0.4406055887409899	-0.4471506376254232
-0.2689774299245613	-0.26076945141729235
-0.42148939040045796	-0.4270349042691585
-0.5403356342574472	-0.535185097566368
-0.31719313249211467	-0.32382155096686877
-0.29926457161233344	-0.3101920441036773
-0.3838021446157178	-0.33547103521111965
-0.5396143345475828	-0.533915890039849
-0.15002068400917246	-0.17863638656898476
-0.33016581477270535	-0.33478468501516856
-0.26973023704870513	-0.2668483810931699
-0.28296742406696396	-0.2647613945101147
-0.5243541737847277	-0.5311944621939029
-0.11206831284197172	-0.09019020055080723
-0.33477333132415055	-0.3484484681150088
-0.26230457453512557	-0.29066988170915037
-0.36439680519427853	-0.3522367646629142
-0.4459792264831641	-0.3611002536547309
-0.35189508103438527	-0.4036079827684888
-0.35418981104032454	-0.3635847530822483
-0.3714852782115834	-0.3591940216788522
-0.13925999507515208	-0.16640027217114528
-0.12388939101961505	-0.11151958384986864
-0.15594980858992535	-0.1836594394516202
-0.5309770047953997	-0.5353045311623754
-0.3371821617106967	-0.3927725869155017
-0.3029227109498933	-0.30233554805282453
-0.11953757133445464	-0.12722479883571064
-0.5571751041336235	-0.545781492918341
-0.3614326674807131	-0.33262572205870794
-0.34941502599783725	-0.33278968268481085
-0.36816375333662243	-0.3461478436340208
-0.16369909041938158	-0.19867306731215367
-0.382429885584461	-0.3911519427694954
-0.27713982629017053	-0.2805253644174644
-0.3234854335076225	-0.30983819950669583
-0.13746546238770918	-0.12954718537258703
-0.33537941892286405	-0.3565926102908777
-0.33218185145653933	-0.3301403521416368
-0.333448430386067	-0.3343596672253546
-0.35681931463330585	-0.3592756334714194
-0.353124825241828	-0.34540556821920343
-0.3616768545593949	-0.3810726528831672
-0.2834766119234544	-0.2721662808574203
-0.5069053135680637	-0.5173608127329854
-0.24776745732876648	-0.2690735856769543
-0.1510346309566586	-0.2509777106243954
-0.3878453054765103	-0.35925336565114735
-0.5124175240245972	-0.49508307420413644
-0.28896684937168793	-0.262246606098598
-0.13036893690667384	-0.1620664551881871
0.05273237184279367	0.026858425229796958
-0.2855000299741093	-0.28665049938823933
-0.23193180248108547	-0.2074412982905845
-0.14281889565557826	-0.11685503000695789
-0.425964797146289	-0.43066462261941224
-0.3116046471817775	-0.3067999367610545
-0.3617166821772315	-0.33953179891848784
-0.3438460688843783	-0.3245179730705837
-0.3848541069168405	-0.319114914771221
-0.40537774906619894	-0.4123871981181702
-0.22511128914929657	-0.19177252044268822
-0.39358544192720757	-0.3931451260988725
-0.1642921233527872	-0.1301800084928351
-0.16372730851963624	-0.18288447651771067
-0.42263104864985834	-0.41175422260406264
-0.18862736779765044	-0.2091417062402265
-0.44701411624887655	-0.44233092288822234
-0.262201481462391	-0.2619575069639719
-0.5002492663717071	-0.5131242308301337
-0.3441548108524337	-0.34466614742109325
-0.389573084937787	-0.3766255318953392
-0.510611134465794	-0.5080664511802632
-0.29375650726329106	-0.2356117565641395
-0.5529756032983766	-0.554550965975694
-0.3001108383206912	-0.23130521835012735
-0.2898379156889348	-0.27814524646771926
-0.11253298542171386	-0.09693563656733623
-0.5333610092842918	-0.5387404796600813
-0.39380503529174504	-0.41194830278169997
-0.32467648159659035	-0.293597502360565
-0.5519525715947715	-0.5524187078910479
-0.38988789729635087	-0.4045820803816822
-0.35920481043435437	-0.36720214398403334
-0.5116092557101108	-0.5111756654873957
-0.5184164210501372	-0.5090987741804488
-0.21314781975002361	-0.23640375015296838
-0.1672903912407726	-0.18915631157663898
-0.24276353435591247	-0.24793222080115218
-0.27999002101231163	-0.26248475976863717
-0.28851651978564874	-0.27909778277747693
-0.3946149254967146	-0.3578852015099116
-0.3248918529137761	-0.31039437650197144
-0.2823001334782802	-0.2653574547803703
-0.2018147871010143	-0.17600322342161503
-0.3207599701705952	-0.33245775910065606
-0.35616616532109724	-0.3703410283475151
-0.2645049044013845	-0.2737789194782994
-0.25072720866827325	-0.24025465302740825
-0.44977785141258764	-0.422918178426564
-0.31782918928080583	-0.2934515662857312
-0.27135801856698194	-0.2527732319802157
-0.4939321612643184	-0.5058888348337385
-0.12189416873814451	-0.12865872303467404
-0.260922992568549	-0.1918692236186979
-0.3444828796630439	-0.2942990906628
-0.35794483674164823	-0.3648789614780994
-0.5529200092307391	-0.5507447068971415
-0.3045675429905188	-0.3342482985227994
-0.22478920101873712	-0.23057831372568754
-0.3693882298474307	-0.3577866269993595
-0.30540395512693763	-0.28060605986258547
-0.5495511473194998	-0.5438619587442645
-0.39997502040470856	-0.3998740530644757
-0.11130308733511285	-0.0833992640351775
-0.06312940682740553	-0.060275601652868764
-0.37907358132794045	-0.3519998715063627
-0.4157745436347682	-0.40234939691495536
-0.3296192647053626	-0.3043320516560138
-0.1700353142465154	-0.20824903061767702
-0.3964134947721316	-0.36215963609317187
-0.5657589334256237	-0.5523109759543776
-0.44407301663942533	-0.43134299687329397
-0.2989142065403456	-0.26898792836530266
-0.260371220826638	-0.25494648273515613
-0.36716322239805876	-0.341964681192719
-0.5230381809245301	-0.5275543881100065
-0.3299614684355827	-0.24489625437409354
-0.4657196466105802	-0.4658883016609634
-0.35061360220290716	-0.3645956922311271
-0.40626067094029494	-0.4085907085371913
-0.2641464930678161	-0.25421905195474526
-0.3799874456996406	-0.35248398016890653
-0.2933151624727337	-0.3457847279694438
-0.36362528364750446	-0.40242514899685283
-0.23491057780208635	-0.2375072319713066
-0.41173204679478737	-0.4222994532824825
-0.3776611758198367	-0.3474134122140127
-0.34396443115873865	-0.3166071171031106
-0.2705104410289305	-0.26661609438038797
-0.5153905659928171	-0.5076439542230788
-0.5514533038522558	-0.5411108153417659
-0.2539168895534658	-0.2990084190703177
-0.17878294783298365	-0.22065218866492306
-0.5133945639083599	-0.5183063628710467
-0.3083615073279411	-0.28694213966143917
-0.25065324303352554	-0.2472010745271245
-0.555009880425203	-0.5487459171370921
-0.40412321697808196	-0.386913612248185
-0.23690207632749782	-0.2458837373490269
-0.23354867155252634	-0.22595616018371298
-0.30958105165895233	-0.3409849151809664
-0.2560882421407129	-0.26493664076535256
-0.5595118623428554	-0.5572257739984233
-0.2664993201735868	-0.2902322345650795
-0.2624785597807815	-0.24429487317910467
-0.5565844414342696	-0.5633425535820852
-0.09732956867165221	-0.10558122775816313
-0.24652067776736608	-0.27013220213189004
-0.3837505953769451	-0.3810724803688219
-0.35722620573371877	-0.3700137827802732
-0.2514575307406055	-0.29009922777551184
-0.2611842656931582	-0.2607969815382484
-0.4789938722903315	-0.4662522074158235
-0.23663053385866917	-0.26982796190909203
-0.1296863309106051	-0.11253969567352594
-0.2712040262955604	-0.25108966614932615
-0.5430692241286881	-0.5340146820459426
-0.43365140708849736	-0.3744681425763361
-0.5162496946122523	-0.5114344882816357
-0.32481959182054254	-0.30818020635885923
-0.2828442652665899	-0.2633546496871322
-0.12502907319466416	-0.1921779479314981
-0.3368022500449612	-0.34767966933590033
-0.37635924526887976	-0.3904255531184156
-0.3036262368087499	-0.3042557278304867
-0.2815339949943585	-0.2525492783604749
-0.17190163165059325	-0.21984567774682606
-0.22664789689249432	-0.32400739904319475
-0.19216673116408245	-0.15675100854579282
-0.32476054784766006	-0.3331800982544559
-0.3330284777698367	-0.344833154223762
-0.2586561696025864	-0.2878295995792546
-0.22717814363612376	-0.27814539549272116
-0.2325230740142743	-0.2609590568054468
-0.35848096408543206	-0.35113516014292706
-0.390576963860255	-0.36225049296704065
-0.13237924042245375	-0.24851339418045815
-0.46520814421723955	-0.45868923664057676
-0.2342435411558128	-0.23113985678292315
-0.39556187227196205	-0.40391771295693607
-0.5005573154629701	-0.5047589357906844
-0.2951938636560918	-0.28032960100546156
-0.3947368518353862	-0.36529815374076663
-0.3428732011584188	-0.3326540974055899
-0.3781646284181228	-0.32422878660693816
-0.43592046593389355	-0.4260073322488436
-0.3567700229519204	-0.2048823687753521
-0.32137364799104695	-0.33309218865064183
-0.09243090031343115	-0.08160007231936481
-0.38984114496284406	-0.3727244739207828
-0.33296754635404113	-0.3335831769500347
-0.31666072659048083	-0.3686910484215643
-0.2659877837933742	-0.3065283031042064
-0.3531592522502116	-0.348012117589279
-0.09345655399554076	-0.15117641930556486
-0.4618701578733635	-0.44371393845853646
-0.40122607473272964	-0.4047490919087275
-0.23314647670619948	-0.25198246047128137
-0.24622411433309388	-0.28589324573978403
-0.3687655306137856	-0.3598198996917578
-0.31399681621172526	-0.3004789558130093
-0.3914035863953256	-0.413223847708316
-0.27610342219147554	-0.27504605339861704
-0.09785628896353415	-0.12633541529105435
-0.09832257250644716	-0.11208306339067722
-0.3293659989429205	-0.35091088800785264
-0.24405092465602252	-0.2570667279609156
-0.4448366578801277	-0.4491192526931933
-0.3513315399307686	-0.36217712317998324
-0.3291690925457953	-0.32592637067898195
-0.13089417522885682	-0.1570364734310443
-0.3823871133666348	-0.3895018817927193
-0.5285573495763902	-0.5283744261954847
-0.2626674404880518	-0.24838119383744303
-0.11445776251031958	-0.23434033335481091
-0.3612095590173219	-0.22007260284506067
-0.5192206254089768	-0.5259917187874407
-0.5431716846539025	-0.5461382323257672
-0.24036535937402448	-0.23630039075637946
-0.22182179461628238	-0.22349296582014105
-0.4975500443513532	-0.49088016376771837
-0.2585843909664707	-0.17974979454174841
-0.33308352825681276	-0.3365421774921802
-0.5324575937885179	-0.5426982410258869
-0.2532589276780115	-0.2522414874140638
-0.5628221175119243	-0.5530798947516131
-0.08256823187205065	-0.09154404479798434
-0.3261481837991145	-0.2928779110660712
-0.511416859933604	-0.5182604118294083
-0.2363832831163979	-0.2811377238048189
-0.30096321567618567	-0.28130737036020886
-0.3850147528791581	-0.4057635696125009
-0.5535296167000645	-0.546444977225093
-0.43858315652097346	-0.38377988358298665
-0.43683249198810614	-0.4372812080368991
-0.35420743571511615	-0.36555328517548585
-0.2576648293157433	-0.26025413638220823
-0.26733840488365956	-0.2659325227679438
-0.38628426452784836	-0.3756808945991682
-0.34456051895090667	-0.3453746033307623
-0.2618730763402013	-0.3093632200140118
-0.16254910601237782	-0.12610333905293994
-0.2398686126759877	-0.2089559418568847
-0.34491771066113586	-0.3606482067569664
-0.30342258962343926	-0.2946681721904802
-0.15998140414609807	-0.18558495477124415
-0.16895204667730823	-0.21006994838543155
-0.29453132766886725	-0.28544063627367167
-0.42178146099728764	-0.3873018174955939
-0.5457783313314426	-0.5491722657014682
-0.27791898717253716	-0.27264947747713136
-0.36600948338885786	-0.33119417789311184
-0.23235196837694616	-0.24551481557644322
-0.313173957811987	-0.3180383630069538
-0.2931253453188418	-0.26663147181821
-0.08369101377718913	-0.1678033331958704
-0.3584531803335729	-0.32466470421566695
-0.29609815829923036	-0.26969623841206053
-0.294706322973429	-0.307952374870673
-0.22667234474524278	-0.24795611691913172
-0.24053909623762593	-0.25499848231324285
-0.35593243342258063	-0.3612188962137317
-0.18949275495156748	-0.2983377444538881
-0.22400794268811097	-0.20800448063537388
-0.5554010293326819	-0.5378553154980306
-0.4480003510961197	-0.46412299281899977
-0.2455827872659544	-0.2463238808112261
-0.3395164133809292	-0.3065166691570118
-0.04017523271703993	-0.0639439393056784
-0.21505755145099137	-0.21160261997860538
-0.4184860564262287	-0.413921760956316
-0.3330605500723145	-0.3615137352302975
-0.34940669027657556	-0.3523953868135227
-0.4395703308609278	-0.43959028107905934
-0.2176402111680531	-0.20198338232958254
-0.22757666310630142	-0.2466772881758384
-0.5484382652902813	-0.5558273012663285
-0.3415536682421809	-0.2731620707790639
-0.2775896793147634	-0.26061202478988027
-0.4134369782813323	-0.4235911552113289
-0.5393937140902985	-0.5329793909053707
-0.22342304513854572	-0.2046366178153991
-0.287631583633992	-0.34932670615239053
-0.062403101231653935	-0.17823793390787201
-0.25555567671387003	-0.259050729281788
-0.5148042437578226	-0.5138835000663441
-0.2516999645271145	-0.22102444591417977
-0.36473018421491865	-0.3047608578791973
-0.44123645639742115	-0.44985377585083586
-0.2737329554844212	-0.27449019050848117
-0.327699247581247	-0.32074830990664166
-0.3854088145668406	-0.3898544866493036
-0.5485812846169651	-0.5394796878036714
-0.3124541112083552	-0.3361688624280727
-0.48095628449134864	-0.48040327969932556
-0.4394819138949764	-0.42732251561615187
-0.2420286319065461	-0.25609766504192205
-0.2593317802189148	-0.26119829026044405
-0.5348919099332932	-0.5322907395584323
-0.2739882443008419	-0.31280623258691864
-0.32796073265073034	-0.3107992696914264
-0.21459286123116605	-0.21876493810778141
-0.5241496706423057	-0.5183766862224358
-0.3824896691290576	-0.3917093117255215
-0.40574229032920783	-0.38943055738179255
-0.306644847153585	-0.36569350508483245
-0.2098172222713366	-0.3223678643342697
-0.27092512073225095	-0.2714432491861901
-0.4103866965646876	-0.3947312204881374
-0.05507723478129378	-0.07344401226125385
-0.2650344455022662	-0.2163762578209401
-0.4279164795009791	-0.41212537667409205
-0.4230789499112113	-0.45340692820382017
-0.385340560626771	-0.39094103200894226
-0.3190320837768539	-0.33165652329320994
-0.412160695865321	-0.4291182427313375
-0.4273562574248331	-0.40983641656494757
-0.4985568936738538	-0.4838463850622647
-0.3207640504858986	-0.32908248223615105
-0.5540225698251682	-0.5492395673304384
-0.21628427442450437	-0.1970725087447711
-0.2426130158139479	-0.22592546629134014
-0.4537231680513365	-0.4726463973208632
-0.27636070488084385	-0.27079966709533027
-0.4331853379301265	-0.39047144804454803
-0.12078956613926906	-0.12781580206858256
-0.31892163453118627	-0.3343747688243374
-0.2836619619521059	-0.2570571802491404
-0.30856434769598806	-0.3202174940385072
