-0.15854345612486487	-0.17128852088449056
-0.31690694314166823	-0.31496534497485434
-0.33131222254761994	-0.2951087444228523
-0.5062641264485803	-0.5055091698857809
-0.22803545226958022	-0.26380215341541996
-0.19576031921140036	-0.17974232541203597
-0.4980337005461184	-0.5150796867470979
-0.6364354294088006	-0.6589630479227814
-0.31866044030659424	-0.3056990239985637
-0.20162986811563144	-0.20995099559956762
-0.23983382268739906	-0.23003558648639266
-0.30509671827053353	-0.3026377658765655
-0.32787724099271465	-0.33906172658461015
-0.4235264380628223	-0.40980125135262635
-0.3532031680690171	-0.3559288297718651
-0.1421114205204299	-0.13457975633703234
-0.2731770760107235	-0.3003437612256236
-0.09902784697033962	-0.09517030343833177
-0.08224959267715626	-0.1079402787708283
-0.17139943337011587	-0.16595121697723145
0.028462362220213144	0.005669611343401171
-0.1163983619603366	-0.12179504657082783
-0.020884412604242897	-0.033441508258898134
-0.2578098795522621	-0.24580910747880086
-0.09976252358859572	-0.09063518307762838
-0.12656767231451127	-0.11031617645412652
-0.08817450783541858	-0.09203972241207282
-0.5132116548127801	-0.49077482415860135
-0.30455957507798903	-0.29735968068247
-0.06028592093893437	-0.06484663177315414
-0.12373640611839054	-0.1688922395099166
-0.1916923843851368	-0.18497134519760014
-0.49067503682675717	-0.4930474096227042
-0.5441241531922625	-0.5350101934091469
-0.3856429706420208	-0.3520414409251227
-0.49715443622517874	-0.4735528346574714
-0.0017973343219832572	0.0021904524502415804
-0.14178823324844636	-0.152156928450664
0.0848132144544298	0.08903666926579878
-0.414763239453082	-0.4229013771418329
-0.2849204949734201	-0.3107142278825327
-0.5151951612280872	-0.5167137028616119
-0.43289255363129087	-0.46533826467517864
-0.5655780322464832	-0.5579293704978531
-0.5192195026303708	-0.488371893360661
-0.19857619768173507	-0.220767022364315
-0.1094408215600069	-0.11668298234247795
-0.1265045412333059	-0.13675282392804675
-0.19488365920616246	-0.20943229195045246
-0.3986301174865954	-0.40027349529383255
-0.11830989575828799	-0.12211514472625447
-0.19613050000839216	-0.19800790647968033
-0.43691636630720154	-0.3981603183750859
0.026090870723281867	0.01653692563258679
-0.2479113465258571	-0.2465730557746469
-0.05157675097534842	-0.04948438282268041
-0.48319632060305473	-0.44824627736178246
-0.23447403783764287	-0.22330286143590852
-0.561439435614151	-0.5519467334566953
-0.18749587524602163	-0.2149386091670108
-0.29702701338996995	-0.3066196382640073
-0.14995453760284327	-0.1606999702724731
-0.26604878716826263	-0.3004073609806286
-0.1552817527338064	-0.17025242995774992
-0.04841735676487513	-0.03713265593625558
-0.48847139749697277	-0.5058479854891973
-0.28766507036685685	-0.28733140690720327
-0.3212312186092099	-0.2985560330744968
-0.20062712805264216	-0.17352857550969633
-0.15913952172250756	-0.193413943924585
-0.20763764941618668	-0.18342749228676897
-0.1547995019578563	-0.16234302175404658
-0.4274443507788739	-0.4408320022893944
-0.17498502662894388	-0.1772118755985063
-0.07416547141765584	-0.0924442041483059
-0.21684126622118605	-0.23008755349909085
-0.2511941230494985	-0.23987107362679924
-0.33519833422173395	-0.31711258959069044
-0.5682580214892594	-0.5950047498879956
-0.3920776508050352	-0.3660873209507751
-0.49737995302725224	-0.4813992391100311
-0.36626754297932784	-0.3628322244912253
-0.4371224305574266	-0.43023791749415313
-0.12177256111422263	-0.13128992115717797
-0.12888485792983317	-0.14740236069926735
-0.03593955109902147	-0.06972944181626077
-0.05528868558043598	-0.051713353980507415
-0.2840906743309395	-0.30303496737819174
-0.15327788486601435	-0.1574608717044971
0.021689239894985946	0.0003117839079114016
-0.49017032028061003	-0.48677517265075865
-0.35143165698814016	-0.3522266083114034
-0.2876269165570875	-0.27194136177613976
-0.2950956198715282	-0.31914370243431367
-0.4096366083224421	-0.45086731025640525
-0.02585225316137496	-0.019323531904505035
-0.22699547828528033	-0.21933745335659122
-0.1357346111938753	-0.1514777166918031
-0.03195343391097616	-0.0399248009942347
-0.3650917685257564	-0.3661014672160953
-0.10538694832973583	-0.09855229644720118
-0.2733301944227211	-0.2577865044676508
-0.3307955176893831	-0.33098634073329436
-0.23242296783477734	-0.2588328320893201
-0.5176045486906746	-0.4836798114012366
-0.2508778273883454	-0.25933678855431
-0.3291131666178648	-0.2888828802186819
-0.3869797276461284	-0.386572484357545
-0.4676163472701491	-0.4309686522757802
-0.2513667374880999	-0.28305794020027564
-0.1852368018666697	-0.14397071268572942
-0.33038871510840107	-0.32984051608689074
-0.17276640967446966	-0.16629033513862843
-0.3643107520760269	-0.37635217902961277
-0.20720638172935857	-0.1993328960371712
-0.21663418186520378	-0.17925423337361082
-0.29461696993456954	-0.28512251869018074
-0.3056614468813059	-0.306565395921305
-0.06622813787200599	-0.07315966567947715
-0.26719760709555906	-0.27877652806775416
-0.08114227073543923	-0.08020904710063878
-0.22829690781496836	-0.2891144459430284
-0.19171695881999362	-0.1812382267119213
-0.2158660739844347	-0.22055837360964786
-0.39455808625833555	-0.4021885324329189
-0.07761502772094708	-0.07080059815486896
-0.2974990420305579	-0.31368351823842494
-0.45921769853093597	-0.4802397646288979
-0.11952853326450885	-0.11487738721217883
-0.03251620092873164	-0.024903988384379273
-0.27309411871044276	-0.25538965581546413
0.031403687689337545	0.0763659626396377
-0.4536607142210842	-0.4898979073766391
-0.6191209545171361	-0.6133535626670567
-0.1720306949558985	-0.181863073156676
-0.29446526220624847	-0.3794371439197745
-0.38433881438406825	-0.34941946086741493
-0.1654458442361415	-0.17871727049384997
-0.24443911235864846	-0.2723006309951418
-0.32492819853930044	-0.32989509801208244
-0.18356227722915808	-0.157644888611299
-0.5138911868868687	-0.5186495714298209
-0.2537060273714671	-0.2302263809121958
-0.5492022988027454	-0.5396297199462248
-0.1269124020912944	-0.14311073941011074
-0.21486274396912286	-0.22646267231366785
-0.24053194469721006	-0.2538302147501078
-0.01671518643124692	-0.01011207070089047
-0.38035328065160634	-0.3805996270631433
-0.4529208155579756	-0.44671480246856293
-0.14438724334288366	-0.15057215042615862
-0.2210344297729403	-0.29367766561646624
-0.4778263821020383	-0.49179636368309154
-0.33312331118684035	-0.3497404821026249
-0.004669672396683033	-0.021842507085413534
-0.14984904725518788	-0.1397507893457439
-0.13853783860448132	-0.13264764567172682
-0.16146850552226422	-0.1609504426522322
-0.2797780054770538	-0.2679465444769839
-0.05326061485743239	-0.046219623210487545
-0.282202484812319	-0.30287835338958174
-0.158176630291047	-0.15360439308778198
0.031414022426145216	0.039754538004628776
-0.2728606609460167	-0.29078029161661056
-0.3188848692163555	-0.2870042145779351
-0.32451729040599453	-0.34684622566050716
-0.41172746718042585	-0.4175664966367917
-0.26398179605356553	-0.23653598995722713
-0.38918358846500745	-0.40389220189472796
-0.08866705527144703	-0.10071782300000724
-0.4428278161553001	-0.453639992276619
-0.3258098504336626	-0.3232351710427669
-0.6041764602781345	-0.6142524715892865
-0.18679370494547776	-0.19026968662704474
-0.39992918407706934	-0.4498272368561618
-0.3787242620704028	-0.3610676634460835
-0.14090249064474136	-0.14580786380139996
-0.27632032029380404	-0.263574131914592
-0.5234574814578759	-0.5309627066123557
-0.48830016674767585	-0.4753682242219268
-0.1136797399859013	-0.10378356789320846
-0.323227100211116	-0.3224026408824085
0.00546096234474458	0.004737502679333212
-0.29004646189560646	-0.2860756196918678
-0.1804770624623373	-0.17370768859977528
-0.11983107927926806	-0.11383528778759311
-0.21432739833474912	-0.24173235621661812
-0.19983392185238902	-0.19661488757990347
-0.06270856705452221	-0.06852141468303431
-0.1444568182062742	-0.15921885158670546
-0.35058488976392965	-0.3290827496324217
-0.04856777092107123	-0.052615735758764534
-0.18749288558436383	-0.18110001852633206
-0.30060153663054123	-0.30963438562824336
-0.16120619804411973	-0.16128106310746534
-0.05019599961469012	-0.04533595966114852
-0.1818739633279316	-0.16851917031414998
-0.4654795595104728	-0.47553941734567245
-0.34155116276139275	-0.3632933216206419
-0.04990070613882125	-0.03794133556992264
-0.21448439887061088	-0.2329143180678069
-0.36505540525151137	-0.36232395815786383
-0.19070201211881255	-0.20519437341604788
-0.2654167320757166	-0.27477311636960905
-0.44153385469547146	-0.4543991220833046
-0.25449472734561684	-0.3265508051413275
-0.3981023807539348	-0.3911990798057582
-0.23239365400184475	-0.2308457978811902
-0.4367489614087896	-0.4420874524119818
-0.33167277068585577	-0.31171680137607993
-0.15941739111099196	-0.14963089014856948
0.03688049266877247	0.014944330519040218
-0.2731963496875611	-0.27317634364531507
-0.2929863932729866	-0.2943151988567967
-0.2814484902328136	-0.28513347033535663
-0.27937447486578293	-0.32753924999126244
-0.27735051905180086	-0.252346581357983
-0.4697013688956204	-0.46081593239134605
-0.4606360736875992	-0.46349270709914764
-0.09596153976510724	-0.1019276417664959
-0.35253842258177315	-0.34619583486978495
-0.43413836609364154	-0.4443570190827746
-0.3963590104553072	-0.394659129908597
-0.34396498913011	-0.31405804750039557
-0.04270551110997722	-0.04444096057961951
-0.4925540424708359	-0.4815433321408132
-0.3274133076172543	-0.33527312697507333
-0.45596030249384967	-0.4685506588780481
-0.6212131335209907	-0.6209126397997901
-0.07824178950089955	-0.0794682052260232
-0.24233859954906567	-0.26157628515003845
-0.08124583375881578	-0.08378639684685912
-0.05194129012298809	-0.03307075210742409
-0.1791138536677046	-0.18047439402231813
-0.08574801631415419	-0.10118621624493045
-0.45028195305811636	-0.44727795332419895
-0.47024302709093213	-0.48524310688538136
-0.1754216641840447	-0.17810669002714666
-0.4716896514938753	-0.46954316149896885
0.03591230703162118	0.02242858265192761
-0.17753340947348484	-0.1768336409774005
-0.5517180078097974	-0.5635266091007062
-0.3418003536094556	-0.2996123691021974
-0.45259859792955837	-0.4620511017438601
-0.014796774652355182	-0.002842146513762715
-0.0348470144672568	-0.029252725432836
-0.25063475653496337	-0.2211408516494512
-0.4837169088955946	-0.4669062066535625
-0.4940024525850948	-0.5147361868910437
-0.31157363678331684	-0.30767509921315633
-0.4690928033288575	-0.43796862150229027
0.027463879980921035	0.015701129073279044
-0.17364618470857351	-0.15325744697391208
-0.16543156183293917	-0.18670950228326355
-0.2958772499569733	-0.2761614667146813
0.01891743459029449	0.010140408855262257
-0.2836849620501809	-0.294542152892895
-0.2536384505105538	-0.2691340645223307
-0.4845932137744766	-0.5008699583146556
-0.14130292008366752	-0.15386980358018063
-0.08245067300941855	-0.0734222610801702
-0.10101874424032253	-0.09451785036687271
-0.017872972288576428	-0.006771832289537648
-0.4595414608393513	-0.4372507407435174
-0.47161778510783314	-0.44867929126573614
-0.14883675964429433	-0.2100530360390898
-0.2037362719196203	-0.1555647185306476
-0.6061146205403176	-0.6074688313542721
-0.2085402194387589	-0.2218447572253521
-0.09369933976844891	-0.08474439441305001
-0.06690046735614086	-0.06959573995379195
-0.4573815157949621	-0.4515202735077737
-0.2533955839523774	-0.2745142000260941
-0.11491196906598233	-0.14336520889431864
-0.3211650267818733	-0.31946596298074964
-0.2870170310602713	-0.28287901666430737
-0.14814277975315804	-0.14356337467510324
-0.4422341712944533	-0.46956812330282205
-0.10110752992470129	-0.1091335094771396
-0.30417811059704025	-0.3119785009750192
-0.3085563421469306	-0.30149447867675494
-0.27514706470675065	-0.25870862678216033
-0.27165299485352534	-0.2725232673579289
-0.169605881116194	-0.15336117549995376
-0.44578693116606516	-0.4443991690797963
-0.19473009968791732	-0.1965018025314917
-0.26310026933567787	-0.26672700477596056
-0.17097297675220346	-0.20711895072803585
-0.20934132193802224	-0.2540951343229097
-0.3290361312349974	-0.3261440487204329
-0.26491762392420704	-0.2643806625312432
-0.4509119755837805	-0.4732326866940724
-0.18106990134513534	-0.17505785159729273
-0.3391556260061588	-0.34071090233739815
-0.201612315556428	-0.19271274018866372
-0.2232726994113614	-0.1876597163066962
-0.04170942843474634	-0.05531746190955317
-0.33281723122942886	-0.3240660066908708
-0.6061522961955887	-0.5957754257619592
-0.5678753979052642	-0.57009429049729
-0.04443863355551869	-0.03383121681849097
-0.5725450713906346	-0.5562343887916179
-0.2968259612666291	-0.2910965934057259
0.023128478582048473	0.031599012795721824
-0.3434122416134233	-0.30286367043023144
-0.14904542235635088	-0.15243260051465968
-0.3801532730539847	-0.37422874912720966
-0.0723906470438056	-0.06366093026414653
-0.3294967711795902	-0.32374995909294974
-0.2205497773074203	-0.19143680201389188
-0.2675836700351404	-0.2807445894090342
-0.3014598193518765	-0.294156015120041
-0.3692146134211196	-0.34757397948427493
-0.5010239594585766	-0.47760312352267836
-0.30186015272007705	-0.30817194598473435
-0.5163531441886775	-0.5020458026070357
-0.24939209275972019	-0.24307962054507173
-0.125065121830362	-0.11814111971815637
-0.12069012499420317	-0.13211172141332458
-0.6117679380305159	-0.6084469828499823
-0.29593587237041774	-0.2874020541494328
-0.058145615710362364	-0.06616294840060476
-0.495079706008287	-0.4674587640400812
-0.032939947179632334	-0.06753202987676458
-0.31939315257997336	-0.3422810417234716
-0.3104015523171526	-0.24416716755475204
-0.05318097201528538	-0.06218568581937606
-0.5019080210123565	-0.4934093915231904
-0.13139554104283757	-0.12506600336825535
-0.5329780785097418	-0.5314558439096896
-0.3663199877096801	-0.3487957255222945
-0.36015385312835235	-0.3663999481378178
-0.4696420484141832	-0.4893755825180678
-0.1720344702772545	-0.18664236934925027
-0.21386591273784816	-0.17079874038376244
-0.24995907675110374	-0.2710032707695398
-0.14438487430156943	-0.12830637319764684
-0.40362224284429704	-0.40153791171710834
-0.033469185025850834	-0.038326217403479024
-0.2712066261126349	-0.31349222403035065
-0.32124737317746543	-0.32437686831850476
-0.24347264221111864	-0.18460217948756572
-0.38813206114035026	-0.3272185761484211
-0.14916253643449728	-0.14173401938779803
-0.16452881905667915	-0.1640911085440821
-0.1952230504076775	-0.19934937975408035
-0.09089709348933539	-0.08481832405636351
-0.6307960011863702	-0.6115915409527484
-0.13151599010742743	-0.11127982793484854
-0.11052858570843682	-0.10221824411425663
-0.33528460039065067	-0.34658040805759166
-0.19720339167266232	-0.19302580170447348
-0.11368420931318468	-0.11698708636657004
-0.20490633636102373	-0.19349764894005403
-0.3024102427322397	-0.28855757998541215
-0.33788431283258635	-0.3305971348550123
-0.09242465991621884	-0.09210657460547403
0.03666106133403346	-0.029546398521244525
-0.28781328615679147	-0.3009166608589101
-0.02534953597235301	-0.024971739728498272
0.0841647087020636	0.056150165246961085
-0.525414422444479	-0.5338097609792622
-0.4296905723846711	-0.41769178282920544
-0.11684009021837571	-0.06915023186234008
-0.05568645847322884	-0.05536887641593534
-0.3368550530602592	-0.29596396291481425
-0.5475290549762768	-0.5624910515168802
-0.17190973248087982	-0.13420002853797167
-0.34693151213308226	-0.3173316829267479
-0.19760054906997304	-0.18438130978566902
-0.47135517553609674	-0.46502105274558947
-0.29425208039261364	-0.2981916921620175
-0.2633879330488007	-0.25331848429619835
-0.1745253100594244	-0.1809766408118106
-0.24706271161576865	-0.2933546383162463
-0.6090219980751943	-0.6047048233337248
-0.17741770107949328	-0.17089190336700635
-0.2685836421626391	-0.2617312600809225
-0.29613073415806923	-0.31762515432274135
-0.29059364159516754	-0.2720977099223577
-0.4637301194255343	-0.4744687753426348
-0.04765911983623017	-0.05816129726217981
-0.20430464367223067	-0.20980882805101495
-0.6258874130500391	-0.6198099941253142
-0.09629336968933	-0.08870471672854548
-0.44131463007654936	-0.45545408994590963
-0.3663372497083133	-0.3545564597328674
-0.20274812622638194	-0.2184612849989702
-0.5443923904762187	-0.540071235571762
-0.5125853236603675	-0.5057426130850734
-0.06173643494326697	-0.06494590554601316
-0.5206022740659879	-0.519977099736847
-0.1772315090006753	-0.18272134197271397
-0.45923353650981547	-0.4741533271400365
-0.1824103080312547	-0.18220171555480005
-0.4162598622091025	-0.43049107694057204
-0.306696360597571	-0.3163570882564347
-0.2936781164470599	-0.2800891143903618
-0.11853699374758264	-0.11937619735006075
-0.4359437687790688	-0.45185922513405524
-0.18359937917939284	-0.1745868631971396
-0.3195496427231239	-0.3248507484425686
-0.14692675057396976	-0.14375581768092432
-0.2329899422224475	-0.2475967769427342
-0.12857361559010094	-0.11288883318275938
-0.45223463410231624	-0.4701234857116471
-0.04678570460633402	-0.04859834762602112
-0.2776975041496108	-0.30724817893011785
-0.4747077318582331	-0.4812274269470204
-0.17720932959933844	-0.19726402847798027
-0.6306154291982056	-0.5731960727284847
-0.2599332042220768	-0.24864472434746174
-0.6148285617867346	-0.5947388461120634
-0.19259159160868577	-0.2058925258346412
-0.3029966717454968	-0.28434671653858623
-0.3940959394461032	-0.37876492833637904
-0.11379565712274609	-0.10047557424938555
-0.24433517858074616	-0.25159493298222824
-0.37831420001840677	-0.3979801694540802
-0.2901816482263735	-0.2804521661037622
-0.17529544380328588	-0.16535508780853544
-0.35239753535105756	-0.3556241617063689
-0.61799486297447	-0.5999326638380358
-0.2318769935213627	-0.24557176074146642
-0.48123261186785093	-0.46933568650579993
-0.3387276301207951	-0.2986629095554663
-0.3978640456702607	-0.40689171545254954
-0.06440137332636198	-0.05343404141637876
-0.12851618762699957	-0.13351249865581402
-0.45162008465918557	-0.4626237016244325
-0.4660973264115622	-0.469555461207029
-0.42949862228948543	-0.3856269322769928
-0.5559406243482368	-0.5423648879717703
-0.361485787988407	-0.376591882875724
-0.17778948231123692	-0.13296207867584672
-0.4749088691820287	-0.48914578747322757
-0.08576871196548108	-0.078469288351532
-0.28156807116007876	-0.30767354966390775
-0.20382363284091198	-0.20006047818140238
-0.14718513559797053	-0.15594513880980868
-0.43849330913023365	-0.43776487170691136
-0.07256556174502826	-0.06980859284726755
-0.45933228067611154	-0.4893991578225332
-0.2150626355257872	-0.23573760645508748
-0.32424366908013447	-0.3109245502127386
-0.17297266323313032	-0.17395387384947375
-0.34477169152200915	-0.3357810800528874
0.0755643692887551	0.10646191162984092
-0.45706827859173416	-0.4694788990265362
-0.14745356238809926	-0.16918147393025573
-0.11039973055112196	-0.11776015491137591
-0.28393345660837	-0.29912709744059574
-0.15429828443287086	-0.16153338780798493
-0.07320066557908156	-0.08272927301199436
-0.12485339617725444	-0.13412670190049075
-0.2823529104225795	-0.27637126039899057
-0.321945807773683	-0.32600208858511975
-0.1104338955329407	-0.11107953531986986
-0.3358287886456228	-0.36705602439801116
-0.326625303686523	-0.30329814227843394
-0.3391950093717888	-0.30977985729998514
-0.12318653209106234	-0.14710403769285463
-0.4135632740960311	-0.4240788453935077
-0.13896870109788395	-0.13244091522939302
-0.16255035429061415	-0.16019947008158072
-0.09047055198835352	-0.0902731101527851
-0.2638736681710725	-0.2898964548606047
-0.1763906267196962	-0.19915509896543693
-0.3362850454769504	-0.3338733121187232
-0.4453489719408097	-0.4352106274539616
-0.1070199930266984	-0.0988155605477424
-0.22283883467526167	-0.1982261291891812
-0.3550730345411841	-0.28435884883823653
-0.22322576007388584	-0.20305466195511587
-0.10160227826879975	-0.10143982418845286
-0.3215630127594409	-0.3120388740097853
-0.16218977278302837	-0.14450702852675107
-0.15809145540808256	-0.14595404116034802
-0.24216583034085115	-0.29339052974558094
-0.07620908400417292	-0.07139056248575318
-0.08997699111004565	-0.10273192673773193
-0.15452150579904078	-0.16020327901851744
-0.07943674576734061	-0.08675755728097792
-0.15890365572382414	-0.1484450195156273
0.03574939080264716	0.043036237088588225
-0.12147279676458211	-0.12133205896253971
-0.0857687681051793	-0.07875372348403381
-0.26564334268278067	-0.2779651464682181
-0.21815225121280513	-0.20924351489890258
-0.47741610085028796	-0.4625820638663615
-0.2741573176590766	-0.27233056718606796
-0.13365045138115228	-0.13552022083739915
-0.15910716542986858	-0.14667514482385016
-0.26934461635090834	-0.2692739609676809
-0.13769909526386392	-0.16044144996451035
-0.12179736991874357	-0.1365904528506036
-0.19694006810394793	-0.19574281902110602
-0.17943708590737995	-0.191828631602854
-0.17147093610213737	-0.17170769985167753
-0.24788971982145114	-0.25343528310226476
-0.2956894540565811	-0.2836943230843619
-0.18043393048662892	-0.21677327614900443
-0.31860048018804044	-0.3135279501289343
-0.051597382625233834	-0.060686321009503594
-0.2683606849493003	-0.2627809214903106
-0.19088239513432015	-0.1970850978022319
-0.4288011248272099	-0.4322562296986753
-0.16221777461524134	-0.16937937546844917
-0.3194395770479037	-0.30990808774360806
-0.2652716058243252	-0.3061815014863894
-0.13870470779053878	-0.1154379745925626
-0.48272741005039954	-0.49082268160611026
-0.22891533109058138	-0.22410910580908605
-0.042655381968781825	-0.01729367253748649
-0.17077348668922632	-0.16150122291731278
-0.05158086418991381	-0.05600942998485047
0.0011974374981127411	0.008411274939647653
-0.4876095552500228	-0.4528225281272859
-0.6232342701321194	-0.610187080868313
-0.12536981391155688	-0.10855085779136962
-0.42440983357526996	-0.4467667977294515
-0.42776039445793046	-0.38147560289732
-0.17304459836241737	-0.17433183642872047
-0.3526872060999722	-0.3455255642402199
-0.23786754605403004	-0.249393567627538
-0.2290680522794215	-0.23086498441506395
-0.5030334613623886	-0.5008372711739846
-0.29337857454139815	-0.2854566383399684
-0.08341391395165765	-0.08458597728079557
-0.19628240347113923	-0.19182432630054752
-0.4283829761067093	-0.4249784175312647
-0.15249962163880149	-0.17915186936775768
-0.09556599308962177	-0.08831281707272738
0.04083763271828822	0.03787748454553983
-0.08997654944959788	-0.08614759391159564
-0.41678225303311756	-0.4276554698385371
0.054643102735848714	0.054161581691048864
-0.1915949639536958	-0.2052974524347052
-0.2523072069809764	-0.24636038490474788
-0.4404407923810867	-0.46461384998129
-0.26645856915681954	-0.2733902624942986
-0.41406805971878846	-0.4164813797682702
0.09285416476831543	0.08778417625736494
-0.07647218837118874	-0.06291768220064298
-0.29896982100646063	-0.30579226203954757
0.0028463585392550783	0.008121046413306238
-0.1805789662563475	-0.1751215742347926
0.06017586580586709	0.047614442044841464
-0.27033661621607763	-0.24643016978783241
-0.3404261597450695	-0.319246714331575
-0.20519328693687733	-0.24610709938588796
-0.4721075173422111	-0.43380922879046224
-0.09061049881223049	-0.09770735549307734
-0.09435626988674617	-0.10371226295761118
-0.12187274797516068	-0.11889740328394176
-0.10148185551234334	-0.12245335161964574
-0.1784909789673872	-0.1642057102251552
-0.3307651213224583	-0.3198494418843651
-0.17669523324540037	-0.18335813827385986
-0.4052546737261862	-0.3504929292211442
-0.036660677460518265	-0.040236363174149865
-0.26902570785300917	-0.2734080549726653
-0.08073718120498441	-0.10304130503989856
-0.45118072522081043	-0.4499136246237853
-0.41872186958022617	-0.4239147388110303
-0.44516635022069284	-0.4473305949559823
-0.03818573146294302	-0.03727637735630796
0.07722045878163097	0.0658984866574622
-0.09362707191718656	-0.08324239173915676
-0.03357236375271633	-0.040142413799765374
-0.2179732092436586	-0.23033965995806002
-0.3056226449129875	-0.29047335542667724
-0.31073001502601816	-0.3026377530079866
-0.3506173207174861	-0.2978553184345131
-0.19013928706830008	-0.22169512489626103
-0.23617591840287488	-0.23858502396157089
-0.4135165386062116	-0.41621614324133577
-0.4282104651570915	-0.4105052530892464
-0.19354949236154795	-0.19238691102485667
-0.08835547656724074	-0.07223577481612399
-0.18057943258986597	-0.18612985343407853
-0.38890974138827783	-0.3929604752691174
-0.46499778886702714	-0.48046887000651745
-0.05869228947282057	-0.04140906784776537
-0.18852108028713843	-0.1932373470734609
-0.5371516469731255	-0.5309430397548778
-0.20664422013786954	-0.1711837630859056
-0.06115900055857715	-0.058848132856701506
-0.4326217160020569	-0.4470823197720991
0.039719989240262876	0.05496314883748303
-0.14167757447548723	-0.13542124258515156
-0.5387897939303272	-0.5056721187481911
-0.1818844216987232	-0.18353773001780346
-0.2235398825901136	-0.19453084111672164
-0.22404172072571793	-0.2383830627813943
-0.15749701058852672	-0.13775839400777026
-0.1622709540349625	-0.1855304306282132
-0.26976740542758115	-0.2688507682944868
-0.46117466364768234	-0.4360772198387497
-0.262306101710287	-0.2660858664401703
-0.04507220345629381	-0.04688953263722985
-0.009141931668448677	-0.007623137481406548
0.00023361436540092484	-0.0033957112172331868
-0.563213667007405	-0.5610534086208193
-0.0682157570445705	-0.07627828781852007
-0.22870024366851638	-0.24809560300919176
-0.4679989078092177	-0.46506918503292066
-0.3229756846584628	-0.32410090637344074
-0.5005199159915605	-0.49785348208242647
-0.3759963003048359	-0.3571406835413842
-0.20585931167753468	-0.2180750906621287
-0.32676855822610484	-0.3284768870857668
-0.10268928412265943	-0.09225433258145987
-0.41210002449103555	-0.3887294436445768
-0.5202464763350569	-0.540396996459885
-0.11147744399541892	-0.1605668391161892
-0.2659517307726045	-0.3067608777848735
-0.20846327076369775	-0.19871287621560432
-0.17723457459951053	-0.17023509907243256
-0.2970950189140815	-0.2932557749601213
-0.23176505228126132	-0.22110278923283772
-0.036406774313235246	-0.032529410557716264
-0.14310843580067178	-0.12380819473568011
-0.09451952133096775	-0.10065457403785488
-0.4943454102977274	-0.5215839494907846
-0.18619074241483258	-0.1921435664015144
-0.019768240088642308	-0.02341598110612842
-0.17577050338491595	-0.1751957325257258
-0.2702612018529571	-0.2494523480996651
-0.4711687203417796	-0.3971749644973107
-0.4386911253066632	-0.4255126820858149
-0.47483868651758865	-0.47786718917394
-0.42489998972134124	-0.4210354509569584
-0.08464306672565058	-0.07691325604664849
-0.0180138378232364	-0.02121578526449925
-0.020625841429503744	-0.03427152153816797
-0.31180317686647996	-0.32416637712040486
-0.1822782190422636	-0.1526754520315283
-0.2942746472121778	-0.29101088827443194
0.005200695480344741	0.012231695298926383
-0.32483998769741174	-0.3224072752235104
-0.16166733111135034	-0.16337848555851664
-0.30541189038381233	-0.29713100169473045
-0.3775903088397943	-0.35305450748636535
-0.3152396269709179	-0.3031084796130204
-0.25389386349144516	-0.26728034866974587
-0.17569525790534968	-0.14457959797315273
-0.08794108974500503	-0.08765279526018367
-0.0666597416408532	-0.05778661831990868
-0.05543831603520122	-0.058146023147170905
-0.31648805683622516	-0.3162531289786757
-0.08297821945023998	-0.12103175392375912
-0.11521017076676277	-0.10594269887843004
-0.0067218544793865576	-0.045269131241388
-0.3249657085129023	-0.3152245458350845
-0.2897215578257839	-0.30044224289613586
-0.1845594286732224	-0.18628910652978078
-0.3641332203476999	-0.35678123782210414
-0.24455142113217043	-0.27683838955180234
-0.4148040820018135	-0.4230686134912257
-0.042480521334102406	-0.05095022253213134
-0.3270868968803704	-0.31737977769739906
-0.2751098427589813	-0.26454160554412803
-0.15083636252284727	-0.19493059869491672
-0.18814733690705587	-0.17383342969126195
0.03472341839154147	0.0496159406469915
-0.3012339582667023	-0.28959711995830834
-0.17278723728979983	-0.14977096363298437
-0.1786705293181523	-0.1865429425121964
-0.3059931556153659	-0.30751279318829944
-0.3143736084343658	-0.3059404520927096
-0.03117642393978315	-0.022871485130377484
-0.1805208728379828	-0.17822529722460415
-0.5128355155999813	-0.4965655438688055
-0.5633905586311254	-0.5708473312940764
-0.6076734773735915	-0.6025603437749754
-0.43927547380903675	-0.44917694883626624
-0.07691412791216301	-0.05263381256384497
-0.08394637994642107	-0.08169517480460461
-0.042447225030095126	-0.05141679861774696
-0.5130691937220959	-0.5227261240447737
-0.2726672373507677	-0.28635298101408396
-0.08192716546511214	-0.10024891709564229
-0.15995671327134708	-0.15724116511227967
-0.12819565589995108	-0.1133307033513725
-0.2934633749455582	-0.3050990825158815
-0.2348750037993037	-0.24781698560485452
-0.33819613780209323	-0.33866535193032554
-0.29051385880482616	-0.27446815121785234
-0.37908272582232794	-0.4029697055032001
-0.4678550909086656	-0.418641402659393
-0.5409753507078134	-0.5494943393937394
-0.33107802116922525	-0.3284661894548233
-0.1063598249768436	-0.1119383302232839
-0.27538444843903953	-0.27840434545520965
-0.25422392234620617	-0.26530423485643667
-0.22941508718311443	-0.21683750949104294
-0.014170154449178796	-0.015374486383799894
-0.29087586573069046	-0.27169317998828657
-0.3297757022762653	-0.3093997303025297
-0.5093420715715169	-0.4871586327442738
-0.30143190679272713	-0.30364507362235127
-0.31763073704484235	-0.32382560598092486
-0.13249216666625863	-0.13153133608685125
-0.16205832372109708	-0.154843293508701
-0.03671807625968526	-0.034466609590331515
-0.17383562759629356	-0.18390101011294843
-0.28238219034384393	-0.2876290447111457
-0.5281235862990323	-0.5030608875466798
-0.31015239213479084	-0.29448213467475304
-0.48347001409070334	-0.4717997309953458
-0.07391087919609429	-0.06430820941160113
-0.4945537589937343	-0.5123105398616712
-0.3032140047845733	-0.3006986267937691
-0.0956279879755666	-0.093580298106601
-0.38222545108646155	-0.3823826365599898
-0.12343657456429291	-0.10834033405786994
-0.28781367872928065	-0.2825227878944238
-0.10746401943864115	-0.0972627150328494
-0.2729893605011835	-0.25415976805576784
-0.5075607040869938	-0.512721579962775
-0.2572054651720812	-0.274518055031086
-0.38446858381846294	-0.4052268730610271
-0.1781868436872145	-0.17302532103297533
-0.0016816042147151933	-0.00948254187986956
-0.17176074603279723	-0.16189529907825562
-0.16194436742772833	-0.17584024865309225
-0.23693751494734983	-0.2584220387075619
-0.4061450341931847	-0.3679375028710475
-0.3201860207211862	-0.31615894669675554
-0.5448030646084288	-0.5363993878642928
-0.10021062271011338	-0.06816674887402714
-0.42628270829403636	-0.42975084869590935
-0.37699107333628756	-0.38282858813611836
-0.28542779642853766	-0.27791328558719885
-0.34910737292680505	-0.32643926451590255
-0.13142170131189435	-0.13114861405410633
-0.6316440525677187	-0.6245062946263471
-0.1836397337983282	-0.17390818033796296
-0.23918757495034892	-0.24832827487081424
-0.09145750139196629	-0.03363285978364223
-0.38639650234440026	-0.3605538397663965
-0.17871279010374064	-0.16425942003976043
-0.5067485256545519	-0.4893480737030107
-0.11800063872373556	-0.10440675931238542
-0.18993509970996847	-0.22996010151737326
-0.5302068125622084	-0.4866830995010195
-0.2547417830611698	-0.27414877835781765
-0.5090891442430241	-0.5054519403731614
-0.18421872096104686	-0.1823162235715582
-0.2623198066496366	-0.2684716821560821
-0.17782168264619713	-0.1672992770920239
-0.33405875649370387	-0.3378458663678578
-0.28599329235399473	-0.29261952834570265
-0.23664288515506549	-0.19499440659433123
-0.17865207343716882	-0.18290250110618003
-0.5024900155410927	-0.48443182316045114
-0.13952175751547813	-0.1417653767870473
-0.19765304666994687	-0.34169068627671484
-0.4024492942969218	-0.43000377826417396
-0.1285218254204974	-0.1277309141224551
-0.42310098498589976	-0.4199524687003466
-0.25175611998679415	-0.26404688917404756
-0.3193044425612115	-0.32667972193747064
-0.41642348956956443	-0.42434781568553187
-0.2294735425656631	-0.24057181866274951
-0.33737685636913994	-0.3458364400240395
-0.43964286224445104	-0.4474100407714512
-0.025223926240975914	-0.0124785904217726
-0.10936564698510054	-0.1322423213458533
-0.046469095018437656	-0.04847192257712365
-0.09593727105787941	-0.09580424770511783
-0.2657351853362879	-0.27732460389130587
-0.07663718096106642	-0.09261190660240196
0.015869195205747033	0.019752303605556635
-0.07762817571496328	-0.06696973099806444
-0.026109259678211316	-0.03910810055487703
-0.32859498738741877	-0.3250338475274416
-0.1269518268640395	-0.16752094002495282
-0.2015678160915808	-0.2055399471098869
-0.3783870856619753	-0.36081963792928295
-0.6186313110310913	-0.6192166500147925
-0.20923154066183436	-0.1799821258491208
-0.10342057542102179	-0.11978383717607945
-0.4539651131078326	-0.4228872441352175
-0.02673200225896455	-0.011635007368615292
-0.43723985888960204	-0.4402457816260221
-0.01908340929131569	-0.017614531022767586
-0.17828783707139628	-0.18635400782275943
-0.28038035846301135	-0.29058269263538894
-0.13545574592049547	-0.14451882415217673
-0.1947117529256399	-0.19075325398284484
-0.2187948159062989	-0.20608087225734723
-0.3746771917809877	-0.35678736027705776
-0.05026633571672079	-0.05022247457537403
-0.2312369164255852	-0.21521293790388196
-0.36812643451283833	-0.37679773636997643
-0.25608839319522847	-0.25041289854595256
-0.03928903515366766	-0.03407766390497722
0.05041789846081102	0.05233852307915659
-0.5176100521105029	-0.5133952468698072
-0.11820852194149367	-0.14159198381847915
0.14695424260710155	0.8910429906314331
-0.040791797974657484	-0.045513782920370865
-0.27634102774394975	-0.3357359871959494
-0.2720073429082923	-0.27801375173233517
-0.1009988622208482	-0.1166383031588692
-0.3443638758303642	-0.32925793078610066
-0.2657553145837568	-0.2870067881010718
-0.5055118882884502	-0.5008799236492454
-0.33158160864615205	-0.33761016426299795
-0.39913568020344936	-0.39362937216365324
-0.29368516500303876	-0.3256820718828455
-0.3188822592829421	-0.3637522840450302
-0.12818680361133694	-0.14526314393624112
-0.43915185324461703	-0.4204601639803045
-0.47359297753810914	-0.4789542176712212
-0.4070207136379498	-0.33287656111109515
-0.29598212359722886	-0.285501515842061
-0.466817492215295	-0.4797438137287674
-0.5493206399177613	-0.635277251168845
-0.43618819179215684	-0.4131188189386557
-0.1800507519342478	-0.1830211510467069
-0.26644883095929295	-0.2860633964554808
-0.34120846412138484	-0.3334304831869991
-0.3125288962056949	-0.30231818082897033
-0.5064450828395035	-0.46726112240684176
-0.18133152956090903	-0.19252661364373255
-0.08942484938416406	-0.07819727876598519
-0.29981998816417477	-0.3115728935057762
-0.30785835157439223	-0.44728533715475144
-0.4290596734142458	-0.4092860869982196
-0.26624586098764347	-0.27315550918080567
-0.4342557353059151	-0.436740517737215
-0.28618940915237534	-0.3902183924268901
-0.5569569700652233	-0.5454924536015415
-0.07571752591763747	-0.07460833678094603
-0.39090160556729714	-0.3815552196477194
-0.24434745691721282	-0.2513837140936705
-0.2548494613161374	-0.26460245583007364
-0.04506921302859723	-0.051812889975367975
-0.22213678709085194	-0.22138233984055758
-0.2984427982252642	-0.3277626355234041
-0.17219949389754063	-0.17535157492961048
-0.12886015431165276	-0.1349094677164571
-0.20684143375819541	-0.19148362062024682
-0.07116763298709472	-0.08557983864470418
0.005212454607628203	-0.07288814344582893
-0.3330054667382729	-0.30199300047221656
-0.33992943662974007	-0.40624875054860926
-0.3464579668947483	-0.3572752868271618
-0.11409753825713942	-0.11838613560788629
0.13681362323591983	0.10407936708602997
-0.49498714375044717	-0.4702450223579455
-0.3600109911143621	-0.36549482460195787
-0.2695933841623255	-0.2854657833627469
-0.3445822757968582	-0.3540513096028508
0.13882844082445267	0.137532533149072
-0.1115597783827571	-0.11117288850821828
-0.5418935406170569	-0.5426077871030153
-0.3461802008959314	-0.3558882054833322
-0.2467740500049942	-0.26569619127699495
-0.40120150420460643	-0.38994757183615397
-0.33573172543784224	-0.3062462155886808
-0.18630992377587585	-0.19170736107561498
-0.1430431985121512	-0.19145099612869418
-0.3536082648575718	-0.2614289455788442
-0.4262633585902389	-0.4137807147695527
-0.3485392376786862	-0.4014293258607028
-0.2447705983980928	-0.2392271905144617
-0.17194935775482456	-0.14673875295119262
-0.46900203245620276	-0.44484715479197945
-0.5253499393251273	-0.4903689644856922
-0.2235203181777088	-0.2058349135129257
-0.0025805761274408923	0.015525073726217512
-0.12992735485983786	-0.11963315336935823
-0.27303741855635355	-0.28533676350357834
-0.12756448647961705	-0.13179991540341876
-0.4617210044707267	-0.46846404242047424
-0.0942964859872717	-0.09125537266153433
-0.5243533343762081	-0.5068595921778971
-0.12135359636685905	-0.10608014544330048
-0.008396048514446974	-0.014624580035892662
-0.4528779289933613	-0.42944632176868486
-0.1895619412542775	-0.1955827161540272
-0.10424637849075946	-0.09607719320414711
-0.14162686879234254	-0.1419841710036772
-0.5184169332281758	-0.5088512748016281
-0.26536353944170443	-0.24426369728977632
-0.3792425641148416	-0.3785899170889967
-0.4356361177244601	-0.4192034004674774
-0.0813061330467395	-0.08676371259162723
-0.17686885348243653	-0.16253368714390926
-0.45931029941169754	-0.4588033721495508
-0.4185191271082438	-0.452734868107974
-0.41547425325741916	-0.4279605651875696
-0.1783142055016178	-0.1827696186936024
0.024356986926823865	0.021102525292555203
-0.20294714118584878	-0.20321534284287932
-0.3114644387746033	-0.24035855194989383
-0.16914650986875923	-0.16162556347143595
-0.41245612609868587	-0.4245481006081479
-0.09634187005669226	-0.11486005973213323
-0.03234708379148188	-0.0309828807878612
-0.06949125781624232	-0.07217889363314228
-0.1936549106044243	-0.20919315930020382
-0.49458294879847653	-0.4923941867777756
-0.0657271541060016	-0.07625256178645383
-0.46884799835271274	-0.4587096228545108
-0.48205816519717537	-0.4774582767700714
-0.44435628685161	-0.45822526499671434
-0.3276099211745276	-0.3182955695288902
-0.03743002793274375	-0.03755264135563585
-0.3430873051426859	-0.33891974981761275
-0.057888963540957405	-0.0325835700486509
-0.5997074334697299	-0.6313220551151979
-0.4755846285818528	-0.47905935231100605
-0.3522867964680563	-0.4190853165140316
-0.1790576240346784	-0.15824116293192242
-0.35750172939814284	-0.3242885997798404
-0.11866410897173374	-0.1072737682276013
-0.47917646465127994	-0.4853364764872482
-0.28155874543027437	-0.31145384973885787
-0.043573250963003574	-0.0362586538531632
-0.0900455925766046	-0.09688547701433495
-0.2704571475614159	-0.27724368649387093
-0.42469423188607536	-0.43190855893163854
0.06372142054290819	0.07702356146414657
-0.34655723265976945	-0.3077426023995127
-0.4939230568601243	-0.46563625436747563
-0.43578801305404546	-0.4582614743924963
-0.2347138697939073	-0.15336524493358783
-0.16747893109659806	-0.19863875920982504
-0.24350233315043113	-0.26207592204921426
-0.16502592640675573	-0.1405410680078837
-0.18440702710937185	-0.15815687025737696
0.016862254029652135	0.01015364032583139
-0.45351360752993664	-0.4661280463734274
-0.3336914978899461	-0.31194942341816756
-0.3638300155851315	-0.3602876870818085
-0.42020827348478296	-0.4092258436137434
-0.4654662783979653	-0.4589487212733096
0.04821667388339712	0.03652916895441918
-0.0030629099948171756	0.00828185817887159
-0.5034309562097903	-0.4702403567168657
-0.15570775106613688	-0.14826854906832215
-0.33963470665673157	-0.3795826282941545
-0.20172469298068485	-0.20474091320713342
-0.26942843596569066	-0.238779390934822
-0.1791279315888028	-0.18781885942789459
-0.22651022537472443	-0.23257519360286627
-0.2514981058356245	-0.2991048408696053
-0.5139808815080222	-0.5050072170043215
-0.40316395275049466	-0.4144567992685105
-0.2334100409208011	-0.27791720274212495
-0.41891109392743253	-0.4207477882674806
-0.29065320474358103	-0.30306102054528766
-0.28699746284153616	-0.3167022591795746
-0.26602571642155937	-0.2513770541088068
-0.4070359661487153	-0.3998769593049517
0.061459094120497326	0.044630458223744326
-0.06438090694626197	-0.0776039585464165
-0.3790464966899716	-0.35373511036372857
-0.008020000217173084	-0.003596709227866646
-0.10445146094020519	-0.09725467673644081
-0.5255673206270082	-0.5408544361386114
-0.49308051186297597	-0.48489195414261993
-0.0008530024678563564	-0.001285626479243126
-0.09605334788101239	-0.08967449557047026
-0.27783391311663763	-0.31912593648661414
-0.168203691321966	-0.1578237994572573
-0.3495410500322915	-0.3097646848091457
-0.4880748053290134	-0.4991965522602963
-0.278991511174814	-0.2798693428527306
-0.4999642215724709	-0.45026142428596655
-0.4938454098148295	-0.5006465243758932
-0.2465199095401509	-0.25583428012611864
-0.4313965947897307	-0.4360055689171824
-0.5027921226033758	-0.48705838716961053
-0.022725182833839952	-0.028249993610333153
-0.5872782371029066	-0.596375915303519
-0.17684729803923904	-0.17943073200123233
-0.1858136729629365	-0.18622790420049745
-0.2226348200400725	-0.22929349624767498
-0.12900661380580303	-0.11918566923152837
-0.32817195448273573	-0.34978205628173376
-0.4713834347760475	-0.46712366937387395
-0.47710154056009557	-0.4952663749274414
-0.6266122387759641	-0.6403200276698637
-0.3071575561827746	-0.28147010078593987
-0.18106169218448276	-0.12941936551973787
-0.28016039336820864	-0.27187205561816347
-0.16295408330791972	-0.16825970178424796
-0.4598642454975055	-0.45024099500684356
-0.289749676604961	-0.30448139306562205
0.067942862828553	0.05450018119177677
-0.1892821154718778	-0.19331146124023715
0.024901766666347136	0.03400586332058206
-0.2929015312797638	-0.2779564216182246
-0.15659788165229216	-0.16455475766554722
-0.3699570698005754	-0.369425036859297
-0.2082805618471948	-0.223717348950832
-0.4619868478131721	-0.47438739856871975
-0.25286837203956036	-0.30569100738664656
-0.013826297469938353	-0.017978430771436193
0.23544696274342503	0.3077996839635884
-0.3112935014085778	-0.30880282645739154
-0.21420317251121368	-0.20723909183120695
-0.10656186532484568	-0.10314784393980904
-0.3692007370590815	-0.38178931072188915
-0.2140779684793621	-0.22874093260494907
-0.141410373951671	-0.13458552819966993
-0.47811410220231654	-0.4630060350948675
-0.12228464428870733	-0.12994971895375235
-0.11306904665918083	-0.09723273010056534
-0.13799294149270658	-0.15087419946732913
-0.6099673342494825	-0.5992107486263035
-0.31901473601149277	-0.29912792801813887
-0.624925177964899	-0.6144539110614129
-0.04719783249884202	-0.050226960680113
-0.6279120179470343	-0.6203880724424626
-0.28018489065934205	-0.28058780446252435
-0.31855595703758155	-0.30965172108764055
-0.17306706146472273	-0.1700075834388598
-0.1830427571931601	-0.1937243695347035
-0.31315903304746406	-0.3040186963290428
-0.09441827924752744	-0.0932981050944652
-0.02253393829355499	-0.04998822363481584
-0.18637836074663738	-0.19562655391996045
-0.09192777867590252	-0.08499069413863786
-0.027676321400411652	-0.021388335659534803
-0.5125407227888346	-0.49869720016731717
-0.047533010029289	-0.039080505900567455
-0.141520883854529	-0.14828296880497144
-0.3896695939813135	-0.3970044391862851
-0.12047554991984377	-0.13211094673694748
-0.3441890686925575	-0.32831161388120256
-0.16633272758404694	-0.17292200482387657
-0.505454878899875	-0.4986146207659057
-0.29880000009025487	-0.2734107533070239
-0.19686766170792502	-0.1809479826776055
-0.23095485349248257	-0.21746872708449666
-0.1305523768193062	-0.16646373075908488
-0.08401915095830148	-0.08000722484856754
-0.4243292526986622	-0.45950046360038665
-0.3177306364747965	-0.31064554402005934
-0.27071473211015906	-0.297379136452137
-0.22938650185885479	-0.21626961437519657
-0.14425332604168872	-0.12961394347326316
-0.3818047856611413	-0.3603902137805422
-0.07644149552347024	-0.07137468340639155
-0.49506365256779095	-0.5324317279024859
-0.33581033704360674	-0.34360039882301385
-0.14675048865384355	-0.14160835402255906
-0.1369500704033051	-0.13990877825820164
0.03672602831065497	0.02668902996878924
-0.03510560847714039	-0.028045916947077584
-0.4053568285986726	-0.40071804195065513
-0.14453607343251385	-0.1571949616612613
-0.3406545350685306	-0.34259115836353854
-0.06007594674152461	-0.05416371378954224
-0.46995572678500963	-0.47587276831015624
-0.30042077077938867	-0.3043824465783477
-0.26804527430728964	-0.2704287370186441
-0.12419437286064738	-0.12843333655058
-0.043322869701651	-0.04379339379265352
-0.5596305523432328	-0.5645782772117276
-0.5062683353858812	-0.4864554061362053
-0.2670286136328137	-0.28068051783761266
-0.27760539688862806	-0.2757175652376227
-0.4808037327721948	-0.45597273583432446
-0.3247509294455675	-0.3182033335043445
-0.20415909175631697	-0.18953182089178075
-0.14060377064845397	-1.0172456627575701
-0.18132240101571995	-0.17292183907241712
-0.08535244543672693	-0.09534641652388656
-0.323708846668632	-0.3243723279224535
-0.12637662441689557	-0.12131084142136377
-0.004674451746959463	-0.019815936848601428
-0.12699454900132956	-0.1290771342599265
-0.3489746234165638	-0.34108437809737296
-0.24803023555488934	-0.23063174722857585
-0.3287500793022389	-0.32432382755596606
-0.5068477157759972	-0.5213789020413193
-0.33552083276396516	-0.3314558891332646
-0.19357512277814148	-0.17921270041118081
-0.43204114353047274	-0.4526666584587771
-0.15480934884398678	-0.16813574462943245
-0.15167405892867603	-0.1637370152554899
-0.3136829836003088	-0.3152783304440755
-0.49972810968494574	-0.5022274324796507
-0.40747859827013855	-0.38935047113549637
-0.052318362566166066	-0.10292162636282609
-0.17159522253628445	-0.15685965970723628
-0.3317581862294787	-0.3209558786253431
-0.11271347539826326	-0.11312407334331562
-0.09886595640906748	-0.09832128813168707
-0.4371885945886831	-0.4120880238628517
-0.10009302964674838	-0.07123231119440424
-0.5085697448943192	-0.5293031376369465
-0.27725370579682185	-0.278445254244399
-0.09699420159819461	-0.10324580853766382
-0.18214963147659713	-0.1841404193628437
-0.2999834791568077	-0.3018040693215445
-0.4954155617064391	-0.4651810315807705
-0.14973950908111355	-0.15221927700440355
-0.4689233492474765	-0.4729855059963646
-0.20295850485174505	-0.18232052129527754
-0.21036379367023805	-0.19870077618921242
-0.49500189421699403	-0.5009955248689898
-0.36846093332572494	-0.35845018304059434
-0.4799985835258891	-0.4766901658411394
-0.11091138405936185	-0.088777848769163
-0.35598612916916483	-0.3902017225437123
-0.08806291946168265	-0.07783618719835543
-0.12400609450377864	-0.13732425593450331
-0.1630405755121025	-0.1661339210775989
-0.12596233129335666	-0.13929580383940915
-0.2318612020834987	-0.251711384997051
-0.21303867145176092	-0.20181895484539117
-0.36769183804852634	-0.3493505406792369
-0.5230388036099871	-0.5189599449692162
-0.5190499234654711	-0.5378907269034408
-0.25837841733247835	-0.26510014060895276
-0.35561841631572033	-0.3361973463346446
-0.31345004095411966	-0.2988936815112812
-0.03340284237440816	-0.03553816105956219
-0.3874355169426327	-0.39447376587561495
-0.14242735392195272	-0.13226781660340461
-0.37921791346985856	-0.40366485434157284
-0.18662773268477295	-0.1726610961916355
-0.2701531845132319	-0.2539077715610732
-0.6228019642147764	-0.6230777304978286
-0.3154505909275125	-0.3109534588765907
-0.5634877316092313	-0.5479558871265012
-0.20859528192587007	-0.22233469209772833
-0.2876492490951854	-0.284220980110399
-0.2700841926457045	-0.27226482061251145
-0.2662459558639334	-0.25010619548494983
-0.5411725610950171	-0.5194930095200394
-0.3954277232929275	-0.37152173736237076
-0.5124275006685508	-0.5123570099877012
-0.002546541347347997	-0.018114217303408234
-0.5047545571177743	-0.5091264255222835
-0.3458002848166757	-0.3306195075528232
-0.06814969737950882	-0.08741733187829202
-0.37303782929042484	-0.413530820200597
-0.4326596132123175	-0.43131631890496236
-0.05356071664532358	-0.055423764150458944
-0.17152114568177623	-0.19076134971916328
-0.22392695031945564	-0.24876602473700077
-0.1788933668592545	-0.17872061560791475
-0.608216382823568	-0.6045067662299753
-0.2801763383317173	-0.2390366405717975
-0.08814365476858654	-0.09996423719987901
-0.024242391418539455	-0.019170906337525617
-0.10165582899295522	-0.08603354718386265
-0.23889477094080647	-0.24702103682858095
-0.516633294339095	-0.5327230292566398
-0.1319792923710823	-0.1443789085717942
-0.2482172859409868	-0.2805388725149875
-0.12029427186953257	-0.13005603951067685
-0.46323462908665825	-0.45111376284307914
-0.33971903630040856	-0.32505812041188126
-0.37827658310327195	-0.3643451916275381
-0.18854011431130324	-0.18333389577343764
-0.3718462290610933	-0.356337479287009
-0.21374839964905057	-0.23507664467874675
-0.4136143142620341	-0.4188420153778025
-0.18599158102886193	-0.19083075573476224
-0.327707460136029	-0.32614907798362797
-0.14903706180041265	-0.13455268071720053
-0.3667906302940338	-0.3717013131694917
-0.588858112081029	-0.5962597355987145
-0.1313335248431038	-0.13209076618531193
-0.39115487530424087	-0.34371151303645214
-0.538050427577411	-0.5156028483606476
-0.18922400042059184	-0.18164004332076575
-0.21308192303224782	-0.22577416289063038
-0.2691255353900237	-0.25416951662838627
-0.18091867252250537	-0.17110710536096524
-0.4413062979834006	-0.43700883130794327
-0.19304149582753727	-0.5154592577966169
-0.10980846097842623	-0.10498205349036069
-0.19210411823573104	-0.15393503118120358
-0.48832539758917726	-0.4740804281721786
0.06556791428735043	0.029574122084578054
0.019700955339320814	0.028215336690360165
-0.3394622647814085	-0.34944030342948923
-0.08042033980349128	-0.10428571401798588
-0.17992811246666562	-0.15734468036568747
-0.2994068678782149	-0.3038500146832917
-0.23274697363310537	-0.23785610330274434
-0.19924252503933904	-0.18987946432046124
-0.1793271779052663	-0.1839276098497281
-0.2492069570743265	-0.26681848664592384
-0.4733318495583978	-0.46275641919644356
-0.108099726973645	-0.060239150783773614
-0.0656284653913719	-0.07436461610607419
-0.1343025231392918	-0.1414669870124347
-0.20490408362783086	-0.19821596662809587
-0.009504250330856223	-0.006186351867912972
-0.3122938650249649	-0.32160795250079693
-0.1818911017389695	-0.18090112846297177
-0.35098765364206574	-0.3446959103334926
-0.40942678105250163	-0.40335368983723247
-0.2690885883316527	-0.2726417556167136
-0.24415684765282375	-0.20387318553023526
-0.15818522286345704	-0.14915249927860771
-0.28821985937802985	-0.25980187121022097
-0.13085679470355593	-0.13606557493171084
-0.4358559442026415	-0.4166986811056009
-0.23753964578734355	-0.2505409114923441
-0.20388191839161962	-0.19823788265673623
-0.1787571424786698	-0.19801125190319224
-0.41461523390594746	-0.4140018920252321
-0.356196195497847	-0.3663064709592886
0.007083469224465233	-0.017566613366136182
-0.10364513775640027	-0.08741281537556346
-0.2956296451051168	-0.29487025295373964
-0.19434216692049233	-0.18315534064310748
-0.0680177152531165	-0.05584962919522115
-0.3235567514570006	-0.33868706411632776
-0.12706120644047036	-0.13107187307118678
-0.12874217543041588	-0.12662189961303516
-0.2886210155081468	-0.28236100827382776
-0.10010986242939524	-0.10118301690120335
-0.3654104167968848	-0.3724064874306423
-0.142184650806235	-0.1278106968092561
-0.324984960066546	-0.31575812694818817
-0.13223401226262332	-0.13054414015789087
-0.09190519140633402	-0.10352518996580604
-0.5082594007682086	-0.5042110723759793
-0.14689802206467206	-0.15657349209762322
-0.3146187584042881	-0.31747617603126904
-0.44751392147405156	-0.40906944657648214
-0.45950634170726445	-0.4646590036303561
-0.19993047989071666	-0.22011183214931415
-0.47669718048364906	-0.4414417189973311
-0.06371231661428656	-0.04956051924538404
-0.05953329079073999	-0.059319371148441866
-0.1262517070765341	-0.10704857940123891
-0.45962225331905415	-0.4519355582042444
-0.07221926174304816	-0.09502199293591794
-0.14489345477704685	-0.14088241063972595
-0.2920776281475721	-0.3016716937495511
-0.1350550267984616	-0.19669411866449032
-0.25633721948813903	-0.2521177792763744
-0.20771125651919675	-0.18690905414821274
-0.14006558519533296	-0.12836531104316962
-0.37498618435884	-0.3587368967672322
-0.054168162811630616	-0.07311547372452737
-0.1280508427126641	-0.1274844685275112
-0.2840496880242789	-0.29500140781205336
-0.1095435920433081	-0.1118243693059672
-0.20280697896345679	-0.19867301103186474
-0.2828343512428493	-0.2845735735135341
-0.18918176462461744	-0.18637918072275647
-0.20014958664406102	-0.23485866329387303
-0.1466912284499058	-0.123716034956083
-0.3219677419037428	-0.3438617394935641
-0.47634771457915726	-0.47228976730324707
-0.3439028205356438	-0.34085869043493133
-0.21424482457839567	-0.20975064629687454
-0.32070382321438196	-0.30487712605260336
-0.08889425548411367	-0.08621656002243354
-0.3004078950509186	-0.27710060976116774
-0.10283549923088842	-0.11246903803329161
-0.5007120415829469	-0.49319425191680627
-0.4480884180336444	-0.43765120697426263
0.07556881285567307	0.07700348138150326
-0.09129227429836284	-0.09508952427447798
-0.4798384374531546	-0.4615919533599023
-0.28478456347998105	-0.29390156498679126
-0.20019208334139993	-0.18316651383698432
-0.33412538682937765	-0.3149404296037629
-0.1786927088455963	-0.18039506042241876
-0.3386594342194993	-0.326158528885648
-0.22110199532474617	-0.22241720694228
-0.4744345119637323	-0.4739392306777986
-0.1633262460001017	-0.17404048308349657
-0.3529864681481758	-0.27910382305605114
-0.31771059651583844	-0.40314582220750167
-0.05664726877191306	-0.06679957199569715
-0.5053295024438418	-0.4972149302794961
-0.36779319026301316	-0.3614581526672765
-0.30203239543321025	-0.3066112647175099
-0.09171512199841025	-0.09226461739407031
-0.3491250905348675	-0.3556091930839428
-0.45272610305259775	-0.455410439886632
-0.18191741625347468	-0.16885043500692076
-0.15162848326868605	-0.12956816605338214
-0.4473337282718255	-0.45805243980223304
-0.0032982263212613105	-0.022559240311119937
-0.17615063056147662	-0.15920048322390917
-0.316362826717711	-0.31407528622982656
0.034577354358702905	0.03219760755715738
-0.2517189649887275	-0.2431289257390479
-0.5145767457977177	-0.5161242866749024
-0.29122035197822616	-0.29190297743271676
-0.40451278634492027	-0.37251325947242225
-0.19948266084914934	-0.18841074303569544
-0.11357293844787719	-0.10679037948628028
-0.337722121433746	-0.34146789071627737
-0.3036723165120403	-0.30544343502531096
-0.4163599203116011	-0.44594809490608095
-0.07884567079777582	-0.06409824333219226
-0.21203423628698737	-0.25670213274492987
-0.36534120578111207	-0.3485153194230807
-0.050788398236756294	-0.04429911440652748
-0.1568107178574838	-0.16800513457894714
-0.43856874363542264	-0.4194835230282803
-0.06741580895471877	-0.0753305384362461
-0.49412654394965116	-0.47097135150706704
-0.3203353154479318	-0.3222128859552433
-0.49393531068687047	-0.4964268792763574
-0.293449940138494	-0.27184416507200404
-0.48501828202307884	-0.48457156346401303
-0.03564142040303153	-0.04459328516320725
-0.3818373055716089	-0.38185004177522397
-0.48411909271012554	-0.44615732054208007
