1.680051643511461523e-01 1.146387339353204188e-03 1.000000000000000000e+00 1.000000000000000000e+06
1.680013143464039738e-01 1.146368006707305324e-03 1.000000000000000000e+00 3.162277660168379080e+05
1.679891409959237969e-01 1.146306878081230270e-03 1.000000000000000000e+00 1.000000000000000000e+05
1.679506623764140671e-01 1.146113003782742818e-03 1.000000000000000000e+00 3.162277660168379225e+04
1.678291446039454349e-01 1.145486842746543370e-03 1.000000000000000000e+00 1.000000000000000000e+04
1.674463537362568533e-01 1.143535821519131362e-03 1.000000000000000000e+00 3.162277660168379498e+03
1.674461433630490548e-01 1.143554797547798388e-03 3.162277660168379394e-03 1.000000000000000000e+06
1.662514708487218829e-01 1.137098574638068264e-03 1.000000000000000000e+00 1.000000000000000000e+03
1.662512953546927685e-01 1.137118436654584348e-03 3.162277660168379394e-03 3.162277660168379080e+05
1.626223275813168112e-01 1.115095189004987200e-03 1.000000000000000000e+00 3.162277660168379043e+02
1.626222211756320202e-01 1.115110694938823603e-03 3.162277660168379394e-03 1.000000000000000000e+05
1.524405585192768475e-01 1.049833756868837151e-03 1.000000000000000000e+00 1.000000000000000000e+02
1.524402876430771547e-01 1.049836677925661309e-03 3.162277660168379394e-03 3.162277660168379225e+04
1.292454988964082951e-01 8.560235370188896704e-04 1.000000000000000000e+00 3.162277660168379256e+01
1.292428853170713432e-01 8.559850310168126784e-04 3.162277660168379394e-03 1.000000000000000000e+04
9.430938851922132660e-02 5.211766673348875844e-04 1.000000000000000000e+00 1.000000000000000000e+01
9.429885059734118002e-02 5.210532770596979380e-04 3.162277660168379394e-03 3.162277660168379498e+03
9.429881727568255323e-02 5.210528887365177943e-04 9.999999999999999124e-06 1.000000000000000000e+06
6.153726001798796863e-02 2.330988228779135648e-04 1.000000000000000000e+00 3.162277660168379523e+00
6.151915510201005910e-02 2.327677130114806842e-04 3.162277660168379394e-03 1.000000000000000000e+03
6.151909798399616408e-02 2.327666413360849880e-04 9.999999999999999124e-06 3.162277660168379080e+05
4.110281668475994354e-02 2.420551715417248344e-04 9.999999999999999124e-06 1.000000000000000000e+05
4.110280824085881662e-02 2.420592909186855524e-04 3.162277660168379394e-03 3.162277660168379043e+02
4.110130076150474154e-02 2.435395662742613151e-04 1.000000000000000000e+00 1.000000000000000000e+00
3.184024627885368580e-02 2.702140608345605455e-04 9.999999999999999124e-06 3.162277660168379225e+04
3.183972170572799826e-02 2.702237782416628360e-04 3.162277660168379394e-03 1.000000000000000000e+02
2.819437404107357631e-02 3.089856037854820715e-04 9.999999999999999124e-06 1.000000000000000000e+04
2.819061439524049931e-02 3.090032736334834078e-04 3.162277660168379394e-03 3.162277660168379256e+01
2.639018349603984917e-02 3.274366132668637378e-04 3.162277660168379191e-08 1.000000000000000000e+06
2.639009815358446184e-02 3.274318010280531221e-04 9.999999999999999124e-06 3.162277660168379498e+03
2.636366628731526274e-02 3.272528145537074063e-04 3.162277660168379394e-03 1.000000000000000000e+01
2.504253429213928323e-02 3.199191263432542699e-04 3.162277660168379191e-08 3.162277660168379080e+05
2.504188848339787901e-02 3.199174895804968773e-04 9.999999999999999124e-06 1.000000000000000000e+03
2.484852140080235153e-02 3.185830683227766852e-04 3.162277660168379394e-03 3.162277660168379523e+00
2.382893406787357088e-02 3.268968904038584687e-04 3.162277660168379191e-08 1.000000000000000000e+05
2.382413761990265916e-02 3.268950842666491123e-04 9.999999999999999124e-06 3.162277660168379043e+02
2.273187492801548651e-02 3.309072498326533392e-04 3.162277660168379394e-03 1.000000000000000000e+00
2.267954422082419513e-02 3.262334507060587834e-04 3.162277660168379191e-08 3.162277660168379225e+04
2.264573004516345217e-02 3.262201950377855136e-04 9.999999999999999124e-06 1.000000000000000000e+02
2.162247189384718452e-02 3.123293610532805052e-04 3.162277660168379191e-08 1.000000000000000000e+04
2.139324100030618250e-02 3.115795434960315791e-04 9.999999999999999124e-06 3.162277660168379256e+01
2.082623837525656579e-02 2.825479114472700514e-04 1.000000000000000036e-10 1.000000000000000000e+06
2.081962147657569553e-02 2.826855404142027215e-04 3.162277660168379191e-08 3.162277660168379498e+03
2.016000050961602036e-02 2.545297812405028742e-04 1.000000000000000036e-10 3.162277660168379080e+05
2.010967731948578099e-02 2.543163944612472855e-04 3.162277660168379191e-08 1.000000000000000000e+03
1.959022818406229785e-02 2.593129065479628779e-04 9.999999999999999124e-06 1.000000000000000000e+01
1.955513510867636778e-02 2.279678259465237479e-04 1.000000000000000036e-10 1.000000000000000000e+05
1.918624157850755407e-02 2.161174647575342877e-04 3.162277660168379191e-08 3.162277660168379043e+02
1.904212710588264537e-02 1.940819543262874559e-04 1.000000000000000036e-10 3.162277660168379225e+04
1.862154237700752030e-02 1.712382580530857792e-04 1.000000000000000036e-10 1.000000000000000000e+04
1.793984471434895839e-02 1.662631601556941981e-04 1.000000000000000036e-10 3.162277660168379498e+03
1.754040884718606128e-02 1.707683891232656889e-04 3.162277660168379191e-08 1.000000000000000000e+02
1.738615309757596261e-02 2.280001625885026782e-04 9.999999999999999124e-06 3.162277660168379523e+00
1.657742729685187863e-02 1.745082245624871801e-04 1.000000000000000036e-10 1.000000000000000000e+03
1.603091496772667338e-02 1.922546996730549462e-04 3.162277660168379191e-08 3.162277660168379256e+01
1.575630789901926246e-02 1.936483917444562235e-04 9.999999999999999124e-06 1.000000000000000000e+00
1.537924446013217913e-02 1.542360943057463228e-04 1.000000000000000036e-10 3.162277660168379043e+02
1.484012454856272444e-02 1.494340646008988688e-04 3.162277660168379191e-08 1.000000000000000000e+01
1.424999136308471859e-02 8.215527111948221339e-05 1.000000000000000036e-10 1.000000000000000000e+02
1.355991124596878442e-02 1.209550438550845722e-04 3.162277660168379191e-08 3.162277660168379523e+00
1.312548506268846824e-02 9.666474040890979608e-05 1.000000000000000036e-10 3.162277660168379256e+01
1.231253874244463489e-02 1.890796808674491283e-04 3.162277660168379191e-08 1.000000000000000000e+00
1.220983393619521837e-02 2.198980932521981736e-04 1.000000000000000036e-10 1.000000000000000000e+00
1.217430390478979260e-02 1.662240348126204509e-04 1.000000000000000036e-10 1.000000000000000000e+01
1.179255818663610747e-02 1.345139057778609504e-04 1.000000000000000036e-10 3.162277660168379523e+00
