1.317567863604969802e-01 2.682330640193721083e-03 1.000000000000000000e+00 1.000000000000000000e+06
1.317566902857610633e-01 2.682329566681470202e-03 1.000000000000000000e+00 3.162277660168379080e+05
1.317563864721393863e-01 2.682326171953021334e-03 1.000000000000000000e+00 1.000000000000000000e+05
1.317554257428046882e-01 2.682315437039398814e-03 1.000000000000000000e+00 3.162277660168379225e+04
1.317523877868278792e-01 2.682281491860267694e-03 1.000000000000000000e+00 1.000000000000000000e+04
1.317429416672802334e-01 2.683078955529996038e-03 3.162277660168379394e-03 1.000000000000000000e+06
1.317427822956282191e-01 2.682174163762169900e-03 1.000000000000000000e+00 3.162277660168379498e+03
1.317125887988602195e-01 2.682739026814969906e-03 3.162277660168379394e-03 3.162277660168379080e+05
1.317124207492755272e-01 2.681834922276318377e-03 1.000000000000000000e+00 1.000000000000000000e+03
1.316167593996022678e-01 2.681687771097440547e-03 3.162277660168379394e-03 1.000000000000000000e+05
1.316165504554726862e-01 2.680761743407598756e-03 1.000000000000000000e+00 3.162277660168379612e+02
1.313153549931866115e-01 2.678393615453660524e-03 3.162277660168379394e-03 3.162277660168379225e+04
1.313150570201960798e-01 2.677511671920086451e-03 1.000000000000000000e+00 1.000000000000000000e+02
1.303768874447802928e-01 2.666900692585427637e-03 3.162277660168379394e-03 1.000000000000000000e+04
1.303763379140593648e-01 2.666045619181982729e-03 1.000000000000000000e+00 3.162277660168379256e+01
1.275561910422847722e-01 2.637517766277162196e-03 1.000000000000000082e-05 1.000000000000000000e+06
1.275561881363584671e-01 2.637514383815312523e-03 3.162277660168379394e-03 3.162277660168379498e+03
1.275552737979727125e-01 2.636447771849366635e-03 1.000000000000000000e+00 1.000000000000000000e+01
1.199248695223759931e-01 2.552987838277523402e-03 1.000000000000000082e-05 3.162277660168379080e+05
1.199248631887686739e-01 2.552984274463012543e-03 3.162277660168379394e-03 1.000000000000000000e+03
1.199228849103814165e-01 2.551819918956577376e-03 1.000000000000000000e+00 3.162277660168379523e+00
1.038090551218532331e-01 2.192478627643588886e-03 1.000000000000000082e-05 1.000000000000000000e+05
1.038090465856143230e-01 2.192475200544409357e-03 3.162277660168379394e-03 3.162277660168379612e+02
1.038063459953734446e-01 2.191390982718405874e-03 1.000000000000000000e+00 1.000000000000000000e+00
8.204592537140989461e-02 1.728579070809299015e-03 3.162277660168379394e-03 1.000000000000000000e+02
8.204592522199696814e-02 1.728577054269539405e-03 1.000000000000000082e-05 3.162277660168379225e+04
6.720901094710832191e-02 1.756018359833548407e-03 1.000000000000000082e-05 1.000000000000000000e+04
6.720892850159074228e-02 1.756029001443836033e-03 3.162277660168379394e-03 3.162277660168379256e+01
6.059458421218133495e-02 1.766575611536983208e-03 3.162277660168379191e-08 1.000000000000000000e+06
6.059457962869128217e-02 1.766577087524011120e-03 1.000000000000000082e-05 3.162277660168379498e+03
6.059374412601906817e-02 1.766620112245700577e-03 3.162277660168379394e-03 1.000000000000000000e+01
5.711295332919187617e-02 1.778160994601998834e-03 3.162277660168379191e-08 3.162277660168379080e+05
5.711292823837239852e-02 1.778161619243914717e-03 1.000000000000000082e-05 1.000000000000000000e+03
5.710485473508678661e-02 1.778569678163251276e-03 3.162277660168379394e-03 3.162277660168379523e+00
5.352659006490937538e-02 1.775251844520599545e-03 3.162277660168379191e-08 1.000000000000000000e+05
5.352635449707666970e-02 1.775262455515272094e-03 1.000000000000000082e-05 3.162277660168379612e+02
5.345363228282375839e-02 1.777600637650099229e-03 3.162277660168379394e-03 1.000000000000000000e+00
4.880549525059261345e-02 1.657510758352378349e-03 3.162277660168379191e-08 3.162277660168379225e+04
4.880376727893983441e-02 1.657527780589126542e-03 1.000000000000000082e-05 1.000000000000000000e+02
4.339199949204848583e-02 1.355079140138090287e-03 3.162277660168379191e-08 1.000000000000000000e+04
4.338393926015050861e-02 1.355471414561705730e-03 1.000000000000000082e-05 3.162277660168379256e+01
3.804140254145354366e-02 1.129806694275900568e-03 3.162277660168379191e-08 3.162277660168379498e+03
3.804069830345314929e-02 1.129813879676686006e-03 1.000000000000000036e-10 1.000000000000000000e+06
3.801812221347820875e-02 1.130538154494423490e-03 1.000000000000000082e-05 1.000000000000000000e+01
3.376442755131847662e-02 1.031764887792315693e-03 1.000000000000000036e-10 3.162277660168379080e+05
3.376404567327727368e-02 1.031749943389143487e-03 3.162277660168379191e-08 1.000000000000000000e+03
3.367602141081000450e-02 1.037578029160684222e-03 1.000000000000000082e-05 3.162277660168379523e+00
3.077346342669064552e-02 1.056707882191841542e-03 1.000000000000000036e-10 1.000000000000000000e+05
3.076952815947660985e-02 1.056703989614940107e-03 3.162277660168379191e-08 3.162277660168379612e+02
3.053302063143869399e-02 1.073619097990100024e-03 1.000000000000000082e-05 1.000000000000000000e+00
2.848132951658026782e-02 1.048500349238808832e-03 1.000000000000000036e-10 3.162277660168379225e+04
2.845588441202009239e-02 1.052300301423536675e-03 3.162277660168379191e-08 1.000000000000000000e+02
2.654693561629355505e-02 1.037429007458408109e-03 1.000000000000000036e-10 1.000000000000000000e+04
2.644272567492817611e-02 1.045135272291220375e-03 3.162277660168379191e-08 3.162277660168379256e+01
2.477383417884519712e-02 9.701224530720768376e-04 1.000000000000000036e-10 3.162277660168379498e+03
2.445079598200392001e-02 9.948464295442610225e-04 3.162277660168379191e-08 1.000000000000000000e+01
2.289267560160449660e-02 9.623254079606624167e-04 1.000000000000000036e-10 1.000000000000000000e+03
2.234688231227636296e-02 1.059501879598519474e-03 3.162277660168379191e-08 3.162277660168379523e+00
2.100905482775297303e-02 1.025754965559262351e-03 1.000000000000000036e-10 3.162277660168379612e+02
2.011289338378420208e-02 1.200277274677869020e-03 3.162277660168379191e-08 1.000000000000000000e+00
1.940042844300667382e-02 1.078750878456276752e-03 1.000000000000000036e-10 1.000000000000000000e+02
1.809516493059998288e-02 1.176942579642333529e-03 1.000000000000000036e-10 3.162277660168379256e+01
1.684466515580699403e-02 1.257189417345500959e-03 1.000000000000000036e-10 1.000000000000000000e+01
1.589352423366258496e-02 1.212651860344617083e-03 1.000000000000000036e-10 3.162277660168379523e+00
1.517295283392336089e-02 1.094535416342270551e-03 1.000000000000000036e-10 1.000000000000000000e+00
