-0.12318653209106234	-0.13160974946067863
-0.32483998769741174	-0.31376602730415926
-0.2926494058322646	-0.3143366295997524
-0.13214814581377965	-0.12264429168575394
-0.12716336357397395	-0.12024089495614873
-0.2829276139963586	-0.2856742890126041
-0.2763248021643179	-0.28126773021632917
-0.5064450828395035	-0.4287048453711835
-0.3594982950902912	-0.33106913917258834
-0.3615185995888721	-0.36829583915987224
-0.14933366714075724	-0.13891674508903465
-0.3584092435882038	-0.32078480229538114
-0.2914148984904035	-0.29120219315433865
-0.25276726293899987	-0.23227422407526177
-0.33553780581015324	-0.33922751132869877
-0.3685039603238458	-0.3702125121328743
-0.3245809140064271	-0.3137819419110736
-0.49672367332802736	-0.4994492330979155
-0.1350550267984616	-0.13162802160454085
-0.2639050025730896	-0.2653691152629305
-0.22707589134112993	-0.25418104718804135
-0.04719783249884202	-0.04064798238402847
-0.2779771420664181	-0.24868243937752774
-0.447219145661391	-0.4424562446400037
-0.04262274653358755	-0.05348689191079912
-0.339765604496006	-0.3331241633163922
-0.17148519167047027	-0.16622810778792735
-0.05779671399325892	-0.04888697775571556
-0.06371231661428656	-0.06534448065493276
-0.5277738341863456	-0.5275232065677986
-0.24725494660495784	-0.24070430782794539
-0.5313135859520965	-0.5272344558521584
-0.22938650185885479	-0.22492604934044436
-0.18402879401157612	-0.17327718959201446
-0.2915757356725255	-0.2924072630287901
-0.16474676969623125	-0.15138120630418045
-0.24146507865807543	-0.2383840734093095
-0.2624039298667036	-0.25683921637927015
-0.31408165646048936	-0.34839693244145914
-0.35947451650062767	-0.34501463630863616
-0.1621852330898026	-0.1693472245102904
-0.06343448702784471	-0.041328515054598176
-0.495079706008287	-0.4952997943724884
-0.08882923595256642	-0.08339863831499147
-0.26996824530822927	-0.27060670062270265
-0.3352524731323214	-0.3399520114541747
0.009053070629000182	0.02496275076951024
-0.3232427940992153	-0.28710093984487256
-0.49941725832111317	-0.46886212532754257
-0.05675858075014517	-0.007027923358447825
-0.16512892695793724	-0.16542532897307777
-0.11493439376646641	-0.10729512480430073
-0.2548519917192671	-0.24805574170536918
-0.21709831925806444	-0.22011381028047308
-0.035137094802855984	-0.0499532644489779
-0.1895619412542775	-0.15605694393744596
-0.06390320195542198	-0.006261820913487681
-0.36447936237629364	-0.3657940405688315
-0.2834681316770933	-0.26105173397785547
-0.26192345490866487	-0.25957205941637695
-0.3825638454928928	-0.3629655699544545
-0.3801532730539847	-0.3443046407480632
-0.2762166358691047	-0.2731953991104244
-0.04628280784499594	-0.07056927259443528
0.008816431648311251	0.012251706690201328
-0.4716896514938753	-0.47550760353729155
-0.10283549923088842	-0.17128356514455842
-0.25063475653496337	-0.22297014706455115
-0.4359437687790688	-0.4329308113417389
-0.3532031680690171	-0.3544603222312396
-0.12400609450377864	-0.11604304392736042
-0.4138971725708753	-0.41856391971710133
-0.4962165807167782	-0.49789361599895376
-0.05424403979792913	-0.05642216858244396
-0.3501700137190831	-0.35227892347691947
-0.12083946110178623	-0.11993235652175775
-0.17614326513517575	-0.16670286901871334
-0.414897775637046	-0.4053902681565017
-0.1882949180020823	-0.19773150202958348
-0.4750319108407446	-0.4938694781193934
-0.09636880262234904	-0.12817133704138312
-0.2590407228848157	-0.2548697827736301
0.027607986420961517	0.02918063359877358
-0.13870470779053878	-0.13214049981030088
-0.017872972288576428	-0.010889009075041162
-0.30060153663054123	-0.31644918518622056
-0.12640952447567066	-0.12872949302131645
-0.0823346385184145	-0.08695655959956998
-0.529938701729324	-0.5278967039260445
-0.3326704973019172	-0.33597779569960234
-0.31811937039548965	-0.34159459927514074
-0.3916806123138068	-0.3766260839392286
-0.16656791517014735	-0.16255260847522576
-0.10837036364619568	-0.08684566950676716
-0.18730294294699856	-0.20024159429389424
-0.3963005523216854	-0.3974147732734767
-0.1931895705729083	-0.1500965312584429
-0.3573451317802192	-0.36309386211553246
-0.10302529125325144	-0.19983036490063857
-0.23875617340200073	-0.2809274581122977
-0.17310358900677514	-0.18287867836890906
-0.055201632872844186	-0.04052850824717197
-0.05318097201528538	-0.05970368022705379
-0.5155703081898251	-0.5167981299027454
-0.13142170131189435	-0.13490058886468356
-0.1389344430842545	-0.15150211435075547
-0.2704812777932357	-0.27936005169845385
-0.42986875392432466	-0.4268323700039854
-0.34190197849700876	-0.3159905229238269
-0.29337857454139815	-0.29303307566834036
-0.36181442523062657	-0.36337072892800115
-0.08814365476858654	-0.09171697749144855
-0.5577076206369727	-0.5719480341191028
-0.09704427439476149	-0.09923675191448987
-0.17371239894148083	-0.17478641709165324
-0.4134038105587585	-0.41711068279577573
-0.08577117121899391	-0.15848985263982834
-0.1466912284499058	-0.1113532486446745
-0.3873182043621757	-0.3782855671726988
-0.4308181485225031	-0.425711217133979
-0.356196195497847	-0.16799495246480456
-0.4848780953932499	-0.48210039125764426
-0.16087844674159335	-0.20229723323211002
-0.11379565712274609	-0.09746489850438295
-0.0857687681051793	-0.07992083064547538
-0.40830815329335124	-0.42253388874005615
-0.15930233673198746	-0.15214254290676063
-0.45101531688823293	-0.45752541399366753
-0.07974298961147763	-0.08311139519590566
-0.21373238483858437	-0.3087605699408607
-0.12865501991639938	-0.14119687528151922
-0.301963762505304	-0.2885628107781169
-0.2453476180673677	-0.24867827223944525
-0.4031972065349425	-0.3846080602235269
-0.1369500704033051	-0.13766738581686286
-0.4737827004213937	-0.45132970607073564
-0.007329768761264788	0.012770243742830858
-0.07528800828577786	-0.08012475369587489
-0.37134920618579415	-0.36211441436772224
-0.40931846057985766	-0.4210604324056785
-0.14310843580067178	-0.1593372575566466
-0.3348392948046284	-0.3283567686181767
-0.24216583034085115	-0.24472475759345622
-0.23669348602818907	-0.22534444527066033
-0.2681552126274944	-0.23461865895573442
-0.5140077144121982	-0.5065930639788878
-0.3940959394461032	-0.37422756371966215
-0.2815730065473421	-0.2965198128399213
-0.18356227722915808	-0.18113683979274584
-0.3555473280826913	-0.3141068019197356
-0.5034309562097903	-0.4956541889056246
-0.3818047856611413	-0.3510783088138643
-0.3713087868205722	-0.3815329058953779
-0.12612963763704776	-0.12165224469084203
-0.3388221425288407	-0.3423567735333645
-0.10148185551234334	-0.09339176643669773
-0.4959178312795327	-0.4884519404788242
-0.028609118551823798	-0.023749321961877727
-0.4274443507788739	-0.42835471314401696
-0.37699107333628756	-0.3776392012877535
-0.2977142209168857	-0.2873058795369527
-0.41576942726518595	-0.4239442245225284
-0.3986301174865954	-0.4087998341171638
-0.28729343555684306	-0.295165073966294
-0.2732723553262222	-0.2648384732753018
-0.3662002958713977	-0.3673434497218184
-0.4939230568601243	-0.4800232955518541
-0.11318006114042234	-0.11088104696093189
-0.2713939046553637	-0.2672956574644754
-0.15030724875615853	-0.15406160603779237
-0.45962225331905415	-0.4681835490612359
-0.19924252503933904	-0.19206644177068913
-0.15415906992534012	-0.15026750926217025
-0.416096555119271	-0.4141188877321649
-0.2872965035927759	-0.31000836302231644
-0.17686885348243653	-0.16236638631286368
-0.1346154448305832	-0.1590614100503967
-0.14311444575275	-0.1393669554555352
-0.2414399082011327	-0.226686623663065
-0.06375352296231895	-0.04690489783024016
-0.47025786223897903	-0.4425916595634347
-0.10093432498130372	-0.10479307096607855
-0.3039296326465397	-0.2993162700533267
-0.3396451280529771	-0.3370391481861332
-0.380462122420651	-0.3815057758189932
-0.4418570742400387	-0.4393254574395459
-0.4326217160020569	-0.3989824574913601
-0.13971183416162525	-0.13684469728887327
-0.18586106368750777	-0.21238209676744568
-0.35274388326993034	-0.34443248042740493
-0.277678270074011	-0.2853864579504188
-0.20646743304600612	-0.20710750872244763
-0.43743049607501483	-0.435433427719243
-0.07337878002026166	-0.07551099807833815
-0.12931128465414954	-0.12939349169541142
-0.07769868447884498	-0.08840369886627361
-0.27308129696401195	-0.26979982834371563
-0.23918757495034892	-0.24578274186891258
-0.08638980685971376	-0.09228540282197718
-0.28217513729558785	-0.22382943543344874
-0.05557563892361195	-0.07701242263682323
-0.0682157570445705	-0.07018533534463557
-0.04687938554999871	-0.05094164432025765
-0.32811198615382153	-0.3469176807285149
-0.4568815207639947	-0.42879264286496954
-0.0916353239164085	-0.09487870364122042
-0.32787724099271465	-0.3368861012453066
-0.14346388674021693	-0.14701557471855814
-0.37775976878399486	-0.35690672767093506
-0.4234587379135073	-0.40118984657542345
-0.040791797974657484	-0.06214957009194953
-0.4467988827014331	-0.4509662376700402
-0.30564489975880527	-0.3056127820733348
-0.42489998972134124	-0.41666999407401945
-0.39642289976376954	-0.4037661497203166
-0.2205497773074203	-0.205462567570365
-0.30997367397466924	-0.2987502506677596
-0.03634980426348555	-0.027521958271390583
-0.33985785825371906	-0.32701826281022506
-0.14081736181092808	-0.13667799652534585
-0.4573815157949621	-0.46044519094429986
-0.23456766511780192	-0.25571247235742756
-0.31901473601149277	-0.30757701832553735
-0.18864782137551117	-0.1835517113633079
-0.5010239594585766	-0.5025295870740802
-0.27101117753519155	-0.273147335656375
-0.31676079438656046	-0.2878765913104744
-0.05956967052166462	-0.05793698345604684
-0.34703978034828253	-0.3341499808546451
-0.14065850605125618	-0.17911331520031176
-0.0937555285559899	-0.09703214886231919
-0.30910766992116123	-0.3494340056273032
-0.24898627612875757	-0.2527822116343009
-0.05416061313542109	-0.04808518614430926
-0.4990166207091713	-0.5026267012446803
-0.27586650968923365	-0.24827386924713732
-0.33993639055902847	-0.22936680834980094
-0.30416183167602195	-0.3283488962602034
-0.23425722315005348	-0.2342205988400016
-0.3350556149262385	-0.3566534022502734
-0.537021496751418	-0.5432161721968303
-0.37388706785885617	-0.3706569053472756
-0.12485339617725444	-0.11875307231231964
-0.4303058110132074	-0.43320744447211734
-0.5179090230719341	-0.5086814288892575
-0.5028667562286309	-0.4881206480560109
-0.48319632060305473	-0.44952390625146443
-0.06328816717536423	-0.06919804285038221
-0.44131463007654936	-0.4492245135589513
-0.22601501168360993	-0.2180373893459048
-0.05326061485743239	-0.07255608237256332
0.07384980194698088	0.08270161057862384
-0.3770965000015245	-0.3984161490990777
-0.28420910575943825	-0.3006747066292108
-0.169445581305542	-0.1956256652611207
-0.6139983735020245	-0.6109660431715992
-0.15818522286345704	-0.13064478241802896
-0.3125288962056949	-0.2980805308509809
-0.34760703038728114	-0.3557960162787543
-0.18534125643597044	-0.18953554563225938
-0.12637662441689557	-0.12136689565777789
-0.06007594674152461	-0.03725538631497554
-0.09629336968933	-0.09258836718014801
-0.2958172053016881	-0.3133786840182591
-0.17751864660213812	-0.21032619361787386
-0.039026262200778206	-0.024447020514162754
-0.17609481274646122	-0.16589653175160862
-0.18923217109531087	-0.1947415086184247
-0.3123830526202642	-0.2959854666993824
-0.3114644387746033	-0.12532701136865124
0.03708063501464931	0.05189582305168521
-0.6101720974406426	-0.6090141604324508
-0.18173775801263936	-0.18568358784238365
-0.34924339089073975	-0.34608366755316794
-0.5310550256064523	-0.5258807351392011
-0.29547683478906883	-0.29377512696104974
0.04854652440249918	0.05511205207856658
-0.34155116276139275	-0.33485805623400855
-0.16463340552572525	-0.1467883546679221
-0.4940024525850948	-0.501228640565921
-0.14270812295359825	-0.14610508668740413
-0.4713834347760475	-0.45872831901494115
-0.13078534576286316	-0.15723830957583637
-0.19937976021906323	-0.21570010746934745
-0.47741610085028796	-0.4599506027062926
-0.3905432458663842	-0.38386279330381656
-0.19206532839824408	-0.16361094140663407
-0.4565764256260856	-0.45109804417390653
-0.2775593346318299	-0.2868707661510157
-0.5450946574077795	-0.5499239974468375
-0.3445822757968582	-0.34306450807722444
-0.2867332109716001	-0.282192521805139
-0.10934429597648965	-0.13490632887404727
-0.12248076880534597	-0.12429228456657022
-0.25577769037743003	-0.21041848354754472
-0.3680811398319772	-0.3765500163200758
-0.18076401543122333	-0.17932401883570157
-0.2166817387137865	-0.17305465024665903
-0.474651387029807	-0.4749338255430759
-0.2887552950644334	-0.2755230272603687
-0.28925488268891186	-0.2739319288917628
-0.13589451606740965	-0.13587698697645087
-0.0364018933368504	-0.05082925374816711
-0.5692769449759592	-0.5459509914491292
-0.007528615023773	0.005619112503382256
0.054643102735848714	0.06604251221428782
-0.11820852194149367	-0.16240568763516586
-0.4421970163601152	-0.43762510759811335
-0.5062794833107613	-0.49845303609902214
-0.20948335322560396	-0.21355381858028555
-0.47011040380630664	-0.476272383483791
-0.08481261729451184	-0.10079386228219753
-0.2453057053705976	-0.24193070481712395
-0.34141931594413144	-0.31990002233799847
-0.46809946239744704	-0.47599420053045843
-0.1988512682011354	-0.19540662273312606
-0.16549875189721241	-0.19327071286304465
0.028806119366057814	0.029288125155675648
-0.04698663933674574	0.014863472434029334
-0.34489171494575643	-0.33816171082652696
-0.2686308277655236	-0.2718933773106558
-0.438425024281468	-0.43168137302552834
-0.6126148997178227	-0.6174563550417891
-0.1747286941869861	-0.17417650105991897
-0.09976252358859572	-0.08566608620891836
-0.2880751055744213	-0.2683593412750911
-0.27632032029380404	-0.29356962644614293
-0.5176045486906746	-0.526644086692479
-0.4787192193789771	-0.4846898752433015
-0.42450805509313483	-0.4191034997465746
-0.332695275181349	-0.3171036696712818
-0.1937819313566269	-0.19894091337049377
-0.6122094041759727	-0.6052203720497111
-0.5168817645756434	-0.5054724494638116
-0.29551558467358774	-0.2543194533317937
-0.3058472374741381	-0.3044607865030816
-0.07613396810447437	-0.08787369899576614
0.027463879980921035	0.01132238318975098
-0.012349352592091023	-0.013889676738941108
-0.11613916425740989	-0.11995206442260734
-0.04222845079558191	-0.04195648102803306
-0.4452746888707395	-0.43768833275362645
-0.3146866093821288	-0.32118839406275274
-0.5112579359627167	-0.5303844141365653
0.01237035774144779	0.014824649884157553
-0.4125825981008413	-0.40589336763144374
-0.33573172543784224	-0.33958339901829687
-0.150825956385237	-0.17309800644770448
-0.13066811136439593	-0.18535166979296222
-0.021508195296609856	-0.034449516486168376
-0.39257315485327915	-0.4190074608067222
-0.14651824727756235	-0.1267971786654961
-0.4617275017789737	-0.45262618513199876
-0.33952862955120366	-0.3413333545735984
-0.15124559400410043	-0.1590639905714741
-0.22142627016876926	-0.1667418030431762
-0.2200326560396224	-0.2039969640202511
-0.04109577829550748	-0.06213979005199221
-0.4707595112555474	-0.46705642616042187
-0.6186836666932063	-0.5878366817852014
-0.10671759918989387	-0.09707472274446695
-0.21797336314983795	-0.20990333543349504
-0.1694847267028825	-0.17604107044874104
-0.455154511514519	-0.4520830219214531
-0.2974700281191103	-0.2966765926055226
-0.629086734833928	-0.6422018324414853
-0.2638736681710725	-0.2676191895827942
-0.5602058341100022	-0.5618114894365431
-0.05583043019444922	0.0381595833637131
-0.12818680361133694	-0.12996340788277444
-0.28894618292292584	-0.23237648793410745
-0.26134319921690885	-0.23505579207953736
-0.2632186018076972	-0.24215865727892721
-0.3739387929398337	-0.3668513992569656
-0.1643808212602007	-0.1636139847174572
-0.2730304797141194	-0.26590338695764143
-0.03323059580704246	-0.024767154453764647
-0.3419244838759763	-0.3367019756470333
-0.48117330738396547	-0.48525198131139896
-0.2748553193561172	-0.27244071654194013
-0.179315262047135	-0.1837928064674279
-0.15910716542986858	-0.1446928725402359
-0.23790836574034468	-0.22522028656662094
-0.13247049999304128	-0.13585168606686435
-0.2190463655404038	-0.24290789139949628
0.05856564276089582	0.05104004297829705
-0.0030110035924364453	-0.001543341059967704
-0.289749676604961	-0.2957222117507183
-0.28766507036685685	-0.2829549261545725
-0.07797444019380784	-0.07112069669134659
-0.4875511802129662	-0.47511330923035777
0.07628435176180837	0.129394548800331
-0.09595398889259954	-0.11041173883861938
-0.4787870336250366	-0.4786207897549102
-0.03195343391097616	-0.033694708595860066
-0.27254755559859234	-0.27376100813481424
-0.18665928857792657	-0.19117537423738581
-0.12154629300098918	-0.13006113198911032
-0.37279119627540513	-0.3737601190459563
-0.453688956008369	-0.45481789783419635
-0.6241905902952478	-0.6203947179340729
-0.20242373658824064	-0.19132660206970126
-0.34655723265976945	-0.3302104040468389
-0.32029677174248317	-0.308219492968391
-0.19116753236023598	-0.20431563012516876
-0.0398704985586571	-0.03673713458675303
-0.31315903304746406	-0.27433488200208134
-0.3357533494151319	-0.3117195682272988
-0.27555188563382416	-0.29375558820428366
0.058569489593431	0.05787650235769499
-0.17440098950378058	-0.16993231690499175
-0.4869232484375736	-0.48968884764641935
-0.5043079727760791	-0.5094256116362063
-0.17219949389754063	-0.14539893220068187
-0.049473639996428176	-0.06284839699160998
-0.5569569700652233	-0.5666286378204654
-0.34468722037139976	-0.33021378037459803
-0.5178397130740784	-0.5110274462331796
-0.2667193041926552	-0.28372522751013163
-0.49824600664215524	-0.49290788141048814
-0.14984904725518788	-0.21018266627854587
-0.07948064230140339	-0.08771310349303277
-0.1782651305319778	-0.18248908774634784
-0.335319859046872	-0.33094273550891384
-0.19367895786727374	-0.1867070702006798
-0.3874355169426327	-0.3930689986741764
-0.1278643573742606	-0.12589195248340695
-0.08560690065151455	-0.08561149377959616
-0.2837083826689861	-0.28320471992333407
-0.5075607040869938	-0.5003010067889104
-0.10424637849075946	-0.10461661104413096
0.04844165291927727	0.062027743709319544
-0.052318362566166066	-0.06672456647657983
-0.32812487253080036	-0.36123873404082446
-0.3699570698005754	-0.34158309331500036
-0.07443396972715632	-0.08437401734380637
-0.17680017892299915	-0.1761624977646281
0.035080441603225765	0.027998814898273865
-0.3130208548827387	-0.3150494105896311
-0.3160711311395481	-0.3316865287927875
-0.16566109608159607	-0.14267028454057556
-0.026577635379474884	-0.046797170752980184
-0.3128032861267904	-0.3291725007647776
-0.0972802022348489	-0.09284867281211953
-0.17939543319307383	-0.1885889207702112
-0.35253842258177315	-0.3529972797745195
-0.044336071647371966	-0.04860405907876419
-0.20763764941618668	-0.22607441657265168
-0.08612235437017457	-0.09313067519089438
-0.28156807116007876	-0.2851232932178419
-0.0824704578692188	-0.06394024048605892
-0.35277912942782397	-0.392931923996152
-0.4909345271146375	-0.5405420668105929
-0.588559310843829	-0.5654938510856016
-0.33923982300012945	-0.3530791830656055
0.07920586767861515	0.05800289169725491
-0.45964926597774713	-0.45643672632679466
-0.19118326714785994	-0.20432151022468129
-0.16277260358012047	-0.1611197375737197
-0.6344656763295511	-0.6175206766035097
0.09535284170558977	0.1027224013450627
-0.26645856915681954	-0.23737532734824257
-0.17577305274915922	-0.19586293651180653
-0.1339290795395165	-0.1276029708661529
-0.18329640273362635	-0.18844547722747154
-0.3193044425612115	-0.31842549629748806
-0.24858405258570304	-0.29115886393522894
-0.1878446410096588	-0.19829987154303588
-0.08124583375881578	-0.11656265734888291
-0.6173608859204442	-0.6223733411061653
-0.3124335672888927	-0.3103682243386207
-0.09507350701765205	-0.09261883528948851
-0.30762601759699937	-0.3218944424076489
-0.4129728280840652	-0.41470143855042185
-0.27303741855635355	-0.2806107309603917
-0.09722563117445304	-0.0891190846689457
-0.16577093827928113	-0.16329316971210908
-0.19055094162706787	-0.19325919891377064
-0.5155736040924559	-0.5136950324909931
-0.2804088225711876	-0.2747330432770255
-0.09356393299043297	-0.0933705775298219
-0.5443923904762187	-0.5498463086459613
0.07936867416625137	0.08337280406541964
-0.16497954793689829	-0.07064111780731591
-0.5443307828426063	-0.5363139465036335
-0.0032982263212613105	0.009447989903001185
-0.1787571424786698	-0.18469303117935332
-0.49067503682675717	-0.4967911148272877
-0.33563292234182285	-0.3381151300701674
-0.4296905723846711	-0.42315838195147265
-0.3378284671295937	-0.33024102427736346
-0.3630213454557829	-0.37993510166493155
-0.26995035337152906	-0.24948110881422977
-0.2668173586665503	-0.2633175750135252
-0.563213667007405	-0.5696175495014237
-0.3818373055716089	-0.38692453271112814
-0.24085699115496872	-0.2343122838577388
-0.09545244170046807	-0.09185311066995822
-0.17140468194508962	-0.17480130820214365
-0.3186711254478176	-0.324045614386553
-0.28879976037602173	-0.2819794105726032
-0.04517354047279731	-0.04958685494123473
-0.4829471636941971	-0.477113309938109
-0.5364870453757646	-0.5193721632045321
-0.02778346431679246	-0.010005068199432776
-0.17921277608350294	-0.17396239846711592
-0.08787988710703853	-0.08609864599421578
-0.5117570962310314	-0.5037566308211379
-0.23117173948334457	-0.2437189007361308
-0.2731770760107235	-0.2768615285260856
-0.3431404113334775	-0.36068595063136444
-0.1855795586227691	-0.19263055046171312
-0.48123261186785093	-0.4864536334517375
-0.16502592640675573	-0.16296859647370335
-0.4388076634846918	-0.4356796558692951
-0.127042999448423	-0.15961848713700896
-0.1790625169812703	-0.18470357289157519
-0.2414409023954276	-0.20923351508330146
-0.3216295987528657	-0.3043142385025057
-0.4799985835258891	-0.4737298001222398
-0.3458133217361796	-0.34888453159213095
-0.36626754297932784	-0.36328324804631423
-0.4689233492474765	-0.46387245577735786
-0.040483991348393644	-0.05977006160500062
-0.07266559972223785	-0.0663555652211176
-0.29503841859841184	-0.28559885250463646
-0.5984547820055353	-0.622186182315496
-0.28867819801646455	-0.28136554437449707
-0.33963470665673157	-0.3393991789277466
-0.17743385126040145	-0.1754488866998714
-0.47251082822049817	-0.4718835235413103
-0.21537198210829267	-0.23402834070883755
-0.4128748091941299	-0.4137929297467723
-0.3453284485973498	-0.3628481982038742
-0.11604024963128623	-0.16290331547314565
0.019700955339320814	0.03651941131326589
-0.1845429712395692	-0.18762460034852826
0.08807775002508134	0.0802284699347327
-0.248472019774578	-0.2504826797387496
-0.13855765345146764	-0.14656548887875914
-0.3122938650249649	-0.3111986760237379
-0.32096417354973017	-0.3168311327226863
-0.3492813086565292	-0.3687266142320629
-0.29394188765363616	-0.29181321076234257
-0.4845932137744766	-0.4865658567085444
-0.4713995621692959	-0.4620797159391689
-0.45259859792955837	-0.45140845412425784
-0.16585595083182536	-0.1457329207194027
-0.2797595694461821	-0.29246994209817945
-0.4970995344349838	-0.4929004571204681
-0.6090219980751943	-0.6057584741363753
-0.09969337192154448	-0.1021714301727807
-0.17186286759320524	-0.17131439161182954
-0.11129132730350744	-0.09977652070619442
-0.37518169742617324	-0.33888466387161664
-0.18637836074663738	-0.15843784526336663
-0.03896318749903216	-0.04098953413341862
-0.04667015000354713	-0.04755529563910926
-0.09755727128312586	-0.07446773204012656
-0.43350551969348494	-0.4038411190452019
-0.06158228237458907	-0.054655929311824385
-0.6147181425827357	-0.6268975053456892
-0.31855595703758155	-0.32051237820710016
-0.5384518223570218	-0.5514997288714839
-0.3274806317819472	-0.3228388438789448
-0.13666418372663092	-0.13667757004606917
-0.1791138536677046	-0.18675564656603794
-0.1198587478516151	-0.12811817750848295
-0.04490962701161649	-0.0735846347942372
-0.19304149582753727	-0.43634310198364884
-0.1278931253179234	-0.13594377442183886
-0.20295939139311692	-0.1808323399042806
-0.3562553549648495	-0.3629401058393964
-0.354098296273504	-0.3601618216401825
-0.16177190522759055	-0.17914700481262022
-0.28715862625361765	-0.29779751269532984
-0.0859000477426326	-0.08818654184105422
-0.30980690872315186	-0.14327765227993747
-0.2791850115902914	-0.1999919665355282
-0.2572054651720812	-0.26523218577623237
-0.17621720396741658	-0.175023075946816
-0.46483602640916644	-0.46968699900847416
-0.43536587687037276	-0.435049646128078
-0.1085844858520364	-0.11490009992615649
-0.2869140385865254	-0.3306400585067814
-0.0502261606510217	-0.05452403282610507
-0.1798206452149813	-0.17058088603707577
-0.5678753979052642	-0.5384254143043262
0.00839201928972777	0.015070469171084604
-0.23242296783477734	-0.2448077990823823
-0.25837841733247835	-0.2515714520223382
-0.25452637342463724	-0.32272097860621296
-0.12069012499420317	-0.16556031433271412
-0.17192322709648167	-0.18788376423949568
-0.3885234237214492	-0.39165836242329033
-0.4492197244429059	-0.4569567252690944
-0.5055118882884502	-0.5044811811075625
-0.19544917445742982	-0.16141777136478436
-0.5170471954431122	-0.5188187141594831
-0.23535680720129193	-0.18709223826682705
-0.06452086577066041	-0.054050547045463554
-0.13127767528009127	-0.1320177437349863
-0.26860844677954177	-0.2841372069979845
0.005212454607628203	0.013014980597551193
-0.24515620758968737	-0.2469731084328582
0.0669559744352286	-0.03435225919550464
-0.3617201414893181	-0.35033931806218005
-0.3030173054235661	-0.2781296745663878
-0.2974990420305579	-0.28883663723411745
-0.0874504837531882	-0.083630911934391
-0.13973873236829526	-0.13538806805239864
-0.3084501913087223	-0.297940273678696
-0.39899851504363504	-0.4112816772542789
-0.2492069570743265	-0.25480959623736643
-0.09886595640906748	-0.10001985221685811
-0.17961650953116326	-0.17922027829614584
-0.05867094069735046	-0.04649365842727095
-0.3378208515442367	-0.3184351856393301
-0.47918449876992053	-0.47177149570778854
-0.049433256375238877	-0.04795668761410151
-0.47608649986824236	-0.47958079113363383
-0.3380283513937563	-0.3397145544130612
-0.3072619706430917	-0.29807475621105656
-0.4139785176568287	-0.41592114477832426
-0.3011519574089796	-0.23589214295498628
-0.14402307962465954	-0.15465448147544628
-0.4050034565861136	-0.413853861904337
-0.34669436030338296	-0.33242883006023444
-0.12861139738826388	-0.14303672955095506
0.06372142054290819	0.045868920515461445
-0.08321308360459945	-0.2214620294472594
-0.38220976876760737	-0.39594584013821177
-0.44435628685161	-0.4452237205333734
-0.3229756846584628	-0.3315759788830646
-0.4340103000832034	-0.4451740604160648
-0.5655780322464832	-0.5531540502658356
-0.37445900745653304	-0.3668845396517929
-0.3149409534610488	-0.28911502174607023
-0.04506632627497531	-0.015039126215943954
-0.1896473471354554	-0.15057712895514452
-0.28514715786772804	-0.2859151597169169
-0.299688686908798	-0.3001980417059321
-0.4861375074751413	-0.48009286379547844
-0.13127910483348337	-0.1378500512256559
-0.5500724401493855	-0.5592098769335078
-0.4097707738291785	-0.42033316805459553
-0.4856499875586602	-0.489531726163672
-0.2700750110548018	-0.23075351623595092
-0.024545265219016343	0.0044804130142390396
-0.3663199877096801	-0.3648233419474523
0.051148227414683944	0.05351142147258708
-0.1808157782570312	-0.17730051120542528
-0.2963597634914832	-0.29832946298933355
-0.2697977340417088	-0.2721283238095297
-0.16925362876872274	-0.22004575656701406
-0.08504065155649876	-0.07943019501522104
-0.3685838493989362	-0.35452856607237043
-0.06741580895471877	-0.07761251141387658
-0.33189139762002107	-0.3113335911518791
-0.058935811486190204	-0.06629106362131838
-0.08852040069493139	-0.0966143505215041
-0.18940589924825701	-0.1970422958153758
-0.2822201919255214	-0.28396034309255563
-0.06185447043594294	-0.05926188511748256
-0.47936348268981543	-0.4685687635611516
-0.2840496880242789	-0.29051799419118574
0.0064785931524848905	0.023558790341854513
-0.0015149904944991022	-0.0025727328494612803
-0.25088602775810465	-0.2815612458626109
-0.3731594618421603	-0.3776264968881946
-0.09360539482354113	-0.08815968982834593
-0.19987516555363172	-0.1973978978293885
-0.1058653603371793	-0.12715012306240606
-0.0981952557266057	-0.08719166509155271
-0.47777233856537027	-0.4596543299525233
-0.4670602971535125	-0.46014754549502523
-0.012218585694864004	-0.01926208319216505
-0.08464306672565058	-0.08799264186340552
-0.5450167022590762	-0.5362660983635111
-0.4847835903918698	-0.47798394348119555
-0.2929015312797638	-0.30236840061352643
-0.15062519528351181	-0.13123937279801043
-0.20701929748554537	-0.17931852024316786
-0.48055202390371043	-0.4808823411869113
-0.31866044030659424	-0.30224324836425775
-0.45670360694080436	-0.45502353697190295
-0.1917389767288764	-0.19958358284995684
-0.26462214140151197	-0.24434116598897954
-0.03188997779381175	-0.050323412747624814
-0.4990780864880877	-0.4938493492408838
-0.03340284237440816	-0.017709233753498303
0.06411877975980662	0.04345852464937201
-0.06799875637280817	-0.07397971348487387
-0.4266891457479307	-0.41635798842847155
-0.1003347440379736	-0.09986998328077153
-0.1884560889223259	-0.2005958765520825
-0.4358559442026415	-0.43132129095908794
-0.15948402509387005	-0.16040429559862687
-0.4867493191809178	-0.48300620816474793
-0.256506370286683	-0.26611390352945713
-0.16166733111135034	-0.1634957771766124
-0.04348755704757856	-0.010743424523090976
-0.06814969737950882	-0.04860412037018537
-0.07365545825090614	-0.06029638038375253
-0.08178869756038942	-0.05288730381002461
-0.40516923423868434	-0.40652343347493974
-0.43964286224445104	-0.4378671657838717
-0.11284086097841772	-0.10802349827773196
-0.009914663215203845	-0.01765798173700833
-0.26566377274372055	-0.4003699638866952
-0.16647933068002985	-0.12642002078639789
-0.26333964517225716	-0.28294871466238775
-0.4413062979834006	-0.44903449057147027
-0.3569090304988993	-0.3304092552180337
-0.10917529687637462	-0.12156918995293443
-0.4163599203116011	-0.4092108528421488
0.0002579046819173314	-0.01879987581647502
-0.5164851522562515	-0.5227454385217997
0.12346602726291156	0.08723631108120827
-0.5512174243762349	-0.5566778407205963
-0.03151784580033912	-0.038682650052396114
-0.08114227073543923	-0.09241631647558358
-0.03604048905074997	-0.055787468624495726
-0.46225230747781687	-0.4642676369184257
-0.33167277068585577	-0.3235663952976949
-0.3931039357257866	-0.41651745044405103
-0.17684729803923904	-0.17573534125013696
-0.33114204512646683	-0.3392214992572294
-0.13374546388195796	-0.11996724094062242
-0.06001553732622966	-0.06438895403290201
0.04231335379406165	-0.029751399867534032
-0.14256715768775408	-0.13920621552779067
-0.3422477473104433	-0.34421871633567613
-0.4865653399337919	-0.4978624583274018
-0.584279670778864	-0.6006976659956741
-0.31206141563760337	-0.3115515057328678
-0.09953503564188004	-0.05958923611966162
-0.08473335127369719	-0.0755488819107233
-0.3013335227193785	-0.2980285009035923
-0.2238729396338961	-0.19216903543836064
-0.19839815143603978	-0.19370829779570947
-0.32857078812791585	-0.3255029976287204
-0.22441782885759132	-0.22940799752327307
-0.5265966864975482	-0.4691592399770171
-0.3250543115551441	-0.2985088705670078
-0.10337469620671413	-0.10073267267116123
-0.2971159368134071	-0.3074362787863812
-0.08997699111004565	-0.12476324590576894
-0.1444568182062742	-0.16733349568542386
-0.17145986440174	-0.13771468909274326
-0.08204151992767628	-0.0785193012608553
-0.3027875083828331	-0.2998861742304361
-0.11465366977474645	-0.11473932127964998
-0.1289623782107716	-0.1328861878314574
-0.28155874543027437	-0.29159865584272293
-0.2870874833513888	-0.2901529878449101
-0.2647308098984542	-0.27128297463245
-0.4451962488770569	-0.45287443958070245
-0.1284754129278074	-0.13315135594051397
-0.16327530134913282	-0.16960534541408134
-0.27646272967787944	-0.27690128929522495
-0.19570885430784024	-0.20758528589545266
-0.4591694953433336	-0.4417172248255083
-0.3218090785917749	-0.31546419670261605
-0.24593594575287892	-0.263252566079063
-0.2987517896077776	-0.3070855650258886
-0.3158783634218425	-0.319372165340834
-0.2536384505105538	-0.24827837050815255
-0.10069492754471199	-0.09998261361935783
-0.20973692835572244	-0.20908968475441783
-0.42987480403039413	-0.4342900622472071
-0.14368166664845816	-0.13948240922577473
-0.015989430347980615	-0.009918373951210641
-0.5050711060078585	-0.5008138416988044
-0.28959638723178216	-0.29091338875103895
-0.61799486297447	-0.6241875412333273
-0.1952230504076775	-0.20211634644691992
-0.486861196964381	-0.45497855010538046
-0.41757712200627495	-0.4028495359368484
-0.36275159539344237	-0.3672635843422504
-0.4592349206708528	-0.45301992161610943
-0.2605340871910382	-0.29265579686206133
-0.11516441318105741	-0.12687559400912715
-0.3977471987733381	-0.40003078622425015
-0.1270044099135763	-0.058437067303952046
-0.19370258539416163	-0.2147648774408815
-0.329319661181362	-0.31554928639974783
0.004917638480842257	0.003896121037795172
-0.18760130536674335	-0.19227200208182707
-0.1720344702772545	-0.1442607613603675
-0.014170154449178796	-0.010544084577607572
-0.09185676652553099	-0.20519763387735326
-0.15622641178653218	-0.15997740304734143
-0.2971781951325969	-0.31287569054029746
-0.6119288270847889	-0.6178436811384909
-0.23520400009916997	-0.22647576317391419
-0.1358036645669971	-0.1300164261465281
-0.4884162470480131	-0.4894055514326193
-0.5682580214892594	-0.5422339345165668
-0.29632625040849625	-0.29914940376419824
-0.07554995205943182	-0.07678827023928292
-0.23103929876029738	-0.24306923384422097
-0.14349240518395057	-0.1404898851462178
-0.08087516345743495	-0.10430294429982577
-0.20557986186802957	-0.20135564518208895
-0.18846778969917555	-0.19945494211021766
-0.34652541559817873	-0.33905483375412876
-0.4053568285986726	-0.40354403980738
-0.012757060700531397	-0.020453665191166148
-0.16098561913971743	-0.16485719595434242
-0.31268120704556956	-0.30173585791694696
-0.11198252502892814	-0.12382667949467209
-0.4658454168466317	-0.4809865784263392
-0.07392125383442316	-0.15795120942782584
-0.3215630127594409	-0.30294336788212256
-0.18462613341534695	-0.1834515437891318
-0.22237966013262955	-0.21066382149837318
-0.6258874130500391	-0.6220298576875726
-0.19375320177357036	-0.19007453782181444
-0.10840224180095959	-0.11051565821878176
-0.036660677460518265	-0.021524926148698987
-0.48472392256966135	-0.4806260746067282
-0.19070201211881255	-0.1996841980434387
-0.23002905058275225	-0.3196255664608437
-0.03996472571215648	-0.06061791861255041
-0.4403931961077623	-0.43743793678277854
-0.14139115509952838	-0.1645885141534775
-0.2257345738174994	-0.1836320820494967
-0.06070174300308562	-0.06863036976813916
-0.09968581215522843	-0.07457483678617108
-0.3400890042074298	-0.3496010220351796
-0.20067905377891826	-0.20481110339279301
-0.08277397585281676	-0.08268098253766926
-0.27252346932668203	-0.2606178620283894
-0.21374839964905057	-0.20709401690480983
-0.13085679470355593	-0.1350262680353915
-0.2753788340636758	-0.24666635707885734
-0.1730959565093393	-0.1747959115961164
-0.43296576681882293	-0.4310888732817164
-0.22519593634678614	-0.21393294324329934
-0.33737685636913994	-0.341919728887835
-0.3578823968252056	-0.319957815829795
-0.3761610806135707	-0.33584950332018576
-0.1907062142998246	-0.18620674848849258
-0.0831633895262236	-0.09863523717616249
-0.28781328615679147	-0.28116316267942676
0.009043978695173038	0.00897115414513164
-0.1762554285815625	-0.1780904492455747
-0.05193409197031862	-0.08023971701205128
-0.38639650234440026	-0.37401494093613047
-0.08857288855101508	-0.09048071656409412
-0.29948754655070253	-0.31149343395976825
-0.3376232982314402	-0.2959416600547816
-0.12706120644047036	-0.13817088312888123
-0.4456780145999346	-0.4468450452572307
-0.45580395111619776	-0.4416939352123136
-0.5661735992918704	-0.5774994554094632
-0.11845393921980563	-0.18372711617944462
-0.29289016237544185	-0.22420707492794498
-0.15941739111099196	-0.15619516295394234
-0.16284707046309066	-0.1715338560161931
-0.14453607343251385	-0.14257803928444537
-0.11088396970995973	-0.11457644264774958
-0.09648954578882751	-0.1260919350337517
-0.2497545935904828	-0.2512776461040606
-0.3052100153806556	-0.2902454526466763
-0.14079986949622025	-0.1237790164760346
-0.2059486728964366	-0.17570912989622017
-0.2595630042294621	-0.2549820269667232
-0.32477018638353705	-0.3145679931678056
-0.49218489179607694	-0.48018442261035704
-0.15757902543054847	-0.14519542145215625
-0.3983876192606264	-0.3759867781827898
-0.03838332650091392	-0.05084243680239097
-0.309573042014196	-0.30588266222768573
-0.03357236375271633	-0.049296084323031585
-0.27538444843903953	-0.2725179458694105
-0.4513337521690932	-0.45912825356212983
-0.3358287886456228	-0.3203052600219394
-0.2673066798796526	-0.2731045683890054
-0.27535375546785623	-0.2786810444868327
-0.32593120462951397	-0.3646823621093153
-0.48558307262520817	-0.49271044865786934
-0.15218511661174894	-0.15669851001457266
-0.26972046245949066	-0.26021131698672245
-0.323227100211116	-0.34277854956599707
-0.2728606609460167	-0.2904123815169752
-0.285158772428991	-0.2878128603862869
-0.10317748728900789	-0.10761311577778576
-0.38990640029125245	-0.38647786035316334
-0.15654313059753022	-0.1606076666357019
0.056568207554803074	0.05840730800644636
-0.2801763383317173	-0.23424858663253922
-0.273284312144928	-0.2601347130404294
-0.49658071287321803	-0.4578608716847221
-0.03818573146294302	-0.04908662590351059
-0.1803704425861543	-0.18689446545763924
-0.4428278161553001	-0.4390978656046047
-0.42923189070326195	-0.42729478758400036
-0.44320899959557103	-0.4388699826913986
-0.2104431922070944	-0.21011019144199342
-0.2049110389686124	-0.21565856620269586
-0.4120248463465028	-0.48405533754077557
-0.23307065451322906	-0.2348228356569322
-0.15890365572382414	-0.1487275022430748
-0.17147093610213737	-0.17507651788064846
-0.13330474202762765	-0.12995553712421318
-0.3775903088397943	-0.3780884401265904
-0.15087024579511787	-0.1456091355551217
-0.413626218791733	-0.42206451177321597
-0.4112285267426099	-0.4052894113104223
-0.5137323319389999	-0.5027186732841312
-0.3108454177836766	-0.3135660966453881
-0.12447412306373451	-0.13665952027158623
-0.35787851198611254	-0.3595668782137063
-0.08806291946168265	-0.08169544730025202
-0.5019269093607654	-0.5041424403703695
-0.3373044785133743	-0.313570536958804
-0.2657351853362879	-0.25334078295877893
-0.5161472936213372	-0.5166528809465473
-0.046265796707912976	-0.06689907800855646
-0.16770708561726444	-0.15859435664907592
-0.40668443920325625	-0.39866525645428286
-0.2797780054770538	-0.2468713328097279
-0.4876095552500228	-0.4717222566058738
-0.26644883095929295	-0.2669044009624223
-0.1498648206725468	-0.14614999579050558
-0.32577767032553595	-0.3260028649512228
-0.5228909135307447	-0.5185940210728451
-0.2204738004281861	-0.22760435581685837
-0.323708846668632	-0.3239415467141698
-0.3270329824042406	-0.31908735765605695
-0.2900216937020659	-0.2925226437250859
-0.28262002812988474	-0.2808409224770643
-0.1831278525875284	-0.18670347447189864
-0.2896357667655227	-0.2913237089992585
-0.47545165351314367	-0.46999834593286705
0.14033791330015788	0.12889223475137682
-0.26726946606184665	-0.1416231739180386
-0.3081922018255714	-0.32181238278346674
-0.19409215286952453	-0.2769520882588536
-0.2995637622192877	-0.2938860527356318
-0.1777102466775169	-0.18284536932856613
-0.30882071284841395	-0.3074120124519273
-0.35813111092919936	-0.3550594528386316
-0.07943674576734061	-0.08578399815908114
-0.2908675096398685	-0.2821090236970256
-0.3358331648199986	-0.3427060704941008
0.04341319693548229	0.005179014363189718
-0.42522569163925183	-0.44314331869828133
-0.5557380880428324	-0.5634294896482874
-0.1837127290401055	-0.1795091152558458
-0.20027029159852194	-0.2054239262792617
-0.4642634000732109	-0.47183747060982617
-0.20014958664406102	-0.25193341584173484
-0.44578693116606516	-0.45250433340593954
-0.5716812060595986	-0.5588648570185087
-0.17402639739596992	-0.18011364786140147
-0.2560187342011684	-0.25048570222303984
-0.568539135374051	-0.5505830009150026
-0.3920776508050352	-0.3859013144539492
-0.09632084705654265	-0.09124402372023899
-0.11952853326450885	-0.12074078612767053
-0.5274171346065515	-0.5172594403390118
-0.39957000421518707	-0.3957592740968595
-0.07679712134765015	-0.08154516351414473
-0.5559406243482368	-0.545784855401945
-0.12984699670972688	-0.2099120226524714
-0.28062514988471143	-0.1307940395943747
-0.17651042083454271	-0.17312724019810674
-0.4090207542403288	-0.41600633719145347
0.0353750681677365	0.050056171410378804
-0.2509482614822094	-0.2566472595712907
-0.356744897632856	-0.3409504630520571
0.06214112542441441	0.08031998244483654
-0.5484462909561252	-0.5412608675035163
-0.1665912937564844	-0.1642984730294189
-0.16893074297006372	-0.15019018826409505
-0.46995572678500963	-0.477668415555787
-0.32374806419894586	-0.3185001277135133
-0.33581033704360674	-0.32437252861718857
-0.28781367872928065	-0.29194268030025555
-0.36193135839265	-0.37133349461763837
-0.4605613795815069	-0.4771401906606137
-0.25900437226282147	-0.24395156345568944
-0.36762865786768906	-0.35369030351251807
-0.33971903630040856	-0.33716529816632596
-0.39074536522802283	-0.3821357614924194
-0.5024900155410927	-0.5002325954111475
-0.3337474816770918	-0.29215079204118943
-0.14488255294446084	-0.20868891379503515
-0.25872933523907626	-0.27815856369877456
-0.23239365400184475	-0.23245168071393418
-0.2936781164470599	-0.302012535317052
-0.6035195866141194	-0.6124130238695383
-0.3266761387875299	-0.30211200836311597
-0.4299638753699986	-0.4382697076384858
-0.03205727674479775	-0.02730372219278425
-0.28999482081784755	-0.2857689139766191
-0.47595634313483615	-0.46734947762068996
-0.18121258454401712	-0.19741197477445704
-0.30946542003691135	-0.3128539098936862
-0.378804276370885	-0.370154338300975
-0.337722121433746	-0.3409185971273632
-0.3107078184876553	-0.3141492549393925
-0.3299557250461769	-0.22440385593881257
-0.21059175449350143	-0.24178315323810629
-0.15429828443287086	-0.156967412041495
-0.06672294487486496	-0.07854745974967652
-0.1902044068163251	-0.14549327258654657
-0.1445394708449843	-0.14457137023911376
-0.1710253307826628	-0.18295408387179854
-0.17385921931049708	-0.17741573238115194
-0.14807727112771296	-0.15552739691846376
-0.2622859519838521	-0.26611891551844075
-0.2874639266318324	-0.2890479232360038
-0.0651359062579191	-0.05338774305536662
-0.06175725612597294	-0.05616643392378245
-0.08805896180033024	-0.08589188235242438
-0.20315360842686303	-0.2011359949330204
-0.46037246157259126	-0.4737346543546704
-0.27994522676802536	-0.2785636184879483
-0.23387698934167567	-0.23377036827751446
-0.4660973264115622	-0.46584605559647163
0.0580887545817621	0.05696218642786444
-0.35098765364206574	-0.3452913759538305
-0.18080214808710338	-0.17167775402429636
-0.31833819809037056	-0.33656890563586567
0.08526327380234555	0.08317614434025955
-0.4429436536213167	-0.4427604443876041
-0.06608550570039284	-0.06251015940791667
-0.026766646325739885	-0.020597510038620814
-0.3759963003048359	-0.3655778181832978
-0.29072914156284924	-0.28688411568406536
-0.48393155604128957	-0.477011152184821
-0.6232342701321194	-0.6257414318136111
-0.10282828662652488	-0.10233499679680014
-0.6212131335209907	-0.6101332639927816
-0.09842228142417397	-0.10107083157661949
-0.5234574814578759	-0.5245078781885505
-0.017190116036580605	-0.01839277666313666
-0.3391556260061588	-0.3331248791760436
-0.36151806234498274	-0.34222477311227273
-0.2448604308933815	-0.22396508800401302
-0.5842466132351873	-0.5803818675015364
-0.32781960107618247	-0.31219212421668774
-0.020884412604242897	-0.009832840991494014
-0.09451952133096775	-0.08917318398251169
-0.2977306805551754	-0.3000905238979689
-0.1899551899277485	-0.19320947883968742
0.00022504533831746443	0.012865580958679651
-0.08562418060224442	-0.1012042010900969
-0.3228482070235881	-0.329124125783654
-0.13426801134727206	-0.12854437261733848
-0.13188000722372628	-0.1741302516908897
-0.43723985888960204	-0.4320347273811266
-0.22351494301457642	-0.19377263344357268
0.014436120307321332	0.026306738164541092
-0.15188767701899053	-0.16822727668728008
-0.3126527752268995	-0.8066398657166935
-0.1983071438927304	-0.22531024029969518
-0.1915025467769471	-0.16757587996434167
0.00762150145497742	0.0016074372221425472
-0.36743334195426236	-0.3728963528972843
-0.27594482813692434	-0.28635308664443876
-0.2666884919829151	-0.26540123237476415
-0.16543156183293917	-0.17528374396444663
-0.3916146737201265	-0.32629069772178404
-0.33819613780209323	-0.3381163045385896
-0.4917112284596197	-0.49839796483958326
-0.14021695610040208	-0.17731222689208348
-0.1862534673107712	-0.18769188505812417
-0.3039441980713953	-0.3017050830428095
-0.5065843664823255	-0.5038036723790209
-0.3445063101342374	-0.34444369098916194
-0.29569300594387293	-0.332031519595283
-0.17943708590737995	-0.20392374234100455
-0.050391077483363134	-0.04726348804397682
-0.4216855453171311	-0.4148498067863206
-0.5139808815080222	-0.5153221886786342
-0.17647568153688198	-0.16701860597399085
-0.030779736338562458	-0.03773125691510564
-0.1319792923710823	-0.12440272266218699
-0.2726672373507677	-0.31940198450792084
-0.14508037392905848	-0.14098948181619475
-0.17190973248087982	-0.2052291285598823
-0.18486592091679555	-0.18262687752888354
-0.02308186237403831	-0.021392462941156164
-0.13191740382212647	-0.10133165342821646
-0.023385505368262116	-0.0004787359924397801
-0.25633721948813903	-0.23684795920829582
-0.15150478588211147	-0.1547208128999299
-0.49640491349904536	-0.5007829750567236
-0.4215227842381326	-0.45335452852194097
-0.41699672964160417	-0.3925946801342121
-0.19315014128781094	-0.2119061214798287
-0.34179486703776085	-0.3310755755479747
-0.3941537524644039	-0.3786255237714092
-0.3731016907213984	-0.3804213333509778
-0.4625895949968726	-0.4595930292968345
-0.4497923368580441	-0.4546415945245857
-0.11052858570843682	-0.11547038839092778
-0.08942484938416406	-0.08271469713655369
-0.18161123756824793	-0.18265731398368407
-0.0666597416408532	-0.054671853738707005
-0.07084879496943852	-0.0349216297843385
-0.5052736266239819	-0.47294895287418104
-0.07538273839079768	-0.09235240866591528
-0.14547286692772854	-0.13127257668571365
-0.04443863355551869	-0.03937518213705619
-0.0823136037545158	-0.09349597387080652
-0.10687348163410171	-0.10689211833311953
0.067942862828553	0.06368886770543608
-0.20297281693139269	-0.1972106791106878
-0.19423971042462362	-0.20068879133678533
-0.2354576207546346	-0.2561348558947331
-0.2221595143530557	-0.2170759796996322
-0.21130747117109827	-0.21016926815769163
-0.5054388456879195	-0.5015015726508918
-0.5346069325826033	-0.5248592785994569
-0.3322342627971224	-0.31934229985724377
-0.18834318749572532	-0.19157356737734127
-0.2810283613244611	-0.21506594322233455
-0.2685836421626391	-0.29142166454680624
-0.25893751334749915	-0.25142600012148136
-0.10132134229315248	-0.10627254721244014
-0.25256716868296714	-0.28398592566878433
-0.3320154754124367	-0.30715351195361684
-0.2936137716061804	-0.2758745500447797
-0.3851080456957652	-0.37285747344332765
-0.33412538682937765	-0.31861466383804676
-0.35809044246648547	-0.3499315010282087
-0.28734322743963325	-0.2443155782157301
0.07405789884999514	0.08010828620809222
-0.20174532119458544	-0.1998584413840589
-0.23941226959989237	-0.17959335125467726
-0.293278692726628	-0.3170686044176858
-0.2857759466612828	-0.2828340078525748
-0.3054163586254761	-0.31404946882241436
-0.3124886269106728	-0.28675166144620173
-0.1025418839910417	-0.1088127382466257
-0.18663594736727518	-0.1634871009506604
-0.31864220065079607	-0.31917840221484234
-0.29442685175371075	-0.2902424880942042
-0.056676234210057075	-0.05370653383509085
-0.3330054667382729	-0.32729957323040504
-0.1833884119546969	-0.16877974128745787
-0.1659906762396819	-0.15319009658982394
-0.21303867145176092	-0.2089354657462464
-0.16633272758404694	-0.1688403412857746
-0.38080817015984003	-0.38402535167911783
-0.34162566940171857	-0.37321590672467436
-0.2831353976215709	-0.23650293324901697
-0.4808037327721948	-0.4727436524145518
-0.05963080317180669	-0.09973629706304556
-0.18207683736981028	-0.23297599004329603
-0.13496479780573445	-0.13603964427186135
-0.36758742856658433	-0.3636245897835431
-0.4195428212647343	-0.427126557033974
-0.36404352790920314	-0.3709274194785654
-0.432606777882647	-0.4236504289142927
-0.5038449593368703	-0.5021178495155332
-0.13151153572557206	-0.11460993743582808
-0.2524944266131648	-0.23184965071231814
-0.27363607375770016	-0.25756174186214287
-0.4209148612434088	-0.4347952360104754
-0.012490591439507703	-0.023201603072658474
-0.4663666971322691	-0.4749303911051536
-0.06847762303200788	-0.05016629133241078
-0.5929225751050016	-0.5894332372849008
-0.44693341628884564	-0.4545796870266295
-0.5581701336849925	-0.5482547129089315
-0.20818020794379066	-0.22888350611189104
-0.28468628822676934	-0.2944543880592558
-0.5038109399838602	-0.5011610826689946
-0.06914602643500167	-0.09136976850490239
-0.17836015971172792	-0.16188790048505028
-0.4569200119695118	-0.4567883475609769
-0.49455488135949466	-0.4957377077475283
-0.5647974535945668	-0.5302239613029509
-0.26970978247408883	-0.27958861216449943
-0.47448885339705527	-0.4788906211646629
-0.11306904665918083	-0.11629228907298332
-0.43166815605148834	-0.43526754410497415
-0.32668398958367995	-0.3336284893022481
0.0446026949200089	-0.002638784160815094
-0.5240248014970277	-0.5223301796180883
-0.21815225121280513	-0.24366927501186678
0.05427271478414486	0.05911791100320064
-0.28333179389152363	-0.2888992020939063
-0.4400244635579522	-0.4813836444918461
-0.2665926847954587	-0.25140209334097013
-0.630910568700715	-0.6212788148620592
-0.2713107264722261	-0.27151255381677064
-0.3398704448701988	-0.33194372450995424
-0.4594278874544928	-0.466660886696524
-0.108099726973645	-0.12889406592329672
-0.3869797276461284	-0.3417476561328831
-0.5529937959644418	-0.5579449722446667
-0.4943454102977274	-0.49518793934663163
0.039719989240262876	0.019276868217519838
0.03148824112628823	0.05629516148819567
-0.091149660585784	-0.05962318433240769
-0.19613820154852135	-0.20423930065472054
-0.5062683353858812	-0.5032442559877474
-0.16388029095392742	-0.1859014602165522
-0.20948115887974872	-0.2004216067865106
-0.28821985937802985	-0.22470395842314375
-0.4678550909086656	-0.45537863244963145
-0.20403460232972037	-0.18356900048867988
-0.17723457459951053	-0.1721890647252776
-0.4696420484141832	-0.4844063830987165
-0.2789937309544879	-0.27768309774645633
-0.3151183743569934	-0.29736396428355794
-0.02673200225896455	0.026576382718527435
-0.22507098541790338	-0.25623219951405657
-0.33638840884602494	-0.3157363652458598
-0.09300693673564187	-0.14708884557721894
-0.023644909772126965	-0.025424702764147704
-0.14814330409663246	-0.14957520449147607
-0.16194436742772833	-0.166223875301642
-0.2440620986283193	-0.2271974753697404
-0.27863944505218363	-0.25025256044571687
0.0011974374981127411	0.0043434357519498545
-0.18949697523795184	-0.20431788700886586
-0.02831777940784619	-0.04122489449311678
-0.013128947388113765	-0.006493258815123159
-0.11063320509302699	-0.11610242598010313
-0.24006529985173408	-0.2575676851990329
-0.16425433072619278	-0.1813494315649032
-0.5994309923930778	-0.597753443903707
-0.13353463435398716	-0.15262092854914702
-0.34921508710534255	-0.3024382313343017
-0.16120619804411973	-0.16333284024576164
-0.1362657348684948	-0.1353335165022733
-0.30723671283739673	-0.287253188204158
-0.3579652907458364	-0.34339697663637814
-0.30090484387510585	-0.31026237658362155
-0.4619868478131721	-0.4674391372451885
-0.1947117529256399	-0.18982025556883703
-0.10876303996089298	-0.10192858737881588
-0.24809551927974205	-0.2489508344962212
-0.18490373905773794	-0.1812546340926462
-0.2925750252494339	-0.29825871990811165
-0.13252141431763054	-0.09733210100095564
-0.21302578213829104	-0.168823195153857
-0.6295073789468324	-0.6081518828210797
-0.31071277332241554	-0.297263230777933
-0.17855350399984893	-0.17819335333443448
-0.09529700190601353	-0.08782765235460771
-0.3212312186092099	-0.3274253215017542
-0.18291374262807292	-0.1711640829091735
-0.18132240101571995	-0.1904971877814757
-0.30215820921472236	-0.28941729905158364
-0.030373225260738934	-0.026160096898679437
-0.21420317251121368	-0.23531918319238573
-0.18838207007233976	-0.18040695513940502
-0.006035873343273934	-0.04471529029048793
-0.2535208260692139	-0.26637966424148307
-0.07843068515556517	-0.11522473046967516
-0.34576833673597296	-0.344115533398197
-0.038891685796083486	-0.050585151927519334
-0.11707427974183027	-0.17359551305013401
-0.2150626355257872	-0.22800122742545156
-0.1583333462089236	-0.14598250484556974
-0.32632295061132677	-0.325223814405202
-0.29642954214855877	-0.3002925410381232
-0.34445091071792255	-0.32203528660948405
-0.12916151762997963	-0.1294749090875759
-0.3032140047845733	-0.3072817037511677
-0.09515597397896514	-0.0832607025379838
-0.15249962163880149	-0.16601000813204325
-0.28393345660837	-0.290486408154952
-0.09290954250939087	-0.07213157256470021
-0.26459552486410054	-0.2316002066675706
-0.5042255580950936	-0.5093140863693839
-0.4386911253066632	-0.42618811755072
-0.19336938018767036	-0.19686792279183654
-0.15504916374150302	-0.1752933947259632
-0.4549529200943354	-0.44646223062690665
-0.005736124896044359	-0.010817785344518915
-0.22973804611690163	-0.20101202162538445
-0.13628127294177617	-0.13476495727940271
-0.08988489592054805	-0.0800286314679417
-0.12756448647961705	-0.1308275365294075
-0.20859528192587007	-0.21372970961834606
-0.38918358846500745	-0.39590404607641777
-0.38180412651473183	-0.3873570436403166
-0.44737791574797825	-0.463199415178004
-0.43636729385765793	-0.43378100331691444
-0.17748192126111562	-0.18330597116641129
0.03183363752764379	0.02895627513270858
-0.4393838623824635	-0.44833657783915626
-0.13306843937560764	-0.2047286052988054
-0.5067485256545519	-0.5014000587737215
-0.11798346288255335	-0.12480253953038918
4.814404142639006e-05	-0.041799484138007915
-0.35396617952156717	-0.3388024857296299
-0.2991366756844229	-0.2887135543760656
-0.08653851627609477	-0.0783980998942556
-0.21839296705532796	-0.20737051188653605
-0.32654952862781883	-0.3419289647035003
-0.41891109392743253	-0.4260487449765808
-0.2536664483497164	-0.24693253954724365
-0.27645057520349603	-0.2754259932330251
-0.30904595675223856	-0.3230113856434545
-0.3338634877285944	-0.3114974304125398
-0.20138697154825458	-0.19049052334277303
-0.01794530501505598	-0.01963506044142411
-0.168203691321966	-0.17286121246633374
-0.044944313180135254	-0.03982640746420296
-0.22970646539789108	-0.21984496163349493
-0.253219191306604	-0.2565451542509998
-0.14425332604168872	-0.14262854461048793
-0.08925646667707277	-0.1310601388542778
-0.24248088827620684	-0.25568072857513946
-0.24045561401415227	-0.31929071452950614
-0.406655601675074	-0.4129486326964909
-0.44317550039372655	-0.4381169895477694
-0.49861657165651074	-0.4985794651079024
-0.13460318093179868	-0.1335497111514142
