1.315812629437533854e-01 3.154420797123870177e-03 1.000000000000000000e+00 1.000000000000000000e+06
1.315811662136864013e-01 3.154420354907630855e-03 1.000000000000000000e+00 3.162277660168379080e+05
1.315808603277286437e-01 3.154418956503853098e-03 1.000000000000000000e+00 1.000000000000000000e+05
1.315798930451212989e-01 3.154414534435651899e-03 1.000000000000000000e+00 3.162277660168379225e+04
1.315768343661651574e-01 3.154400551351447483e-03 1.000000000000000000e+00 1.000000000000000000e+04
1.315672795052800770e-01 3.153215655882809013e-03 3.162277660168379394e-03 1.000000000000000000e+06
1.315671633460455126e-01 3.154356340192530483e-03 1.000000000000000000e+00 3.162277660168379498e+03
1.315367302161253860e-01 3.153053697028570992e-03 3.162277660168379394e-03 3.162277660168379080e+05
1.315365946080447324e-01 3.154216604493640091e-03 1.000000000000000000e+00 1.000000000000000000e+03
1.314402806305253746e-01 3.152565194489630965e-03 3.162277660168379394e-03 1.000000000000000000e+05
1.314401387276302180e-01 3.153733592982909447e-03 1.000000000000000000e+00 3.162277660168379612e+02
1.311369568037017153e-01 3.150828103116520146e-03 3.162277660168379394e-03 3.162277660168379225e+04
1.311368039101298566e-01 3.151932464386104742e-03 1.000000000000000000e+00 1.000000000000000000e+02
1.301931294874560940e-01 3.142899177102022497e-03 3.162277660168379394e-03 1.000000000000000000e+04
1.301928084712410671e-01 3.143961287218156181e-03 1.000000000000000000e+00 3.162277660168379256e+01
1.273536943693470980e-01 3.114040547788880439e-03 1.000000000000000082e-05 1.000000000000000000e+06
1.273536918056392686e-01 3.114043592159927362e-03 3.162277660168379394e-03 3.162277660168379498e+03
1.273528857822658344e-01 3.115012314734673989e-03 1.000000000000000000e+00 1.000000000000000000e+01
1.196846674786277154e-01 2.997830701802459401e-03 1.000000000000000082e-05 3.162277660168379080e+05
1.196846622566667406e-01 2.997831777687078210e-03 3.162277660168379394e-03 1.000000000000000000e+03
1.196830170302848606e-01 2.998173457562241379e-03 1.000000000000000000e+00 3.162277660168379523e+00
1.034209299081831207e-01 2.585250114840292532e-03 1.000000000000000082e-05 1.000000000000000000e+05
1.034209221021675507e-01 2.585249360600940568e-03 3.162277660168379394e-03 3.162277660168379612e+02
1.034184676391704250e-01 2.585023965189283193e-03 1.000000000000000000e+00 1.000000000000000000e+00
8.142470673600148146e-02 1.934287394762496592e-03 1.000000000000000082e-05 3.162277660168379225e+04
8.142470651582542351e-02 1.934280026441567062e-03 3.162277660168379394e-03 1.000000000000000000e+02
6.648240042464229060e-02 1.036066246701814776e-03 1.000000000000000082e-05 1.000000000000000000e+04
6.648231825650854909e-02 1.036051846943776469e-03 3.162277660168379394e-03 3.162277660168379256e+01
5.994581970660332881e-02 8.319674729707774233e-04 3.162277660168379191e-08 1.000000000000000000e+06
5.994581656022699573e-02 8.319690330388063940e-04 1.000000000000000082e-05 3.162277660168379498e+03
5.994497156004813254e-02 8.319009998752762173e-04 3.162277660168379394e-03 1.000000000000000000e+01
5.660807268915966917e-02 9.256854635306320479e-04 3.162277660168379191e-08 3.162277660168379080e+05
5.660804926841026680e-02 9.256848066635071188e-04 1.000000000000000082e-05 1.000000000000000000e+03
5.660022763892368081e-02 9.254545059102845103e-04 3.162277660168379394e-03 3.162277660168379523e+00
5.315084731936284973e-02 9.172107757985941030e-04 3.162277660168379191e-08 1.000000000000000000e+05
5.315061402404595153e-02 9.172119228811779698e-04 1.000000000000000082e-05 3.162277660168379612e+02
5.307903485133306370e-02 9.165923414565878670e-04 3.162277660168379394e-03 1.000000000000000000e+00
4.861099196124292476e-02 7.379395890384289917e-04 3.162277660168379191e-08 3.162277660168379225e+04
4.860926944825501306e-02 7.378681210888817909e-04 1.000000000000000082e-05 1.000000000000000000e+02
4.342877728312778685e-02 4.553747394143305800e-04 3.162277660168379191e-08 1.000000000000000000e+04
4.342053977293488382e-02 4.545777156105774226e-04 1.000000000000000082e-05 3.162277660168379256e+01
3.824582468386912570e-02 5.525173536666108448e-04 1.000000000000000036e-10 1.000000000000000000e+06
3.824508199378152951e-02 5.528411412456204392e-04 3.162277660168379191e-08 3.162277660168379498e+03
3.821966230446739027e-02 5.496639974962143566e-04 1.000000000000000082e-05 1.000000000000000000e+01
3.401626165984102113e-02 6.757966104061987776e-04 1.000000000000000036e-10 3.162277660168379080e+05
3.401557190800336139e-02 6.762932000904587531e-04 3.162277660168379191e-08 1.000000000000000000e+03
3.392583930677184334e-02 6.602452911746220163e-04 1.000000000000000082e-05 3.162277660168379523e+00
3.102840483629042481e-02 6.432297985058765908e-04 1.000000000000000036e-10 1.000000000000000000e+05
3.102421155615598530e-02 6.430966016355430448e-04 3.162277660168379191e-08 3.162277660168379612e+02
3.080036570638406898e-02 5.979132129526169587e-04 1.000000000000000082e-05 1.000000000000000000e+00
2.870306361075380258e-02 5.699948225912536762e-04 1.000000000000000036e-10 3.162277660168379225e+04
2.867870293368357526e-02 5.686207113056294558e-04 3.162277660168379191e-08 1.000000000000000000e+02
2.688077789104919083e-02 4.288630019154645082e-04 1.000000000000000036e-10 1.000000000000000000e+04
2.678465383060783453e-02 4.255861836087050502e-04 3.162277660168379191e-08 3.162277660168379256e+01
2.507904823732224828e-02 3.031334753568868008e-04 1.000000000000000036e-10 3.162277660168379498e+03
2.475217267793481876e-02 2.997634794825351475e-04 3.162277660168379191e-08 1.000000000000000000e+01
2.310149944983921205e-02 3.152986981101128382e-04 1.000000000000000036e-10 1.000000000000000000e+03
2.252072053594128195e-02 3.043902560778039587e-04 3.162277660168379191e-08 3.162277660168379523e+00
2.132742512615166258e-02 2.802054228075608316e-04 1.000000000000000036e-10 3.162277660168379612e+02
2.034517571872059699e-02 3.186902270480401452e-04 3.162277660168379191e-08 1.000000000000000000e+00
1.992221058298455222e-02 2.900427252155311948e-04 1.000000000000000036e-10 1.000000000000000000e+02
1.862556760157021638e-02 4.164552312195378566e-04 1.000000000000000036e-10 3.162277660168379256e+01
1.727630331882976794e-02 5.915385486549085744e-04 1.000000000000000036e-10 1.000000000000000000e+01
1.601561303623261212e-02 7.121756648244129736e-04 1.000000000000000036e-10 3.162277660168379523e+00
1.522544231590678386e-02 6.363485444392290649e-04 1.000000000000000036e-10 1.000000000000000000e+00
