3.011781611485478960e-01 1.491720847104573318e-02 3.162277660168379394e-03 1.000000000000000000e+06
3.011680239061642061e-01 1.491680540873970874e-02 3.162277660168379394e-03 3.162277660168379080e+05
3.011359721086263597e-01 1.491553107388432498e-02 3.162277660168379394e-03 1.000000000000000000e+05
3.010346651744575386e-01 1.491150387430506541e-02 3.162277660168379394e-03 3.162277660168379225e+04
3.007148011738639548e-01 1.489879470984019870e-02 3.162277660168379394e-03 1.000000000000000000e+04
3.005436629281004746e-01 1.477759766866875747e-02 1.000000000000000000e+00 1.000000000000000000e+06
3.005436309521617444e-01 1.477759640728720097e-02 1.000000000000000000e+00 3.162277660168379080e+05
3.005435298354145468e-01 1.477759241845072631e-02 1.000000000000000000e+00 1.000000000000000000e+05
3.005432100766843861e-01 1.477757980466865191e-02 1.000000000000000000e+00 3.162277660168379225e+04
3.005421989157993079e-01 1.477753991664847166e-02 1.000000000000000000e+00 1.000000000000000000e+04
3.005390013943624039e-01 1.477741378226378292e-02 1.000000000000000000e+00 3.162277660168379498e+03
3.005288904441334452e-01 1.477701493641952156e-02 1.000000000000000000e+00 1.000000000000000000e+03
3.004969218150405075e-01 1.477575393608795105e-02 1.000000000000000000e+00 3.162277660168379612e+02
3.003958781359800101e-01 1.477176891098514779e-02 1.000000000000000000e+00 1.000000000000000000e+02
3.000768491448955744e-01 1.475919318388633182e-02 1.000000000000000000e+00 3.162277660168379256e+01
2.997102621397741418e-01 1.485931062178903576e-02 1.000000000000000082e-05 1.000000000000000000e+06
2.997082426218116713e-01 1.485886277875867433e-02 3.162277660168379394e-03 3.162277660168379498e+03
2.990729560172587509e-01 1.471968389715618865e-02 1.000000000000000000e+00 1.000000000000000000e+01
2.965758012313983727e-01 1.473556042041707960e-02 1.000000000000000082e-05 3.162277660168379080e+05
2.965738094019687021e-01 1.473511673286095024e-02 3.162277660168379394e-03 1.000000000000000000e+03
2.959471899300495923e-01 1.459728048733687118e-02 1.000000000000000000e+00 3.162277660168379523e+00
2.871250751897462816e-01 1.436804158367992884e-02 1.000000000000000082e-05 1.000000000000000000e+05
2.871231774800893644e-01 1.436761112873357477e-02 3.162277660168379394e-03 3.162277660168379612e+02
2.865260413637631398e-01 1.423406284718922547e-02 1.000000000000000000e+00 1.000000000000000000e+00
2.615331327413327744e-01 1.327000231391017686e-02 1.000000000000000082e-05 3.162277660168379225e+04
2.615319864623159019e-01 1.326936926377586534e-02 3.162277660168379394e-03 1.000000000000000000e+02
2.096889069460897426e-01 1.111519930373351325e-02 3.162277660168379394e-03 3.162277660168379256e+01
2.096880399237292247e-01 1.111524757554912916e-02 1.000000000000000082e-05 1.000000000000000000e+04
1.425532708611900456e-01 1.332043234179618695e-02 3.162277660168379394e-03 1.000000000000000000e+01
1.425497049129300642e-01 1.332004216289608446e-02 1.000000000000000082e-05 3.162277660168379498e+03
1.425496901941654126e-01 1.332004057400869301e-02 3.162277660168379191e-08 1.000000000000000000e+06
8.840824346877959594e-02 1.618281972289762130e-02 3.162277660168379394e-03 3.162277660168379523e+00
8.840586118446189245e-02 1.618131309234403445e-02 1.000000000000000082e-05 1.000000000000000000e+03
8.840585791744917654e-02 1.618130891905795662e-02 3.162277660168379191e-08 3.162277660168379080e+05
6.283331123617694192e-02 1.064070295415751703e-02 3.162277660168379191e-08 1.000000000000000000e+05
6.283330202694975553e-02 1.064070970761493359e-02 1.000000000000000082e-05 3.162277660168379612e+02
6.283047465507299312e-02 1.064292999549657122e-02 3.162277660168379394e-03 1.000000000000000000e+00
5.185132788839853790e-02 5.877238541319188166e-03 3.162277660168379191e-08 3.162277660168379225e+04
5.185124214232193079e-02 5.877201940096083745e-03 1.000000000000000082e-05 1.000000000000000000e+02
4.454081632325151974e-02 5.085412202612707953e-03 3.162277660168379191e-08 1.000000000000000000e+04
4.454038157298253336e-02 5.085316538296239496e-03 1.000000000000000082e-05 3.162277660168379256e+01
4.103752848799750719e-02 5.306767953019818872e-03 1.000000000000000036e-10 1.000000000000000000e+06
4.103743642808387049e-02 5.306723998510841020e-03 3.162277660168379191e-08 3.162277660168379498e+03
4.103345368930007980e-02 5.307274092797627935e-03 1.000000000000000082e-05 1.000000000000000000e+01
3.973938903377490645e-02 5.313003431357515849e-03 3.162277660168379191e-08 1.000000000000000000e+03
3.973925302946432203e-02 5.313356994882021365e-03 1.000000000000000036e-10 3.162277660168379080e+05
3.971334568682204080e-02 5.312448760138546722e-03 1.000000000000000082e-05 3.162277660168379523e+00
3.910301075191863207e-02 4.889578019416176459e-03 1.000000000000000036e-10 1.000000000000000000e+05
3.910233905007912819e-02 4.889592293873378653e-03 3.162277660168379191e-08 3.162277660168379612e+02
3.896492327901310282e-02 4.859339253810619937e-03 1.000000000000000082e-05 1.000000000000000000e+00
3.788837391644105101e-02 4.399300027765217294e-03 1.000000000000000036e-10 3.162277660168379225e+04
3.788635676622659904e-02 4.398198409909620001e-03 3.162277660168379191e-08 1.000000000000000000e+02
3.581801527398996432e-02 3.699087489181015782e-03 1.000000000000000036e-10 1.000000000000000000e+04
3.581023990896503584e-02 3.693273939220289605e-03 3.162277660168379191e-08 3.162277660168379256e+01
3.369898469569983235e-02 3.335975101247277193e-03 1.000000000000000036e-10 3.162277660168379498e+03
3.366769314149652831e-02 3.301981122707170219e-03 3.162277660168379191e-08 1.000000000000000000e+01
3.225047416788488081e-02 3.465142576537193903e-03 1.000000000000000036e-10 1.000000000000000000e+00
3.206908353668443123e-02 3.750706475103398815e-03 1.000000000000000036e-10 1.000000000000000000e+03
3.196226639853831653e-02 3.536827307017846676e-03 3.162277660168379191e-08 3.162277660168379523e+00
3.133190633740458308e-02 4.115494838222004750e-03 1.000000000000000036e-10 3.162277660168379612e+02
3.108222090739300517e-02 4.243564397035977029e-03 1.000000000000000036e-10 1.000000000000000000e+02
3.093538902210819092e-02 3.519674917079020342e-03 3.162277660168379191e-08 1.000000000000000000e+00
3.070042774121557391e-02 4.200606967223541668e-03 1.000000000000000036e-10 3.162277660168379256e+01
3.066448694473603714e-02 3.122971023286718467e-03 1.000000000000000036e-10 3.162277660168379523e+00
3.045170215673457387e-02 3.386095269191310726e-03 1.000000000000000036e-10 1.000000000000000000e+01
