-0.4828675859370417	-0.4944776877116556
-0.16199507402987656	-0.14918859172905158
-0.13194589738285245	-0.14121197860596857
-0.14035217923077248	-0.17990672479753664
-0.0617339408009272	-0.052468998582254914
-0.2977142209168857	-0.3077184310998078
-0.4545817101692382	-0.44961960577932264
0.04844165291927727	0.054984337625861135
-0.39992918407706934	-0.37437234457378593
-0.2166817387137865	-0.20567376639191937
-0.015989430347980615	0.015540287802839649
-0.34026959445039395	-0.32756800507179845
-0.1791138536677046	-0.1874361452253123
-0.4598280799933878	-0.4515114209740177
-0.48238284472945914	-0.4877462215947001
-0.35098765364206574	-0.3342183535026601
-0.08178869756038942	-0.04720316744465265
-0.18690004524529424	-0.22753202373781806
-0.16146850552226422	-0.17199132696018085
-0.22112229571474895	-0.2207250246227055
-0.38050569731313644	-0.3687332232221075
-0.39257315485327915	-0.42841441940562014
-0.19200151428875856	-0.2003442689525885
-0.129172931400638	-0.1389683701866638
-0.22339434640674405	-0.2130749279686355
-0.07381706818416589	-0.0630289196621459
-0.17552420390152967	-0.20381106785303862
-0.13446935533986348	-0.140500034798822
-0.19097974664439654	-0.17284968238408804
-0.4411963071594238	-0.4402811753819159
-0.22404172072571793	-0.23873355827077283
-0.17686885348243653	-0.17052985833633041
-0.1960583323965288	-0.20653024075157347
-0.10110752992470129	-0.10238220704100771
-0.0823136037545158	-0.1003336838712428
-0.6127747515258406	-0.6065934341912286
-0.23176505228126132	-0.22314592992676785
-0.34346001440861684	-0.31244981618195755
-0.04170942843474634	-0.05671554737871848
-0.2352177849463546	-0.2781669308919884
-0.2716641179253063	-0.2775507304293357
-0.11743246634477522	-0.12637973053118282
-0.06015158396033016	-0.057240253549296224
-0.4529208155579756	-0.44549873103473997
-0.11088396970995973	-0.10021243599409013
-0.42949862228948543	-0.427289223343168
-0.42628270829403636	-0.4397454926008391
0.0023907906951290414	0.007299407716182105
-0.3759963003048359	-0.3527686875548059
-0.630910568700715	-0.609798686834709
-0.19354949236154795	-0.19972075518557497
-0.36447936237629364	-0.3490614842276688
-0.3526872060999722	-0.3447221017404149
-0.5145767457977177	-0.5158986524571404
-0.007329768761264788	0.0008033196174523238
-0.26489974537379357	-0.26869763067136737
0.024901766666347136	0.030005268750412213
-0.5414372843672375	-0.560401412435842
-0.338187887113806	-0.32633940358656227
-0.32737812568978075	-0.3060657945431532
-0.2508810532744743	-0.2818777847168133
-0.34162566940171857	-0.3416748758607584
-0.16605569962173394	-0.17222447225007922
-0.15279173260138101	-0.17611231901521077
-0.2520654545854386	-0.2311368520394827
-0.10898324123124148	-0.12038167721359586
-0.01908340929131569	-0.006517127462404771
-0.35733510551111713	-0.334109274141174
-0.18402879401157612	-0.15769617731676588
-0.36534120578111207	-0.3532275296447256
-0.020839762294871278	-0.09557334846299395
-0.3780944051855446	-0.3942888243683891
-0.18103998104718144	-0.1692467007594468
-0.13478383510519798	-0.13528815712186526
-0.3993314550383875	-0.39509133183539435
-0.5463038206974069	-0.5609623904438135
-0.2801763383317173	-0.2598737689422247
-0.2484996154274235	-0.2496826928032916
-0.21345953050534483	-0.22548289333697424
-0.45137886562595675	-0.46824537360755714
-0.23372657805268116	-0.25025515034897994
-0.277678270074011	-0.28031646068298993
-0.4274443507788739	-0.4314550467825535
-0.2599332042220768	-0.25464492655874094
-0.18904855214529626	-0.19814802152540295
-0.3276099211745276	-0.3290706299497424
-0.18921248386563683	-0.19081653338981086
0.05047903581645574	0.0309074638227273
-0.33591631259105803	-0.32730404808318914
-0.4685740171262891	-0.47663309780750235
-0.26602571642155937	-0.2460417391741066
-0.09596153976510724	-0.13572798010078405
-0.0840423122566678	-0.10468164612497481
-0.09534057693003462	-0.10792957632545644
-0.08042033980349128	-0.09643478864608739
-0.43849330913023365	-0.4513057559541005
-0.08852040069493139	-0.08798503330907861
-0.3247509294455675	-0.33898036469879067
-0.18152448195641746	-0.16207504134524342
-0.3348392948046284	-0.29233562917515477
-0.2566004757586011	-0.24738833869105745
-0.21330793298700446	-0.21669824925300135
-0.297580712631226	-0.2969849887964291
-0.07531482280018409	-0.06325649993133042
-0.5483270118566068	-0.5580985832904944
-0.4989787786454132	-0.5179140496998623
-0.1767983073195687	-0.18356706810724716
-0.2857812668333439	-0.28169574023386756
-0.26427735626461235	-0.2644288504518942
-0.3441890686925575	-0.35433458527635825
-0.1567750881389811	-0.16667137406070312
-0.14916253643449728	-0.157332508725959
-0.13283303672990243	-0.1414812874538082
-0.3765669821773212	-0.3670888610009668
-0.1291335417641042	-0.15359093265219537
-0.3324551365590702	-0.33882700430535195
-0.16374695698766573	-0.11503407024621397
-0.23863511266672077	-0.24535842905744806
-0.06350996966564182	-0.0480295191804686
-0.14124853667599524	-0.13534858980461198
-0.12451322680966914	-0.12868987089358755
-0.33131222254761994	-0.34635047416242276
-0.1803704425861543	-0.16044503223207215
-0.4524226680687242	-0.441509205954902
-0.31493322546499947	-0.3197907639532352
-0.32283821312205596	-0.3371239294269235
-0.38446858381846294	-0.39019995293254045
-0.15818522286345704	-0.143702489496787
-0.020884412604242897	-0.02282906897531808
-0.5234574814578759	-0.5238640545269633
-0.15898107926017957	-0.17245128155686762
-0.5068477157759972	-0.4992478237268744
-0.4508178127400351	-0.4583128324036596
-0.1306835102671915	-0.12797057518335384
-0.19218755176070879	-0.20510631538144594
-0.2292413821811845	-0.23503461414850577
-0.45660984376285185	-0.4561421243787287
-0.04630489571346619	-0.10120828843283836
-0.29547683478906883	-0.30755880717340206
-0.054168162811630616	-0.05928667285833748
-0.1907062142998246	-0.19868324987090336
0.0024683235844760176	-0.001947334676765089
4.814404142639006e-05	-0.008350733607976394
-0.3808389237798533	-0.38672372144323625
-0.5647357493808292	-0.5678257769555315
-0.13089692025266153	-0.14694210442073555
-0.09951911503886457	-0.10697934002132639
-0.3438646144850299	-0.3366521590274024
-0.05956967052166462	-0.07368232568329114
-0.3458133217361796	-0.3596141362919088
-0.3389999439203688	-0.3102438161686413
-0.34020336203944623	-0.33564662786869115
-0.3391556260061588	-0.3366555225809656
-0.3350038269195208	-0.3266987093005625
-0.09603940438434222	-0.10053457436205539
-0.2180474723224357	-0.2337713418643258
-0.07831572902971207	-0.0642355437135111
-0.4957466597629985	-0.4961157342481064
-0.38990640029125245	-0.3911333071435648
-0.33552083276396516	-0.32455250595736285
-0.3511883173423662	-0.3345500657364625
-0.314356624181106	-0.29324040527574335
-0.20489340048136384	-0.23152423835337804
-0.07533655923800708	-0.09858568788423266
-0.37008033747855507	-0.37257135915002704
-0.29243862132724097	-0.2750675212724961
-0.3680811398319772	-0.38796868681692154
-0.19488365920616246	-0.2027314179737044
-0.10917529687637462	-0.11998910429391006
-0.28713108966904066	-0.3060446277385074
-0.45191937328155163	-0.4544263940961001
-0.28333179389152363	-0.27933173212142903
-0.31073001502601816	-0.32674862427868906
-0.10021062271011338	-0.037186507867408396
-0.05996143748151539	-0.05390654168154719
-0.23679905835380666	-0.23683680456108178
-0.28501789536959343	-0.278188856826118
-0.38956057504069364	-0.36167721945235065
-0.507569567788325	-0.5025317325685479
-0.2853694432793734	-0.2490701033882937
-0.28534843090604234	-0.2928360199177861
-0.4517429439788714	-0.446172095024498
-0.12703351826372167	-0.12183559792192233
-0.05446828057495612	-0.06392528672939025
0.03661476070598013	0.019672592782819437
-0.2808063244760728	-0.29445385867641355
-0.18922400042059184	-0.19745071498503494
-0.4614007417007393	-0.4584436961811472
-0.2580173686326592	-0.2876548601336113
-0.34921508710534255	-0.3514101972374237
-0.11039973055112196	-0.11269545835212243
-0.15552714291151482	-0.1491358332126538
-0.19936358666658904	-0.181490560044623
-0.29337117150711034	-0.28576666182569566
-0.1807825712088036	-0.18964389300728002
-0.25276726293899987	-0.24412709038164093
-0.2718748125022721	-0.2581705166784027
-0.4799985835258891	-0.47979323546204994
-0.4792308256421638	-0.49315782867164565
-0.3973704698208369	-0.39626005268167946
-0.3337474816770918	-0.31722909320958664
-0.3775903088397943	-0.3706305726748554
-0.3668472317504534	-0.4264969555720551
-0.04400337343557226	-0.03780444163085594
-0.10996079693271454	-0.1314888610887957
-0.4705354508601767	-0.4610708127118849
-0.14167611520645362	-0.1077034530022538
-0.16918322132100272	-0.1744165996974429
-0.4617275017789737	-0.4564267213598055
-0.17662268038861484	-0.1514331072523834
-0.29191885852426047	-0.301399210826032
-0.08269077549053172	-0.08340239990516202
-0.2968259612666291	-0.29348061206224185
-0.5049195304413203	-0.5044862936979616
-0.41642348956956443	-0.4003538072138852
-0.08464306672565058	-0.08622158533967736
-0.23137413246865535	-0.23124348589175164
-0.09145750139196629	-0.08504648398410537
-0.3049003312751015	-0.3109239205432695
-0.14368166664845816	-0.13538112260673635
0.20407032979768402	0.23049491694880397
0.06490492549919402	0.07940544158276963
-0.20430464367223067	-0.2199308945833339
-0.3856288781884665	-0.4109062633952061
-0.026766646325739885	-0.029841283068837383
-0.30063824670036876	-0.3091171759789024
-0.46149723041646595	-0.45699330947763595
0.21487282532628704	0.19412870563320278
-0.2971781951325969	-0.30428944917352846
-0.12495993399908478	-0.12672712530040198
-0.21374839964905057	-0.2495052191821217
-0.12819565589995108	-0.11743965562793494
-0.2681552126274944	-0.25856518383413885
-0.4609832595621919	-0.46453446080620003
-0.4825177934290439	-0.491233357640105
-0.07974298961147763	-0.0679149719745509
-0.13252141431763054	-0.10156012737470058
-0.3014598193518765	-0.28716293095192597
-0.06007594674152461	-0.05732667015517763
-0.31818844776668875	-0.3167656935279203
-0.4424544177319527	-0.4144919630856202
0.0671118670789248	0.0731283988224438
-0.28823259844056004	-0.2611295459280598
-0.15245367132907361	-0.1412359405562773
-0.17292301153197798	-0.16075991289006353
-0.1621764452200516	-0.17389563099927635
-0.46737840158361266	-0.4934143877769819
-0.07965036792498559	-0.10125005870226898
-0.5640692218765162	-0.5366407728576796
-0.09482738411434966	-0.09483410596003762
0.08248343828106819	0.09914642909468976
-0.22870024366851638	-0.23765636756159836
-0.43618819179215684	-0.4185007709854706
-0.2929346390174352	-0.2903066809377611
-0.09435626988674617	-0.1053130449247132
-0.08341391395165765	-0.1323080869824502
-0.09834951534039504	-0.09926331249997285
-0.39026960193804694	-0.4197863336250759
-0.48347001409070334	-0.47328793177674466
-0.07948064230140339	-0.07035229554294035
-0.37546440250643087	-0.37745977283601384
0.024356986926823865	0.03402480049104534
-0.12373640611839054	-0.08789382489765943
-0.19336938018767036	-0.1911115889493291
-0.05647946436173967	-0.048628698360675876
-0.2779771420664181	-0.24478204534719983
-0.19566595294888423	-0.20793868553373432
-0.2262740758624462	-0.25983831092493864
-0.16760109496845388	-0.1427971281221488
-0.06070174300308562	-0.06214284021419273
-0.31637051878228384	-0.32135683541403753
-0.28393345660837	-0.2815395369283669
-0.43856874363542264	-0.4333562015813996
-0.07994083345054825	-0.0725467166708528
-0.2318769935213627	-0.2492838953622544
-0.08771036463757564	-0.11077755191384908
-0.31186736337297205	-0.3106371067073085
-0.03368216364398968	-0.017769973648626577
-0.17943708590737995	-0.18094464970616136
-0.17621720396741658	-0.17411987478842592
-0.254547253425768	-0.24071405380615715
-0.21007916936054016	-0.1942109932437157
-0.06173643494326697	-0.05905754224458716
-0.3542530251519249	-0.3257391691616435
-0.16752326768943604	-0.18480572428231548
-0.34757155845985643	-0.34719166067550744
-0.0642519740999008	-0.052965544983858415
0.011509682075903527	0.015012258778263697
-0.31345004095411966	-0.319207800139568
-0.18783778182601374	-0.18610062466508195
-0.1306375757832896	-0.13359999467345052
-0.29371471034214913	-0.3081945761746643
-0.11939399319247457	-0.11288786856168075
-0.13638256429232598	-0.16098889015305068
-0.2659788051466059	-0.24121370466102934
0.0755643692887551	0.08512609892276558
-0.256506370286683	-0.24589293459761394
-0.5170471954431122	-0.539731796641385
0.13648495551826834	0.16615178808470707
-0.1713244301970267	-0.14842557087795813
-0.35963051559202164	-0.3448630764894049
-0.17753478808314682	-0.18112538048787377
-0.37303782929042484	-0.37549835365952633
-0.10794156033149704	-0.1287732665539634
-0.39090160556729714	-0.3888074424450872
-0.2447705983980928	-0.2333299269648062
-0.10945705578562137	-0.021595867086134386
-0.5206022740659879	-0.5093145820832031
-0.10148185551234334	-0.09714415521597541
-0.6061522961955887	-0.6262095175586411
-0.2834681316770933	-0.2750626511664323
-0.029893874193620995	-0.05063227517744435
-0.29135436403258375	-0.2870724813181036
-0.4909345271146375	-0.5517313181242731
-0.33737685636913994	-0.3388417316322664
-0.4390052279066836	-0.4372854011830657
-0.09941654386835452	-0.10251872140854405
-0.3735876898353583	-0.36333481332635387
-0.4184264195774663	-0.42683220302438724
-0.2712066261126349	-0.2893430621736519
-0.45990594922153427	-0.45081742509792433
0.10080166597995088	0.0928462026339236
-0.4940024525850948	-0.49759434009318954
-0.177293431321222	-0.17433937690203719
-0.2997252235614445	-0.2534555334718083
-0.14645466188302336	-0.1584611162252956
-0.03604634468715773	-0.03590205808325954
-0.142184650806235	-0.13733080677435078
-0.3389279897061197	-0.3330558729639647
-0.16177190522759055	-0.17037901299606342
-0.2926494058322646	-0.29502843330534434
-0.13127767528009127	-0.12400248878063581
-0.47669718048364906	-0.47299926525816244
-0.056841670350154416	-0.03737349557354603
-0.1828593216348544	-0.17426111673339653
-0.3604249068257994	-0.3543597739099444
-0.30203239543321025	-0.2863184045885118
-0.4930098287777014	-0.49682900527136087
-0.046265796707912976	-0.06000378190351862
-0.11707427974183027	-0.12548675381805696
-0.2816434065162081	-0.2938542885943114
-0.18503934745668715	-0.17689682305103582
-0.07487885270286743	-0.07252803477493236
0.023128478582048473	-0.018982417972651572
-0.21405987182571096	-0.21211469031720626
-0.23203765160956014	-0.23679174336341471
-0.09872678997862927	-0.10557303103404585
-0.26095264777854243	-0.27566790447372563
-0.26726946606184665	-0.23193968077339558
-0.029399980763095357	-0.03091605696164483
-0.49395445951937056	-0.48822224268647313
-0.04506921302859723	-0.05088031067210335
-0.20582899918291986	-0.19894530882855327
-0.247342821394696	-0.24013189967416235
-0.42623198649414107	-0.4214870987696834
-0.40451278634492027	-0.4063831866987523
-0.1605582250300026	-0.15380819684548985
0.0028463585392550783	0.03347463976144304
-0.30904595675223856	-0.3280646817662071
-0.2508778273883454	-0.2536967879868436
-0.2662459558639334	-0.270619234676114
0.00023361436540092484	-0.008241515744316976
-0.18239296687414353	-0.20405451111675887
-0.32527005041628687	-0.32692773472738257
-0.034343151480440426	-0.055605488759316556
-0.48233017897269903	-0.4783249278033632
-0.5130833453929657	-0.4927915764975094
-0.09687235091552537	-0.09227752198576385
-0.447219145661391	-0.4451659980945797
-0.3107123181614	-0.30800004089524385
-0.3675876526294033	-0.3616807328234149
-0.30055205855140876	-0.3007691531996551
-0.4157364732275015	-0.39127764769122364
-0.4216855453171311	-0.41885689654186636
-0.11921425845578959	-0.21961523243477488
-0.6138535147397226	-0.5840440568088896
-0.09755727128312586	-0.09050152378294606
-0.3538911974084922	-0.3571780422170397
-0.05583043019444922	-0.06545542942139283
-0.21816511074761813	-0.21304578251108444
-0.32593120462951397	-0.30524044516350446
-0.3398704448701988	-0.3231690093466972
-0.44593623919066605	-0.45515176537541835
-0.27382939556888175	-0.2698816043549771
-0.24111515074687695	-0.2197710928088609
-0.32639854218610154	-0.3255870438961337
-0.25437587463726175	-0.24705317620083295
-0.28069419896724845	-0.28972982026460226
-0.28821985937802985	-0.24284567829286718
0.09056078780928978	0.10248006662883513
-0.5350739625643985	-0.5192005548079174
-0.43554298231268884	-0.4286328423338591
0.08313026124872014	0.11349939183321058
-0.27934184804863804	-0.31415379955771916
-0.28867819801646455	-0.2838975934312109
-0.27704369941334317	-0.2580252906478742
-0.11961699044597829	-0.1172274533070062
-0.04222845079558191	-0.03483622130821558
-0.1515081102171152	-0.14936868207425114
-0.09281879371601676	-0.09719411074987391
-0.13973873236829526	-0.14486424644115614
-0.36626754297932784	-0.3551157680236238
-0.12341146964145988	-0.11923323364826212
-0.32787724099271465	-0.3290095467023553
-0.10377138715022927	-0.10707977849391268
-0.2451504175933792	-0.24505508821774138
-0.11853699374758264	-0.10997996123233283
-0.12223320717488484	-0.12742855834139186
-0.4602570795134113	-0.44802775498763087
-0.47438401617337433	-0.4680381432347867
-0.17176074603279723	-0.17017246816240383
-0.4938454098148295	-0.49997225863494893
-0.03435875245336284	-0.037251669954765275
-0.3489909562409492	-0.3630980134071076
-0.026109259678211316	-0.022006399608602633
-0.22664034421718604	-0.23205459017699598
0.07784598923730535	0.06904731747507215
-0.16160292408657995	-0.15913284652088075
-0.513721343698851	-0.5391904924422958
-0.3116583682919378	-0.314972662951076
-0.47338287147731783	-0.46176205135222015
-0.15124559400410043	-0.142259706935619
-0.47256233457137053	-0.4766183807465096
-0.36165557785978386	-0.3589755773771188
-0.5109585308990399	-0.4988311716254376
-0.32029677174248317	-0.2837205716972726
-0.46195253275684856	-0.45581219392710676
-0.33167277068585577	-0.3233289330663352
-0.4713995621692959	-0.4750787865034727
-0.5409753507078134	-0.5422627229007727
-0.35813111092919936	-0.35487027177788866
-0.14060377064845397	-0.06833190738406252
-0.49412654394965116	-0.4878421420127464
-0.18852108028713843	-0.1883258984774111
-0.2238447720242034	-0.21447822180929832
-0.058455053715352534	-0.09112881074405198
0.0684863417305861	0.05969153890806914
-0.27309411871044276	-0.26788363116308045
-0.3773105312211449	-0.3829812523062503
-0.3417171688878504	-0.3395392537269614
-0.3094390147493744	-0.3025338510182957
-0.13151599010742743	-0.13369416348665786
-0.17266337248970842	-0.18558014615642265
-0.07116763298709472	-0.07189436101068067
-0.1447300622187342	-0.1411713913486833
-0.10393593182102023	-0.16675715350903386
-0.5029096809092923	-0.48831403840508486
-0.5193526833244944	-0.5115367682177443
-0.13641951597920787	-0.1302732848835275
0.07628435176180837	0.06266308647484557
-0.11368420931318468	-0.13583212800061112
-0.169445581305542	-0.1536210658820857
-0.3286628660636861	-0.3175721344251393
-0.1915006704560538	-0.19748174481714267
0.06769926578112173	0.05135808713790128
-0.09266923694558038	-0.10444800685090339
-0.2008329816455987	-0.19569162613783164
-0.3039296326465397	-0.3178568823190448
-0.36980854348500714	-0.402260008503278
-0.27898875277407775	-0.2851299697094961
-0.01121312410592612	-0.017409774917117635
-0.25043469496269655	-0.2619725824242178
-0.06819530060094703	-0.0894432696621405
-0.34120846412138484	-0.3274949233148538
-0.27760523650837143	-0.27701874258231746
-0.43296576681882293	-0.4188648563876892
-0.5021511246067973	-0.5264003739529147
-0.31747217773287684	-0.3225279453470678
-0.35990266855720243	-0.3719310046382959
-0.4705993390551857	-0.47138135938274844
-0.3939830708754304	-0.3712202067711832
-0.3195496427231239	-0.3053341260049433
-0.2591235671936367	-0.2144813556880915
-0.2994068678782149	-0.31880930005182245
-0.16090690941272356	-0.1665483962063024
0.008743428420618926	0.034288084357365224
-0.194111780673909	-0.21065729540734146
-0.31676079438656046	-0.33491612467095017
-0.44459800887319556	-0.4722717597371277
-0.20452063305311619	-0.2149296417688502
-0.36762865786768906	-0.3583902190712912
-0.49500189421699403	-0.4915330623716513
-0.27883284867691316	-0.2693399429543464
-0.23769030637063082	-0.21950521128399858
-0.45035065263607343	-0.4367403322307532
-0.11847911037600589	-0.11313237333627614
-0.34190197849700876	-0.25940607531785026
-0.3358287886456228	-0.3136069228810043
-0.3307955176893831	-0.3214284748056725
-0.2235203181777088	-0.2073750941908101
0.054643102735848714	0.04864542442477713
-0.17684729803923904	-0.1911506972593467
-0.4661632857520388	-0.47208999502159515
-0.26972046245949066	-0.2832503676026337
-0.11891242904032673	-0.09865224054181791
-0.3935022154826697	-0.4488571844770085
-0.08835547656724074	-0.08926170145680348
-0.09872035109273902	-0.10192306429043088
-0.4233932294603475	-0.42446696708560305
-0.27879300762521453	-0.28419682470356394
-0.5161436713890506	-0.5264744131759053
-0.2512587957779928	-0.2586759680384848
-0.2880900119454166	-0.2624796467538719
-0.5111609662470329	-0.4905503952958185
-0.12212181672340261	-0.12079168809412213
-0.14438724334288366	-0.16345474845784153
-0.08806291946168265	-0.08338978920896101
-0.07499973688398054	-0.08235040117270934
-0.5050711060078585	-0.4951387698639475
-0.11952853326450885	-0.1101594760405867
-0.36049277501678656	-0.37772037087096444
-0.10714146176645478	-0.10032461076352661
-0.11613916425740989	-0.13184254471401655
-0.09902784697033962	-0.10168838276402102
-0.6163797249252063	-0.6277757257168636
-0.1295890313412471	-0.13719884519712824
0.05330421275037445	-0.024418115071698387
-0.2331941589456763	-0.21711202974581853
-0.41735483788553474	-0.40087131662987696
-0.47483868651758865	-0.46771533263130527
-0.11244078249178457	-0.12267582547169048
-0.12166906687169288	-0.2090209498493869
-0.04262274653358755	-0.052048554058225935
-0.3600665916881818	-0.3526093216923685
-0.2791850115902914	-0.245818133964512
-0.32424366908013447	-0.3316160155233653
-0.14547286692772854	-0.11583608558262723
-0.07976394539389275	-0.07937246488222145
-0.21874566992157884	-0.21617947473560165
-0.32195877571687426	-0.4447326003619053
-0.15200522334748268	-0.1456348772680291
-0.2974240737398439	-0.2827051727166021
-0.05266440453988075	-0.03656205542135698
0.03688049266877247	0.028696607107538945
-0.20023639216710265	-0.22562668275055758
-0.19805517811030615	-0.19913914563029364
-0.32503295883741856	-0.3369089220129554
-0.20833603417569968	-0.24008130986891923
-0.44935000687303095	-0.44330897332184827
-0.016489666837146366	-0.006229489856876875
-0.26709921213005305	-0.25339943661019293
-0.04008728139688866	-0.04517625260889362
-0.3271723174512502	-0.3243588671894805
-0.4451962488770569	-0.4420497918127499
-0.26491762392420704	-0.23366174207907967
-0.14814330409663246	-0.1383654098734576
-0.13775878848476708	-0.14639062634260133
-0.15102255820845567	-0.138797499415142
-0.2257345738174994	-0.1674629722095275
-0.25719951832236987	-0.24611580407503625
-0.10282828662652488	-0.11522451178930543
-0.43578801305404546	-0.463994171799303
-0.6326443759786233	-0.6215868415644316
-0.21723859685418923	-0.19502578071133828
-0.3513177958106084	-0.36230895637449645
-0.14314056797565833	-0.17702864636128005
-0.27194593408431356	-0.26837356037500737
-0.25656174030660495	-0.23603487193668768
-0.44364673460502857	-0.4580779682914398
-0.1790576240346784	-0.1887089029486301
-0.21156591944010295	-0.21670992379637696
-0.27801948336218807	-0.272174124616024
-0.4936334523556347	-0.48702931083076745
-0.3214063654719972	-0.3246079415417121
-0.28599329235399473	-0.2758099775319739
-0.6316440525677187	-0.6562400277235683
-0.25956530252325294	-0.25898155733617584
-0.06608550570039284	-0.07554726329621937
-0.26103235437677696	-0.271229339674154
-0.49158745327611975	-0.4938627457772649
-0.4699822689733004	-0.4571378405017991
-0.21839296705532796	-0.22813876422108223
-0.30910766992116123	-0.29722643783084424
-0.4755846285818528	-0.46642297303421565
-0.12292043857936452	-0.12055523168651416
-0.279665113563766	-0.24482010861106543
-0.15011801862895524	-0.15615627910817015
-0.16932878052981337	-0.16635772075378705
-0.052446700926854106	-0.0707481863342505
-0.07980577584214288	-0.1033365731665295
-0.01067795861488463	-0.018906481496346973
-0.10317258660173945	-0.10251666529707615
-0.08783138270197455	-0.0965413226075577
-0.3058472374741381	-0.2920431290649999
-0.2769474207571978	-0.3050881458933418
0.05655902849878913	0.034413342258009454
-0.25422392234620617	-0.2679438226336734
-0.42934217876331715	-0.42823247267718906
-0.10961601068228166	-0.112251553637755
-0.14498698894628426	-0.15113643949307196
-0.22261240602210464	-0.2136512701448528
0.03791483989365396	0.03332432733074549
-0.32070382321438196	-0.3165489692213519
-0.3963005523216854	-0.392128986370234
-0.24392991866055524	-0.26255722668463405
-0.20948115887974872	-0.20338942362926085
-0.5054129331796151	-0.5066904266395453
-0.22178412140243609	-0.20862847700205847
-0.16558877408544248	-0.17182951476378305
-0.1171533109934213	-0.11625480579533497
-0.34165324706742783	-0.3391256464534397
-0.2497593241610856	-0.25739576550797416
-0.11888855467971293	-0.12144015362125239
-0.09157334941332529	-0.14522211880348823
-0.1468144213341951	-0.13100386250556584
-0.30417811059704025	-0.29687959627686344
-0.27327545295968836	-0.2619079890169601
-0.5060908787805651	-0.5052280473715058
-0.29897352520991305	-0.29451398898809256
-0.12773293623742	-0.11680664558700732
-0.21850284997243286	-0.2533517411610608
-0.0823346385184145	-0.09365771038580992
-0.19106429983061624	-0.1657699399524337
-0.10478372958700177	-0.11273691887324327
-0.3970639611068183	-0.4228131682772841
-0.08362681042863063	-0.08632676363205176
-0.4401446176599775	-0.45221249577767325
-0.5625219769835645	-0.5466234023575127
-0.09958361104860636	-0.11712212719086243
-0.45533932706033653	-0.4591675905961274
-0.323227100211116	-0.317737733276705
-0.24216583034085115	-0.24265656101594985
-0.03896318749903216	-0.05765210021764157
-0.2684175001188187	-0.26227119357012657
-0.22178281258103638	-0.2107474100183945
-0.19715112894175135	-0.15094154395435294
-0.29378880724431333	-0.32676862400707096
-0.1418211419974149	-0.1137056522980574
-0.4128956831953525	-0.4071799743486231
-0.41926401053039264	-0.4298157241382107
-0.19974797473225614	-0.21258090896631301
-0.4565764256260856	-0.44988416304265233
-0.3330054667382729	-0.31145271637655114
-0.34191581860629316	-0.34585911026518373
-0.09659156606951669	-0.09797825010365342
-0.2102398639019354	-0.2162752173620438
-0.3431404113334775	-0.3530026850972483
-0.3322126900174691	-0.3639699385986786
-0.5557380880428324	-0.5577948059536717
-0.18637836074663738	-0.171115834304893
-0.2384268943776071	-0.24130423758083488
-0.3281838670008099	-0.31865754212825215
-0.20557986186802957	-0.23782744110654533
0.005666525050783022	-0.00651560761488735
-0.0647829382368661	-0.06746286466700996
-0.3303890586477696	-0.3401144477152533
-0.2351155674732608	-0.2211260528932688
-0.06256559352821611	-0.0616922089280697
-0.13127910483348337	-0.141755708121825
-0.3577411074218322	-0.3424919973707646
-0.19313821337832238	-0.1648051634220796
-0.2517189649887275	-0.25301895474383346
-0.37279119627540513	-0.36407500351283867
-0.28420910575943825	-0.2910553048743017
-0.24248088827620684	-0.25699464409202455
-0.3434122416134233	-0.33003211163354235
-0.06226019473012734	-0.06202413921318042
-0.22570219439529282	-0.22518678853405663
-0.18367396703410588	-0.1976768709461024
0.08355165337412807	0.044631368268047505
-0.004674451746959463	-0.04314742834490387
-0.5499117468286112	-0.5562932248360651
-0.628229214438079	-0.5778296400176272
-0.17276640967446966	-0.1737838867347625
-0.08776414381823372	-0.09603754418196953
-0.12346489994637189	-0.14353408962330452
-0.2657351853362879	-0.26746878657403095
-0.17776533848226173	-0.1865920003520798
-0.25813587981000374	-0.25829403145456453
-0.28514715786772804	-0.28648049039874385
-0.46839084813769816	-0.46733690289202534
-0.615277154082051	-0.6298355245960644
-0.43949552535762315	-0.44876312209609626
-0.28689326283246785	-0.2825399590394255
-0.2292154272630995	-0.23081245161974914
-0.524355799774959	-0.5130815632490977
-0.2453154255950647	-0.25405361849275154
-0.15544264668294083	-0.1445509141145888
-0.1973612559328597	-0.13919950939406175
-0.07168499477835599	-0.07849895508908218
0.09185996229915006	0.08517189549576534
-0.19857619768173507	-0.20858172366057737
-0.08064035470598263	-0.09288105984870809
-0.26719760709555906	-0.27826971486421975
-0.08801190022095362	-0.07091380308547932
-0.26782366601006835	-0.26786660219436526
-0.2010461468061866	-0.23630755774025042
-0.3318323526174911	-0.21934312806196554
-0.10993745446351966	-0.12276917160299451
-0.13008761301996508	-0.13078474838286272
-0.1929129471389146	-0.2048893919810527
-0.22110199532474617	-0.22826785980175024
-0.3728716891156978	-0.3663514086327098
-0.5198654612094753	-0.5132555459001288
-0.17651042083454271	-0.1614943737738039
-0.4554621040873936	-0.4509997458199385
-0.1990337072355297	-0.21646913896522463
-0.12851618762699957	-0.12544293478100696
-0.5163531441886775	-0.5141563240880221
-0.2958772499569733	-0.2964917396195811
-0.06814969737950882	-0.07342109306086163
-0.2999834791568077	-0.29360200070587533
-0.15680789997171551	-0.18976439950278218
-0.331553994806546	-0.3116017207638467
-0.4367489614087896	-0.42134299864499875
-0.4749088691820287	-0.47828840617722024
-0.2704812777932357	-0.2736004305468524
-0.28959638723178216	-0.2904192641286182
-0.23668494464633483	-0.25826595045768536
-0.5132116548127801	-0.5095838147036434
-0.45931029941169754	-0.45982722503186535
-0.23641743548971128	-0.2304696609012257
-0.1265045412333059	-0.14011496668602144
-0.07199813035541958	-0.07027018010799548
-0.44670828878387603	-0.4464821134913676
-0.11516441318105741	-0.14352027180398572
-0.13971183416162525	-0.1372486483190602
-0.6126681152646416	-0.6196871554679638
-0.3695302250488064	-0.3738235892036991
-0.5366246797720002	-0.5336458672281253
-0.2966707747158548	-0.2946722099693563
-0.11409753825713942	-0.11545094639183269
-0.14411808983293817	-0.133036822813461
-0.19765304666994687	-0.34073130231210097
-0.49824600664215524	-0.4961683628956105
-0.4959178312795327	-0.4813642166452354
-0.07679712134765015	-0.05770015430659963
-0.1530561946529163	-0.09353333816266673
-0.36737803404165703	-0.3715071098904326
-0.537021496751418	-0.53192289927522
-0.41404321685237555	-0.4168626152815988
-0.3885234237214492	-0.337503060855785
-0.33690467194671214	-0.35373418257932393
-0.21373238483858437	-0.3089723221530752
-0.170373151310919	-0.18462533633939446
-0.39779645854806844	-0.39919635956818267
-0.4629797651865255	-0.4658931661973275
-0.3398825459686261	-0.33401834138050124
-0.3351740462839654	-0.3118134625794733
-0.15267065794829282	-0.1502312849818756
-0.37268780302775006	-0.38780128038161366
-0.2622859519838521	-0.26951149889726783
-0.13795349565856796	-0.1302686446044366
-0.14311444575275	-0.13354179795686008
-0.30042077077938867	-0.31058273805924136
-0.11410641069314931	-0.1385820797731314
-0.3871055255212337	-0.4022491572673878
-0.2729098474364342	-0.34211702581100584
-0.19029512523132475	-0.18433921033377512
-0.23313703181810563	-0.22453776909776563
0.007835611674757104	0.013576891395707402
-0.4181675545123582	-0.4171492137119216
-0.15687665346938928	-0.1635313476749646
-0.4169140819424202	-0.41583481831163316
-0.3465445229008868	-0.34000379410194287
-0.09910468475377421	-0.11343160593059341
-0.2492069570743265	-0.26124822848051626
-0.2465199095401509	-0.24352953385101364
-0.3931039357257866	-0.3984752634790793
-0.18800455264533866	-0.14985902081392072
-0.13408324036988173	-0.13458165879140643
-0.2691238774031266	-0.2666250996489887
-0.14453607343251385	-0.1407950613233505
-0.1466912284499058	-0.09658399908217256
-0.4776983345339989	-0.4442686594095731
-0.43992205940768603	-0.42062227118443807
-0.37051543707411483	-0.356044237020319
-0.47302572012037913	-0.47592840668848807
-0.26902570785300917	-0.26888773535002664
-0.28583518357932647	-0.29138235022701225
-0.10191576863954843	-0.12994968117761338
-0.49308051186297597	-0.4837372176478081
-0.47936348268981543	-0.4759462143362895
-0.474651387029807	-0.4714387341990161
-0.19576031921140036	-0.17572516365259686
-0.12730510521974736	-0.13490385689088732
-0.2120549757363328	-0.195791612526727
-0.05356071664532358	-0.0600343214592676
-0.6180948891722569	-0.6034342483047536
-0.3376232982314402	-0.32048003026415245
-0.11209183141478896	-0.12564859733955727
-0.33852264334708515	-0.32277281182648593
-0.3188848692163555	-0.31044907405493627
-0.5990749308362187	-0.5441683777126147
-0.12946946774977608	-0.11805835007890453
-0.3133007143262727	-0.2875194789174482
-0.5511576695773712	-0.5590782929849828
-0.05146731482216538	-0.08359688814973548
-0.36412320433742984	-0.3373620242320947
-0.2509482614822094	-0.2458451709674018
-0.2210344297729403	-0.2538303403222534
-0.18245008677730645	-0.18802420303346293
-0.4134038105587585	-0.4062963342095566
-0.14508037392905848	-0.14536015631514207
-0.4787870336250366	-0.48297406504274276
-0.347717697800479	-0.332451158395211
-0.41891109392743253	-0.4134786464054248
-0.5450167022590762	-0.5368988819585221
-0.2998346420345861	-0.3105138441389972
0.07757902166869801	0.09128851789773945
-0.6186313110310913	-0.6094597014409938
-0.0482857106198713	-0.0696191696915483
-0.2802146226532063	-0.25739417013944643
-0.07122141987786001	-0.09541783655677877
-0.15930233673198746	-0.15486111484155493
-0.22509073576144978	-0.2225027816495482
-0.40316395275049466	-0.42073354128587925
-0.11216290676804519	-0.1811898312735266
-0.2876269165570875	-0.2449778682966277
-0.563213667007405	-0.5698729976893299
-0.1094408215600069	-0.10976287470693046
-0.050715094093722435	-0.06977874171344425
-0.38996101180888854	-0.40563775963936
-0.25900437226282147	-0.27606702881498674
-0.19905028413520842	-0.19205189509295448
-0.13793854930739435	-0.13449368190032648
-0.20062712805264216	-0.1775759715605912
-0.2093646093173369	-0.23152051683188746
-0.08899737600667912	-0.10638864647954496
-0.32345288655178983	-0.3223472156675528
-0.1787571424786698	-0.18050405393853816
-0.308337658893322	-0.3011945828825898
-0.2833822790039804	-0.24741637746586484
0.009053070629000182	0.027031429986787082
-0.12931128465414954	-0.137006735918499
-0.3718454942331064	-0.38234291987084346
-0.17186286759320524	-0.18388432547800027
-0.13853783860448132	-0.1310245253197508
-0.46323462908665825	-0.4795770624729696
-0.07824178950089955	-0.058590621687289304
-0.4754876908308052	-0.48063738748090934
-0.4637034269055835	-0.4811771984589532
-0.29252837596501635	-0.28534517063836823
-0.17743385126040145	-0.1754502065784455
-0.18335329481458018	-0.1819700846523778
-0.5443307828426063	-0.5418293889363832
-0.18949697523795184	-0.2008738905289227
-0.15920460236759748	-0.17977641671986405
-0.4473337282718255	-0.4476420233432316
-0.4096366083224421	-0.42426737888549226
-0.2870170310602713	-0.30273573714923474
-0.4123434187251407	-0.40288184248091063
-0.008396048514446974	0.00020536912383488295
-0.22940360315067565	-0.2285166675117075
0.08905185194435994	0.09971445445186809
-0.06638280679966702	-0.07109173100541641
-0.5931914869359858	-0.5752541243903486
-0.04348755704757856	-0.05204551003735076
0.034695807033344295	0.03594671288054389
-0.6163823807123627	-0.6170117811813514
-0.17753340947348484	-0.17886863738402892
-0.0025805761274408923	-0.013188934902757389
-0.14226197793804918	-0.1038306581603638
-0.5058832367362935	-0.49799205018812515
-0.5219339250913775	-0.5110813322865658
-0.06122117818272432	-0.05551516099904068
-0.04814673294467475	-0.055924582966362206
-0.4188600716931017	-0.4265199094094853
-0.1270044099135763	-0.1270958826576809
-0.31983495860874633	-0.3073604167465007
-0.04286092010588227	-0.04483594118309052
-0.35967085834127843	-0.3656996341233895
-0.1759404412140544	-0.1710606406235911
-0.10317748728900789	-0.10618205680664208
-0.26305374449898977	-0.2345066154781433
-0.2273571026968897	-0.2535758828301074
-0.47105270090836626	-0.4369027676875842
-0.3158676942956058	-0.31941565918626524
-0.46723225670384405	-0.4837992219945829
-0.23242296783477734	-0.25620736033407093
-0.2555725803832809	-0.5015068923853657
-0.48272741005039954	-0.48766245700410693
-0.2885943732197429	-0.2851218643868126
-0.4031972065349425	-0.3855575030242601
-0.24119682321312386	-0.248127086156237
-0.44153385469547146	-0.4417426070449417
-0.37714963299048954	-0.38032994899868444
-0.07404351500382411	-0.06191120142945841
-0.28686724451473644	-0.2814343123295686
-0.3424944780329726	-0.3179313625359157
-0.2761779594243343	-0.29139459512588356
-0.14675048865384355	-0.16138889314406457
-0.4540549478964806	-0.47082357987759915
-0.22351494301457642	-0.2253006352810537
-0.19304149582753727	-0.4384296750910493
-0.21815225121280513	-0.22502562565617829
-0.25893751334749915	-0.24261913427695414
-0.49496567477218	-0.49316126391322274
-0.31411326473846035	-0.3423731034875037
-0.022298659486212458	-0.022719142973282435
-0.009141931668448677	-0.010186148247243771
-0.05998026322761163	-0.04294262798487208
-0.37229736803475255	-0.3062405742593547
-0.37831420001840677	-0.3798667883602345
-0.4513337521690932	-0.4589199345105587
-0.13223401226262332	-0.15217447414019072
-0.3346685210663125	-0.3232270539551663
-0.42998919613588704	-0.5894424204094688
-0.34655723265976945	-0.3397047329485959
-0.12218260398696046	-0.11188926905076102
-0.3005995426693584	-0.27281893867015633
-0.1746369649048365	-0.1803602338065508
-0.5999688935997298	-0.6053625671980798
-0.1413644077595162	-0.15369964406969905
-0.18961207438427152	-0.20458796216285183
-0.33312331118684035	-0.31400234519130016
-0.33963470665673157	-0.34569516833637565
-0.13248876265386933	-0.14286888094386613
-0.16412246317986146	-0.16586131189480005
-0.2871442008915972	-0.28030692838706406
-0.26340950581893274	-0.2083611049764536
-0.42450805509313483	-0.418506392824178
-0.14270812295359825	-0.14144795264254795
-0.2000248262254818	-0.20655955941990886
-0.31388853401990335	-0.31935019288679983
-0.05677370662645487	-0.0688773697758415
-0.5128355155999813	-0.5275182696372391
-0.49941725832111317	-0.5163398692521693
-0.4689233492474765	-0.46157416999178486
-0.04835830874153135	-0.05631810712406725
-0.08925646667707277	-0.10271139564332074
-0.31953244401564174	-0.29791944407444815
-0.004669672396683033	-0.010700239917747498
0.040948561412958995	0.038002631987311325
-0.4336228347731055	-0.4587247040392114
-0.11185301089983479	-0.07678340421845911
-0.2324297731904723	-0.23500517114749878
-0.2686379653790105	-0.2689450736870084
-0.4490999282259063	-0.4489660891225323
-0.4812233232695142	-0.5014739547332354
-0.06865554321340817	-0.09679125568890423
-0.05177366439662112	-0.04037968199540686
-0.5025306248275765	-0.48160256712778465
-0.08435122734455014	-0.07682676590898427
-0.0723906470438056	-0.09168902814070809
-0.09451952133096775	-0.09300507082938284
-0.19948266084914934	-0.1919764343948759
-0.2931213743751737	-0.248362726978857
-0.117768948971821	-0.11273622401022525
-0.4129728280840652	-0.4236987137331677
-0.29678652974244457	-0.2846822777631155
-0.16585595083182536	-0.16223126874203395
-0.14904542235635088	-0.13834513963886208
-0.13306843937560764	-0.22264606690563946
-0.45223463410231624	-0.44906097574427756
-0.5500724401493855	-0.54927520178433
-0.13896870109788395	-0.13580188451796693
-0.07339107284868795	-0.05329452392818339
-0.19055094162706787	-0.21251683385831013
-0.17614326513517575	-0.16735719934563847
-0.4991759131421265	-0.4883845556983243
-0.13813659140385504	-0.13013524157838832
-0.19150039235316552	-0.5423520644291453
-0.10165582899295522	-0.10252391178268437
-0.4386911253066632	-0.4637396416174482
-0.5695284367025266	-0.5670542998027411
-0.21714875239931608	-0.21242905520029476
-0.24094289471854324	-0.2496747206870789
-0.10748993966264386	-0.09320947372234398
-0.44177937516975696	-0.4251239848317044
-0.13162304107962797	-0.1345443975316469
-0.4642499480581197	-0.46079617404487994
-0.18470132249207438	-0.19537148836558013
-0.40828012049302664	-0.403214446398986
-0.10283549923088842	-0.15388597966592377
-0.6131461562264828	-0.6318716499026631
-0.4904903164802752	-0.5109181140008596
-0.3528653349168014	-0.2664735961817235
0.005200695480344741	-0.0022749061594912034
-0.39957000421518707	-0.4021806623162054
-0.2817659080736714	-0.3012616254286885
-0.07942867927111674	-0.07975777655866388
-0.08759522912899875	-0.07347540245548365
-0.23786754605403004	-0.235883452738233
-0.009209474905681247	-0.004089577544417325
-0.3236766337792609	-0.31393725954416646
-0.13128027202865766	-0.13415990153062807
-0.2294735425656631	-0.24745538241453574
-0.43954656028945127	-0.4425413126832519
-0.2987517896077776	-0.3173209954830435
-0.09453451777098998	-0.102586930900089
-0.28116845142847957	-0.2695845402049781
-0.26399297688458123	-0.24883186527103637
-0.2769177172377244	-0.2764728815011964
-0.26644883095929295	-0.2655266614572314
-0.11222734656666411	-0.11825823068880001
-0.16422651183533699	-0.19927693545060263
-0.04443863355551869	-0.04078235528490021
-0.32399571316220843	-0.26998852923269
-0.4333840316660549	-0.4575878326232643
-0.056365495775237306	-0.06952319805159424
-0.11872455245362268	-0.12888111013377243
-0.16452881905667915	-0.165143599428406
-0.11476369104374129	-0.10244544568396603
-0.6132238032015849	-0.6272373736807595
-0.3731594618421603	-0.3743513721165742
-0.08817450783541858	-0.08856817047322267
-0.30394366083987734	-0.3397039629261423
-0.18608901495366403	-0.18411998537491878
-0.48832539758917726	-0.5091809892851531
-0.4295982426597025	-0.43761169566825103
-0.5202464763350569	-0.5137198454863631
-0.4804202046561201	-0.4966067634861966
-0.4887596508132308	-0.48291317102121234
-0.08087516345743495	-0.0859832822734019
-0.4830020812899587	-0.49078289697384636
-0.19939507601206685	-0.2092851018320616
-0.2518239230725312	-0.11475824673300752
-0.10857319053213921	-0.09482609734351431
-0.07446622670013525	-0.05806357735595244
-0.2763248021643179	-0.2807251088191811
-0.06029866709882814	-0.06951340907832759
-0.3285255552084081	-0.37692112484826373
-0.26310026933567787	-0.2697687230125004
-0.40747859827013855	-0.4101174251874034
-0.27159677582667374	-0.2647730954492451
-0.35947451650062767	-0.35718321688696625
-0.2672562583449265	-0.24415320760459938
-0.05083225840161809	-0.06626598921318659
-0.31943851170835913	-0.3501699440668267
-0.6076927298239276	-0.6042683717190303
-0.246567436203037	-0.2400188095180019
-0.1731521628345698	-0.17351703658972448
-0.24233859954906567	-0.2599364488334679
-0.3964867845278004	-0.3985388857477556
-0.21302578213829104	-0.193371290611563
-0.45382751352209194	-0.4522403951974543
-0.1740480880182238	-0.17873751221770284
-0.2891377003970561	-0.2868486119201406
-0.023644909772126965	-0.004434937604216628
-0.2650376742445797	-0.26702038840392406
-0.2842349575065537	-0.27327849756852074
-0.08841213149270732	-0.07732929830144232
-0.04719783249884202	-0.03823545745525858
-0.34669747795048167	-0.3588598743837294
-0.4377934370905683	-0.4424194850307815
-0.2524944266131648	-0.2314795344204175
-0.2640802139995033	-0.2557230572920929
-0.09086910125140868	-0.10461097830786016
-0.3638300155851315	-0.35207500586199114
-0.31422231330650874	-0.3039687460832357
-0.2561507055235692	-0.2470644418073243
-0.262306101710287	-0.2655592639932876
-0.37699107333628756	-0.37379374840363444
-0.5448030646084288	-0.560370395631609
-0.6001035311613077	-0.588011046668647
-0.11429760242592835	-0.10976431921982296
-0.2981492356938027	-0.31532931959705024
-0.3355971331796912	-0.2753620533939391
-0.18760130536674335	-0.19661779177957073
-0.39050241525734997	-0.3951877688441782
-0.27937447486578293	-0.30739313632675586
-0.48205816519717537	-0.45503396624629205
-0.10310160220842146	-0.10382795005730602
-0.2589657404466381	-0.2564541343972037
-0.12497885969793199	-0.15659822318543373
-0.34018494488979556	-0.3539460414665462
-0.22891533109058138	-0.2227993372218214
-0.23664288515506549	-0.25584431377229133
-0.17680017892299915	-0.17621231818214766
-0.2925750252494339	-0.30630371430896774
-0.19248444220059113	-0.18953450743113526
-0.19800395727981268	-0.20268813013546774
-0.09190519140633402	-0.10414673052736968
-0.4926380686550349	-0.4897556657483131
-0.028752527777998083	-0.09634604778981033
-0.0718774026051765	-0.06577136365561549
-0.4269041828152149	-0.43066939086942446
-0.31071277332241554	-0.29036223832964086
-0.414897775637046	-0.4020316834997075
-0.34499078472527245	-0.33712920990415973
-0.34386684905514997	-0.3215522768597396
-0.3193227714594986	-0.33012425582140614
-0.17237994688308067	-0.15136625593178182
-0.329290393177029	-0.2921401115020012
-0.4829471636941971	-0.46969111452116535
0.0353750681677365	0.02992053547824323
-0.4070207136379498	-0.3663095328722651
-0.3381345660207611	-0.33444241668193947
-0.12894864837633158	-0.12206310885371269
-0.27419085909384044	-0.262540589602195
-0.03117642393978315	-0.03725593690051731
-0.49685921347549566	-0.5098456652337185
-0.29061039904971864	-0.29403441906370303
-0.3406545350685306	-0.3413851474043237
-0.269971244733334	-0.2725300553490996
-0.34071618948632754	-0.33937563310580515
-0.5228909135307447	-0.5264491658241389
0.08588980856223749	0.0983534452378491
-0.3418881857527687	-0.35631857402331407
-0.24053194469721006	-0.24753321890863314
-0.2874639266318324	-0.285174596940017
-0.11617930262451548	-0.12120175840641055
-0.2496160304359556	-0.2372185865198387
-0.2841754850299676	-0.287348931183685
-0.4125825981008413	-0.402072977591915
-0.20020514612453066	-0.22428708484886306
-0.12311135943159357	-0.12286166354039463
-0.08681350063271331	-0.10535224856192256
0.022940459842677896	0.027601389225048532
-0.09852556849997463	-0.14760521345687944
-0.36758742856658433	-0.3716902567470289
-0.15030724875615853	-0.13446433890899595
-0.6103360530729462	-0.5953205710477009
-0.33281723122942886	-0.34079257903669535
-0.054425068693266354	-0.04118389172000666
-0.02575105339379391	-0.1546129738380579
-0.2865303343278782	-0.28100918249204215
-0.13247049999304128	-0.1287419524483436
-0.30299676190481506	-0.2939060900130952
-0.26062236065929323	-0.2533060899755701
-0.15001766364986402	-0.15190679381762584
-0.3076235763745121	-0.3185394404512838
-0.013826297469938353	0.015267149248839344
-0.03921401258950752	-0.028443589627201223
-0.17018084274784506	-0.15573781979342965
-0.4428278161553001	-0.44697297644204
-0.18309140052439687	-0.19480414568983706
-0.17532266611606495	-0.18632279317394587
-0.1804770624623373	-0.1596227076894078
-0.47024302709093213	-0.4813882032619383
-0.04023022603995585	-0.027343238177656756
-0.3152396269709179	-0.30702924273406745
-0.16350706601643505	-0.15738454588104578
0.017646989225097442	0.00804023394929378
-0.17924376320604374	-0.1717499337796656
-0.1325647631795821	-0.03129590946868914
-0.5038109399838602	-0.5060362671658809
-0.176835682777309	-0.17362882052962453
-0.42310098498589976	-0.42894558469592037
-0.29555655087371413	-0.2585629328924641
-0.507826911027605	-0.5115090477173627
-0.5126836399886603	-0.506007834857335
-0.5216401667783117	-0.5260235205715372
-0.2733301944227211	-0.275594844788912
-0.512306552612106	-0.5041236146669477
-0.3146866093821288	-0.316859533809725
-0.09242465991621884	-0.10011596638864421
-0.12028570180988041	-0.12127980451796032
-0.20162986811563144	-0.20849925417193724
-0.45923648488307656	-0.4593779561807057
-0.11966545212976065	-0.14348873613893445
-0.17286421637157012	-0.17136424950847676
-0.25286837203956036	-0.2561124007363735
-0.5562170558738115	-0.5446039716277974
-0.5064450828395035	-0.4672503469656295
-0.34591348899668617	-0.34660563964877955
-0.3124335672888927	-0.311144164961976
-0.43836594902187187	-0.4559544115275284
-0.18665928857792657	-0.2095258318553217
-0.005847960364021354	-0.0014345258571129673
-0.3358331648199986	-0.326983393896273
-0.44578693116606516	-0.45055120866850357
-0.5053295024438418	-0.5068185576706733
-0.08660681068795917	-0.07841822838762201
0.06372142054290819	0.056326731791055455
-0.42577522776261034	-0.4313913697833609
-0.38530282547746175	-0.39570864920706667
-0.09626411138564261	-0.09051154331081174
-0.21410781477666774	-0.22056609042000838
-0.18363785703631752	-0.16158525427665507
-0.1787867992558958	-0.18407155107184855
-0.29893809205417377	-0.2927204279170486
-0.47127886763772153	-0.47348382059617694
-0.6267998580838672	-0.6271062360516613
-0.36123113599729884	-0.3840493326710241
-0.2839735936835659	-0.2852862795069034
-0.29613110725369296	-0.2978665974307989
-0.33705840593538916	-0.33533648476404704
0.02443019992286999	0.012343753294863428
-0.3484741470390711	-0.3610712897796285
-0.022190251267049987	-0.009413654725225961
-0.18225649830633905	-0.13821291284838333
-0.31711179455059835	-0.3105925606545615
-0.06393341788761919	-0.07267253386264787
-0.5443923904762187	-0.5487382920416636
-0.41843402051033074	-0.4277809837954459
-0.13785143539707967	-0.13759198540143563
-0.3097716804508588	-0.3154369707214216
-0.2797780054770538	-0.2514104669215381
0.025578512587653535	0.019705538337616714
-0.06847762303200788	-0.08421408745360782
0.19359283839289354	0.12959525261641178
-0.466817492215295	-0.46365031226003944
-0.20172469298068485	-0.19680487814161335
-0.27434622012713206	-0.25792533980898036
-0.08787988710703853	-0.08087456989315209
0.0669559744352286	-0.033789046760792384
-0.18486592091679555	-0.18574646205482523
-0.27634102774394975	-0.3014530947167397
-0.4681484891336609	-0.46635719015574334
-0.3319558424216513	-0.32772917080981484
-0.03928903515366766	-0.03686883371103164
-0.4287815575290512	-0.44336515344326144
0.012121957971217512	0.004640750210681432
-0.43204114353047274	-0.4292454502803626
-0.16667675201673582	-0.15188203866172872
-0.2673498355909665	-0.2570352676539967
-0.26161970675904733	-0.25908092651708015
-0.08911692067460031	-0.07122073337402861
-0.1003347440379736	-0.09730495433063259
-0.49455488135949466	-0.49192301670043087
-0.6349689069822588	-0.6297442830896878
-0.31901473601149277	-0.31215877009587856
-0.03338107414920266	-0.07359170946957014
-0.26724196490548735	-0.2737007516399342
-0.2939780335565896	-0.2756333461586645
-0.26586963649897033	-0.24723023704903374
-0.09699420159819461	-0.1006271839838365
-0.009504250330856223	-0.02625345774200752
0.07920586767861515	0.08475918568053098
-0.04628280784499594	-0.07586312462634888
-0.11820852194149367	-0.15073856977913444
-0.27151850248474574	-0.28390061574303643
-0.19473009968791732	-0.19233983850921663
-0.44648940164929307	-0.45611063479227254
-0.16221777461524134	-0.1619624709208724
-0.41172746718042585	-0.4077029238707911
-0.08236535400434875	-0.07302160594023767
-0.3095265182931337	-0.3002284476437784
-0.26459552486410054	-0.2624887081461087
-0.2970950189140815	-0.30105288320985385
-0.47011040380630664	-0.49418034752322504
-0.043626325561213264	-0.04832288193650813
-0.1305523768193062	-0.14726702412690257
-0.5496718298357015	-0.536300240359729
-0.3157411516841737	-0.30933004662520475
0.016169187095140813	0.0003474787436746967
-0.3336914978899461	-0.3462575383825443
-0.3283386485377937	-0.34226138259661526
-0.3016205645727945	-0.3093332390028294
-0.3792425641148416	-0.3731668713741973
-0.5506123430535226	-0.5241570643393357
-0.005981470756673879	-0.015826643324001643
-0.6354022171380329	-0.6063096745057175
-0.03996472571215648	-0.023447440384108436
-0.1445394708449843	-0.1519311414337426
-0.30470917062303826	-0.23490576304385666
-0.4748634416149411	-0.48044364219903457
-0.14852777201359935	-0.14544816774130825
-0.3368550530602592	-0.398817703195312
0.03183363752764379	0.04757943628148883
-0.48897016235993274	-0.4979435286983411
-0.3433200070490088	-0.363049711925467
-0.03828417720362154	-0.035620097081890074
-0.48411909271012554	-0.48150301266702145
-0.3291131666178648	-0.29026916404971886
-0.1064034561396241	-0.11401416276262168
-0.2187948159062989	-0.20613883092607482
-0.2453476180673677	-0.25226388650490866
-0.36720690243451326	-0.4066076508940821
-0.49355209056503924	-0.5083707361075235
-0.18681277210314917	-0.18680038539970872
0.03235900874104125	0.027626745150218252
-0.45101531688823293	-0.46090150274352115
-0.032939947179632334	-0.0346088463565302
-0.414763239453082	-0.3915729716202828
-0.44320899959557103	-0.46145526945081194
-0.20763764941618668	-0.16373775059294035
-0.09613044618676625	-0.08683742098626847
-0.38453733520869626	-0.3907495054934882
-0.20727551548811896	-0.24375121569844163
-0.3270329824042406	-0.33601465563209176
-0.03170400418560604	-0.05991118709290176
-0.32964878504865514	-0.32596032930849717
-0.20295939139311692	-0.2173410528865012
-0.37016233460748893	-0.34920579215308867
-0.3434881209623821	-0.3674895386921604
-0.2836849620501809	-0.29038248741042333
-0.5034273313878099	-0.4979142667797151
-0.15188767701899053	-0.17209323269954063
-0.6127349074284316	-0.6131044633535512
-0.16047020919345556	-0.16220570772825893
-0.2624145926497752	-0.24874122247848138
-0.2971159368134071	-0.31703747647450403
-0.3997766660992763	-0.4007251396311797
-0.3954277232929275	-0.3927061287673914
-0.592553038140391	-0.5740919417642848
-0.08190327560864041	-0.09407302093534518
-0.3515697582155184	-0.3002131992378829
-0.00985477965820536	-0.01924664438459886
-0.21537198210829267	-0.23771908103701805
-0.0012606501544958348	0.010714693131908362
0.03617582250416618	0.01978722271270092
0.043093481044570225	0.03751838425574163
-0.22428160480396198	-0.21505365599358126
-0.2755187566525903	-0.29057051991347516
-0.293449940138494	-0.29838723191458383
-0.5355751924617405	-0.5530726720560482
-0.5521647600036896	-0.5632423441334614
-0.1638443549570674	-0.15841536209937684
-0.45317584368459585	-0.4495408641306339
-0.27983850764866425	-0.2903030085653445
0.015665982970632264	0.014087178778646209
-0.12640952447567066	-0.13413246816831217
-0.30304088304834753	-0.3028836677186926
0.00010090616721747381	0.00854826796049548
-0.3712253249428654	-0.3748866643282548
-0.17043230832570622	-0.17337565039184794
-0.32225627620856123	-0.30273837643177215
-0.3034460254712066	-0.3099617505823992
-0.4128748091941299	-0.4188148238902429
-0.0874504837531882	-0.07939197830541524
-0.4136029576355824	-0.41238751090924086
-0.17971889036878874	-0.17561316420243472
-0.433240664499011	-0.44375605972806753
0.2139293936579687	0.17408314648877873
-0.2311171689362128	-0.22023704721563928
-0.22941508718311443	-0.2207074292794508
-0.422598701203289	-0.425403004361928
-0.32194392640474945	-0.34976066016480645
-0.1726792986104897	-0.17070687473124538
-0.25608839319522847	-0.24541511759629317
-0.11593270446673465	-0.15895734091437264
-0.2247154757796217	-0.2433661703398609
-0.09632084705654265	-0.09630441165794447
-0.24085699115496872	-0.23610411826922875
-0.22761951167111416	-0.21692979193712247
-0.47233062110731794	-0.4649227505924581
-0.2840906743309395	-0.3073748139189772
-0.12419437286064738	-0.12914197325541418
