1.686310183352026093e-01 1.961140060240084294e-03 1.000000000000000000e+00 1.000000000000000000e+06
1.681187380213505500e-01 1.957597629198585751e-03 1.000000000000000000e+00 3.162277660168379080e+05
1.665234251789659559e-01 1.946724193003343496e-03 1.000000000000000000e+00 1.000000000000000000e+05
1.617149651013603806e-01 1.915020559907085456e-03 1.000000000000000000e+00 3.162277660168379225e+04
1.485226992014675729e-01 1.830234879067464031e-03 1.000000000000000000e+00 1.000000000000000000e+04
1.202075725016366059e-01 1.583535568796332798e-03 1.000000000000000000e+00 3.162277660168379498e+03
1.202056726158805128e-01 1.583524246795208834e-03 3.162277660168379394e-03 1.000000000000000000e+06
8.385690573956391947e-02 1.140813872656241826e-03 1.000000000000000000e+00 1.000000000000000000e+03
8.385173401906584334e-02 1.140695631638560413e-03 3.162277660168379394e-03 3.162277660168379080e+05
6.030483660903942361e-02 5.885418248497619950e-04 1.000000000000000000e+00 3.162277660168379043e+02
6.029582858699964604e-02 5.881220229694971314e-04 3.162277660168379394e-03 1.000000000000000000e+05
5.212829435695072455e-02 3.008034086814766672e-04 1.000000000000000000e+00 1.000000000000000000e+02
5.211307632004905793e-02 3.016579510292934454e-04 3.162277660168379394e-03 3.162277660168379225e+04
4.905332383880459113e-02 3.284245091283605764e-04 1.000000000000000000e+00 3.162277660168379256e+01
4.902242063956351037e-02 3.305928934831354007e-04 3.162277660168379394e-03 1.000000000000000000e+04
4.595627769908609828e-02 3.658300104867454636e-04 9.999999999999999124e-06 1.000000000000000000e+06
4.595614497993198710e-02 3.658253412231536974e-04 3.162277660168379394e-03 3.162277660168379498e+03
4.593358100332479987e-02 3.618583329825384646e-04 1.000000000000000000e+00 1.000000000000000000e+01
4.261933699610591375e-02 3.633871277200090570e-04 9.999999999999999124e-06 3.162277660168379080e+05
4.261131749959713721e-02 3.634947417441236010e-04 3.162277660168379394e-03 1.000000000000000000e+03
4.170236383833418603e-02 3.507429763564819613e-04 1.000000000000000000e+00 3.162277660168379523e+00
4.010821021550010912e-02 3.392296462070969751e-04 9.999999999999999124e-06 1.000000000000000000e+05
3.998828066440725248e-02 3.374307029062592394e-04 3.162277660168379394e-03 3.162277660168379043e+02
3.814187303999028167e-02 3.446014229303585299e-04 9.999999999999999124e-06 3.162277660168379225e+04
3.751771052757485458e-02 3.249762762389939597e-04 3.162277660168379394e-03 1.000000000000000000e+02
3.685875692842672385e-02 2.501582975534161505e-04 1.000000000000000000e+00 1.000000000000000000e+00
3.588979676652810646e-02 3.454863049194125736e-04 9.999999999999999124e-06 1.000000000000000000e+04
3.426731092998148986e-02 2.912132207655565705e-04 3.162277660168379394e-03 3.162277660168379256e+01
3.266533726548560834e-02 3.476734325721681927e-04 3.162277660168379191e-08 1.000000000000000000e+06
3.258166411563605952e-02 3.389118124122382936e-04 9.999999999999999124e-06 3.162277660168379498e+03
3.070846474922840977e-02 3.085654967236953899e-04 3.162277660168379394e-03 1.000000000000000000e+01
2.938916024777844457e-02 3.709959514296746769e-04 3.162277660168379191e-08 3.162277660168379080e+05
2.921156079702884670e-02 3.608862497671245584e-04 9.999999999999999124e-06 1.000000000000000000e+03
2.806077177906959874e-02 3.661339544700122355e-04 3.162277660168379394e-03 3.162277660168379523e+00
2.730468853233727206e-02 4.327873530008535525e-04 3.162277660168379191e-08 1.000000000000000000e+05
2.691384859934802323e-02 4.081647636240282994e-04 9.999999999999999124e-06 3.162277660168379043e+02
2.582424600290894601e-02 4.395421130609756350e-04 3.162277660168379191e-08 3.162277660168379225e+04
2.563908983322842408e-02 4.328726275643153456e-04 3.162277660168379394e-03 1.000000000000000000e+00
2.514239418289550970e-02 3.949736076671905610e-04 9.999999999999999124e-06 1.000000000000000000e+02
2.380902791428930743e-02 4.424655140056135845e-04 3.162277660168379191e-08 1.000000000000000000e+04
2.283810766571678710e-02 3.887265985461048692e-04 9.999999999999999124e-06 3.162277660168379256e+01
2.205702480168449456e-02 4.496346724171872773e-04 1.000000000000000036e-10 1.000000000000000000e+06
2.140680651187437666e-02 3.973082504903837774e-04 3.162277660168379191e-08 3.162277660168379498e+03
2.023164273688731613e-02 3.406911291057443869e-04 9.999999999999999124e-06 1.000000000000000000e+01
2.018548948204796495e-02 4.112564019906881133e-04 1.000000000000000036e-10 3.162277660168379080e+05
1.942081970837911120e-02 3.577201520598048625e-04 3.162277660168379191e-08 1.000000000000000000e+03
1.872388650756615786e-02 3.641527885855558701e-04 1.000000000000000036e-10 1.000000000000000000e+05
1.793776146169244468e-02 2.980388665388292798e-04 9.999999999999999124e-06 3.162277660168379523e+00
1.779666271073072556e-02 2.968996254091798388e-04 3.162277660168379191e-08 3.162277660168379043e+02
1.755016038558843833e-02 3.379017800459895959e-04 1.000000000000000036e-10 3.162277660168379225e+04
1.660371038165955881e-02 2.324241482576600644e-04 3.162277660168379191e-08 1.000000000000000000e+02
1.648975425507694798e-02 2.726254307583711109e-04 1.000000000000000036e-10 1.000000000000000000e+04
1.596441790544501221e-02 2.387977627177373678e-04 9.999999999999999124e-06 1.000000000000000000e+00
1.571233645485155608e-02 2.055681144563661184e-04 1.000000000000000036e-10 3.162277660168379498e+03
1.555700382978532012e-02 1.830230255409974439e-04 3.162277660168379191e-08 3.162277660168379256e+01
1.500982790871883098e-02 1.618642106011167669e-04 1.000000000000000036e-10 1.000000000000000000e+03
1.435371457239275825e-02 1.430215133882048982e-04 3.162277660168379191e-08 1.000000000000000000e+01
1.417417329999693353e-02 1.584092790049395206e-04 1.000000000000000036e-10 3.162277660168379043e+02
1.312477151240988224e-02 1.829550568804328716e-04 1.000000000000000036e-10 1.000000000000000000e+02
1.301769324923914527e-02 1.678152339376022322e-04 3.162277660168379191e-08 3.162277660168379523e+00
1.203580877585722596e-02 2.078760886801434829e-04 1.000000000000000036e-10 3.162277660168379256e+01
1.173239846946880910e-02 2.009928423279617917e-04 3.162277660168379191e-08 1.000000000000000000e+00
1.110033903054492843e-02 1.970916596705856675e-04 1.000000000000000036e-10 1.000000000000000000e+01
1.015556652929341074e-02 1.935609081985514488e-04 1.000000000000000036e-10 3.162277660168379523e+00
1.007881373100937526e-02 3.773654941645957482e-04 1.000000000000000036e-10 1.000000000000000000e+00
