1.678047223227638329e-01 1.374782649278015858e-03 1.000000000000000000e+00 1.000000000000000000e+06
1.672957374873151049e-01 1.372116157786130129e-03 1.000000000000000000e+00 3.162277660168379080e+05
1.657107078993601545e-01 1.363797630980220256e-03 1.000000000000000000e+00 1.000000000000000000e+05
1.609310378123687268e-01 1.336652857062463990e-03 1.000000000000000000e+00 3.162277660168379225e+04
1.478186859246818086e-01 1.250936412854269670e-03 1.000000000000000000e+00 1.000000000000000000e+04
1.196901756293464736e-01 1.002787383940040343e-03 1.000000000000000000e+00 3.162277660168379498e+03
1.196882823130565876e-01 1.002725517835081556e-03 3.162277660168379394e-03 1.000000000000000000e+06
8.368486303092489975e-02 6.166345401373712638e-04 1.000000000000000000e+00 1.000000000000000000e+03
8.367973714161237864e-02 6.164522727581696468e-04 3.162277660168379394e-03 3.162277660168379080e+05
6.031455778885706082e-02 2.751664488096658380e-04 1.000000000000000000e+00 3.162277660168379043e+02
6.030563533839322643e-02 2.745573683445843606e-04 3.162277660168379394e-03 1.000000000000000000e+05
5.212126313007948986e-02 3.446998912803546020e-04 1.000000000000000000e+00 1.000000000000000000e+02
5.210610967408861594e-02 3.438178345746066393e-04 3.162277660168379394e-03 3.162277660168379225e+04
4.904853502220142547e-02 3.367127910303483449e-04 1.000000000000000000e+00 3.162277660168379256e+01
4.901736294492434892e-02 3.338551444346591463e-04 3.162277660168379394e-03 1.000000000000000000e+04
4.595478990649831674e-02 3.441324532153457096e-04 9.999999999999999124e-06 1.000000000000000000e+06
4.595466024265890820e-02 3.441322629277725220e-04 3.162277660168379394e-03 3.162277660168379498e+03
4.593265024932533663e-02 3.473387833492602283e-04 1.000000000000000000e+00 1.000000000000000000e+01
4.265898621513614097e-02 3.275640756514524654e-04 9.999999999999999124e-06 3.162277660168379080e+05
4.265091754361986093e-02 3.272477343235333149e-04 3.162277660168379394e-03 1.000000000000000000e+03
4.172791114796979561e-02 3.312112342559373314e-04 1.000000000000000000e+00 3.162277660168379523e+00
4.020143441647296145e-02 2.554746814805180675e-04 9.999999999999999124e-06 1.000000000000000000e+05
4.008172065992583744e-02 2.529594428242033875e-04 3.162277660168379394e-03 3.162277660168379043e+02
3.827635054930496328e-02 1.626365466933093757e-04 9.999999999999999124e-06 3.162277660168379225e+04
3.764986370021517620e-02 1.380976237518825585e-04 3.162277660168379394e-03 1.000000000000000000e+02
3.695048279440384109e-02 2.397715467790239457e-04 1.000000000000000000e+00 1.000000000000000000e+00
3.603219417735654961e-02 9.700949353122949391e-05 9.999999999999999124e-06 1.000000000000000000e+04
3.440627506340154795e-02 7.448942698612184550e-05 3.162277660168379394e-03 3.162277660168379256e+01
3.278033190516926876e-02 1.040355210966202972e-04 3.162277660168379191e-08 1.000000000000000000e+06
3.269914264480085209e-02 9.983770497562457537e-05 9.999999999999999124e-06 3.162277660168379498e+03
3.087731464144847365e-02 7.208727029884280007e-05 3.162277660168379394e-03 1.000000000000000000e+01
2.946924411429834370e-02 1.378114720052364629e-04 3.162277660168379191e-08 3.162277660168379080e+05
2.930092385802809951e-02 1.374892667621225618e-04 9.999999999999999124e-06 1.000000000000000000e+03
2.820295086537305540e-02 1.355692940070595182e-04 3.162277660168379394e-03 3.162277660168379523e+00
2.736842861484943892e-02 1.662207826148265322e-04 3.162277660168379191e-08 1.000000000000000000e+05
2.699375312086760292e-02 1.690254066284274648e-04 9.999999999999999124e-06 3.162277660168379043e+02
2.585117796856139030e-02 1.962829955919995369e-04 3.162277660168379191e-08 3.162277660168379225e+04
2.571099673637309777e-02 2.082617938239668507e-04 3.162277660168379394e-03 1.000000000000000000e+00
2.516818460738553392e-02 1.841619992381566965e-04 9.999999999999999124e-06 1.000000000000000000e+02
2.378762271294385805e-02 2.221246552911445649e-04 3.162277660168379191e-08 1.000000000000000000e+04
2.278096415390095872e-02 1.971240913240057224e-04 9.999999999999999124e-06 3.162277660168379256e+01
2.204992585990617551e-02 1.780536828118490112e-04 1.000000000000000036e-10 1.000000000000000000e+06
2.137577006880971714e-02 1.928052808297511312e-04 3.162277660168379191e-08 3.162277660168379498e+03
2.019762258050646422e-02 1.451373466117923173e-04 1.000000000000000036e-10 3.162277660168379080e+05
2.016310107144547031e-02 1.990979319774264882e-04 9.999999999999999124e-06 1.000000000000000000e+01
1.937534424934686181e-02 1.449617978965074203e-04 3.162277660168379191e-08 1.000000000000000000e+03
1.872138856483228017e-02 1.395853027300691072e-04 1.000000000000000036e-10 1.000000000000000000e+05
1.792236847299830821e-02 1.782900944606064940e-04 9.999999999999999124e-06 3.162277660168379523e+00
1.774232836683360334e-02 1.163184693321667380e-04 3.162277660168379191e-08 3.162277660168379043e+02
1.752344719973816800e-02 1.414168989546793346e-04 1.000000000000000036e-10 3.162277660168379225e+04
1.656103736870154913e-02 1.056681914902297926e-04 3.162277660168379191e-08 1.000000000000000000e+02
1.645893400143879498e-02 1.067651519932123397e-04 1.000000000000000036e-10 1.000000000000000000e+04
1.593120883820556624e-02 1.572718448262211118e-04 9.999999999999999124e-06 1.000000000000000000e+00
1.569482079665475080e-02 6.265313376841711755e-05 1.000000000000000036e-10 3.162277660168379498e+03
1.556019769035343892e-02 6.577617664759070827e-05 3.162277660168379191e-08 3.162277660168379256e+01
1.500305786869369183e-02 3.517376287175149094e-05 1.000000000000000036e-10 1.000000000000000000e+03
1.435573518789086053e-02 8.792552849879035394e-05 3.162277660168379191e-08 1.000000000000000000e+01
1.417542181237520238e-02 5.425417076784178142e-05 1.000000000000000036e-10 3.162277660168379043e+02
1.310876505951157414e-02 1.067173944725529857e-04 1.000000000000000036e-10 1.000000000000000000e+02
1.300971940909470201e-02 1.667823397863270622e-04 3.162277660168379191e-08 3.162277660168379523e+00
1.199794835387681287e-02 1.808118710647940665e-04 1.000000000000000036e-10 3.162277660168379256e+01
1.164684594493817053e-02 1.431749209155654394e-04 3.162277660168379191e-08 1.000000000000000000e+00
1.103758700609041785e-02 1.572016606572564828e-04 1.000000000000000036e-10 1.000000000000000000e+01
1.015588770041509631e-02 2.168192918240560349e-04 1.000000000000000036e-10 3.162277660168379523e+00
1.010977313556341017e-02 6.227932569664641239e-04 1.000000000000000036e-10 1.000000000000000000e+00
