9.254954588106242830e-02 1.206341619416843869e-03 1.000000000000000000e+00 1.000000000000000000e+06
9.254952380777145549e-02 1.206341721935845837e-03 1.000000000000000000e+00 3.162277660168379080e+05
9.254945400607260397e-02 1.206342046127234632e-03 1.000000000000000000e+00 1.000000000000000000e+05
9.254923327548447709e-02 1.206343071284786145e-03 1.000000000000000000e+00 3.162277660168379225e+04
9.254853528172465871e-02 1.206346312859347871e-03 1.000000000000000000e+00 1.000000000000000000e+04
9.254743664721568064e-02 1.206156222096534201e-03 3.162277660168379394e-03 1.000000000000000000e+06
9.254632820810540506e-02 1.206356561037149472e-03 1.000000000000000000e+00 3.162277660168379498e+03
9.254046337339462414e-02 1.206189069947738663e-03 3.162277660168379394e-03 3.162277660168379080e+05
9.253935059228629578e-02 1.206388942814912591e-03 1.000000000000000000e+00 1.000000000000000000e+03
9.251842957482932228e-02 1.206292687117345745e-03 3.162277660168379394e-03 1.000000000000000000e+05
9.251730304736929811e-02 1.206491085088205002e-03 1.000000000000000000e+00 3.162277660168379612e+02
9.244893984429970735e-02 1.206631743271830912e-03 3.162277660168379394e-03 3.162277660168379225e+04
9.244777245888717576e-02 1.206827860333373713e-03 1.000000000000000000e+00 1.000000000000000000e+02
9.223147220121617751e-02 1.208225594910344132e-03 3.162277660168379394e-03 1.000000000000000000e+04
9.223021211190023105e-02 1.208436573519207835e-03 1.000000000000000000e+00 3.162277660168379256e+01
9.156416285507763819e-02 1.213515958161155315e-03 1.000000000000000082e-05 1.000000000000000000e+06
9.156415763717833112e-02 1.213517031435899134e-03 3.162277660168379394e-03 3.162277660168379498e+03
9.156258298014917363e-02 1.213865878899931736e-03 1.000000000000000000e+00 1.000000000000000000e+01
8.962981704582054232e-02 1.226442695661660769e-03 1.000000000000000082e-05 3.162277660168379080e+05
8.962980897352668119e-02 1.226443605531935595e-03 3.162277660168379394e-03 1.000000000000000000e+03
8.962728166034721056e-02 1.226760539496521158e-03 1.000000000000000000e+00 3.162277660168379523e+00
8.472007141501833316e-02 1.259394354100045561e-03 1.000000000000000082e-05 1.000000000000000000e+05
8.472004411959292713e-02 1.259394485095226193e-03 3.162277660168379394e-03 3.162277660168379612e+02
8.471150970356071397e-02 1.259477763060779009e-03 1.000000000000000000e+00 1.000000000000000000e+00
7.488570497904163681e-02 1.295257543017623234e-03 1.000000000000000082e-05 3.162277660168379225e+04
7.488561539735019701e-02 1.295253234653641469e-03 3.162277660168379394e-03 1.000000000000000000e+02
7.485738374986036781e-02 1.293953366185100718e-03 1.000000000000000000e+00 3.162277660168379412e-01
6.233762255563406185e-02 1.072646367530455521e-03 1.000000000000000082e-05 1.000000000000000000e+04
6.233740407686373663e-02 1.072645457054717316e-03 3.162277660168379394e-03 3.162277660168379256e+01
6.226962501583171994e-02 1.072079516387696146e-03 1.000000000000000000e+00 1.000000000000000056e-01
5.440227484372299471e-02 9.936933406362170700e-04 3.162277660168379191e-08 1.000000000000000000e+06
5.440227299350201134e-02 9.936945853390810688e-04 1.000000000000000082e-05 3.162277660168379498e+03
5.440186162004155557e-02 9.937147717553461868e-04 3.162277660168379394e-03 1.000000000000000000e+01
5.428123078503876986e-02 9.999910387936679183e-04 1.000000000000000000e+00 3.162277660168379134e-02
5.044514264487638677e-02 9.073832847131775093e-04 3.162277660168379191e-08 3.162277660168379080e+05
5.044513800031165396e-02 9.073770752820931778e-04 1.000000000000000082e-05 1.000000000000000000e+03
5.044387565862730460e-02 9.074658423988280886e-04 3.162277660168379394e-03 3.162277660168379523e+00
5.017418745888577863e-02 9.284438488401198716e-04 1.000000000000000000e+00 1.000000000000000021e-02
4.743130049815404842e-02 7.750498268236780857e-04 3.162277660168379191e-08 1.000000000000000000e+05
4.743128492662647411e-02 7.750479179713214151e-04 1.000000000000000082e-05 3.162277660168379612e+02
4.742639780895414880e-02 7.753325281432478814e-04 3.162277660168379394e-03 1.000000000000000000e+00
4.508198123173369487e-02 6.280174165204831715e-04 3.162277660168379191e-08 3.162277660168379225e+04
4.508189199791597795e-02 6.280204968781526306e-04 1.000000000000000082e-05 1.000000000000000000e+02
4.505430150437580300e-02 6.290153514053260829e-04 3.162277660168379394e-03 3.162277660168379412e-01
4.303329461332520284e-02 5.751392594232512291e-04 3.162277660168379191e-08 1.000000000000000000e+04
4.303249625523800775e-02 5.752205364466287480e-04 1.000000000000000082e-05 3.162277660168379256e+01
4.290002801151832773e-02 5.791952679298935629e-04 3.162277660168379394e-03 1.000000000000000056e-01
4.137302345599588871e-02 6.157755163660974963e-04 1.000000000000000036e-10 1.000000000000000000e+06
4.137202918490331255e-02 6.154392027586529264e-04 3.162277660168379191e-08 3.162277660168379498e+03
4.136597389292844679e-02 6.155750236240968608e-04 1.000000000000000082e-05 1.000000000000000000e+01
4.102873754215404650e-02 6.353508066656853330e-04 3.162277660168379394e-03 3.162277660168379134e-02
4.004847144934595843e-02 6.957332771178793450e-04 1.000000000000000036e-10 3.162277660168379080e+05
4.004747297180359655e-02 6.985412788611066294e-04 3.162277660168379191e-08 1.000000000000000000e+03
4.001452067730472406e-02 6.999218586108107553e-04 1.000000000000000082e-05 3.162277660168379523e+00
3.937060725386769267e-02 7.633476668151939308e-04 3.162277660168379394e-03 1.000000000000000021e-02
3.854972747505978903e-02 6.629069984068285647e-04 1.000000000000000036e-10 1.000000000000000000e+05
3.854768406098144778e-02 6.645657082149310267e-04 3.162277660168379191e-08 3.162277660168379612e+02
3.847262425361649280e-02 6.694016300379611708e-04 1.000000000000000082e-05 1.000000000000000000e+00
3.690586901491545169e-02 5.014437411408022294e-04 1.000000000000000036e-10 3.162277660168379225e+04
3.690170908405662059e-02 5.017754447738989034e-04 3.162277660168379191e-08 1.000000000000000000e+02
3.671646768464902760e-02 5.185713908960481750e-04 1.000000000000000082e-05 3.162277660168379412e-01
3.538792803921436692e-02 3.210579866745516043e-04 1.000000000000000036e-10 1.000000000000000000e+04
3.536108814469098721e-02 3.203083659473161208e-04 3.162277660168379191e-08 3.162277660168379256e+01
3.470843016132497266e-02 4.012997317760942369e-04 1.000000000000000082e-05 1.000000000000000056e-01
3.381215205812208857e-02 1.906755880782063164e-04 1.000000000000000036e-10 3.162277660168379498e+03
3.368940700411542088e-02 2.020183590948449403e-04 3.162277660168379191e-08 1.000000000000000000e+01
3.210186329695130514e-02 2.430609362994712167e-04 1.000000000000000036e-10 1.000000000000000000e+03
3.210147956055141305e-02 3.560343370051839316e-04 1.000000000000000082e-05 3.162277660168379134e-02
3.172759949004626961e-02 2.768426587459573763e-04 3.162277660168379191e-08 3.162277660168379523e+00
3.041053182362936716e-02 3.337220794658546331e-04 1.000000000000000036e-10 3.162277660168379612e+02
2.962788235319925925e-02 3.384471257815304486e-04 3.162277660168379191e-08 1.000000000000000000e+00
2.908994873079526894e-02 3.116264206470531744e-04 1.000000000000000082e-05 1.000000000000000021e-02
2.908102997284316496e-02 3.196709903036729756e-04 1.000000000000000036e-10 1.000000000000000000e+02
2.802531976065442132e-02 2.698082467175951004e-04 1.000000000000000036e-10 3.162277660168379256e+01
2.782244146540512400e-02 2.308125420403915736e-04 3.162277660168379191e-08 3.162277660168379412e-01
2.682774906494739264e-02 3.169067838229331995e-04 1.000000000000000036e-10 1.000000000000000000e+01
2.623258882709411655e-02 1.896282794443545998e-04 3.162277660168379191e-08 1.000000000000000056e-01
2.529997516956369180e-02 3.429486302108816190e-04 1.000000000000000036e-10 3.162277660168379523e+00
2.463027810901667614e-02 1.592559867000419222e-04 3.162277660168379191e-08 3.162277660168379134e-02
2.446144395587606171e-02 1.083749682123619261e-03 1.000000000000000036e-10 1.000000000000000021e-02
2.393895153744177856e-02 2.106084703862534538e-04 1.000000000000000036e-10 1.000000000000000000e+00
2.329797013767123670e-02 2.446781148558424112e-04 3.162277660168379191e-08 1.000000000000000021e-02
2.325833420546793290e-02 1.821320610360879105e-04 1.000000000000000036e-10 3.162277660168379412e-01
2.283495161258319861e-02 5.355356177422553130e-04 1.000000000000000036e-10 3.162277660168379134e-02
2.283444643770876636e-02 3.365265219607735088e-04 1.000000000000000036e-10 1.000000000000000056e-01
