1.318023716520857758e-01 2.488443621069255825e-03 1.000000000000000000e+00 1.000000000000000000e+06
1.318022757896256114e-01 2.488443604598932456e-03 1.000000000000000000e+00 3.162277660168379080e+05
1.318019726472744735e-01 2.488443552507177501e-03 1.000000000000000000e+00 1.000000000000000000e+05
1.318010140406415953e-01 2.488443387696705374e-03 1.000000000000000000e+00 3.162277660168379225e+04
1.317979827968139561e-01 2.488442865696705725e-03 1.000000000000000000e+00 1.000000000000000000e+04
1.317891816431426000e-01 2.489098412337599747e-03 3.162277660168379394e-03 1.000000000000000000e+06
1.317883985270748848e-01 2.488441206756345642e-03 1.000000000000000000e+00 3.162277660168379498e+03
1.317588935247984983e-01 2.489092540433684390e-03 3.162277660168379394e-03 3.162277660168379080e+05
1.317581040467073750e-01 2.488435878475600636e-03 1.000000000000000000e+00 1.000000000000000000e+03
1.316632501549012679e-01 2.489073151668763553e-03 3.162277660168379394e-03 1.000000000000000000e+05
1.316624618742578134e-01 2.488410006948327258e-03 1.000000000000000000e+00 3.162277660168379612e+02
1.313623536795343605e-01 2.488934529784072452e-03 3.162277660168379394e-03 3.162277660168379225e+04
1.313615046327721303e-01 2.488268884202247521e-03 1.000000000000000000e+00 1.000000000000000000e+02
1.304259844589365225e-01 2.488687337977892045e-03 3.162277660168379394e-03 1.000000000000000000e+04
1.304250206472598872e-01 2.488115106212866572e-03 1.000000000000000000e+00 3.162277660168379256e+01
1.276160725217393155e-01 2.481453345887337653e-03 1.000000000000000082e-05 1.000000000000000000e+06
1.276160683087583236e-01 2.481452052493655133e-03 3.162277660168379394e-03 3.162277660168379498e+03
1.276147373897723869e-01 2.481036860755799368e-03 1.000000000000000000e+00 1.000000000000000000e+01
1.200143330260472763e-01 2.466789284808118977e-03 1.000000000000000082e-05 3.162277660168379080e+05
1.200143256955194665e-01 2.466788384615179255e-03 3.162277660168379394e-03 1.000000000000000000e+03
1.200120251757833129e-01 2.466495937462210696e-03 1.000000000000000000e+00 3.162277660168379523e+00
1.039718356932116394e-01 2.460366809472499302e-03 1.000000000000000082e-05 1.000000000000000000e+05
1.039718257579802102e-01 2.460366597553074585e-03 3.162277660168379394e-03 3.162277660168379612e+02
1.039686976000591817e-01 2.460301508225149706e-03 1.000000000000000000e+00 1.000000000000000000e+00
8.229491100773421441e-02 2.394648111125290916e-03 3.162277660168379394e-03 1.000000000000000000e+02
8.229491061473165336e-02 2.394649034497979990e-03 1.000000000000000082e-05 3.162277660168379225e+04
6.744372078765151213e-02 1.973540787602151222e-03 1.000000000000000082e-05 1.000000000000000000e+04
6.744364739619621019e-02 1.973533990822049378e-03 3.162277660168379394e-03 3.162277660168379256e+01
6.085755762984441930e-02 1.740373554998039200e-03 3.162277660168379191e-08 1.000000000000000000e+06
6.085755231246490343e-02 1.740373055663498253e-03 1.000000000000000082e-05 3.162277660168379498e+03
6.085676408057696246e-02 1.740352705990145382e-03 3.162277660168379394e-03 1.000000000000000000e+01
5.739872202522017242e-02 1.552511121459689870e-03 3.162277660168379191e-08 3.162277660168379080e+05
5.739869776046017946e-02 1.552511930357012042e-03 1.000000000000000082e-05 1.000000000000000000e+03
5.739113963019953912e-02 1.552578790033170165e-03 3.162277660168379394e-03 3.162277660168379523e+00
5.374386239920945357e-02 1.440970937059471652e-03 3.162277660168379191e-08 1.000000000000000000e+05
5.374363806649938569e-02 1.440974120119598110e-03 1.000000000000000082e-05 3.162277660168379612e+02
5.367440826662739362e-02 1.441952431871325845e-03 3.162277660168379394e-03 1.000000000000000000e+00
4.897289821277391042e-02 1.261401666512109712e-03 3.162277660168379191e-08 3.162277660168379225e+04
4.897124033210886046e-02 1.261448564427935680e-03 1.000000000000000082e-05 1.000000000000000000e+02
4.350635759691771215e-02 8.859526732114170232e-04 3.162277660168379191e-08 1.000000000000000000e+04
4.349835231195366136e-02 8.866680922504469346e-04 1.000000000000000082e-05 3.162277660168379256e+01
3.810610233999467411e-02 4.223310273649189439e-04 1.000000000000000036e-10 1.000000000000000000e+06
3.810596275203093075e-02 4.226711635338951446e-04 3.162277660168379191e-08 3.162277660168379498e+03
3.807883633087978670e-02 4.254205105936416701e-04 1.000000000000000082e-05 1.000000000000000000e+01
3.374951252029616267e-02 2.225361180959545770e-04 1.000000000000000036e-10 3.162277660168379080e+05
3.374923411700685855e-02 2.224384915857716149e-04 3.162277660168379191e-08 1.000000000000000000e+03
3.363593365597720986e-02 2.372704260543708572e-04 1.000000000000000082e-05 3.162277660168379523e+00
3.066338457792735367e-02 2.139452933236885251e-04 1.000000000000000036e-10 1.000000000000000000e+05
3.065843478430483465e-02 2.139784808218987927e-04 3.162277660168379191e-08 3.162277660168379612e+02
3.038483308786289402e-02 2.234904706756245230e-04 1.000000000000000082e-05 1.000000000000000000e+00
2.826890784093127884e-02 2.454768613274137495e-04 1.000000000000000036e-10 3.162277660168379225e+04
2.823782999270015720e-02 2.453138093593299233e-04 3.162277660168379191e-08 1.000000000000000000e+02
2.638328401579510471e-02 2.711312922168583801e-04 1.000000000000000036e-10 1.000000000000000000e+04
2.625770547104677721e-02 2.663480088420747149e-04 3.162277660168379191e-08 3.162277660168379256e+01
2.463530506003970902e-02 2.816604836254501631e-04 1.000000000000000036e-10 3.162277660168379498e+03
2.429080988594807186e-02 2.458746324000244212e-04 3.162277660168379191e-08 1.000000000000000000e+01
2.281147091009065944e-02 3.466688896797657398e-04 1.000000000000000036e-10 1.000000000000000000e+03
2.225981371541336379e-02 2.752709078052843804e-04 3.162277660168379191e-08 3.162277660168379523e+00
2.106563225337239678e-02 3.983974481930049405e-04 1.000000000000000036e-10 3.162277660168379612e+02
2.014797290551944078e-02 3.632864030796518953e-04 3.162277660168379191e-08 1.000000000000000000e+00
1.960903352891590207e-02 4.508991575044959304e-04 1.000000000000000036e-10 1.000000000000000000e+02
1.826609578172637763e-02 4.712469289372261125e-04 1.000000000000000036e-10 3.162277660168379256e+01
1.685370363174517466e-02 5.019036893066290781e-04 1.000000000000000036e-10 1.000000000000000000e+01
1.571236078854298251e-02 4.105358525283097867e-04 1.000000000000000036e-10 3.162277660168379523e+00
1.498113752985394398e-02 4.351472800083917305e-04 1.000000000000000036e-10 1.000000000000000000e+00
