1.317563419505946576e-01 2.682326939586501553e-03 1.000000000000000000e+00 1.000000000000000000e+06
1.317552849542049653e-01 2.682317864463983504e-03 1.000000000000000000e+00 3.162277660168379080e+05
1.317519425830407376e-01 2.682289167595931518e-03 1.000000000000000000e+00 1.000000000000000000e+05
1.317413745262174807e-01 2.682198432019756561e-03 1.000000000000000000e+00 3.162277660168379225e+04
1.317079739242199565e-01 2.681909916359438099e-03 1.000000000000000000e+00 1.000000000000000000e+04
1.316027227472554295e-01 2.681898908880946900e-03 3.162277660168379394e-03 1.000000000000000000e+06
1.316025058424991068e-01 2.680994813887862399e-03 1.000000000000000000e+00 3.162277660168379498e+03
1.312709359616765215e-01 2.679218756027467764e-03 3.162277660168379394e-03 3.162277660168379080e+05
1.312706018270726749e-01 2.678266725357227301e-03 1.000000000000000000e+00 1.000000000000000000e+03
1.302366197359887678e-01 2.670371574851943767e-03 3.162277660168379394e-03 1.000000000000000000e+05
1.302358921247933621e-01 2.669477814732501477e-03 1.000000000000000000e+00 3.162277660168379612e+02
1.271165194045486280e-01 2.646674842112560141e-03 3.162277660168379394e-03 3.162277660168379225e+04
1.271149196145730520e-01 2.645622134315549386e-03 1.000000000000000000e+00 1.000000000000000000e+02
1.185965233031927024e-01 2.577743293641022483e-03 3.162277660168379394e-03 1.000000000000000000e+04
1.185938520028877036e-01 2.576726054606646565e-03 1.000000000000000000e+00 3.162277660168379256e+01
1.003705523358210810e-01 2.229426292686860923e-03 1.000000000000000082e-05 1.000000000000000000e+06
1.003705500993855859e-01 2.229421909428313565e-03 3.162277660168379394e-03 3.162277660168379498e+03
1.003698627636486762e-01 2.228038560504240571e-03 1.000000000000000000e+00 1.000000000000000000e+01
7.534516434264267037e-02 1.598927913854316209e-03 1.000000000000000000e+00 3.162277660168379523e+00
7.533278432174751738e-02 1.599925575910470877e-03 3.162277660168379394e-03 1.000000000000000000e+03
7.533274512478319029e-02 1.599928735313726601e-03 1.000000000000000082e-05 3.162277660168379080e+05
5.658313329686076587e-02 1.103068219440791293e-03 1.000000000000000000e+00 1.000000000000000000e+00
5.656028920622070688e-02 1.101195058494877036e-03 3.162277660168379394e-03 3.162277660168379612e+02
5.656021737377736613e-02 1.101188604081042256e-03 1.000000000000000082e-05 1.000000000000000000e+05
4.814359895085740249e-02 8.496671035113618304e-04 1.000000000000000082e-05 3.162277660168379225e+04
4.814329788807255456e-02 8.497465780609224448e-04 3.162277660168379394e-03 1.000000000000000000e+02
4.364624942312887723e-02 8.045908590198600115e-04 1.000000000000000082e-05 1.000000000000000000e+04
4.364165399993512329e-02 8.047730847470728043e-04 3.162277660168379394e-03 3.162277660168379256e+01
3.976015001359280848e-02 8.649668385848501050e-04 3.162277660168379191e-08 1.000000000000000000e+06
3.975999739551255852e-02 8.649737846704498188e-04 1.000000000000000082e-05 3.162277660168379498e+03
3.971247600792580934e-02 8.666543571949470283e-04 3.162277660168379394e-03 1.000000000000000000e+01
3.642409639379245306e-02 8.777114221906807305e-04 3.162277660168379191e-08 3.162277660168379080e+05
3.642254906666304859e-02 8.777190269644788304e-04 1.000000000000000082e-05 1.000000000000000000e+03
3.597613419784232575e-02 8.766559454467271481e-04 3.162277660168379394e-03 3.162277660168379523e+00
3.306106221195705130e-02 8.737436571023873269e-04 3.162277660168379191e-08 1.000000000000000000e+05
3.304636646997418520e-02 8.735881665731589241e-04 1.000000000000000082e-05 3.162277660168379612e+02
3.045345030608270082e-02 7.859478797928952766e-04 3.162277660168379394e-03 1.000000000000000000e+00
2.944695206310257718e-02 6.982433957435016381e-04 3.162277660168379191e-08 3.162277660168379225e+04
2.933319548803303700e-02 6.987664169509991965e-04 1.000000000000000082e-05 1.000000000000000000e+02
2.619500990167619725e-02 5.262366525928108664e-04 3.162277660168379191e-08 1.000000000000000000e+04
2.555335852510256384e-02 5.382657199451453944e-04 1.000000000000000082e-05 3.162277660168379256e+01
2.389421896821952024e-02 6.013663719539823595e-04 1.000000000000000036e-10 1.000000000000000000e+06
2.387831165210923048e-02 6.013461333039604251e-04 3.162277660168379191e-08 3.162277660168379498e+03
2.223935049597398558e-02 7.717206030937265879e-04 1.000000000000000036e-10 3.162277660168379080e+05
2.212683416933287212e-02 7.751138452541424121e-04 3.162277660168379191e-08 1.000000000000000000e+03
2.209584667081171058e-02 5.906583290371967762e-04 1.000000000000000082e-05 1.000000000000000000e+01
2.164800929375902336e-02 3.587865330158582309e-03 1.000000000000000036e-10 1.000000000000000000e+00
2.110238284170667944e-02 9.337803081731461214e-04 1.000000000000000036e-10 1.000000000000000000e+05
2.045336701310720290e-02 9.527386916217304384e-04 3.162277660168379191e-08 3.162277660168379612e+02
2.039702130291911469e-02 9.739819574326955822e-04 1.000000000000000036e-10 3.162277660168379225e+04
1.979913463816174515e-02 9.208948970125131056e-04 1.000000000000000036e-10 1.000000000000000000e+04
1.963530556240425731e-02 6.976528471386197723e-04 1.000000000000000082e-05 3.162277660168379523e+00
1.881021702068350065e-02 8.665855354542198203e-04 1.000000000000000036e-10 3.162277660168379498e+03
1.869551929389039538e-02 1.050097109809475368e-03 3.162277660168379191e-08 1.000000000000000000e+02
1.849307759190359571e-02 2.515630480390668687e-03 1.000000000000000036e-10 3.162277660168379523e+00
1.798719849900762974e-02 8.223048669627757053e-04 1.000000000000000036e-10 1.000000000000000000e+03
1.770146634993531934e-02 8.718196000354047409e-04 1.000000000000000082e-05 1.000000000000000000e+00
1.745654612352262602e-02 8.784902816358271813e-04 3.162277660168379191e-08 3.162277660168379256e+01
1.744323711038658908e-02 8.961224470477453493e-04 1.000000000000000036e-10 3.162277660168379612e+02
1.685451655629673084e-02 1.133088084962587290e-03 1.000000000000000036e-10 1.000000000000000000e+02
1.683807687858805344e-02 1.775191521142944085e-03 1.000000000000000036e-10 1.000000000000000000e+01
1.648849732077567465e-02 7.133207534391253603e-04 3.162277660168379191e-08 1.000000000000000000e+01
1.639933076969168207e-02 1.443126264051748219e-03 1.000000000000000036e-10 3.162277660168379256e+01
1.544313284845496084e-02 5.909202282442275415e-04 3.162277660168379191e-08 3.162277660168379523e+00
1.513701202264085277e-02 7.964685611549665069e-04 3.162277660168379191e-08 1.000000000000000000e+00
