-0.4828675859370417	-0.463978081083258
-0.16199507402987656	-0.16656484341445627
-0.13194589738285245	-0.12821697217788583
-0.14035217923077248	-0.1722237376549476
-0.0617339408009272	-0.060988215108599406
-0.2977142209168857	-0.2888871082025199
-0.4545817101692382	-0.45194604483627604
0.04844165291927727	0.058267977526563694
-0.39992918407706934	-0.4676685199658367
-0.2166817387137865	-0.21010112319975582
-0.015989430347980615	0.0026758779284406873
-0.34026959445039395	-0.3285827955983581
-0.1791138536677046	-0.17604794050867678
-0.4598280799933878	-0.5021465611768491
-0.48238284472945914	-0.5189456890851288
-0.35098765364206574	-0.34928447595137163
-0.08178869756038942	-0.05146535959491543
-0.18690004524529424	-0.20330494302728716
-0.16146850552226422	-0.1580859631482724
-0.22112229571474895	-0.2440514666244422
-0.38050569731313644	-0.3647443611015059
-0.39257315485327915	-0.42534253479461737
-0.19200151428875856	-0.20009502826573897
-0.129172931400638	-0.13303002567561462
-0.22339434640674405	-0.2144586221972714
-0.07381706818416589	-0.03888255077899745
-0.17552420390152967	-0.21049607812663526
-0.13446935533986348	-0.1311191623937493
-0.19097974664439654	-0.1744125798113173
-0.4411963071594238	-0.4366436735285262
-0.22404172072571793	-0.24303655498958682
-0.17686885348243653	-0.1579480990777208
-0.1960583323965288	-0.1357871072498877
-0.10110752992470129	-0.10514436557107187
-0.0823136037545158	-0.08008539719279324
-0.6127747515258406	-0.6202552958629466
-0.23176505228126132	-0.21059054685396245
-0.34346001440861684	-0.3298779244387723
-0.04170942843474634	-0.05151876850931803
-0.2352177849463546	-0.2021361661585322
-0.2716641179253063	-0.2993046461083613
-0.11743246634477522	-0.11000312972922192
-0.06015158396033016	-0.06548106957534318
-0.4529208155579756	-0.4472002378015746
-0.11088396970995973	-0.1019583726441644
-0.42949862228948543	-0.39928459133483923
-0.42628270829403636	-0.43778261409989355
0.0023907906951290414	-0.007066142647539961
-0.3759963003048359	-0.35690595961631194
-0.630910568700715	-0.6292741445835753
-0.19354949236154795	-0.1918650260301501
-0.36447936237629364	-0.3676617494803316
-0.3526872060999722	-0.3513235534078294
-0.5145767457977177	-0.5217249364644927
-0.007329768761264788	-0.002444509251336132
-0.26489974537379357	-0.22505303776331295
0.024901766666347136	0.031152118231495277
-0.5414372843672375	-0.562784437085594
-0.338187887113806	-0.30722544810283825
-0.32737812568978075	-0.30183197094452907
-0.2508810532744743	-0.27214442755221985
-0.34162566940171857	-0.3345857993294609
-0.16605569962173394	-0.16386232739848022
-0.15279173260138101	-0.18868865920044023
-0.2520654545854386	-0.238444187742695
-0.10898324123124148	-0.1192269727705899
-0.01908340929131569	-0.025774574071466917
-0.35733510551111713	-0.3622822634311796
-0.18402879401157612	-0.15796080282401634
-0.36534120578111207	-0.34447755296557375
-0.020839762294871278	0.022601612127461666
-0.3780944051855446	-0.37676618298618875
-0.18103998104718144	-0.1577511751160384
-0.13478383510519798	-0.13346650511790908
-0.3993314550383875	-0.412012055204901
-0.5463038206974069	-0.5216900780608011
-0.2801763383317173	-0.25117820337971036
-0.2484996154274235	-0.2410237423392339
-0.21345953050534483	-0.22645404913965655
-0.45137886562595675	-0.4539711194809947
-0.23372657805268116	-0.24889902340670964
-0.277678270074011	-0.329550620939323
-0.4274443507788739	-0.4347832316806148
-0.2599332042220768	-0.2437961202744438
-0.18904855214529626	-0.18214504907810722
-0.3276099211745276	-0.3170200452825343
-0.18921248386563683	-0.19716440534275662
0.05047903581645574	0.030563291479788614
-0.33591631259105803	-0.35571602216016807
-0.4685740171262891	-0.4821612967003114
-0.26602571642155937	-0.2513352874810167
-0.09596153976510724	-0.10195882580506173
-0.0840423122566678	-0.08594140535114066
-0.09534057693003462	-0.09804180675701588
-0.08042033980349128	-0.10738097347095622
-0.43849330913023365	-0.43625981477048853
-0.08852040069493139	-0.09104667267187143
-0.3247509294455675	-0.3196407158172953
-0.18152448195641746	-0.16934903067142734
-0.3348392948046284	-0.31128693979259187
-0.2566004757586011	-0.25378459342452786
-0.21330793298700446	-0.22152733175214337
-0.297580712631226	-0.28142650253554413
-0.07531482280018409	-0.09664296619177237
-0.5483270118566068	-0.5826186450506238
-0.4989787786454132	-0.4848270078855764
-0.1767983073195687	-0.17151820956038705
-0.2857812668333439	-0.27543289127225457
-0.26427735626461235	-0.2848077495969792
-0.3441890686925575	-0.32588703602012675
-0.1567750881389811	-0.1534982802284045
-0.14916253643449728	-0.13355125848037916
-0.13283303672990243	-0.13258075875266337
-0.3765669821773212	-0.369774452895123
-0.1291335417641042	-0.14706080681194936
-0.3324551365590702	-0.33253479644587375
-0.16374695698766573	-0.13176098306387826
-0.23863511266672077	-0.23973841302822854
-0.06350996966564182	-0.050856810556449875
-0.14124853667599524	-0.12727297597272724
-0.12451322680966914	-0.1332436838732997
-0.33131222254761994	-0.29595989306808806
-0.1803704425861543	-0.17877218638617123
-0.4524226680687242	-0.4548159817998218
-0.31493322546499947	-0.3190093106449522
-0.32283821312205596	-0.36998072795806936
-0.38446858381846294	-0.4039664520833068
-0.15818522286345704	-0.14793443998616163
-0.020884412604242897	-0.02157990504052793
-0.5234574814578759	-0.5277524076669748
-0.15898107926017957	-0.16376881284124778
-0.5068477157759972	-0.5323058369263682
-0.4508178127400351	-0.44065973934601
-0.1306835102671915	-0.1172155170247935
-0.19218755176070879	-0.23639321903706143
-0.2292413821811845	-0.24590085182353805
-0.45660984376285185	-0.4690847780013584
-0.04630489571346619	-0.08956844536200792
-0.29547683478906883	-0.30400144942822643
-0.054168162811630616	-0.07321636514429562
-0.1907062142998246	-0.22375007292387908
0.0024683235844760176	-0.005461025797369222
4.814404142639006e-05	-0.019727006669122214
-0.3808389237798533	-0.40712290790917527
-0.5647357493808292	-0.5527373642146409
-0.13089692025266153	-0.14968800208309702
-0.09951911503886457	-0.09554918737982972
-0.3438646144850299	-0.3366107555412548
-0.05956967052166462	-0.08036419714339034
-0.3458133217361796	-0.34673746032019476
-0.3389999439203688	-0.31414666656747486
-0.34020336203944623	-0.33391589302933755
-0.3391556260061588	-0.3402554886353319
-0.3350038269195208	-0.3411844718324088
-0.09603940438434222	-0.0909031260833245
-0.2180474723224357	-0.23245398429817168
-0.07831572902971207	-0.0668335805038168
-0.4957466597629985	-0.4982371066866738
-0.38990640029125245	-0.42254258833279024
-0.33552083276396516	-0.32899401547926965
-0.3511883173423662	-0.34053752369200424
-0.314356624181106	-0.31931409715295334
-0.20489340048136384	-0.1996390588628106
-0.07533655923800708	-0.08152917860896376
-0.37008033747855507	-0.37326087315594286
-0.29243862132724097	-0.3397053560813883
-0.3680811398319772	-0.3695078709859827
-0.19488365920616246	-0.20455386854689114
-0.10917529687637462	-0.11981383704364836
-0.28713108966904066	-0.32586542878064945
-0.45191937328155163	-0.4583452118084859
-0.28333179389152363	-0.29629084994101795
-0.31073001502601816	-0.3037024088396431
-0.10021062271011338	-0.0382724021206915
-0.05996143748151539	-0.055111679577957234
-0.23679905835380666	-0.23480768969302052
-0.28501789536959343	-0.28083022772791405
-0.38956057504069364	-0.35627331541122986
-0.507569567788325	-0.5050984811288886
-0.2853694432793734	-0.2715224539103008
-0.28534843090604234	-0.30400859827230103
-0.4517429439788714	-0.4377407620662294
-0.12703351826372167	-0.1228256359751217
-0.05446828057495612	-0.05657282166845954
0.03661476070598013	0.041908803083435205
-0.2808063244760728	-0.2738911580189919
-0.18922400042059184	-0.1826453815556917
-0.4614007417007393	-0.44440905965993877
-0.2580173686326592	-0.2725433821595294
-0.34921508710534255	-0.3412344317700478
-0.11039973055112196	-0.11876424884179372
-0.15552714291151482	-0.14472793849230187
-0.19936358666658904	-0.17176678260433673
-0.29337117150711034	-0.2797872974014025
-0.1807825712088036	-0.184198945731037
-0.25276726293899987	-0.25128676873154787
-0.2718748125022721	-0.25625222149680565
-0.4799985835258891	-0.4773273472229149
-0.4792308256421638	-0.45944722321890175
-0.3973704698208369	-0.3939293339954453
-0.3337474816770918	-0.313421694448026
-0.3775903088397943	-0.3517880877265354
-0.3668472317504534	-0.3806192792519142
-0.04400337343557226	-0.017417518057002254
-0.10996079693271454	-0.14728919095544352
-0.4705354508601767	-0.5303157317956597
-0.14167611520645362	-0.1207657401130015
-0.16918322132100272	-0.1729382408989687
-0.4617275017789737	-0.44435459126136934
-0.17662268038861484	-0.16755524091218107
-0.29191885852426047	-0.30626233951031157
-0.08269077549053172	-0.06629013120445117
-0.2968259612666291	-0.28890318488834593
-0.5049195304413203	-0.5078982581930469
-0.41642348956956443	-0.42353463026021015
-0.08464306672565058	-0.07880565768463471
-0.23137413246865535	-0.22754960584813663
-0.09145750139196629	-0.0562753324832585
-0.3049003312751015	-0.28583449141415107
-0.14368166664845816	-0.13596822145225398
0.20407032979768402	0.274542147776319
0.06490492549919402	0.053397110720932735
-0.20430464367223067	-0.20839883448049715
-0.3856288781884665	-0.40005782187479383
-0.026766646325739885	-0.01868838159856737
-0.30063824670036876	-0.3145387661214112
-0.46149723041646595	-0.4301053096799156
0.21487282532628704	0.2028463924484031
-0.2971781951325969	-0.28633361257907397
-0.12495993399908478	-0.1341545524786047
-0.21374839964905057	-0.23581618525223882
-0.12819565589995108	-0.11350129092308432
-0.2681552126274944	-0.2526417433665433
-0.4609832595621919	-0.4468789967911503
-0.4825177934290439	-0.49399773109341716
-0.07974298961147763	-0.06146298074910716
-0.13252141431763054	-0.10962821354309639
-0.3014598193518765	-0.29871383158424464
-0.06007594674152461	-0.04592736425187477
-0.31818844776668875	-0.3231561362243616
-0.4424544177319527	-0.4623726991347583
0.0671118670789248	0.07068926888941982
-0.28823259844056004	-0.250670182088893
-0.15245367132907361	-0.15218096485689636
-0.17292301153197798	-0.21386368693636146
-0.1621764452200516	-0.14689730996691885
-0.46737840158361266	-0.4889653903823975
-0.07965036792498559	-0.09503553919515663
-0.5640692218765162	-0.5053177860726112
-0.09482738411434966	-0.09273501208411221
0.08248343828106819	0.09325961404013076
-0.22870024366851638	-0.24594832113829368
-0.43618819179215684	-0.41676210129786273
-0.2929346390174352	-0.30068255322597354
-0.09435626988674617	-0.10306894091313999
-0.08341391395165765	-0.07113476485728606
-0.09834951534039504	-0.09625811182551174
-0.39026960193804694	-0.3851263463236554
-0.48347001409070334	-0.47336759088599056
-0.07948064230140339	-0.07037732809063511
-0.37546440250643087	-0.4103849741480548
0.024356986926823865	0.020957715540854894
-0.12373640611839054	-0.1772052782900415
-0.19336938018767036	-0.19089365308504783
-0.05647946436173967	-0.059823133740308405
-0.2779771420664181	-0.24344232089597934
-0.19566595294888423	-0.2023971330311327
-0.2262740758624462	-0.24920709089637413
-0.16760109496845388	-0.16320432789623554
-0.06070174300308562	-0.06715878480602921
-0.31637051878228384	-0.31489159395161836
-0.28393345660837	-0.2961571747964478
-0.43856874363542264	-0.4209040896107003
-0.07994083345054825	-0.10288210975520556
-0.2318769935213627	-0.24297215642417963
-0.08771036463757564	-0.08867659885313178
-0.31186736337297205	-0.31270157964567097
-0.03368216364398968	-0.00822302876423963
-0.17943708590737995	-0.19170088392638407
-0.17621720396741658	-0.1692305315996817
-0.254547253425768	-0.29374883108478905
-0.21007916936054016	-0.20923067206107523
-0.06173643494326697	-0.05717685811243737
-0.3542530251519249	-0.3119517543249099
-0.16752326768943604	-0.17334460549205255
-0.34757155845985643	-0.33294205861674003
-0.0642519740999008	-0.05117516672772634
0.011509682075903527	0.031134780042135317
-0.31345004095411966	-0.2972052821576784
-0.18783778182601374	-0.20204133592410672
-0.1306375757832896	-0.11878961458719985
-0.29371471034214913	-0.26864589684922024
-0.11939399319247457	-0.12038307570137119
-0.13638256429232598	-0.1291998496682941
-0.2659788051466059	-0.26815957700776527
0.0755643692887551	0.10619453783278997
-0.256506370286683	-0.23871633192705013
-0.5170471954431122	-0.5300044532969523
0.13648495551826834	0.12573175531470138
-0.1713244301970267	-0.18863580680301856
-0.35963051559202164	-0.3545943329137304
-0.17753478808314682	-0.19936681458891725
-0.37303782929042484	-0.4106501009764373
-0.10794156033149704	-0.12325693553300038
-0.39090160556729714	-0.3730786653525823
-0.2447705983980928	-0.23864365479493752
-0.10945705578562137	-0.07555362814751959
-0.5206022740659879	-0.5238301439109304
-0.10148185551234334	-0.1324908027769478
-0.6061522961955887	-0.5957047421650774
-0.2834681316770933	-0.27674895939412114
-0.029893874193620995	-0.04793843291478715
-0.29135436403258375	-0.2887961073016966
-0.4909345271146375	-0.5303661428859394
-0.33737685636913994	-0.3492483973958494
-0.4390052279066836	-0.4220135779134167
-0.09941654386835452	-0.10121309267572222
-0.3735876898353583	-0.354458069936178
-0.4184264195774663	-0.39702137286658307
-0.2712066261126349	-0.3218193349051867
-0.45990594922153427	-0.46288081864488695
0.10080166597995088	0.10447390750940033
-0.4940024525850948	-0.5138553913531411
-0.177293431321222	-0.15503336953504834
-0.2997252235614445	-0.1705090990016536
-0.14645466188302336	-0.15441808808922455
-0.03604634468715773	-0.04389746923853791
-0.142184650806235	-0.1309031607259392
-0.3389279897061197	-0.33988600529680196
-0.16177190522759055	-0.14771871728621921
-0.2926494058322646	-0.3051215482415042
-0.13127767528009127	-0.12389086427565014
-0.47669718048364906	-0.4399143540527954
-0.056841670350154416	-0.04297648490912941
-0.1828593216348544	-0.1805136242230275
-0.3604249068257994	-0.33638188875472214
-0.30203239543321025	-0.3132453445228337
-0.4930098287777014	-0.5047102494179107
-0.046265796707912976	-0.07264386262669792
-0.11707427974183027	-0.12290847955004335
-0.2816434065162081	-0.2738204019754191
-0.18503934745668715	-0.17984814693744786
-0.07487885270286743	-0.0722181991358025
0.023128478582048473	0.01594505157604126
-0.21405987182571096	-0.21566704181248458
-0.23203765160956014	-0.24756117021295193
-0.09872678997862927	-0.10250852497817899
-0.26095264777854243	-0.2894909876843766
-0.26726946606184665	-0.2755967734084503
-0.029399980763095357	-0.033256839733670045
-0.49395445951937056	-0.498162551491393
-0.04506921302859723	-0.052457571670200764
-0.20582899918291986	-0.2083352848425891
-0.247342821394696	-0.24463368838415497
-0.42623198649414107	-0.4242667781514004
-0.40451278634492027	-0.3760495022041915
-0.1605582250300026	-0.15966012499997675
0.0028463585392550783	0.029940913117835054
-0.30904595675223856	-0.33991414279614557
-0.2508778273883454	-0.25744512120809093
-0.2662459558639334	-0.2483182034561642
0.00023361436540092484	-0.0053254973729044645
-0.18239296687414353	-0.18413245531223657
-0.32527005041628687	-0.3395693131111497
-0.034343151480440426	-0.022577485455463935
-0.48233017897269903	-0.48179962904437307
-0.5130833453929657	-0.5211954511357945
-0.09687235091552537	-0.09850566601521484
-0.447219145661391	-0.3883423869168566
-0.3107123181614	-0.30783930276826144
-0.3675876526294033	-0.39098225441434903
-0.30055205855140876	-0.2956363196032258
-0.4157364732275015	-0.40375279135034864
-0.4216855453171311	-0.43987871392501826
-0.11921425845578959	-0.2131645063494439
-0.6138535147397226	-0.6013486894817801
-0.09755727128312586	-0.08834376110551348
-0.3538911974084922	-0.38947046193419904
-0.05583043019444922	-0.02691410214668108
-0.21816511074761813	-0.19129198418461968
-0.32593120462951397	-0.3212432169630294
-0.3398704448701988	-0.3441996550754564
-0.44593623919066605	-0.442935665886748
-0.27382939556888175	-0.267689949311724
-0.24111515074687695	-0.221130068823105
-0.32639854218610154	-0.3416792828433704
-0.25437587463726175	-0.26385965480561463
-0.28069419896724845	-0.30076306421225024
-0.28821985937802985	-0.26179612934858765
0.09056078780928978	0.09430184537130089
-0.5350739625643985	-0.5249222115983141
-0.43554298231268884	-0.4340064258512933
0.08313026124872014	0.09585940310397188
-0.27934184804863804	-0.28670926283504616
-0.28867819801646455	-0.27741383501423217
-0.27704369941334317	-0.2808480648915225
-0.11961699044597829	-0.1156829263699761
-0.04222845079558191	-0.03861901590853241
-0.1515081102171152	-0.18248492592639148
-0.09281879371601676	-0.07335954186001592
-0.13973873236829526	-0.1187702425003236
-0.36626754297932784	-0.3661363038335529
-0.12341146964145988	-0.12090266031031793
-0.32787724099271465	-0.33765179640826337
-0.10377138715022927	-0.09996698791520318
-0.2451504175933792	-0.23724712402531153
-0.11853699374758264	-0.11689638042606537
-0.12223320717488484	-0.12543861766445014
-0.4602570795134113	-0.4805430999172082
-0.47438401617337433	-0.4630441486449548
-0.17176074603279723	-0.16058866659375318
-0.4938454098148295	-0.502302565702102
-0.03435875245336284	-0.03705315500983425
-0.3489909562409492	-0.34383213556495684
-0.026109259678211316	-0.04752842702283448
-0.22664034421718604	-0.2204846763537766
0.07784598923730535	0.059727626571185015
-0.16160292408657995	-0.14018969988567614
-0.513721343698851	-0.5439654447887126
-0.3116583682919378	-0.3174927563790006
-0.47338287147731783	-0.45074147653335095
-0.15124559400410043	-0.1444999044838764
-0.47256233457137053	-0.44911458944700644
-0.36165557785978386	-0.3867201033202574
-0.5109585308990399	-0.4954695181273962
-0.32029677174248317	-0.2742015778967521
-0.46195253275684856	-0.4769228793619476
-0.33167277068585577	-0.30723593908924474
-0.4713995621692959	-0.4730137359087103
-0.5409753507078134	-0.5481994520330552
-0.35813111092919936	-0.35333185519289717
-0.14060377064845397	-0.9437393544992041
-0.49412654394965116	-0.4678821438754367
-0.18852108028713843	-0.19373721066051192
-0.2238447720242034	-0.21158049165530785
-0.058455053715352534	-0.08975191256938765
0.0684863417305861	0.05778951610668957
-0.27309411871044276	-0.2565295406798949
-0.3773105312211449	-0.37965147062876986
-0.3417171688878504	-0.316601605881595
-0.3094390147493744	-0.3039420141429773
-0.13151599010742743	-0.10210626684057797
-0.17266337248970842	-0.1787225847158622
-0.07116763298709472	-0.07703820148281801
-0.1447300622187342	-0.1470166832984811
-0.10393593182102023	-0.1560654779530684
-0.5029096809092923	-0.5056955372828771
-0.5193526833244944	-0.5144032843148167
-0.13641951597920787	-0.1421286612443656
0.07628435176180837	0.0772788617432859
-0.11368420931318468	-0.1163077144729278
-0.169445581305542	-0.17255094915167596
-0.3286628660636861	-0.3293459396561949
-0.1915006704560538	-0.1926858839256827
0.06769926578112173	0.06274338848456282
-0.09266923694558038	-0.09177925273342931
-0.2008329816455987	-0.19555812477423612
-0.3039296326465397	-0.2829742386559929
-0.36980854348500714	-0.38000560902103053
-0.27898875277407775	-0.280950773163659
-0.01121312410592612	-0.004687257851212616
-0.25043469496269655	-0.27668972522693436
-0.06819530060094703	-0.09148352415218552
-0.34120846412138484	-0.3386359617677578
-0.27760523650837143	-0.27640367578821284
-0.43296576681882293	-0.4308682677420921
-0.5021511246067973	-0.5105670518676428
-0.31747217773287684	-0.32221898797768217
-0.35990266855720243	-0.35437190153654874
-0.4705993390551857	-0.46124345497310854
-0.3939830708754304	-0.37021300967579684
-0.3195496427231239	-0.32629530231896264
-0.2591235671936367	-0.2046077339530914
-0.2994068678782149	-0.3047672860902343
-0.16090690941272356	-0.15866213035315355
0.008743428420618926	0.06254817917444401
-0.194111780673909	-0.2100443015555717
-0.31676079438656046	-0.29902947550830183
-0.44459800887319556	-0.453138255105241
-0.20452063305311619	-0.2088408629595915
-0.36762865786768906	-0.38275880786903366
-0.49500189421699403	-0.5010532497555273
-0.27883284867691316	-0.2596324822889929
-0.23769030637063082	-0.19141667398950596
-0.45035065263607343	-0.4697443522261051
-0.11847911037600589	-0.0961292415207592
-0.34190197849700876	-0.4153562556221631
-0.3358287886456228	-0.3653066884741699
-0.3307955176893831	-0.33435005585735794
-0.2235203181777088	-0.20856017593003262
0.054643102735848714	0.05640865133454046
-0.17684729803923904	-0.1781754890425904
-0.4661632857520388	-0.4504219652576944
-0.26972046245949066	-0.30179089485019844
-0.11891242904032673	-0.11017192598723545
-0.3935022154826697	-0.46272605487131035
-0.08835547656724074	-0.09336106439821089
-0.09872035109273902	-0.10217167755440523
-0.4233932294603475	-0.4439230975959389
-0.27879300762521453	-0.2874088473549896
-0.5161436713890506	-0.5531684384555946
-0.2512587957779928	-0.2919292601205
-0.2880900119454166	-0.2851434388599187
-0.5111609662470329	-0.5132262812376408
-0.12212181672340261	-0.12378996285883462
-0.14438724334288366	-0.14834018130510543
-0.08806291946168265	-0.08178769388322449
-0.07499973688398054	-0.08638152756745077
-0.5050711060078585	-0.5175126738775259
-0.11952853326450885	-0.11774773092325583
-0.36049277501678656	-0.342738321949013
-0.10714146176645478	-0.10102405072598346
-0.11613916425740989	-0.13534284647171346
-0.09902784697033962	-0.09818876884304056
-0.6163797249252063	-0.611934148603201
-0.1295890313412471	-0.16244034577772556
0.05330421275037445	-0.011995774641737688
-0.2331941589456763	-0.23004061363503292
-0.41735483788553474	-0.38709510197103125
-0.47483868651758865	-0.4818026693860671
-0.11244078249178457	-0.1386674723734516
-0.12166906687169288	-0.18526690827919434
-0.04262274653358755	-0.053079900864714695
-0.3600665916881818	-0.3399964770887659
-0.2791850115902914	-0.292559276703876
-0.32424366908013447	-0.3108988652435477
-0.14547286692772854	-0.13868279064758096
-0.07976394539389275	-0.08758056647547666
-0.21874566992157884	-0.2283684878207179
-0.32195877571687426	-0.28020822389013944
-0.15200522334748268	-0.17148952386184932
-0.2974240737398439	-0.32243363292358224
-0.05266440453988075	-0.04043579739948748
0.03688049266877247	0.01637968595623934
-0.20023639216710265	-0.21384825564722476
-0.19805517811030615	-0.20826937010688615
-0.32503295883741856	-0.30645252807028883
-0.20833603417569968	-0.21897822114220603
-0.44935000687303095	-0.4544802925612643
-0.016489666837146366	-0.007254822548247851
-0.26709921213005305	-0.24172372257146316
-0.04008728139688866	-0.04108269153052272
-0.3271723174512502	-0.28096682980563564
-0.4451962488770569	-0.4542348490309695
-0.26491762392420704	-0.2612010995903571
-0.14814330409663246	-0.14261425447090093
-0.13775878848476708	-0.16427596263538696
-0.15102255820845567	-0.14053546449374507
-0.2257345738174994	-0.18073594355792452
-0.25719951832236987	-0.2508785948266702
-0.10282828662652488	-0.09839112104598817
-0.43578801305404546	-0.4650319106179949
-0.6326443759786233	-0.6302586016387007
-0.21723859685418923	-0.20289156590044566
-0.3513177958106084	-0.3646892433773179
-0.14314056797565833	-0.1417567157904725
-0.27194593408431356	-0.26848494736240314
-0.25656174030660495	-0.2447869447379969
-0.44364673460502857	-0.45183019166839156
-0.1790576240346784	-0.1626038185170067
-0.21156591944010295	-0.24079937604667384
-0.27801948336218807	-0.2412748831949283
-0.4936334523556347	-0.4781841927429884
-0.3214063654719972	-0.29974021680728263
-0.28599329235399473	-0.27625370050588094
-0.6316440525677187	-0.6236252736163327
-0.25956530252325294	-0.26171817015065296
-0.06608550570039284	-0.07530869901472129
-0.26103235437677696	-0.2788250129529904
-0.49158745327611975	-0.48736604733987665
-0.4699822689733004	-0.46596163730748497
-0.21839296705532796	-0.23527942118862627
-0.30910766992116123	-0.272193085174098
-0.4755846285818528	-0.47852650752948805
-0.12292043857936452	-0.13418319264095518
-0.279665113563766	-0.2696039030633867
-0.15011801862895524	-0.15516521314101747
-0.16932878052981337	-0.16745294715390333
-0.052446700926854106	-0.0626473204541754
-0.07980577584214288	-0.1066531690773969
-0.01067795861488463	-0.014675234086703676
-0.10317258660173945	-0.09773461769725061
-0.08783138270197455	-0.12196399673768732
-0.3058472374741381	-0.2914653092711247
-0.2769474207571978	-0.2900184442660198
0.05655902849878913	0.04033601891540844
-0.25422392234620617	-0.2633323810434514
-0.42934217876331715	-0.4247601880228171
-0.10961601068228166	-0.1012695415278609
-0.14498698894628426	-0.15816403187653308
-0.22261240602210464	-0.20930686417991035
0.03791483989365396	0.025676981425985044
-0.32070382321438196	-0.30040945156183535
-0.3963005523216854	-0.36800617163340643
-0.24392991866055524	-0.29194809271321887
-0.20948115887974872	-0.19147633820665058
-0.5054129331796151	-0.48781129082515934
-0.22178412140243609	-0.25849876680070294
-0.16558877408544248	-0.1783506550539382
-0.1171533109934213	-0.11670525967464414
-0.34165324706742783	-0.3236454860217387
-0.2497593241610856	-0.2575310423831318
-0.11888855467971293	-0.12157931727617272
-0.09157334941332529	-0.10544476297465447
-0.1468144213341951	-0.12686043672111325
-0.30417811059704025	-0.3135403979628779
-0.27327545295968836	-0.2738623761773313
-0.5060908787805651	-0.4812490228009245
-0.29897352520991305	-0.29798026151801393
-0.12773293623742	-0.16703533213430097
-0.21850284997243286	-0.2553504172653685
-0.0823346385184145	-0.08049206814327721
-0.19106429983061624	-0.17273529093639692
-0.10478372958700177	-0.1217279166906328
-0.3970639611068183	-0.38809660247212224
-0.08362681042863063	-0.09179056153092821
-0.4401446176599775	-0.44195030678583724
-0.5625219769835645	-0.4896042442526797
-0.09958361104860636	-0.11688056507042285
-0.45533932706033653	-0.40318692797639877
-0.323227100211116	-0.32444547212508507
-0.24216583034085115	-0.27904942970643526
-0.03896318749903216	-0.041578379001205465
-0.2684175001188187	-0.26673991198596203
-0.22178281258103638	-0.20788312641025924
-0.19715112894175135	-0.17172381509217252
-0.29378880724431333	-0.3218511618172984
-0.1418211419974149	-0.12227685205819432
-0.4128956831953525	-0.40671491967441753
-0.41926401053039264	-0.41410973611241053
-0.19974797473225614	-0.2130076993022586
-0.4565764256260856	-0.45471801060038514
-0.3330054667382729	-0.301872545721826
-0.34191581860629316	-0.34762986971440074
-0.09659156606951669	-0.1066241552700161
-0.2102398639019354	-0.2280335431670753
-0.3431404113334775	-0.34756238965092023
-0.3322126900174691	-0.34932279219315504
-0.5557380880428324	-0.5545030031774464
-0.18637836074663738	-0.19488454450497902
-0.2384268943776071	-0.23422222901392845
-0.3281838670008099	-0.3291119060094638
-0.20557986186802957	-0.2898243321370878
0.005666525050783022	-0.005449373701777241
-0.0647829382368661	-0.06686242720830737
-0.3303890586477696	-0.3397738498617687
-0.2351155674732608	-0.2319505419335968
-0.06256559352821611	-0.06386171475915182
-0.13127910483348337	-0.1283950218640176
-0.3577411074218322	-0.3322441325165532
-0.19313821337832238	-0.2057266077189509
-0.2517189649887275	-0.24441373031644475
-0.37279119627540513	-0.35424086047348924
-0.28420910575943825	-0.27582480811673965
-0.24248088827620684	-0.2701511667582405
-0.3434122416134233	-0.30789374321755
-0.06226019473012734	-0.07142167112185496
-0.22570219439529282	-0.22203749669956319
-0.18367396703410588	-0.1888778809542448
0.08355165337412807	0.09330064294300361
-0.004674451746959463	-0.02562454358558714
-0.5499117468286112	-0.5708000778584791
-0.628229214438079	-0.604035040417934
-0.17276640967446966	-0.16954660021932821
-0.08776414381823372	-0.1046471138579227
-0.12346489994637189	-0.1424458676673172
-0.2657351853362879	-0.2778612173619089
-0.17776533848226173	-0.17898991301613126
-0.25813587981000374	-0.2676209230299922
-0.28514715786772804	-0.27105335006633297
-0.46839084813769816	-0.4597030469341656
-0.615277154082051	-0.631876789137035
-0.43949552535762315	-0.42510626614294106
-0.28689326283246785	-0.2877925278952936
-0.2292154272630995	-0.2637200753261943
-0.524355799774959	-0.5282903770743168
-0.2453154255950647	-0.27410726003854874
-0.15544264668294083	-0.11783108455240476
-0.1973612559328597	-0.19295505306497915
-0.07168499477835599	-0.11363402957153698
0.09185996229915006	0.07938101381297782
-0.19857619768173507	-0.21706553327289224
-0.08064035470598263	-0.08476857831078945
-0.26719760709555906	-0.2693116582469983
-0.08801190022095362	-0.08778030309382791
-0.26782366601006835	-0.26625643683463024
-0.2010461468061866	-0.19412062167209826
-0.3318323526174911	-0.4068274922708045
-0.10993745446351966	-0.10840670332193385
-0.13008761301996508	-0.1353727874619195
-0.1929129471389146	-0.20932586856864874
-0.22110199532474617	-0.22506605738244775
-0.3728716891156978	-0.37616008789036615
-0.5198654612094753	-0.5149197166785304
-0.17651042083454271	-0.16561392082034473
-0.4554621040873936	-0.4349063724830684
-0.1990337072355297	-0.20281907985180567
-0.12851618762699957	-0.13268914249651892
-0.5163531441886775	-0.5061993317233527
-0.2958772499569733	-0.2687613089631839
-0.06814969737950882	-0.09265784753620379
-0.2999834791568077	-0.3004790934650079
-0.15680789997171551	-0.13822504096658203
-0.331553994806546	-0.31784302404856063
-0.4367489614087896	-0.4385082487881553
-0.4749088691820287	-0.49310853592280557
-0.2704812777932357	-0.2567998391861719
-0.28959638723178216	-0.2829131269673465
-0.23668494464633483	-0.270851953395995
-0.5132116548127801	-0.49582872257861194
-0.45931029941169754	-0.45702288244866934
-0.23641743548971128	-0.23822367866346936
-0.1265045412333059	-0.14426884926109285
-0.07199813035541958	0.060443027460348166
-0.44670828878387603	-0.4471572076674521
-0.11516441318105741	-0.12728568140463006
-0.13971183416162525	-0.13312038727236578
-0.6126681152646416	-0.6169364567033774
-0.3695302250488064	-0.381426753224107
-0.5366246797720002	-0.5375025191662504
-0.2966707747158548	-0.306553653528937
-0.11409753825713942	-0.1197224725031952
-0.14411808983293817	-0.138713155969355
-0.19765304666994687	-0.346630107210789
-0.49824600664215524	-0.4966531631303028
-0.4959178312795327	-0.4946141832424467
-0.07679712134765015	-0.061118837501163426
-0.1530561946529163	-0.06608040378479631
-0.36737803404165703	-0.3782105441958141
-0.537021496751418	-0.5320352950668688
-0.41404321685237555	-0.4000295298213658
-0.3885234237214492	-0.3310966810796051
-0.33690467194671214	-0.287052646663565
-0.21373238483858437	-0.3231148238415877
-0.170373151310919	-0.23882441042632047
-0.39779645854806844	-0.3947971621189037
-0.4629797651865255	-0.4573018639002835
-0.3398825459686261	-0.34760333822005807
-0.3351740462839654	-0.27277038215105803
-0.15267065794829282	-0.14085642171061927
-0.37268780302775006	-0.39654334235727445
-0.2622859519838521	-0.2606576863193321
-0.13795349565856796	-0.13843696596483104
-0.14311444575275	-0.14134289719524024
-0.30042077077938867	-0.30111538720921305
-0.11410641069314931	-0.10338425974963728
-0.3871055255212337	-0.4025726692056452
-0.2729098474364342	-0.36469084035229843
-0.19029512523132475	-0.1982889351664479
-0.23313703181810563	-0.21928789892414172
0.007835611674757104	0.0012269604993297276
-0.4181675545123582	-0.38934413692130887
-0.15687665346938928	-0.16731687347724078
-0.4169140819424202	-0.4058002528223403
-0.3465445229008868	-0.328786533550637
-0.09910468475377421	-0.11000801011661616
-0.2492069570743265	-0.26802007431081987
-0.2465199095401509	-0.25862182736536665
-0.3931039357257866	-0.4217625995389179
-0.18800455264533866	-0.17325905737651864
-0.13408324036988173	-0.12811955697986277
-0.2691238774031266	-0.24745570906586623
-0.14453607343251385	-0.15342361714473993
-0.1466912284499058	-0.11970308032721086
-0.4776983345339989	-0.48936062919289636
-0.43992205940768603	-0.4323768345615957
-0.37051543707411483	-0.3806162070267875
-0.47302572012037913	-0.4404376565199305
-0.26902570785300917	-0.27707425914557976
-0.28583518357932647	-0.28327462926760194
-0.10191576863954843	-0.12136267648556023
-0.49308051186297597	-0.4691865330774165
-0.47936348268981543	-0.46528434411937214
-0.474651387029807	-0.48066396559233543
-0.19576031921140036	-0.17890301520637733
-0.12730510521974736	-0.13846084548987117
-0.2120549757363328	-0.20216925471777908
-0.05356071664532358	-0.05363712009074809
-0.6180948891722569	-0.623603217409116
-0.3376232982314402	-0.3189595023156849
-0.11209183141478896	-0.12351878250598798
-0.33852264334708515	-0.3409199858389329
-0.3188848692163555	-0.28412588422407803
-0.5990749308362187	-0.5262036319134343
-0.12946946774977608	-0.1103234847650165
-0.3133007143262727	-0.2916846790347193
-0.5511576695773712	-0.5792915347083505
-0.05146731482216538	-0.07761688344162657
-0.36412320433742984	-0.34976548868801416
-0.2509482614822094	-0.2532753723186336
-0.2210344297729403	-0.2927576143524389
-0.18245008677730645	-0.20699968530344623
-0.4134038105587585	-0.41024670547523523
-0.14508037392905848	-0.13960393824870596
-0.4787870336250366	-0.4904959833419314
-0.347717697800479	-0.34777210675819664
-0.41891109392743253	-0.41497077819237926
-0.5450167022590762	-0.5404575520720061
-0.2998346420345861	-0.30296975982089347
0.07757902166869801	0.07341686710906269
-0.6186313110310913	-0.6170911133527892
-0.0482857106198713	-0.07245971684246026
-0.2802146226532063	-0.2833299738482759
-0.07122141987786001	-0.09298679939518176
-0.15930233673198746	-0.13639283489658852
-0.22509073576144978	-0.19491443758507593
-0.40316395275049466	-0.4201876108129944
-0.11216290676804519	-0.14077008662905538
-0.2876269165570875	-0.27011483311761725
-0.563213667007405	-0.5576320103806195
-0.1094408215600069	-0.11637351673409395
-0.050715094093722435	-0.042851597916264285
-0.38996101180888854	-0.39291474876177945
-0.25900437226282147	-0.16266230183053104
-0.19905028413520842	-0.1970584068881931
-0.13793854930739435	-0.1417490055126373
-0.20062712805264216	-0.18489990460662656
-0.2093646093173369	-0.22113473534849512
-0.08899737600667912	-0.10971974557537173
-0.32345288655178983	-0.34494746263228476
-0.1787571424786698	-0.19485722560220678
-0.308337658893322	-0.31010345408064804
-0.2833822790039804	-0.259720717445484
0.009053070629000182	0.013934117452554297
-0.12931128465414954	-0.123500396823693
-0.3718454942331064	-0.3905325157769517
-0.17186286759320524	-0.1689884057426201
-0.13853783860448132	-0.13556650169253187
-0.46323462908665825	-0.45427461129312025
-0.07824178950089955	-0.0741511369009517
-0.4754876908308052	-0.5028844264272038
-0.4637034269055835	-0.48015580503501004
-0.29252837596501635	-0.26552655277769405
-0.17743385126040145	-0.17594677197782616
-0.18335329481458018	-0.16804995945358797
-0.5443307828426063	-0.5314982539292017
-0.18949697523795184	-0.19239703354305823
-0.15920460236759748	-0.16586591149486363
-0.4473337282718255	-0.4473694073903649
-0.4096366083224421	-0.4448803008769132
-0.2870170310602713	-0.28226443660053413
-0.4123434187251407	-0.4074207970700464
-0.008396048514446974	-0.01595783703199566
-0.22940360315067565	-0.2045549340017594
0.08905185194435994	0.09672042421473317
-0.06638280679966702	-0.065546430167597
-0.5931914869359858	-0.6096793167984514
-0.04348755704757856	-0.04736403032595145
0.034695807033344295	0.04819964171653355
-0.6163823807123627	-0.6346604999867292
-0.17753340947348484	-0.17559962814132343
-0.0025805761274408923	0.01401228395273515
-0.14226197793804918	-0.11379666451808323
-0.5058832367362935	-0.5071283328206523
-0.5219339250913775	-0.5267694528725522
-0.06122117818272432	-0.0683839340104544
-0.04814673294467475	-0.036614660711805434
-0.4188600716931017	-0.41526151112770116
-0.1270044099135763	-0.1388317837169861
-0.31983495860874633	-0.3076301443882995
-0.04286092010588227	-0.049149341873509236
-0.35967085834127843	-0.3507246012999161
-0.1759404412140544	-0.21869857692594855
-0.10317748728900789	-0.10287797661479084
-0.26305374449898977	-0.2174520946779054
-0.2273571026968897	-0.2994975484914598
-0.47105270090836626	-0.44118407704275436
-0.3158676942956058	-0.3119415834674332
-0.46723225670384405	-0.4724055826209255
-0.23242296783477734	-0.24936713720622247
-0.2555725803832809	-0.23713080318827448
-0.48272741005039954	-0.48921915746683664
-0.2885943732197429	-0.28474949566801105
-0.4031972065349425	-0.4190632551770285
-0.24119682321312386	-0.29333962969282623
-0.44153385469547146	-0.44986025098312804
-0.37714963299048954	-0.4102866978516515
-0.07404351500382411	-0.07798594562442664
-0.28686724451473644	-0.28558038012243503
-0.3424944780329726	-0.2868614222937496
-0.2761779594243343	-0.2815588384712442
-0.14675048865384355	-0.14344327888430444
-0.4540549478964806	-0.44832669144265097
-0.22351494301457642	-0.22325579796682168
-0.19304149582753727	-0.5055231177661736
-0.21815225121280513	-0.2116149015388564
-0.25893751334749915	-0.27164277019930644
-0.49496567477218	-0.49396313640900624
-0.31411326473846035	-0.29670284295785937
-0.022298659486212458	-0.05051209359778567
-0.009141931668448677	-0.01478734108806077
-0.05998026322761163	-0.07888190662743087
-0.37229736803475255	-0.356185075449865
-0.37831420001840677	-0.4013955843592445
-0.4513337521690932	-0.43390665953881374
-0.13223401226262332	-0.13024317278352
-0.3346685210663125	-0.3600898690084672
-0.42998919613588704	-0.43366329810608634
-0.34655723265976945	-0.2978566946476348
-0.12218260398696046	-0.12998964491896864
-0.3005995426693584	-0.25156702952641985
-0.1746369649048365	-0.1858915315985052
-0.5999688935997298	-0.592976529569585
-0.1413644077595162	-0.13616423844222053
-0.18961207438427152	-0.1803809376948958
-0.33312331118684035	-0.34444434704715093
-0.33963470665673157	-0.37295437714441915
-0.13248876265386933	-0.14110526992417324
-0.16412246317986146	-0.17255349184150823
-0.2871442008915972	-0.29082269610937644
-0.26340950581893274	-0.25098921859003365
-0.42450805509313483	-0.4218230726402277
-0.14270812295359825	-0.10784413196938461
-0.2000248262254818	-0.23808356046284007
-0.31388853401990335	-0.3130975336428227
-0.05677370662645487	-0.06446978639424801
-0.5128355155999813	-0.49875611901517075
-0.49941725832111317	-0.5060449980857641
-0.4689233492474765	-0.4730353423749239
-0.04835830874153135	-0.04607355290251023
-0.08925646667707277	-0.08377301136215909
-0.31953244401564174	-0.28585681349592396
-0.004669672396683033	-0.020764068599865005
0.040948561412958995	0.05168273954006192
-0.4336228347731055	-0.4433785252029375
-0.11185301089983479	-0.12910152968153954
-0.2324297731904723	-0.24031442509467407
-0.2686379653790105	-0.2904654509370245
-0.4490999282259063	-0.44363124925056047
-0.4812233232695142	-0.5005888008090186
-0.06865554321340817	-0.06880592164985488
-0.05177366439662112	-0.020640527739531983
-0.5025306248275765	-0.5303623620659699
-0.08435122734455014	-0.08828632088621369
-0.0723906470438056	-0.06132029594168696
-0.09451952133096775	-0.10601484166800632
-0.19948266084914934	-0.18959869563233717
-0.2931213743751737	-0.2685349504851112
-0.117768948971821	-0.11244328871844937
-0.4129728280840652	-0.42272367684837336
-0.29678652974244457	-0.29987694151538197
-0.16585595083182536	-0.15822403664521867
-0.14904542235635088	-0.15369253416149267
-0.13306843937560764	-0.1958671186255347
-0.45223463410231624	-0.4709959797693054
-0.5500724401493855	-0.5498159094897436
-0.13896870109788395	-0.1307483093019777
-0.07339107284868795	-0.05894245955117759
-0.19055094162706787	-0.19780708558461918
-0.17614326513517575	-0.19146886943117514
-0.4991759131421265	-0.44351104495250215
-0.13813659140385504	-0.14547462571628522
-0.19150039235316552	-0.1339340543767189
-0.10165582899295522	-0.08332410218292378
-0.4386911253066632	-0.4339245174316377
-0.5695284367025266	-0.5713854953855625
-0.21714875239931608	-0.2297369042488586
-0.24094289471854324	-0.22532457272394288
-0.10748993966264386	-0.08801449198766143
-0.44177937516975696	-0.43324239367711415
-0.13162304107962797	-0.13246175412065744
-0.4642499480581197	-0.46709759437403087
-0.18470132249207438	-0.19064171610284242
-0.40828012049302664	-0.39070426543609466
-0.10283549923088842	-0.11032684313109303
-0.6131461562264828	-0.6220165309707987
-0.4904903164802752	-0.5137326892520838
-0.3528653349168014	-0.31856143609328463
0.005200695480344741	0.011897577769960763
-0.39957000421518707	-0.41589852042273484
-0.2817659080736714	-0.2686735424436611
-0.07942867927111674	-0.06994524624119933
-0.08759522912899875	-0.0998499212816703
-0.23786754605403004	-0.2480492022367391
-0.009209474905681247	-0.009587698296354155
-0.3236766337792609	-0.29970291635217183
-0.13128027202865766	-0.14953446805491225
-0.2294735425656631	-0.23969995765625698
-0.43954656028945127	-0.4267347970083391
-0.2987517896077776	-0.30325810860594704
-0.09453451777098998	-0.10140327388919904
-0.28116845142847957	-0.2876791542708919
-0.26399297688458123	-0.2648673331983973
-0.2769177172377244	-0.25367945026452793
-0.26644883095929295	-0.28631996564697987
-0.11222734656666411	-0.13347278287794315
-0.16422651183533699	-0.19200085346627715
-0.04443863355551869	-0.034041033687682326
-0.32399571316220843	-0.2972954438340298
-0.4333840316660549	-0.4465480182850943
-0.056365495775237306	-0.06172707162981007
-0.11872455245362268	-0.11067950108567023
-0.16452881905667915	-0.16280304644756133
-0.11476369104374129	-0.11461173602270096
-0.6132238032015849	-0.6402273932643167
-0.3731594618421603	-0.3698358875213392
-0.08817450783541858	-0.09574670880752692
-0.30394366083987734	-0.32703885095714597
-0.18608901495366403	-0.17434039426765643
-0.48832539758917726	-0.47885156578200444
-0.4295982426597025	-0.4516192777362089
-0.5202464763350569	-0.5430562984399253
-0.4804202046561201	-0.49632437896345355
-0.4887596508132308	-0.46895269951396107
-0.08087516345743495	-0.080026715710252
-0.4830020812899587	-0.49585751490092944
-0.19939507601206685	-0.21472029470633555
-0.2518239230725312	-0.2602055380473065
-0.10857319053213921	-0.09658399044525097
-0.07446622670013525	-0.0711699208022451
-0.2763248021643179	-0.2688245537742405
-0.06029866709882814	-0.10556148467990892
-0.3285255552084081	-0.35956587091532993
-0.26310026933567787	-0.264234841008509
-0.40747859827013855	-0.394030488571068
-0.27159677582667374	-0.2580897049827715
-0.35947451650062767	-0.3483745855728666
-0.2672562583449265	-0.2854180686490772
-0.05083225840161809	-0.07166879389850221
-0.31943851170835913	-0.3217376841133631
-0.6076927298239276	-0.6145497000287781
-0.246567436203037	-0.24176706523671215
-0.1731521628345698	-0.17060836269291668
-0.24233859954906567	-0.2617537927596311
-0.3964867845278004	-0.39449537655998757
-0.21302578213829104	-0.20473736671393422
-0.45382751352209194	-0.43096285505187487
-0.1740480880182238	-0.18141858978657954
-0.2891377003970561	-0.29341082375251876
-0.023644909772126965	-0.013910183112792693
-0.2650376742445797	-0.2583261177953638
-0.2842349575065537	-0.2407835636941017
-0.08841213149270732	-0.0937655277587441
-0.04719783249884202	-0.050322001143959245
-0.34669747795048167	-0.36794781756444966
-0.4377934370905683	-0.44158831729259296
-0.2524944266131648	-0.23953735496007655
-0.2640802139995033	-0.2668536470812286
-0.09086910125140868	-0.10620614811546651
-0.3638300155851315	-0.3617833715468279
-0.31422231330650874	-0.30612883515276906
-0.2561507055235692	-0.253654512159869
-0.262306101710287	-0.2656665130728327
-0.37699107333628756	-0.3815328498684345
-0.5448030646084288	-0.5390311860618341
-0.6001035311613077	-0.5897876752057074
-0.11429760242592835	-0.10641616968175886
-0.2981492356938027	-0.30657902753530264
-0.3355971331796912	-0.29185743627213867
-0.18760130536674335	-0.1651093164004702
-0.39050241525734997	-0.43495940224269414
-0.27937447486578293	-0.3282380999782024
-0.48205816519717537	-0.4864676734395294
-0.10310160220842146	-0.10749210175603129
-0.2589657404466381	-0.23863188135995592
-0.12497885969793199	-0.1346903778931185
-0.34018494488979556	-0.32865911202109926
-0.22891533109058138	-0.22715093240757656
-0.23664288515506549	-0.20766758049066175
-0.17680017892299915	-0.17984934017092472
-0.2925750252494339	-0.34871424733757755
-0.19248444220059113	-0.20559658501603015
-0.19800395727981268	-0.1874259473565333
-0.09190519140633402	-0.10072949970068744
-0.4926380686550349	-0.4880991807024921
-0.028752527777998083	-0.12200566979100629
-0.0718774026051765	-0.07114591038218471
-0.4269041828152149	-0.40695985232409776
-0.31071277332241554	-0.2441205259487773
-0.414897775637046	-0.3838863573305051
-0.34499078472527245	-0.31396099331334587
-0.34386684905514997	-0.34903411387441685
-0.3193227714594986	-0.3077837097746821
-0.17237994688308067	-0.16527216686179103
-0.329290393177029	-0.27916145741920834
-0.4829471636941971	-0.49475439396265186
0.0353750681677365	0.02502223172408046
-0.4070207136379498	-0.33460527257323835
-0.3381345660207611	-0.31768783162466135
-0.12894864837633158	-0.12811547216287095
-0.27419085909384044	-0.29078415507868804
-0.03117642393978315	-0.029617153896471623
-0.49685921347549566	-0.5274370465781195
-0.29061039904971864	-0.3030213613514331
-0.3406545350685306	-0.3458857138266396
-0.269971244733334	-0.28128442255626873
-0.34071618948632754	-0.3360222260840745
-0.5228909135307447	-0.4948598320889556
0.08588980856223749	0.07311759772284544
-0.3418881857527687	-0.35689359746387794
-0.24053194469721006	-0.2501903234259283
-0.2874639266318324	-0.29819347042792765
-0.11617930262451548	-0.13174122047275036
-0.2496160304359556	-0.23512356093238035
-0.2841754850299676	-0.3049887021526818
-0.4125825981008413	-0.39645949836205463
-0.20020514612453066	-0.21700483430373957
-0.12311135943159357	-0.13061554071548953
-0.08681350063271331	-0.08246001712032368
0.022940459842677896	0.03761863402411308
-0.09852556849997463	-0.11276329633019387
-0.36758742856658433	-0.41430520964998846
-0.15030724875615853	-0.1468629385258151
-0.6103360530729462	-0.6058868472210002
-0.33281723122942886	-0.32273866611377033
-0.054425068693266354	-0.04880462669592813
-0.02575105339379391	-0.09803079436359163
-0.2865303343278782	-0.28974452647263593
-0.13247049999304128	-0.1426846466785359
-0.30299676190481506	-0.2708324983875179
-0.26062236065929323	-0.2710613669539152
-0.15001766364986402	-0.15589963436262935
-0.3076235763745121	-0.29812400398642863
-0.013826297469938353	-0.008397588986538668
-0.03921401258950752	-0.03581455781333983
-0.17018084274784506	-0.1682184632901778
-0.4428278161553001	-0.4550105384880324
-0.18309140052439687	-0.17932709134699157
-0.17532266611606495	-0.1807188566656654
-0.1804770624623373	-0.17109892597884302
-0.47024302709093213	-0.48189552647385714
-0.04023022603995585	-0.034674279495683843
-0.3152396269709179	-0.30380954077999717
-0.16350706601643505	-0.14781720308573726
0.017646989225097442	-0.002768217263114834
-0.17924376320604374	-0.17844009687635318
-0.1325647631795821	-0.03313239182969691
-0.5038109399838602	-0.508206921142534
-0.176835682777309	-0.17401124996099995
-0.42310098498589976	-0.4254863263987368
-0.29555655087371413	-0.31047966239584185
-0.507826911027605	-0.5151115402581363
-0.5126836399886603	-0.5073330924319384
-0.5216401667783117	-0.5471374338806294
-0.2733301944227211	-0.2593692743622795
-0.512306552612106	-0.4987126007205225
-0.3146866093821288	-0.3103411623622972
-0.09242465991621884	-0.09646600686563249
-0.12028570180988041	-0.12085679720218585
-0.20162986811563144	-0.20552277238945835
-0.45923648488307656	-0.4797762190057937
-0.11966545212976065	-0.12783346890046957
-0.17286421637157012	-0.16532081926991601
-0.25286837203956036	-0.30764291360579443
-0.5562170558738115	-0.5270796763423425
-0.5064450828395035	-0.47526024416154655
-0.34591348899668617	-0.37435765899189016
-0.3124335672888927	-0.31104352105082783
-0.43836594902187187	-0.45493480471490916
-0.18665928857792657	-0.193586788420408
-0.005847960364021354	-0.007084866201407055
-0.3358331648199986	-0.29839859000346347
-0.44578693116606516	-0.45025360606667264
-0.5053295024438418	-0.5103527809006586
-0.08660681068795917	-0.07546728131933143
0.06372142054290819	0.09775534560713599
-0.42577522776261034	-0.41666846529504864
-0.38530282547746175	-0.3727761743301193
-0.09626411138564261	-0.08233730075149295
-0.21410781477666774	-0.2050545708310766
-0.18363785703631752	-0.14290246060637005
-0.1787867992558958	-0.1844745551229316
-0.29893809205417377	-0.2877270537880687
-0.47127886763772153	-0.4653348874945192
-0.6267998580838672	-0.5869290367758395
-0.36123113599729884	-0.40406495213874977
-0.2839735936835659	-0.2747147959241283
-0.29613110725369296	-0.29123190982323105
-0.33705840593538916	-0.3400418570768397
0.02443019992286999	0.03364001530484272
-0.3484741470390711	-0.332823745458614
-0.022190251267049987	-0.014756590705346705
-0.18225649830633905	-0.22076671878934065
-0.31711179455059835	-0.1881626728730115
-0.06393341788761919	-0.0755421907415069
-0.5443923904762187	-0.5325949827559957
-0.41843402051033074	-0.4186048320676023
-0.13785143539707967	-0.13164752329463505
-0.3097716804508588	-0.3104300917770488
-0.2797780054770538	-0.2671640705879243
0.025578512587653535	0.029840364335580544
-0.06847762303200788	-0.07099673807405951
0.19359283839289354	-0.04137291384362932
-0.466817492215295	-0.4797869601463198
-0.20172469298068485	-0.21068759354728234
-0.27434622012713206	-0.25974933774321185
-0.08787988710703853	-0.08439082658443518
0.0669559744352286	-0.07279829154412913
-0.18486592091679555	-0.16086090097926847
-0.27634102774394975	-0.3267161605180484
-0.4681484891336609	-0.45178045532358885
-0.3319558424216513	-0.31526438691105696
-0.03928903515366766	-0.030591742924866844
-0.4287815575290512	-0.4382072149006548
0.012121957971217512	0.004898989160354732
-0.43204114353047274	-0.4426615714974034
-0.16667675201673582	-0.1690190096231548
-0.2673498355909665	-0.2668307997521032
-0.26161970675904733	-0.2625105979203998
-0.08911692067460031	-0.08471339244057996
-0.1003347440379736	-0.09585310167938743
-0.49455488135949466	-0.4836377481496306
-0.6349689069822588	-0.6193459774122063
-0.31901473601149277	-0.2955922980906453
-0.03338107414920266	-0.06884842837348851
-0.26724196490548735	-0.2826403915342972
-0.2939780335565896	-0.3137516995391178
-0.26586963649897033	-0.26148053316174624
-0.09699420159819461	-0.10595959944010204
-0.009504250330856223	-0.0036363211674538655
0.07920586767861515	0.08368064377236435
-0.04628280784499594	-0.05527452680041408
-0.11820852194149367	-0.15765130060698773
-0.27151850248474574	-0.30691717949482566
-0.19473009968791732	-0.19833037744071702
-0.44648940164929307	-0.45587450256700585
-0.16221777461524134	-0.16535819732949936
-0.41172746718042585	-0.4134615864701885
-0.08236535400434875	-0.0708072115432045
-0.3095265182931337	-0.3266851795303941
-0.26459552486410054	-0.2840056642402946
-0.2970950189140815	-0.2903635821552609
-0.47011040380630664	-0.4750169830486664
-0.043626325561213264	-0.03817232993491665
-0.1305523768193062	-0.1459375323172288
-0.5496718298357015	-0.5577744225012049
-0.3157411516841737	-0.32619588704509955
0.016169187095140813	0.01897035711644392
-0.3336914978899461	-0.3177697660187893
-0.3283386485377937	-0.3233197872859016
-0.3016205645727945	-0.2889246984519276
-0.3792425641148416	-0.38380953051007766
-0.5506123430535226	-0.5090520218583258
-0.005981470756673879	-0.015924834898806035
-0.6354022171380329	-0.6158025138600953
-0.03996472571215648	-0.04550087328577361
-0.1445394708449843	-0.13577533943634523
-0.30470917062303826	-0.3306905583504608
-0.4748634416149411	-0.47924578301074844
-0.14852777201359935	-0.16110427560853466
-0.3368550530602592	-0.2583794238106843
0.03183363752764379	0.04029797705946822
-0.48897016235993274	-0.4922267344617658
-0.3433200070490088	-0.3572896913759564
-0.03828417720362154	-0.037358187926823425
-0.48411909271012554	-0.44178740156532764
-0.3291131666178648	-0.2955337708341333
-0.1064034561396241	-0.11589776834012072
-0.2187948159062989	-0.2042740420655583
-0.2453476180673677	-0.24700409613753374
-0.36720690243451326	-0.44463331856564076
-0.49355209056503924	-0.5171099113583317
-0.18681277210314917	-0.1947986443080495
0.03235900874104125	0.033063918051833854
-0.45101531688823293	-0.46495497726380597
-0.032939947179632334	-0.058217142975281425
-0.414763239453082	-0.4191354627466202
-0.44320899959557103	-0.4799189789818963
-0.20763764941618668	-0.19576754730129253
-0.09613044618676625	-0.08908543606880431
-0.38453733520869626	-0.38273575383178055
-0.20727551548811896	-0.23333793458262492
-0.3270329824042406	-0.32678402062146944
-0.03170400418560604	-0.023922103156243744
-0.32964878504865514	-0.27717334808315747
-0.20295939139311692	-0.19227302592887693
-0.37016233460748893	-0.41537574194062654
-0.3434881209623821	-0.3443493463468686
-0.2836849620501809	-0.29339041034824864
-0.5034273313878099	-0.4977579338634651
-0.15188767701899053	-0.171640177535989
-0.6127349074284316	-0.610632151761614
-0.16047020919345556	-0.16720549717589603
-0.2624145926497752	-0.2524196092346371
-0.2971159368134071	-0.31787894247938453
-0.3997766660992763	-0.44650674440833843
-0.3954277232929275	-0.37814769664948333
-0.592553038140391	-0.5711641648053617
-0.08190327560864041	-0.08472999691366401
-0.3515697582155184	-0.32984861077534183
-0.00985477965820536	-0.01236364871808143
-0.21537198210829267	-0.2215685752743375
-0.0012606501544958348	-0.0012988538019247722
0.03617582250416618	0.030950990516384752
0.043093481044570225	0.045023194798755065
-0.22428160480396198	-0.22348709040101078
-0.2755187566525903	-0.28370929931193134
-0.293449940138494	-0.2804244939463287
-0.5355751924617405	-0.5284511627067525
-0.5521647600036896	-0.5838988174803199
-0.1638443549570674	-0.1686100768710796
-0.45317584368459585	-0.44110971485876616
-0.27983850764866425	-0.292040461760765
0.015665982970632264	0.027929288336594808
-0.12640952447567066	-0.13416512982317388
-0.30304088304834753	-0.3121714146313023
0.00010090616721747381	0.0022230294636732405
-0.3712253249428654	-0.3784163422308645
-0.17043230832570622	-0.16808247781372504
-0.32225627620856123	-0.36079402216685935
-0.3034460254712066	-0.3065855327747645
-0.4128748091941299	-0.44196650450289515
-0.0874504837531882	-0.08901648896642105
-0.4136029576355824	-0.40573231737037035
-0.17971889036878874	-0.12930998637467533
-0.433240664499011	-0.42173427294585264
0.2139293936579687	0.01798474473436709
-0.2311171689362128	-0.2133463445898362
-0.22941508718311443	-0.21747090750001624
-0.422598701203289	-0.4056133886099663
-0.32194392640474945	-0.3242183711021395
-0.1726792986104897	-0.165781914476232
-0.25608839319522847	-0.25772201018010593
-0.11593270446673465	-0.1388026696417428
-0.2247154757796217	-0.24412401802026734
-0.09632084705654265	-0.10071439298277472
-0.24085699115496872	-0.24016650206385243
-0.22761951167111416	-0.22645238746131408
-0.47233062110731794	-0.47882319536523843
-0.2840906743309395	-0.30515718334872177
-0.12419437286064738	-0.1277013255955504
