[(29, 0.05256546892732312, 0.0), (59, 0.03466113237490078, 0.0), (118, 0.036310541900240925, 0.0), (177, 0.03446462063408551, 0.0), (236, 0.033063235638936886, 0.0)]
(array([8.24521509e-01, 1.79898927e-01, 8.82173415e-01, 4.18221437e-01,
       4.35278879e-01, 1.77561357e-01, 1.73822466e-01, 9.66396635e-01,
       3.75363285e-01, 4.41788735e-01, 8.80308527e-01, 9.49826333e-01,
       2.01840983e-01, 2.57648111e-01, 4.84998671e-01, 4.30013991e-01,
       2.08458832e-01, 1.13482936e-01, 8.76737279e-01, 1.61244390e-01,
       6.79239902e-01, 8.24950215e-01, 4.55249671e-01, 2.46064769e-01,
       5.39197081e-01, 3.45946673e-01, 4.61736585e-01, 1.23044585e-01,
       8.21541528e-01, 2.78992985e-01, 2.25668525e-01, 2.26804716e-01,
       1.53927495e-01, 2.47415259e-01, 8.15794215e-01, 9.93770891e-01,
       1.58172225e-01, 9.91581900e-01, 4.47280216e-01, 1.40478580e-01,
       2.22146230e-01, 2.28402871e-01, 1.66124715e-01, 1.09025417e-04,
       4.39644843e-01, 1.81097892e-01, 1.38964784e-01, 3.19933914e-01,
       3.89989957e-01, 2.32133826e-01, 1.06269374e+00, 2.31073910e-01,
       9.83295469e-01, 4.64923900e-01, 3.67492514e-01, 4.88662050e-01,
       1.13852842e-01, 2.81401614e-01, 4.32496768e-01, 3.97860913e-01]), array([0.80558418, 0.21866228, 0.89290323, 0.3537538 , 0.40805567,
       0.22464013, 0.1646993 , 0.9186593 , 0.36506274, 0.39866401,
       0.87993185, 0.91977444, 0.2216047 , 0.23669305, 0.47298434,
       0.46237078, 0.24681721, 0.13123687, 0.88019461, 0.14895889,
       0.63467488, 0.86664727, 0.40704738, 0.19240581, 0.44431611,
       0.41995805, 0.4675076 , 0.11077083, 0.78280165, 0.17893707,
       0.25623286, 0.22858027, 0.13846315, 0.20149001, 0.7505959 ,
       1.03667338, 0.13209008, 0.9919591 , 0.4064151 , 0.14043258,
       0.19771894, 0.23860305, 0.19977956, 0.17396623, 0.47850411,
       0.20346246, 0.17179185, 0.30531338, 0.43605545, 0.22969102,
       1.07978851, 0.2247742 , 0.99820808, 0.40725009, 0.40208907,
       0.45949767, 0.12154596, 0.32221347, 0.40713642, 0.46081216]))
