3.136042083389624091e-01 1.935354108021079475e-02 3.162277660168379394e-03 1.000000000000000000e+06
3.133973731913166083e-01 1.934779393959142751e-02 3.162277660168379394e-03 3.162277660168379080e+05
3.130926131989636430e-01 1.964464554260650017e-02 1.000000000000000000e+00 1.000000000000000000e+06
3.130919606919649878e-01 1.964462786279233542e-02 1.000000000000000000e+00 3.162277660168379080e+05
3.130898973048247824e-01 1.964457195470649398e-02 1.000000000000000000e+00 1.000000000000000000e+05
3.130833725134100076e-01 1.964439516176486739e-02 1.000000000000000000e+00 3.162277660168379225e+04
3.130627414274778642e-01 1.964383613288591887e-02 1.000000000000000000e+00 1.000000000000000000e+04
3.129975213598276684e-01 1.964206872323323236e-02 1.000000000000000000e+00 3.162277660168379498e+03
3.127914887063508731e-01 1.963648363104668684e-02 1.000000000000000000e+00 1.000000000000000000e+03
3.127453960142310696e-01 1.932966328869254943e-02 3.162277660168379394e-03 1.000000000000000000e+05
3.121420619220878767e-01 1.961886146745522169e-02 1.000000000000000000e+00 3.162277660168379612e+02
3.107043646543994897e-01 1.927276190741088191e-02 3.162277660168379394e-03 3.162277660168379225e+04
3.101092188089284996e-01 1.956352881939029190e-02 1.000000000000000000e+00 1.000000000000000000e+02
3.044500989279989023e-01 1.909711095574630549e-02 3.162277660168379394e-03 1.000000000000000000e+04
3.038819698518334111e-01 1.939245554802825761e-02 1.000000000000000000e+00 3.162277660168379256e+01
2.864761956804327547e-01 1.858220634014625533e-02 1.000000000000000082e-05 1.000000000000000000e+06
2.864746889730864221e-01 1.858315541920313799e-02 3.162277660168379394e-03 3.162277660168379498e+03
2.860003401116369415e-01 1.888941749797964226e-02 1.000000000000000000e+00 1.000000000000000000e+01
2.445786827125851493e-01 1.640668242805548918e-02 1.000000000000000000e+00 3.162277660168379523e+00
2.444957733023694346e-01 1.623638259974197889e-02 3.162277660168379394e-03 1.000000000000000000e+03
2.444955117669225242e-01 1.623589536702175692e-02 1.000000000000000082e-05 3.162277660168379080e+05
1.859380259196332930e-01 4.528283801981026341e-02 1.000000000000000036e-10 1.000000000000000000e+00
1.804420756101043355e-01 1.015443111439312367e-02 1.000000000000000000e+00 1.000000000000000000e+00
1.793592806547515128e-01 9.946381330670038892e-03 3.162277660168379394e-03 3.162277660168379612e+02
1.793558780588069279e-01 9.945826649728537958e-03 1.000000000000000082e-05 1.000000000000000000e+05
1.203199168603422409e-01 4.474475464809561827e-03 3.162277660168379394e-03 1.000000000000000000e+02
1.203141973160582745e-01 4.476529387551895015e-03 1.000000000000000082e-05 3.162277660168379225e+04
1.168049735995875249e-01 4.057686075834898709e-02 1.000000000000000036e-10 3.162277660168379523e+00
8.900039676863316651e-02 5.974968053793436491e-03 3.162277660168379394e-03 3.162277660168379256e+01
8.899579462637401128e-02 5.975379376435874940e-03 1.000000000000000082e-05 1.000000000000000000e+04
8.198173597370679577e-02 3.218158446237754516e-02 1.000000000000000036e-10 1.000000000000000000e+01
6.307953535693786029e-02 8.304385040294456205e-03 3.162277660168379191e-08 1.000000000000000000e+06
6.307950045068469458e-02 8.304371463666157180e-03 1.000000000000000082e-05 3.162277660168379498e+03
6.306861367424315690e-02 8.299745040122515419e-03 3.162277660168379394e-03 1.000000000000000000e+01
5.945820397513580657e-02 1.849598240263142929e-02 1.000000000000000036e-10 3.162277660168379256e+01
4.856508457191924949e-02 9.589042268729522020e-03 1.000000000000000036e-10 1.000000000000000000e+02
4.729250961902405070e-02 8.626792304432860312e-03 3.162277660168379191e-08 3.162277660168379080e+05
4.729233236743102947e-02 8.626739162757995905e-03 1.000000000000000082e-05 1.000000000000000000e+03
4.723687889022912950e-02 8.610028783056845533e-03 3.162277660168379394e-03 3.162277660168379523e+00
4.315141582315336344e-02 3.871185389347927240e-03 3.162277660168379191e-08 1.000000000000000000e+00
4.197464106759737218e-02 6.901145387377946583e-03 1.000000000000000036e-10 3.162277660168379612e+02
4.067148619807453569e-02 7.542580874459344463e-03 3.162277660168379191e-08 1.000000000000000000e+05
4.066957404215132410e-02 7.542780156696404781e-03 1.000000000000000082e-05 3.162277660168379612e+02
4.016605827242271387e-02 7.580097173225382005e-03 3.162277660168379394e-03 1.000000000000000000e+00
3.813692397509428622e-02 6.778733096647393541e-03 3.162277660168379191e-08 3.162277660168379225e+04
3.812737273888826273e-02 6.779501994303988380e-03 1.000000000000000082e-05 1.000000000000000000e+02
3.739344672970459221e-02 6.025834860703776358e-03 1.000000000000000036e-10 1.000000000000000000e+03
3.711143274930302216e-02 3.906633326882271752e-03 3.162277660168379191e-08 3.162277660168379523e+00
3.681922073277162782e-02 6.804732620057298877e-03 3.162277660168379191e-08 1.000000000000000000e+04
3.676107421434084144e-02 6.804947218012321296e-03 1.000000000000000082e-05 3.162277660168379256e+01
3.571293054568402958e-02 7.109063417383690645e-03 1.000000000000000036e-10 1.000000000000000000e+06
3.571158873098820991e-02 7.108893959990938115e-03 3.162277660168379191e-08 3.162277660168379498e+03
3.533773074603495379e-02 7.082389859949338867e-03 1.000000000000000082e-05 1.000000000000000000e+01
3.437314037175003001e-02 7.222864685871513944e-03 1.000000000000000036e-10 3.162277660168379080e+05
3.436533443976409058e-02 7.223137100175273592e-03 3.162277660168379191e-08 1.000000000000000000e+03
3.382737315677877138e-02 4.666763267046812602e-03 1.000000000000000036e-10 3.162277660168379498e+03
3.309030594913891371e-02 7.163306278551162531e-03 1.000000000000000036e-10 1.000000000000000000e+05
3.305547793289341507e-02 7.167320361109644385e-03 3.162277660168379191e-08 3.162277660168379612e+02
3.291311564508687254e-02 4.228431209100520262e-03 3.162277660168379191e-08 1.000000000000000000e+01
3.283447269904029436e-02 7.395330612174389612e-03 1.000000000000000082e-05 3.162277660168379523e+00
3.280570224518102040e-02 4.549064779471487588e-03 1.000000000000000036e-10 1.000000000000000000e+04
3.269111461001499713e-02 5.849761853407961683e-03 1.000000000000000036e-10 3.162277660168379225e+04
3.250637340708788930e-02 5.895044276277731053e-03 3.162277660168379191e-08 1.000000000000000000e+02
3.221606037364040803e-02 4.756070678850984369e-03 3.162277660168379191e-08 3.162277660168379256e+01
3.134898080098490192e-02 6.514919734619946563e-03 1.000000000000000082e-05 1.000000000000000000e+00
