1.680064540627347613e-01 1.146394120110375003e-03 1.000000000000000000e+00 1.000000000000000000e+06
1.680053926246209972e-01 1.146389448670025006e-03 1.000000000000000000e+00 3.162277660168379080e+05
1.680020361649347260e-01 1.146374676763169944e-03 1.000000000000000000e+00 1.000000000000000000e+05
1.679914231308266559e-01 1.146327968729223944e-03 1.000000000000000000e+00 3.162277660168379225e+04
1.679578726438871461e-01 1.146179802322617623e-03 1.000000000000000000e+00 1.000000000000000000e+04
1.678518873744415940e-01 1.145706432914643177e-03 1.000000000000000000e+00 3.162277660168379498e+03
1.678516594996634081e-01 1.145725972883624138e-03 3.162277660168379394e-03 1.000000000000000000e+06
1.675177722571018213e-01 1.144210920532346852e-03 1.000000000000000000e+00 1.000000000000000000e+03
1.675175495386250490e-01 1.144230099294576671e-03 3.162277660168379394e-03 3.162277660168379080e+05
1.664720164404396019e-01 1.139327727755719928e-03 1.000000000000000000e+00 3.162277660168379043e+02
1.664718067389213130e-01 1.139347654107996039e-03 3.162277660168379394e-03 1.000000000000000000e+05
1.632699611539500939e-01 1.121981196873309732e-03 1.000000000000000000e+00 1.000000000000000000e+02
1.632697763134542124e-01 1.122001341080029095e-03 3.162277660168379394e-03 3.162277660168379225e+04
1.540723028208229872e-01 1.069237220577569456e-03 1.000000000000000000e+00 3.162277660168379256e+01
1.540720311354082939e-01 1.069248809931109016e-03 3.162277660168379394e-03 1.000000000000000000e+04
1.318017668313106738e-01 9.260328766806436886e-04 1.000000000000000000e+00 1.000000000000000000e+01
1.318003141760090702e-01 9.260279535609556223e-04 3.162277660168379394e-03 3.162277660168379498e+03
1.318003096620428138e-01 9.260279744490054841e-04 9.999999999999999124e-06 1.000000000000000000e+06
9.451276431686715662e-02 6.810449100459706629e-04 1.000000000000000000e+00 3.162277660168379523e+00
9.450678262622044801e-02 6.810162643400125525e-04 3.162277660168379394e-03 1.000000000000000000e+03
9.450676370314288477e-02 6.810161647043124714e-04 9.999999999999999124e-06 3.162277660168379080e+05
6.097846185185785972e-02 4.043359305128914815e-04 1.000000000000000000e+00 1.000000000000000000e+00
6.097308166945371311e-02 4.043011142705844538e-04 3.162277660168379394e-03 3.162277660168379043e+02
6.097306470469755768e-02 4.043010130570180629e-04 9.999999999999999124e-06 1.000000000000000000e+05
4.343343147860805054e-02 2.897745451047187087e-04 9.999999999999999124e-06 3.162277660168379225e+04
4.343334113992781964e-02 2.897734519259252900e-04 3.162277660168379394e-03 1.000000000000000000e+02
3.622878625650313017e-02 2.433638315960952563e-04 9.999999999999999124e-06 1.000000000000000000e+04
3.622823887353580907e-02 2.433587250264876282e-04 3.162277660168379394e-03 3.162277660168379256e+01
3.164262939347532722e-02 2.028270659529359443e-04 3.162277660168379191e-08 1.000000000000000000e+06
3.164262315111709967e-02 2.028334309747679726e-04 9.999999999999999124e-06 3.162277660168379498e+03
3.164077263316095179e-02 2.028946861929630864e-04 3.162277660168379394e-03 1.000000000000000000e+01
2.809422343066724295e-02 2.216409574867203342e-04 3.162277660168379191e-08 3.162277660168379080e+05
2.809421040514303858e-02 2.216394880730849148e-04 9.999999999999999124e-06 1.000000000000000000e+03
2.808846807039207943e-02 2.218595976921273766e-04 3.162277660168379394e-03 3.162277660168379523e+00
2.552507241729720655e-02 2.567692945354225348e-04 3.162277660168379191e-08 1.000000000000000000e+05
2.552499782877547599e-02 2.567685307324519021e-04 9.999999999999999124e-06 3.162277660168379043e+02
2.550166386123882065e-02 2.568054795348624804e-04 3.162277660168379394e-03 1.000000000000000000e+00
2.370402799087398607e-02 2.859012738934301519e-04 3.162277660168379191e-08 3.162277660168379225e+04
2.370353617437647581e-02 2.858931480066750127e-04 9.999999999999999124e-06 1.000000000000000000e+02
2.232091971085928966e-02 2.997781772975347285e-04 3.162277660168379191e-08 1.000000000000000000e+04
2.231689959739819110e-02 2.997918104645403586e-04 9.999999999999999124e-06 3.162277660168379256e+01
2.109971985314206683e-02 2.856578607120160702e-04 1.000000000000000036e-10 1.000000000000000000e+06
2.109896968806412865e-02 2.857471157931940303e-04 3.162277660168379191e-08 3.162277660168379498e+03
2.107268424111205171e-02 2.860228657627314507e-04 9.999999999999999124e-06 1.000000000000000000e+01
1.998156393645743323e-02 2.520950551934803517e-04 1.000000000000000036e-10 3.162277660168379080e+05
1.998085539732981364e-02 2.518100156530214033e-04 3.162277660168379191e-08 1.000000000000000000e+03
1.991150257235168447e-02 2.552605297751706103e-04 9.999999999999999124e-06 3.162277660168379523e+00
1.895865926473277313e-02 2.209518316105511121e-04 1.000000000000000036e-10 1.000000000000000000e+05
1.895794207749830831e-02 2.221968221243243995e-04 3.162277660168379191e-08 3.162277660168379043e+02
1.884419251730751893e-02 2.305463427675804981e-04 9.999999999999999124e-06 1.000000000000000000e+00
1.809163489280542908e-02 2.012659531059099558e-04 1.000000000000000036e-10 3.162277660168379225e+04
1.808519183333191088e-02 2.015462322616102381e-04 3.162277660168379191e-08 1.000000000000000000e+02
1.730232049618956464e-02 1.741466486304688575e-04 1.000000000000000036e-10 1.000000000000000000e+04
1.723275385020127740e-02 1.760530927258721905e-04 3.162277660168379191e-08 3.162277660168379256e+01
1.660524377162430135e-02 1.746072454564228640e-04 1.000000000000000036e-10 3.162277660168379498e+03
1.632232457863818514e-02 1.761691079753664410e-04 3.162277660168379191e-08 1.000000000000000000e+01
1.600465157463189930e-02 2.041366682896223427e-04 1.000000000000000036e-10 1.000000000000000000e+03
1.541820016237186418e-02 2.287138238970568243e-04 1.000000000000000036e-10 3.162277660168379043e+02
1.538361639646899925e-02 2.053820894577995865e-04 3.162277660168379191e-08 3.162277660168379523e+00
1.475926829355115807e-02 2.480747247176613539e-04 1.000000000000000036e-10 1.000000000000000000e+02
1.446723641692834739e-02 2.142376199122878052e-04 3.162277660168379191e-08 1.000000000000000000e+00
1.401836565541692524e-02 2.421693828733489972e-04 1.000000000000000036e-10 3.162277660168379256e+01
1.320631526753631227e-02 2.071033372943722410e-04 1.000000000000000036e-10 1.000000000000000000e+01
1.222411312470930884e-02 1.675038653403283903e-04 1.000000000000000036e-10 3.162277660168379523e+00
1.113502013324019733e-02 1.316046356654193995e-04 1.000000000000000036e-10 1.000000000000000000e+00
