1.317803490789845600e-01 3.321591558458522955e-03 1.000000000000000000e+00 1.000000000000000000e+06
1.316094203861722378e-01 3.321373046337424209e-03 1.000000000000000000e+00 3.162277660168379080e+05
1.310727403681835046e-01 3.320708989174186478e-03 1.000000000000000000e+00 1.000000000000000000e+05
1.294138766406979224e-01 3.319362227522150172e-03 1.000000000000000000e+00 3.162277660168379225e+04
1.245294938531459755e-01 3.324867425608255250e-03 1.000000000000000000e+00 1.000000000000000000e+04
1.120256870252022835e-01 3.332052475639662482e-03 1.000000000000000000e+00 3.162277660168379498e+03
1.120255214449161346e-01 3.332644133580102332e-03 3.162277660168379394e-03 1.000000000000000000e+06
8.940509532102344781e-02 2.897240896670179224e-03 1.000000000000000000e+00 1.000000000000000000e+03
8.940017656016210901e-02 2.897010502052538641e-03 3.162277660168379394e-03 3.162277660168379080e+05
6.824133632949377914e-02 2.031463965499906432e-03 1.000000000000000000e+00 3.162277660168379612e+02
6.822777376674786509e-02 2.030435686446419377e-03 3.162277660168379394e-03 1.000000000000000000e+05
5.820274952244684774e-02 1.355124542689353827e-03 1.000000000000000000e+00 1.000000000000000000e+02
5.816413779555229535e-02 1.357542940931941947e-03 3.162277660168379394e-03 3.162277660168379225e+04
5.250966109619645966e-02 7.885343781898328805e-04 1.000000000000000000e+00 3.162277660168379256e+01
5.242865447868542278e-02 7.980652482105509999e-04 3.162277660168379394e-03 1.000000000000000000e+04
4.722787904452964425e-02 5.944471091984147512e-04 1.000000000000000082e-05 1.000000000000000000e+06
4.722714659207669086e-02 5.943637983056807711e-04 3.162277660168379394e-03 3.162277660168379498e+03
4.717086903565056305e-02 5.643996600018992039e-04 1.000000000000000000e+00 1.000000000000000000e+01
4.365341189091531682e-02 5.845235913616141782e-04 1.000000000000000082e-05 3.162277660168379080e+05
4.363781865446182684e-02 5.833243421464696585e-04 3.162277660168379394e-03 1.000000000000000000e+03
4.329557725417654268e-02 4.736449972286071531e-04 1.000000000000000000e+00 3.162277660168379523e+00
4.140509058504406731e-02 6.966569620323302420e-04 1.000000000000000082e-05 1.000000000000000000e+05
4.131510917777848901e-02 6.839300344852132073e-04 3.162277660168379394e-03 3.162277660168379612e+02
4.026178675998066253e-02 4.626813319625204036e-04 1.000000000000000000e+00 1.000000000000000000e+00
4.002928650434323804e-02 7.757577925098308380e-04 1.000000000000000082e-05 3.162277660168379225e+04
3.984402432934485566e-02 7.719023496828414767e-04 3.162277660168379394e-03 1.000000000000000000e+02
3.916966417599478112e-02 8.455610392609916922e-04 1.000000000000000082e-05 1.000000000000000000e+04
3.857565435229569351e-02 8.173825328237861385e-04 3.162277660168379394e-03 3.162277660168379256e+01
3.846788405814462186e-02 8.447673652934309862e-04 3.162277660168379191e-08 1.000000000000000000e+06
3.843971862251370497e-02 8.440569469957315447e-04 1.000000000000000082e-05 3.162277660168379498e+03
3.741744279871909995e-02 8.226841810080778427e-04 3.162277660168379191e-08 3.162277660168379080e+05
3.726576781948202216e-02 7.762079820408970647e-04 3.162277660168379394e-03 1.000000000000000000e+01
3.716879927233830705e-02 8.217988937567892753e-04 1.000000000000000082e-05 1.000000000000000000e+03
3.590760423237316507e-02 8.096982010070011629e-04 3.162277660168379191e-08 1.000000000000000000e+05
3.575168059073663418e-02 6.645582273126379941e-04 3.162277660168379394e-03 3.162277660168379523e+00
3.532618705669866854e-02 7.802827969186807659e-04 1.000000000000000082e-05 3.162277660168379612e+02
3.431913912988848736e-02 7.822564669424657583e-04 3.162277660168379191e-08 3.162277660168379225e+04
3.350641695562227296e-02 6.744784506966427151e-04 1.000000000000000082e-05 1.000000000000000000e+02
3.299956666631517765e-02 4.667629822287476245e-04 3.162277660168379394e-03 1.000000000000000000e+00
3.267535908039879977e-02 7.190676618942394962e-04 3.162277660168379191e-08 1.000000000000000000e+04
3.172402602650156722e-02 6.663369991276349132e-04 1.000000000000000036e-10 1.000000000000000000e+06
3.151920551840577123e-02 5.930166822390972765e-04 1.000000000000000082e-05 3.162277660168379256e+01
3.096175071817867594e-02 6.315112306220281666e-04 3.162277660168379191e-08 3.162277660168379498e+03
3.058555130023596358e-02 6.286546851188936670e-04 1.000000000000000036e-10 3.162277660168379080e+05
2.943022026848388789e-02 6.202886496965265934e-04 3.162277660168379191e-08 1.000000000000000000e+03
2.932416035576240754e-02 6.110091550420234134e-04 1.000000000000000036e-10 1.000000000000000000e+05
2.883302191033242437e-02 4.205731807053237378e-04 1.000000000000000082e-05 1.000000000000000000e+01
2.792464845233627591e-02 5.833540253292477176e-04 3.162277660168379191e-08 3.162277660168379612e+02
2.786480497773957676e-02 6.284471092944273179e-04 1.000000000000000036e-10 3.162277660168379225e+04
2.639566566472235573e-02 5.026138207196204728e-04 1.000000000000000036e-10 1.000000000000000000e+04
2.586325605813464407e-02 4.729690482387447089e-04 3.162277660168379191e-08 1.000000000000000000e+02
2.574559836446828689e-02 3.240106871326364985e-04 1.000000000000000082e-05 3.162277660168379523e+00
2.472960317700115609e-02 3.034346818413801729e-04 1.000000000000000036e-10 3.162277660168379498e+03
2.346282343862294770e-02 3.517050926538653282e-04 3.162277660168379191e-08 3.162277660168379256e+01
2.284368221950058842e-02 2.108997887478807173e-04 1.000000000000000036e-10 1.000000000000000000e+03
2.266209705342157182e-02 2.311363611236732325e-04 1.000000000000000082e-05 1.000000000000000000e+00
2.097876387321696151e-02 3.127496164587696345e-04 1.000000000000000036e-10 3.162277660168379612e+02
2.093388678682310544e-02 3.532389361703400016e-04 3.162277660168379191e-08 1.000000000000000000e+01
1.922103857338365931e-02 5.513261049785324721e-04 1.000000000000000036e-10 1.000000000000000000e+02
1.911228400030718505e-02 3.225283656647756798e-04 3.162277660168379191e-08 3.162277660168379523e+00
1.782290820041422877e-02 5.263841314806521786e-04 1.000000000000000036e-10 3.162277660168379256e+01
1.747281456015147352e-02 4.743209485367821314e-04 3.162277660168379191e-08 1.000000000000000000e+00
1.627523994628126899e-02 4.517486342742858970e-04 1.000000000000000036e-10 1.000000000000000000e+01
1.624050299551504234e-02 8.419726351481360933e-04 1.000000000000000036e-10 1.000000000000000000e+00
1.604473263307186134e-02 7.135490380640071954e-04 1.000000000000000036e-10 3.162277660168379523e+00
