1.680017573330813418e-01 1.351141546760438721e-03 1.000000000000000000e+00 1.000000000000000000e+06
1.679979320688031186e-01 1.351124214508407336e-03 1.000000000000000000e+00 3.162277660168379080e+05
1.679858369403298135e-01 1.351069409343019214e-03 1.000000000000000000e+00 1.000000000000000000e+05
1.679476029727986763e-01 1.350896142436880734e-03 1.000000000000000000e+00 3.162277660168379225e+04
1.678268505242892228e-01 1.350351741283968739e-03 1.000000000000000000e+00 1.000000000000000000e+04
1.674465548557922401e-01 1.348592894288942615e-03 1.000000000000000000e+00 3.162277660168379498e+03
1.674463429735988107e-01 1.348596609822952852e-03 3.162277660168379394e-03 1.000000000000000000e+06
1.662589940196392002e-01 1.343219155828873990e-03 1.000000000000000000e+00 1.000000000000000000e+03
1.662588182912956292e-01 1.343222958987617217e-03 3.162277660168379394e-03 3.162277660168379080e+05
1.626528429535967213e-01 1.326244281203772368e-03 1.000000000000000000e+00 3.162277660168379043e+02
1.626527360608324702e-01 1.326247240213233218e-03 3.162277660168379394e-03 1.000000000000000000e+05
1.525342081166546904e-01 1.264743545197480291e-03 1.000000000000000000e+00 1.000000000000000000e+02
1.525339436481578936e-01 1.264741686696081290e-03 3.162277660168379394e-03 3.162277660168379225e+04
1.294642959976744501e-01 1.108629599145083021e-03 1.000000000000000000e+00 3.162277660168379256e+01
1.294617241038711619e-01 1.108618539752021306e-03 3.162277660168379394e-03 1.000000000000000000e+04
9.465562921926749806e-02 8.723788440690714071e-04 1.000000000000000000e+00 1.000000000000000000e+01
9.464516955522735142e-02 8.723656893357450070e-04 3.162277660168379394e-03 3.162277660168379498e+03
9.464513646314436091e-02 8.723656231259072644e-04 9.999999999999999124e-06 1.000000000000000000e+06
6.181874082646610091e-02 5.937537226588527131e-04 1.000000000000000000e+00 3.162277660168379523e+00
6.180074989710680755e-02 5.938934579200028747e-04 3.162277660168379394e-03 1.000000000000000000e+03
6.180069312677131943e-02 5.938939268005699514e-04 9.999999999999999124e-06 3.162277660168379080e+05
4.119877828318644492e-02 4.464526454404382522e-04 9.999999999999999124e-06 1.000000000000000000e+05
4.119876993867943593e-02 4.464552544897917689e-04 3.162277660168379394e-03 3.162277660168379043e+02
4.119696675183806556e-02 4.470926621543550093e-04 1.000000000000000000e+00 1.000000000000000000e+00
3.183620174957607629e-02 4.462175636156667791e-04 9.999999999999999124e-06 3.162277660168379225e+04
3.183567721218409641e-02 4.462021308514165971e-04 3.162277660168379394e-03 1.000000000000000000e+02
2.815383539929094958e-02 4.676214278050602985e-04 9.999999999999999124e-06 1.000000000000000000e+04
2.815007185878096174e-02 4.675328127284461154e-04 3.162277660168379394e-03 3.162277660168379256e+01
2.633312188424208333e-02 4.601043965686420992e-04 3.162277660168379191e-08 1.000000000000000000e+06
2.633304067106693319e-02 4.601029272706050745e-04 9.999999999999999124e-06 3.162277660168379498e+03
2.630675604276796337e-02 4.595281790415418552e-04 3.162277660168379394e-03 1.000000000000000000e+01
2.495572608071271875e-02 4.611721145196061820e-04 3.162277660168379191e-08 3.162277660168379080e+05
2.495509059688319833e-02 4.611661921969960527e-04 9.999999999999999124e-06 1.000000000000000000e+03
2.476399692187249493e-02 4.591261250068820921e-04 3.162277660168379394e-03 3.162277660168379523e+00
2.370639833863538368e-02 4.551677368121468596e-04 3.162277660168379191e-08 1.000000000000000000e+05
2.370174117079537623e-02 4.551156212306649686e-04 9.999999999999999124e-06 3.162277660168379043e+02
2.262887829540580209e-02 4.421734416676598796e-04 3.162277660168379394e-03 1.000000000000000000e+00
2.254433313548930701e-02 4.660255804936065368e-04 3.162277660168379191e-08 3.162277660168379225e+04
2.251183240038421782e-02 4.654026072715890402e-04 9.999999999999999124e-06 1.000000000000000000e+02
2.151385733087335037e-02 4.681644049513279757e-04 3.162277660168379191e-08 1.000000000000000000e+04
2.129073280586200531e-02 4.602641331822421951e-04 9.999999999999999124e-06 3.162277660168379256e+01
2.073357513716249378e-02 4.511599473426985041e-04 1.000000000000000036e-10 1.000000000000000000e+06
2.072734249865064091e-02 4.509506374878782787e-04 3.162277660168379191e-08 3.162277660168379498e+03
2.007528262770338218e-02 4.493861164318743652e-04 1.000000000000000036e-10 3.162277660168379080e+05
2.002619173692116519e-02 4.470349189245949079e-04 3.162277660168379191e-08 1.000000000000000000e+03
1.953001836281774428e-02 3.976041598395150200e-04 9.999999999999999124e-06 1.000000000000000000e+01
1.945536136269842425e-02 4.462121116626849337e-04 1.000000000000000036e-10 1.000000000000000000e+05
1.909960507292283657e-02 4.320097556556523805e-04 3.162277660168379191e-08 3.162277660168379043e+02
1.894440624642107843e-02 4.285073232926164279e-04 1.000000000000000036e-10 3.162277660168379225e+04
1.852979734532989031e-02 3.893463278176964863e-04 1.000000000000000036e-10 1.000000000000000000e+04
1.786970331466137055e-02 3.370675053179207842e-04 1.000000000000000036e-10 3.162277660168379498e+03
1.748973676743087458e-02 3.491678905332594386e-04 3.162277660168379191e-08 1.000000000000000000e+02
1.734549026868477742e-02 2.846151876608775584e-04 9.999999999999999124e-06 3.162277660168379523e+00
1.656894523007236900e-02 2.551407158313176698e-04 1.000000000000000036e-10 1.000000000000000000e+03
1.602732155823421642e-02 2.376703880975033730e-04 3.162277660168379191e-08 3.162277660168379256e+01
1.573471402106064662e-02 2.062489209040995538e-04 9.999999999999999124e-06 1.000000000000000000e+00
1.536781158907977486e-02 1.997084927988968157e-04 1.000000000000000036e-10 3.162277660168379043e+02
1.485602583445646586e-02 2.419215016473942278e-04 3.162277660168379191e-08 1.000000000000000000e+01
1.421132427471896199e-02 2.228725073653293456e-04 1.000000000000000036e-10 1.000000000000000000e+02
1.355752917638913813e-02 2.402200325312476073e-04 3.162277660168379191e-08 3.162277660168379523e+00
1.306325918248216200e-02 2.775620744424895769e-04 1.000000000000000036e-10 3.162277660168379256e+01
1.231196388399014886e-02 4.418412035666078523e-04 1.000000000000000036e-10 1.000000000000000000e+00
1.229280167328287640e-02 2.630748292860927268e-04 3.162277660168379191e-08 1.000000000000000000e+00
1.210913382732159253e-02 3.495958014014496126e-04 1.000000000000000036e-10 1.000000000000000000e+01
1.184836595030288979e-02 4.438768832415013166e-04 1.000000000000000036e-10 3.162277660168379523e+00
