-0.15854345612486487	-0.1477760312456422
-0.31690694314166823	-0.32098796817345193
-0.33131222254761994	-0.3353342387512024
-0.5062641264485803	-0.502802444897582
-0.22803545226958022	-0.24961226151841917
-0.19576031921140036	-0.15836593496770487
-0.4980337005461184	-0.5016278482450234
-0.6364354294088006	-0.6141106447508531
-0.31866044030659424	-0.30750015566386363
-0.20162986811563144	-0.22115213580347823
-0.23983382268739906	-0.24552829460952263
-0.30509671827053353	-0.28823474272271327
-0.32787724099271465	-0.3373607158482773
-0.4235264380628223	-0.4254719819529399
-0.3532031680690171	-0.3626791321402895
-0.1421114205204299	-0.13235420463895223
-0.2731770760107235	-0.275308711171972
-0.09902784697033962	-0.09501982247417895
-0.08224959267715626	-0.08913856934175127
-0.17139943337011587	-0.16461858150501396
0.028462362220213144	-0.03176049966616849
-0.1163983619603366	-0.11760172086642363
-0.020884412604242897	-0.010723016041010112
-0.2578098795522621	-0.2613821706747498
-0.09976252358859572	-0.08474518942497243
-0.12656767231451127	-0.11943348289826884
-0.08817450783541858	-0.10017923597275515
-0.5132116548127801	-0.5107139704291445
-0.30455957507798903	-0.28261821276357185
-0.06028592093893437	-0.05363464924962488
-0.12373640611839054	-0.1504601512566656
-0.1916923843851368	-0.22839297443617995
-0.49067503682675717	-0.496103183649434
-0.5441241531922625	-0.5353529950212249
-0.3856429706420208	-0.3744679507301866
-0.49715443622517874	-0.5105846218975942
-0.0017973343219832572	0.0505935442324504
-0.14178823324844636	-0.1524741355502951
0.0848132144544298	0.07643663119216909
-0.414763239453082	-0.3915498056053931
-0.2849204949734201	-0.33673873624392175
-0.5151951612280872	-0.5129729911422197
-0.43289255363129087	-0.43940536474764097
-0.5655780322464832	-0.5578454479818418
-0.5192195026303708	-0.5124255973530855
-0.19857619768173507	-0.21554300404804225
-0.1094408215600069	-0.10310281997182985
-0.1265045412333059	-0.13349930987528288
-0.19488365920616246	-0.1996449363755948
-0.3986301174865954	-0.40377766531027137
-0.11830989575828799	-0.12714995315610442
-0.19613050000839216	-0.3823869582914788
-0.43691636630720154	-0.4227257728639476
0.026090870723281867	0.02038861217556786
-0.2479113465258571	-0.24692260821698397
-0.05157675097534842	-0.04944350054965001
-0.48319632060305473	-0.4580870551734402
-0.23447403783764287	-0.2423349261105419
-0.561439435614151	-0.5629061078990569
-0.18749587524602163	-0.18903067235378931
-0.29702701338996995	-0.2969394365533104
-0.14995453760284327	-0.18558357390500085
-0.26604878716826263	-0.3393658671356217
-0.1552817527338064	-0.1720763251096927
-0.04841735676487513	-0.05027146296679332
-0.48847139749697277	-0.47765395192204696
-0.28766507036685685	-0.2823923091478765
-0.3212312186092099	-0.32190833761595045
-0.20062712805264216	-0.19818499407737242
-0.15913952172250756	-0.17412352201733694
-0.20763764941618668	-0.24382635764226623
-0.1547995019578563	-0.1571317405018686
-0.4274443507788739	-0.4242118490430841
-0.17498502662894388	-0.16417503661884225
-0.07416547141765584	-0.13877270640685582
-0.21684126622118605	-0.21435493545312137
-0.2511941230494985	-0.2310593172289856
-0.33519833422173395	-0.30963114473689607
-0.5682580214892594	-0.6249632640531998
-0.3920776508050352	-0.38630228246818316
-0.49737995302725224	-0.5179164257509196
-0.36626754297932784	-0.3669540784872774
-0.4371224305574266	-0.4293967916969242
-0.12177256111422263	-0.12673420182339007
-0.12888485792983317	-0.16405087561910964
-0.03593955109902147	-0.054346117977826944
-0.05528868558043598	-0.054172603025631955
-0.2840906743309395	-0.2763071014422522
-0.15327788486601435	-0.14662290402720438
0.021689239894985946	-0.033529101406268504
-0.49017032028061003	-0.4923636505330839
-0.35143165698814016	-0.3541611692712882
-0.2876269165570875	-0.23932038136695413
-0.2950956198715282	-0.3044619626774729
-0.4096366083224421	-0.4166624902255077
-0.02585225316137496	-0.0342113282012637
-0.22699547828528033	-0.25086658588530386
-0.1357346111938753	-0.15470918997969293
-0.03195343391097616	-0.03257612630547834
-0.3650917685257564	-0.36746128898122116
-0.10538694832973583	-0.09872366138589078
-0.2733301944227211	-0.2682284960686157
-0.3307955176893831	-0.3361954092887771
-0.23242296783477734	-0.24082551016261153
-0.5176045486906746	-0.5274471231747159
-0.2508778273883454	-0.2527573931035394
-0.3291131666178648	-0.2861610723368037
-0.3869797276461284	-0.33138780912913296
-0.4676163472701491	-0.4555447558083556
-0.2513667374880999	-0.266068394956531
-0.1852368018666697	-0.1123213196432815
-0.33038871510840107	-0.33112944677045697
-0.17276640967446966	-0.16735067779857343
-0.3643107520760269	-0.3799407299669024
-0.20720638172935857	-0.1724053644550556
-0.21663418186520378	-0.20072996951957717
-0.29461696993456954	-0.29826489248587484
-0.3056614468813059	-0.31118575472147714
-0.06622813787200599	-0.06877515014896098
-0.26719760709555906	-0.2803022980717911
-0.08114227073543923	-0.08948698825916461
-0.22829690781496836	-0.22313837917989934
-0.19171695881999362	-0.20087236282994592
-0.2158660739844347	-0.2550794799691803
-0.39455808625833555	-0.40625883228521253
-0.07761502772094708	-0.07799094751179224
-0.2974990420305579	-0.29217291212866653
-0.45921769853093597	-0.4444656031291643
-0.11952853326450885	-0.11916136883543284
-0.03251620092873164	-0.02838147886686659
-0.27309411871044276	-0.2649313972580401
0.031403687689337545	-0.030192617399540184
-0.4536607142210842	-0.4336569509490934
-0.6191209545171361	-0.6213469648759058
-0.1720306949558985	-0.1724656881666815
-0.29446526220624847	-0.2913987842945886
-0.38433881438406825	-0.3806564204473139
-0.1654458442361415	-0.16717312662522538
-0.24443911235864846	-0.26171799360296927
-0.32492819853930044	-0.3156003140531348
-0.18356227722915808	-0.17635979205455637
-0.5138911868868687	-0.5149758875585148
-0.2537060273714671	-0.20766556616638016
-0.5492022988027454	-0.5671389453794013
-0.1269124020912944	-0.14142830870966666
-0.21486274396912286	-0.18536679221987376
-0.24053194469721006	-0.26500994345598344
-0.01671518643124692	-0.038675146626519746
-0.38035328065160634	-0.3690378686969566
-0.4529208155579756	-0.4497027559458918
-0.14438724334288366	-0.17209999441265836
-0.2210344297729403	-0.22444614786593484
-0.4778263821020383	-0.47059356608956465
-0.33312331118684035	-0.3082786118080759
-0.004669672396683033	-0.009665205333498196
-0.14984904725518788	-0.20960832522237202
-0.13853783860448132	-0.1364283336320277
-0.16146850552226422	-0.16095931579528946
-0.2797780054770538	-0.24765757858409684
-0.05326061485743239	-0.12600007675053623
-0.282202484812319	-0.29306674922962034
-0.158176630291047	-0.1796568568873457
0.031414022426145216	-0.00950730870965333
-0.2728606609460167	-0.2924201956808778
-0.3188848692163555	-0.28279853420324597
-0.32451729040599453	-0.3150444195089222
-0.41172746718042585	-0.42006019202031986
-0.26398179605356553	-0.2737024981154161
-0.38918358846500745	-0.39291411315775765
-0.08866705527144703	-0.08586499221145656
-0.4428278161553001	-0.4379764970218854
-0.3258098504336626	-0.3183080942349557
-0.6041764602781345	-0.603958971892744
-0.18679370494547776	-0.19367317678236828
-0.39992918407706934	-0.3559437368392725
-0.3787242620704028	-0.36219319810911726
-0.14090249064474136	-0.15528098575739532
-0.27632032029380404	-0.29061555673996603
-0.5234574814578759	-0.5260723555493042
-0.48830016674767585	-0.4969113759878688
-0.1136797399859013	-0.11500169884534832
-0.323227100211116	-0.3470291993375397
0.00546096234474458	0.029580795828139012
-0.29004646189560646	-0.29497552506465474
-0.1804770624623373	-0.16290945427921627
-0.11983107927926806	-0.12929589708629993
-0.21432739833474912	-0.26878354423347306
-0.19983392185238902	-0.2120502430975609
-0.06270856705452221	-0.058940119645194494
-0.1444568182062742	-0.16984284338790595
-0.35058488976392965	-0.3463493084283721
-0.04856777092107123	-0.05281978850912334
-0.18749288558436383	-0.1865139517199159
-0.30060153663054123	-0.3144648565840315
-0.16120619804411973	-0.1663660961269577
-0.05019599961469012	-0.04852372241195941
-0.1818739633279316	-0.16168939223700554
-0.4654795595104728	-0.4675922929931572
-0.34155116276139275	-0.34119345293996695
-0.04990070613882125	-0.0588175116010077
-0.21448439887061088	-0.2207972451565804
-0.36505540525151137	-0.3740453680973525
-0.19070201211881255	-0.19868129309148577
-0.2654167320757166	-0.2702818399663821
-0.44153385469547146	-0.4382493099899696
-0.25449472734561684	-0.267731544090468
-0.3981023807539348	-0.40703614476102584
-0.23239365400184475	-0.23474047273498874
-0.4367489614087896	-0.4309022546629597
-0.33167277068585577	-0.3239769814466461
-0.15941739111099196	-0.15427604807033843
0.03688049266877247	0.026399304369123133
-0.2731963496875611	-0.27902192106685475
-0.2929863932729866	-0.28066678398564104
-0.2814484902328136	-0.28045348093141226
-0.27937447486578293	-0.2733664187482439
-0.27735051905180086	-0.22314765638512207
-0.4697013688956204	-0.5016088128149062
-0.4606360736875992	-0.4514725370025218
-0.09596153976510724	-0.12132113950485221
-0.35253842258177315	-0.3577672362689662
-0.43413836609364154	-0.4459993353148697
-0.3963590104553072	-0.39094865072065105
-0.34396498913011	-0.3419278698899904
-0.04270551110997722	-0.029574433981060636
-0.4925540424708359	-0.4882087557282013
-0.3274133076172543	-0.32958577935911587
-0.45596030249384967	-0.4597125304683513
-0.6212131335209907	-0.609788823982527
-0.07824178950089955	-0.08512836246781207
-0.24233859954906567	-0.2541742635902224
-0.08124583375881578	-0.09612497543469486
-0.05194129012298809	-0.03020962009768842
-0.1791138536677046	-0.1861789797700836
-0.08574801631415419	-0.13932992578886147
-0.45028195305811636	-0.4468645477653677
-0.47024302709093213	-0.48011586467031553
-0.1754216641840447	-0.18123775067985898
-0.4716896514938753	-0.47504001803567686
0.03591230703162118	0.01903098779570885
-0.17753340947348484	-0.18380119585436688
-0.5517180078097974	-0.5489090976524486
-0.3418003536094556	-0.35072811143872834
-0.45259859792955837	-0.45036480561957826
-0.014796774652355182	-0.007040199210540159
-0.0348470144672568	0.01709068746281899
-0.25063475653496337	-0.2171434036490925
-0.4837169088955946	-0.4733842466397678
-0.4940024525850948	-0.5016150227427151
-0.31157363678331684	-0.32420041256481696
-0.4690928033288575	-0.4708252394592947
0.027463879980921035	0.010924174873565711
-0.17364618470857351	-0.20335003420699563
-0.16543156183293917	-0.1753119578029381
-0.2958772499569733	-0.2875610766572661
0.01891743459029449	0.025687510591614563
-0.2836849620501809	-0.2945180201452343
-0.2536384505105538	-0.2585482891999082
-0.4845932137744766	-0.4861818603581029
-0.14130292008366752	-0.14725431753058452
-0.08245067300941855	-0.0938703106254632
-0.10101874424032253	-0.10161536309517931
-0.017872972288576428	-0.010700492486048475
-0.4595414608393513	-0.46149352164970203
-0.47161778510783314	-0.4558333674393295
-0.14883675964429433	-0.027653280173983552
-0.2037362719196203	-0.1726040994075473
-0.6061146205403176	-0.6029883727144484
-0.2085402194387589	-0.20645514589957675
-0.09369933976844891	-0.09224262168177112
-0.06690046735614086	-0.06219299277304947
-0.4573815157949621	-0.46036213086221994
-0.2533955839523774	-0.2498844154964908
-0.11491196906598233	-0.20016469146205634
-0.3211650267818733	-0.3312474438166112
-0.2870170310602713	-0.2953655754118292
-0.14814277975315804	-0.14926568071057264
-0.4422341712944533	-0.4326539599847932
-0.10110752992470129	-0.09629173163534795
-0.30417811059704025	-0.3055345652544711
-0.3085563421469306	-0.3163868761052422
-0.27514706470675065	-0.250988366917813
-0.27165299485352534	-0.26835664146786853
-0.169605881116194	-0.1373461326604088
-0.44578693116606516	-0.45188315773457843
-0.19473009968791732	-0.1929238800088745
-0.26310026933567787	-0.2789283170993205
-0.17097297675220346	-0.16717134455657273
-0.20934132193802224	-0.28497132862701996
-0.3290361312349974	-0.32450652172206584
-0.26491762392420704	-0.23240321428187843
-0.4509119755837805	-0.45324664314450086
-0.18106990134513534	-0.17852866816844623
-0.3391556260061588	-0.33277081194534386
-0.201612315556428	-0.19932672736300508
-0.2232726994113614	-0.16137571960949867
-0.04170942843474634	-0.047989388185319205
-0.33281723122942886	-0.31949427416643017
-0.6061522961955887	-0.6243032821228957
-0.5678753979052642	-0.5376347875686944
-0.04443863355551869	-0.0339046888942698
-0.5725450713906346	-0.5747020863860334
-0.2968259612666291	-0.3013704836360995
0.023128478582048473	-0.0066086894621925005
-0.3434122416134233	-0.34230180868809906
-0.14904542235635088	-0.15726659515228586
-0.3801532730539847	-0.3420120858910279
-0.0723906470438056	-0.07538223895967293
-0.3294967711795902	-0.32213387490737244
-0.2205497773074203	-0.2048453849775643
-0.2675836700351404	-0.26923194897232067
-0.3014598193518765	-0.29091229697118964
-0.3692146134211196	-0.3686756715894885
-0.5010239594585766	-0.5019820551524357
-0.30186015272007705	-0.29867521638252265
-0.5163531441886775	-0.5103146670681385
-0.24939209275972019	-0.23168239495996826
-0.125065121830362	-0.1390599429559359
-0.12069012499420317	-0.16810918094275004
-0.6117679380305159	-0.6254981011819932
-0.29593587237041774	-0.2883290447631055
-0.058145615710362364	-0.05632188738749946
-0.495079706008287	-0.49635762677836426
-0.032939947179632334	-0.044580508342029326
-0.31939315257997336	-0.3268648492642683
-0.3104015523171526	-0.3329679595330992
-0.05318097201528538	-0.06111277781680847
-0.5019080210123565	-0.504375036070583
-0.13139554104283757	-0.13943885981536144
-0.5329780785097418	-0.5215484786864267
-0.3663199877096801	-0.36645869658247854
-0.36015385312835235	-0.3133718081225097
-0.4696420484141832	-0.48378416240441685
-0.1720344702772545	-0.15148184345521493
-0.21386591273784816	-0.24159921706274665
-0.24995907675110374	-0.25313936614076793
-0.14438487430156943	-0.14629970748095283
-0.40362224284429704	-0.40596710612739384
-0.033469185025850834	-0.03494707149387823
-0.2712066261126349	-0.275949785437627
-0.32124737317746543	-0.31012225678956784
-0.24347264221111864	-0.21011772756163014
-0.38813206114035026	-0.3820466734032004
-0.14916253643449728	-0.1713018095304805
-0.16452881905667915	-0.1577277042169113
-0.1952230504076775	-0.2061006420724773
-0.09089709348933539	-0.08657095413981913
-0.6307960011863702	-0.6203445101607007
-0.13151599010742743	-0.15338790597069632
-0.11052858570843682	-0.1178806073864472
-0.33528460039065067	-0.33702628109949884
-0.19720339167266232	-0.20154166194781817
-0.11368420931318468	-0.1295765530197958
-0.20490633636102373	-0.2020350778374797
-0.3024102427322397	-0.3010973004400661
-0.33788431283258635	-0.34530093566649284
-0.09242465991621884	-0.08596424730152254
0.03666106133403346	-0.030902066885124646
-0.28781328615679147	-0.2854972387204907
-0.02534953597235301	-0.04911759389569973
0.0841647087020636	0.0769011805503349
-0.525414422444479	-0.5190610333615487
-0.4296905723846711	-0.42262945444904065
-0.11684009021837571	-0.08466883601459807
-0.05568645847322884	-0.06561127748657784
-0.3368550530602592	-0.31899677720480185
-0.5475290549762768	-0.571455649995452
-0.17190973248087982	-0.20220244918498664
-0.34693151213308226	-0.33142630460501477
-0.19760054906997304	-0.1972366809788208
-0.47135517553609674	-0.4561184729647682
-0.29425208039261364	-0.3013453844958403
-0.2633879330488007	-0.27376632980363197
-0.1745253100594244	-0.14031903084296515
-0.24706271161576865	-0.2580126224794679
-0.6090219980751943	-0.6099988837732621
-0.17741770107949328	-0.18258415572177963
-0.2685836421626391	-0.2851733372092344
-0.29613073415806923	-0.2953865667882129
-0.29059364159516754	-0.27164712039285177
-0.4637301194255343	-0.47089987726762883
-0.04765911983623017	-0.05471247982580896
-0.20430464367223067	-0.23317892811040633
-0.6258874130500391	-0.6227791200153193
-0.09629336968933	-0.0931721341548655
-0.44131463007654936	-0.4483485299360715
-0.3663372497083133	-0.35523354479479313
-0.20274812622638194	-0.24235585668759985
-0.5443923904762187	-0.555442428039692
-0.5125853236603675	-0.5161469622137512
-0.06173643494326697	-0.04383624763267447
-0.5206022740659879	-0.5012049057993799
-0.1772315090006753	-0.17768246980113106
-0.45923353650981547	-0.45923012604791746
-0.1824103080312547	-0.18393436119416293
-0.4162598622091025	-0.4209220982016235
-0.306696360597571	-0.3128908610464956
-0.2936781164470599	-0.2995574238746194
-0.11853699374758264	-0.1256926892720459
-0.4359437687790688	-0.43116342367892074
-0.18359937917939284	-0.1813758083905742
-0.3195496427231239	-0.3056269212919819
-0.14692675057396976	-0.16163957893986203
-0.2329899422224475	-0.24087400115803556
-0.12857361559010094	-0.14041488367226726
-0.45223463410231624	-0.45075637246730865
-0.04678570460633402	-0.03961714683707802
-0.2776975041496108	-0.28276283379335054
-0.4747077318582331	-0.47639537370218066
-0.17720932959933844	-0.17705298889623627
-0.6306154291982056	-0.6173749923432091
-0.2599332042220768	-0.2529166562117529
-0.6148285617867346	-0.6010561798473928
-0.19259159160868577	-0.19799739489695026
-0.3029966717454968	-0.30601598680398834
-0.3940959394461032	-0.3709488850229589
-0.11379565712274609	-0.09663477557982578
-0.24433517858074616	-0.24596675634619602
-0.37831420001840677	-0.37143081921132165
-0.2901816482263735	-0.29097081538104874
-0.17529544380328588	-0.1838010295931743
-0.35239753535105756	-0.31865014473359704
-0.61799486297447	-0.6237718816871896
-0.2318769935213627	-0.21812147704798243
-0.48123261186785093	-0.4887265590291351
-0.3387276301207951	-0.3257197453336203
-0.3978640456702607	-0.39726335308931815
-0.06440137332636198	-0.05402010799340845
-0.12851618762699957	-0.1328287149921699
-0.45162008465918557	-0.46648365531622427
-0.4660973264115622	-0.46675367336262935
-0.42949862228948543	-0.42705671137406614
-0.5559406243482368	-0.5492261928215273
-0.361485787988407	-0.3299115552588603
-0.17778948231123692	-0.16835369111236087
-0.4749088691820287	-0.4631255506904749
-0.08576871196548108	-0.07915146224365956
-0.28156807116007876	-0.28889533997947153
-0.20382363284091198	-0.17978100797376945
-0.14718513559797053	-0.1469160512535357
-0.43849330913023365	-0.44128433355381375
-0.07256556174502826	-0.0742136486615246
-0.45933228067611154	-0.4706080636817797
-0.2150626355257872	-0.22863275450652012
-0.32424366908013447	-0.34140975561989756
-0.17297266323313032	-0.18040703344480008
-0.34477169152200915	-0.35026250272130977
0.0755643692887551	0.101165904615728
-0.45706827859173416	-0.46526073795347583
-0.14745356238809926	-0.1668962332913449
-0.11039973055112196	-0.11075434417255074
-0.28393345660837	-0.2942218009893039
-0.15429828443287086	-0.15354347165052654
-0.07320066557908156	-0.06472931160023375
-0.12485339617725444	-0.11761882027261325
-0.2823529104225795	-0.27838411321864254
-0.321945807773683	-0.32170418828739095
-0.1104338955329407	-0.17024596259987415
-0.3358287886456228	-0.31075594649014443
-0.326625303686523	-0.3238413612296792
-0.3391950093717888	-0.31814828102816944
-0.12318653209106234	-0.13167956522637236
-0.4135632740960311	-0.40972687187250456
-0.13896870109788395	-0.14104742536581152
-0.16255035429061415	-0.15915051260709903
-0.09047055198835352	-0.09251462934979186
-0.2638736681710725	-0.2672260639647006
-0.1763906267196962	-0.15832784977818068
-0.3362850454769504	-0.32072474867395395
-0.4453489719408097	-0.44251619669969683
-0.1070199930266984	-0.10554631599269793
-0.22283883467526167	-0.22703169301491932
-0.3550730345411841	-0.28175591560106544
-0.22322576007388584	-0.20218069054930252
-0.10160227826879975	-0.10252312333549848
-0.3215630127594409	-0.3078795582420825
-0.16218977278302837	-0.13733424986759138
-0.15809145540808256	-0.14531607577117855
-0.24216583034085115	-0.2430285486380833
-0.07620908400417292	-0.07926602808593035
-0.08997699111004565	-0.11618075020686738
-0.15452150579904078	-0.15560331851591708
-0.07943674576734061	-0.08208931026116187
-0.15890365572382414	-0.14157710920305674
0.03574939080264716	0.03296042915762022
-0.12147279676458211	-0.1403484892251241
-0.0857687681051793	-0.07915194951717126
-0.26564334268278067	-0.27084110290147684
-0.21815225121280513	-0.23881530681247345
-0.47741610085028796	-0.45739014156988367
-0.2741573176590766	-0.27462329146362796
-0.13365045138115228	-0.1207887766530044
-0.15910716542986858	-0.14559824046971906
-0.26934461635090834	-0.3048055843489361
-0.13769909526386392	-0.16855269583291768
-0.12179736991874357	-0.11824885981606865
-0.19694006810394793	-0.19628793490885157
-0.17943708590737995	-0.20401069385062381
-0.17147093610213737	-0.17178803744393312
-0.24788971982145114	-0.24839349088995127
-0.2956894540565811	-0.28865319879971124
-0.18043393048662892	-0.1942011658503053
-0.31860048018804044	-0.31969918640119044
-0.051597382625233834	-0.04602120497789151
-0.2683606849493003	-0.28374016210127273
-0.19088239513432015	-0.18648628737000836
-0.4288011248272099	-0.43082098089738224
-0.16221777461524134	-0.1625140783604237
-0.3194395770479037	-0.29985728121423755
-0.2652716058243252	-0.2732968140026489
-0.13870470779053878	-0.13175355777203007
-0.48272741005039954	-0.48587696775082045
-0.22891533109058138	-0.22643341608203787
-0.042655381968781825	-0.03695662099340907
-0.17077348668922632	-0.20695787630098408
-0.05158086418991381	-0.06251026779490261
0.0011974374981127411	0.003817079202628941
-0.4876095552500228	-0.472763098250475
-0.6232342701321194	-0.624884187193629
-0.12536981391155688	-0.1329679628544649
-0.42440983357526996	-0.4179625643659306
-0.42776039445793046	-0.4111665385433477
-0.17304459836241737	-0.16990974413933918
-0.3526872060999722	-0.3552234475290516
-0.23786754605403004	-0.26252354329019434
-0.2290680522794215	-0.1158070802629971
-0.5030334613623886	-0.4942329893000689
-0.29337857454139815	-0.29452228383032447
-0.08341391395165765	-0.11306894085312409
-0.19628240347113923	-0.204293832920524
-0.4283829761067093	-0.4332928979787318
-0.15249962163880149	-0.16845352471939895
-0.09556599308962177	-0.08580990256214825
0.04083763271828822	0.03219899561990222
-0.08997654944959788	-0.09539936960369902
-0.41678225303311756	-0.4187761766886201
0.054643102735848714	0.05077120846393772
-0.1915949639536958	-0.17672948541937597
-0.2523072069809764	-0.23303796637333063
-0.4404407923810867	-0.427239220505025
-0.26645856915681954	-0.23773787781260236
-0.41406805971878846	-0.4141476564536634
0.09285416476831543	0.045595221962079865
-0.07647218837118874	-0.07850803030000487
-0.29896982100646063	-0.30023601706254444
0.0028463585392550783	0.00793322914087584
-0.1805789662563475	-0.1890733694438237
0.06017586580586709	0.06187194699274273
-0.27033661621607763	-0.2614685009722122
-0.3404261597450695	-0.33119307456590824
-0.20519328693687733	-0.2044472261037248
-0.4721075173422111	-0.47973677777447193
-0.09061049881223049	-0.09368482069926806
-0.09435626988674617	-0.09427514759995188
-0.12187274797516068	-0.11467012422374628
-0.10148185551234334	-0.09412402661626489
-0.1784909789673872	-0.19655346389030204
-0.3307651213224583	-0.344614357572749
-0.17669523324540037	-0.1344271578350899
-0.4052546737261862	-0.38603995961800436
-0.036660677460518265	0.008381106273283135
-0.26902570785300917	-0.2730188526476696
-0.08073718120498441	-0.10743930929054177
-0.45118072522081043	-0.43973201412642554
-0.41872186958022617	-0.43000816268470665
-0.44516635022069284	-0.45504704368395743
-0.03818573146294302	-0.047364845141442784
0.07722045878163097	0.08055420179759543
-0.09362707191718656	-0.0902765992860714
-0.03357236375271633	-0.045363697276895494
-0.2179732092436586	-0.18661468297656916
-0.3056226449129875	-0.3035432115428064
-0.31073001502601816	-0.329820276038645
-0.3506173207174861	-0.33851748215818367
-0.19013928706830008	-0.17970946994498968
-0.23617591840287488	-0.22808967880591555
-0.4135165386062116	-0.4348932764781324
-0.4282104651570915	-0.45327402488367274
-0.19354949236154795	-0.19572512136958808
-0.08835547656724074	-0.08107323146493976
-0.18057943258986597	-0.17533190953468372
-0.38890974138827783	-0.40504449324033115
-0.46499778886702714	-0.46956776088283464
-0.05869228947282057	-0.06117150175462738
-0.18852108028713843	-0.19509514270228184
-0.5371516469731255	-0.5391090428508611
-0.20664422013786954	-0.2089475724517531
-0.06115900055857715	-0.061292878680540695
-0.4326217160020569	-0.4005091699548365
0.039719989240262876	0.030750546885280887
-0.14167757447548723	-0.12985026598482471
-0.5387897939303272	-0.5268060782423831
-0.1818844216987232	-0.1826745783424207
-0.2235398825901136	-0.21721453000028798
-0.22404172072571793	-0.23881312554441342
-0.15749701058852672	-0.14530512899331668
-0.1622709540349625	-0.12152595405279122
-0.26976740542758115	-0.2742435794190023
-0.46117466364768234	-0.4645558703053111
-0.262306101710287	-0.2657559142461309
-0.04507220345629381	-0.0579101323439144
-0.009141931668448677	-0.013079295787149371
0.00023361436540092484	-0.0028580913229380414
-0.563213667007405	-0.5717336004538972
-0.0682157570445705	-0.06918235219568547
-0.22870024366851638	-0.2349935618841815
-0.4679989078092177	-0.4697113631295417
-0.3229756846584628	-0.33733371635579507
-0.5005199159915605	-0.5007674576961464
-0.3759963003048359	-0.36562020066155393
-0.20585931167753468	-0.23495679469466665
-0.32676855822610484	-0.3331006175135701
-0.10268928412265943	-0.1022759410336038
-0.41210002449103555	-0.4084739772376568
-0.5202464763350569	-0.5121023158164277
-0.11147744399541892	-0.16371216725485305
-0.2659517307726045	-0.3026734208344505
-0.20846327076369775	-0.1936637933747668
-0.17723457459951053	-0.17305877707078818
-0.2970950189140815	-0.2935259676542597
-0.23176505228126132	-0.20589280527289203
-0.036406774313235246	-0.042638766332921345
-0.14310843580067178	-0.1630636252720109
-0.09451952133096775	-0.09109286567557817
-0.4943454102977274	-0.4953837237938034
-0.18619074241483258	-0.18978743767136125
-0.019768240088642308	-0.027262378665508364
-0.17577050338491595	-0.18032615540313077
-0.2702612018529571	-0.2484160689454476
-0.4711687203417796	-0.48165755906541147
-0.4386911253066632	-0.4183433159899129
-0.47483868651758865	-0.4688464216914268
-0.42489998972134124	-0.4044055704867356
-0.08464306672565058	-0.09181083418725519
-0.0180138378232364	-0.011707038053188925
-0.020625841429503744	-0.03912066620668549
-0.31180317686647996	-0.3157310202778034
-0.1822782190422636	-0.21116590766816823
-0.2942746472121778	-0.3100290780946924
0.005200695480344741	0.010118994758504585
-0.32483998769741174	-0.30901925928282403
-0.16166733111135034	-0.16106898157091373
-0.30541189038381233	-0.3093104440757923
-0.3775903088397943	-0.37437516014298056
-0.3152396269709179	-0.3150870977267932
-0.25389386349144516	-0.22552626395250516
-0.17569525790534968	-0.1205658974752411
-0.08794108974500503	-0.09144258401699447
-0.0666597416408532	-0.05352594447610481
-0.05543831603520122	-0.03941667181516472
-0.31648805683622516	-0.2979305884872143
-0.08297821945023998	-0.18553365781700265
-0.11521017076676277	-0.13045617033021645
-0.0067218544793865576	-0.0505987263821008
-0.3249657085129023	-0.31383756957124626
-0.2897215578257839	-0.2930135969487347
-0.1845594286732224	-0.18763947686898844
-0.3641332203476999	-0.3488118810180953
-0.24455142113217043	-0.24792141454867422
-0.4148040820018135	-0.4135758339878458
-0.042480521334102406	-0.05782282714247412
-0.3270868968803704	-0.3195363163374145
-0.2751098427589813	-0.23474535170175684
-0.15083636252284727	-0.15415169103780452
-0.18814733690705587	-0.19599805671507411
0.03472341839154147	-0.010439232295089813
-0.3012339582667023	-0.3562426155749997
-0.17278723728979983	-0.1716577875704727
-0.1786705293181523	-0.179056090354232
-0.3059931556153659	-0.2971478135277507
-0.3143736084343658	-0.3120718530221752
-0.03117642393978315	-0.04560384462419187
-0.1805208728379828	-0.18973039997616847
-0.5128355155999813	-0.5090427909892928
-0.5633905586311254	-0.5563141319577269
-0.6076734773735915	-0.6116961880772883
-0.43927547380903675	-0.4547353184226406
-0.07691412791216301	-0.04002248224991974
-0.08394637994642107	-0.08445346472724335
-0.042447225030095126	-0.04709961695202703
-0.5130691937220959	-0.5053057123871186
-0.2726672373507677	-0.3019492824921562
-0.08192716546511214	-0.1052317283745896
-0.15995671327134708	-0.1736261338586015
-0.12819565589995108	-0.12108127036572595
-0.2934633749455582	-0.32475681594796113
-0.2348750037993037	-0.23768253211381668
-0.33819613780209323	-0.340322940378815
-0.29051385880482616	-0.27896495968696994
-0.37908272582232794	-0.37765218729100813
-0.4678550909086656	-0.4579005338779422
-0.5409753507078134	-0.5568778130734994
-0.33107802116922525	-0.33274960378507973
-0.1063598249768436	-0.11331142854076137
-0.27538444843903953	-0.27406072965124156
-0.25422392234620617	-0.2521222935592199
-0.22941508718311443	-0.2492168583392941
-0.014170154449178796	-0.006980542749208673
-0.29087586573069046	-0.2829838564075857
-0.3297757022762653	-0.31127430948957513
-0.5093420715715169	-0.5102302924129195
-0.30143190679272713	-0.30048882190056786
-0.31763073704484235	-0.32354513022051934
-0.13249216666625863	-0.13658204592620346
-0.16205832372109708	-0.2074795254369772
-0.03671807625968526	-0.045226281513598886
-0.17383562759629356	-0.21112115385039087
-0.28238219034384393	-0.30172326001934624
-0.5281235862990323	-0.5256418543605282
-0.31015239213479084	-0.22932409388318836
-0.48347001409070334	-0.4828380638034439
-0.07391087919609429	-0.07839850494177918
-0.4945537589937343	-0.5023221003480159
-0.3032140047845733	-0.3081416052818726
-0.0956279879755666	-0.09674054163634187
-0.38222545108646155	-0.39014097123232294
-0.12343657456429291	-0.03163282825017724
-0.28781367872928065	-0.2902233377441204
-0.10746401943864115	-0.10156828545081237
-0.2729893605011835	-0.23905497809279821
-0.5075607040869938	-0.4999472173033777
-0.2572054651720812	-0.26646911189879424
-0.38446858381846294	-0.3659831654666703
-0.1781868436872145	-0.19644804942040245
-0.0016816042147151933	-0.01422205882546041
-0.17176074603279723	-0.1695749948781861
-0.16194436742772833	-0.16249043468149077
-0.23693751494734983	-0.22089278120572534
-0.4061450341931847	-0.38969443612517096
-0.3201860207211862	-0.31624082441890206
-0.5448030646084288	-0.5519003051696171
-0.10021062271011338	-0.0887195579730855
-0.42628270829403636	-0.42547373588515436
-0.37699107333628756	-0.38013267089112057
-0.28542779642853766	-0.29548193235357034
-0.34910737292680505	-0.34975895109961525
-0.13142170131189435	-0.13451198991570984
-0.6316440525677187	-0.645037985434462
-0.1836397337983282	-0.1796476140039163
-0.23918757495034892	-0.24651870772948983
-0.09145750139196629	-0.07701105478238106
-0.38639650234440026	-0.368732457217871
-0.17871279010374064	-0.15560144462812397
-0.5067485256545519	-0.4989910609907635
-0.11800063872373556	-0.10138664576106098
-0.18993509970996847	-0.19789540002127942
-0.5302068125622084	-0.5094523073829664
-0.2547417830611698	-0.2668127623012292
-0.5090891442430241	-0.5238244363272587
-0.18421872096104686	-0.18276874724147654
-0.2623198066496366	-0.2691184392907151
-0.17782168264619713	-0.1608577722528935
-0.33405875649370387	-0.34379084910373464
-0.28599329235399473	-0.2558370529485254
-0.23664288515506549	-0.1771060733499706
-0.17865207343716882	-0.17227646794916876
-0.5024900155410927	-0.4983658438241674
-0.13952175751547813	-0.16835795118895028
-0.19765304666994687	-0.31500499859926934
-0.4024492942969218	-0.40782771166603204
-0.1285218254204974	-0.12454840536921351
-0.42310098498589976	-0.43032681420127
-0.25175611998679415	-0.26936145371103076
-0.3193044425612115	-0.3163266533486351
-0.41642348956956443	-0.4071073306891049
-0.2294735425656631	-0.22095359055800265
-0.33737685636913994	-0.3387024708346888
-0.43964286224445104	-0.4393345661782005
-0.025223926240975914	-0.012368032612188284
-0.10936564698510054	-0.10334582473704469
-0.046469095018437656	-0.05032467906213205
-0.09593727105787941	-0.10114447001660286
-0.2657351853362879	-0.25667809110374556
-0.07663718096106642	-0.09416902862267855
0.015869195205747033	0.025386788059595905
-0.07762817571496328	-0.08198359911407482
-0.026109259678211316	-0.022055316611353244
-0.32859498738741877	-0.3344641419626216
-0.1269518268640395	-0.09986659280928598
-0.2015678160915808	-0.22170246563696397
-0.3783870856619753	-0.3967116296831826
-0.6186313110310913	-0.6080177134785634
-0.20923154066183436	-0.22844348401086065
-0.10342057542102179	-0.14193507088451973
-0.4539651131078326	-0.4431932537440664
-0.02673200225896455	0.030455962795958833
-0.43723985888960204	-0.4360290900625739
-0.01908340929131569	-0.015439516723269412
-0.17828783707139628	-0.16976363478856132
-0.28038035846301135	-0.28418119994928137
-0.13545574592049547	-0.13596059734059168
-0.1947117529256399	-0.18915086006709975
-0.2187948159062989	-0.21075325322531244
-0.3746771917809877	-0.3603177656098497
-0.05026633571672079	-0.04639435559216863
-0.2312369164255852	-0.20734377828948738
-0.36812643451283833	-0.3726447608226123
-0.25608839319522847	-0.24549954094450044
-0.03928903515366766	-0.03652314156728504
0.05041789846081102	0.05486035981446864
-0.5176100521105029	-0.5168067483141878
-0.11820852194149367	-0.14187803674903987
0.14695424260710155	0.19835707314437345
-0.040791797974657484	-0.0551327086392516
-0.27634102774394975	-0.3220939680741587
-0.2720073429082923	-0.2742977515149899
-0.1009988622208482	-0.10253674787209067
-0.3443638758303642	-0.3222395952353485
-0.2657553145837568	-0.2840436069142658
-0.5055118882884502	-0.5039921037457501
-0.33158160864615205	-0.3262711732771233
-0.39913568020344936	-0.40366031853750356
-0.29368516500303876	-0.29830562894989093
-0.3188822592829421	-0.3335461936985744
-0.12818680361133694	-0.12875554663227412
-0.43915185324461703	-0.4352658371370989
-0.47359297753810914	-0.4783600128985829
-0.4070207136379498	-0.39812545649330183
-0.29598212359722886	-0.3096355740089948
-0.466817492215295	-0.46801549223912475
-0.5493206399177613	-0.6514302117149935
-0.43618819179215684	-0.4267891976218058
-0.1800507519342478	-0.2205290223414613
-0.26644883095929295	-0.27566682352789357
-0.34120846412138484	-0.3247912077567723
-0.3125288962056949	-0.296737054242142
-0.5064450828395035	-0.4441336513969426
-0.18133152956090903	-0.22082304737016922
-0.08942484938416406	-0.08438950535335528
-0.29981998816417477	-0.3464654354544411
-0.30785835157439223	-0.45371614456130543
-0.4290596734142458	-0.4156470048061311
-0.26624586098764347	-0.26226193805233583
-0.4342557353059151	-0.4400709729992301
-0.28618940915237534	-0.23934193788517155
-0.5569569700652233	-0.5618950739955443
-0.07571752591763747	-0.08318862134434875
-0.39090160556729714	-0.37305416257381496
-0.24434745691721282	-0.25820189483083344
-0.2548494613161374	-0.25911548415977137
-0.04506921302859723	-0.044250815049768015
-0.22213678709085194	-0.22194355417289358
-0.2984427982252642	-0.296063899054716
-0.17219949389754063	-0.15299077626476565
-0.12886015431165276	-0.13383504256164241
-0.20684143375819541	-0.2286521618228456
-0.07116763298709472	-0.08390601722237588
0.005212454607628203	0.006150244985051356
-0.3330054667382729	-0.3257640597819747
-0.33992943662974007	-0.3440299471826038
-0.3464579668947483	-0.35035136328640815
-0.11409753825713942	-0.10548288723184897
0.13681362323591983	0.14479894013813402
-0.49498714375044717	-0.5022659343675014
-0.3600109911143621	-0.3474032020733678
-0.2695933841623255	-0.28021323397965303
-0.3445822757968582	-0.34107653736252264
0.13882844082445267	0.12514699729565698
-0.1115597783827571	-0.07957548760805554
-0.5418935406170569	-0.5591641739902702
-0.3461802008959314	-0.3407319730959255
-0.2467740500049942	-0.25248013460766844
-0.40120150420460643	-0.3983237837775374
-0.33573172543784224	-0.3462470645712184
-0.18630992377587585	-0.15487115934668436
-0.1430431985121512	-0.1522062497845544
-0.3536082648575718	-0.46013772975519157
-0.4262633585902389	-0.43613444233047377
-0.3485392376786862	-0.3452394457245777
-0.2447705983980928	-0.25273799941586866
-0.17194935775482456	-0.14226702348058085
-0.46900203245620276	-0.46664323620852244
-0.5253499393251273	-0.5128695184772638
-0.2235203181777088	-0.23669613720625274
-0.0025805761274408923	-0.0027406099478333853
-0.12992735485983786	-0.14601117044973505
-0.27303741855635355	-0.28062097844291206
-0.12756448647961705	-0.13579666515821281
-0.4617210044707267	-0.48274712845843265
-0.0942964859872717	-0.09620716442222764
-0.5243533343762081	-0.5200499421920292
-0.12135359636685905	-0.13073614821358798
-0.008396048514446974	0.007300816210440999
-0.4528779289933613	-0.4500547656019849
-0.1895619412542775	-0.16020033905070416
-0.10424637849075946	-0.10284482591823706
-0.14162686879234254	-0.1879708538353387
-0.5184169332281758	-0.5136098285081904
-0.26536353944170443	-0.2984078369253848
-0.3792425641148416	-0.3814438662052093
-0.4356361177244601	-0.40585738513157876
-0.0813061330467395	-0.09251988339130232
-0.17686885348243653	-0.16295054776130768
-0.45931029941169754	-0.46644834445319094
-0.4185191271082438	-0.4205858375578085
-0.41547425325741916	-0.3967654750188757
-0.1783142055016178	-0.19940564775215994
0.024356986926823865	0.010569059429869477
-0.20294714118584878	-0.2102420093488805
-0.3114644387746033	-0.13016856673239158
-0.16914650986875923	-0.1771782356687692
-0.41245612609868587	-0.4117827060250083
-0.09634187005669226	-0.09904663586226144
-0.03234708379148188	-0.030990688933849823
-0.06949125781624232	-0.06667806764104056
-0.1936549106044243	-0.1856995957453681
-0.49458294879847653	-0.4847044199809471
-0.0657271541060016	-0.05400032892140934
-0.46884799835271274	-0.4987542336303612
-0.48205816519717537	-0.45267896863852874
-0.44435628685161	-0.4426380253312366
-0.3276099211745276	-0.37684920291142004
-0.03743002793274375	-0.042318722268055206
-0.3430873051426859	-0.32856519151474894
-0.057888963540957405	-0.028065776502491143
-0.5997074334697299	-0.6059108690746277
-0.4755846285818528	-0.4788302239933472
-0.3522867964680563	-0.36101329684469086
-0.1790576240346784	-0.18457998748262242
-0.35750172939814284	-0.3112016114644155
-0.11866410897173374	-0.12520153576632062
-0.47917646465127994	-0.4837139565060766
-0.28155874543027437	-0.2879059246173614
-0.043573250963003574	-0.03282481857362012
-0.0900455925766046	-0.16253549192292274
-0.2704571475614159	-0.27404314316870637
-0.42469423188607536	-0.4263170630795955
0.06372142054290819	0.049239714086726206
-0.34655723265976945	-0.3287215161553045
-0.4939230568601243	-0.4852782760031743
-0.43578801305404546	-0.44499603115267006
-0.2347138697939073	-0.20095826576718934
-0.16747893109659806	-0.17846877749020293
-0.24350233315043113	-0.25989636235163427
-0.16502592640675573	-0.16607446951706722
-0.18440702710937185	-0.18542069323148266
0.016862254029652135	0.02471331039374689
-0.45351360752993664	-0.4648098060852
-0.3336914978899461	-0.36961862305043236
-0.3638300155851315	-0.3533823825779872
-0.42020827348478296	-0.42543734078858775
-0.4654662783979653	-0.4615383213488257
0.04821667388339712	0.058682529884623844
-0.0030629099948171756	0.0550766962073426
-0.5034309562097903	-0.49671081517415516
-0.15570775106613688	-0.15023846484619577
-0.33963470665673157	-0.33988692619155786
-0.20172469298068485	-0.18386102926524708
-0.26942843596569066	-0.2839735015519115
-0.1791279315888028	-0.17900406359133356
-0.22651022537472443	-0.23281716278110445
-0.2514981058356245	-0.23961113145332696
-0.5139808815080222	-0.5180726242782757
-0.40316395275049466	-0.41388263630354427
-0.2334100409208011	-0.25828453804041124
-0.41891109392743253	-0.4285790764892702
-0.29065320474358103	-0.30762867129283644
-0.28699746284153616	-0.31989110672058213
-0.26602571642155937	-0.24380678025481747
-0.4070359661487153	-0.3997859241121009
0.061459094120497326	0.09358133851371941
-0.06438090694626197	-0.08618274225204571
-0.3790464966899716	-0.3799545883047921
-0.008020000217173084	0.05173526556822729
-0.10445146094020519	-0.09841944831991585
-0.5255673206270082	-0.523922258418755
-0.49308051186297597	-0.49427913101549814
-0.0008530024678563564	-0.01565246566055147
-0.09605334788101239	-0.07498757921354114
-0.27783391311663763	-0.27308228269043633
-0.168203691321966	-0.17372365927341368
-0.3495410500322915	-0.34109248107628504
-0.4880748053290134	-0.48346570482970697
-0.278991511174814	-0.2846781880671995
-0.4999642215724709	-0.5031512268654313
-0.4938454098148295	-0.5054748803932114
-0.2465199095401509	-0.2465180835126827
-0.4313965947897307	-0.4396825092519203
-0.5027921226033758	-0.4993832692453499
-0.022725182833839952	-0.0185790844983526
-0.5872782371029066	-0.5996035852096023
-0.17684729803923904	-0.17596917013078217
-0.1858136729629365	-0.16019365905898794
-0.2226348200400725	-0.24224731194782187
-0.12900661380580303	-0.1376056880139488
-0.32817195448273573	-0.3353348676811139
-0.4713834347760475	-0.4594025542670291
-0.47710154056009557	-0.4812044168391715
-0.6266122387759641	-0.5926920464129596
-0.3071575561827746	-0.28917024621956033
-0.18106169218448276	-0.1908283531965068
-0.28016039336820864	-0.2298393126103915
-0.16295408330791972	-0.16107440590250502
-0.4598642454975055	-0.468873090135101
-0.289749676604961	-0.2926758816467083
0.067942862828553	0.06324300711126499
-0.1892821154718778	-0.1953976899191734
0.024901766666347136	0.046490425866577215
-0.2929015312797638	-0.2935595799948517
-0.15659788165229216	-0.16643100964988047
-0.3699570698005754	-0.33498098796049225
-0.2082805618471948	-0.19258127617515688
-0.4619868478131721	-0.46466655428086706
-0.25286837203956036	-0.2516514065957691
-0.013826297469938353	-0.006970322433523175
0.23544696274342503	0.22983585837489284
-0.3112935014085778	-0.3128198693633355
-0.21420317251121368	-0.2366722212261821
-0.10656186532484568	-0.11552528705388508
-0.3692007370590815	-0.3789377490864165
-0.2140779684793621	-0.20653857205930237
-0.141410373951671	-0.17317467439776768
-0.47811410220231654	-0.4769361803930569
-0.12228464428870733	-0.12310748169414774
-0.11306904665918083	-0.11728609913477162
-0.13799294149270658	-0.1516951354920157
-0.6099673342494825	-0.6038924221545906
-0.31901473601149277	-0.3123874441317566
-0.624925177964899	-0.6345665484771601
-0.04719783249884202	-0.038936317101486824
-0.6279120179470343	-0.6233932612308987
-0.28018489065934205	-0.2356229693421684
-0.31855595703758155	-0.32004597436576726
-0.17306706146472273	-0.1778084705185443
-0.1830427571931601	-0.18341311113429332
-0.31315903304746406	-0.27993096001696915
-0.09441827924752744	-0.0900306389512442
-0.02253393829355499	-0.05297549039237613
-0.18637836074663738	-0.16229079828094872
-0.09192777867590252	-0.10489661720916223
-0.027676321400411652	-0.02688154824542891
-0.5125407227888346	-0.5403912685635726
-0.047533010029289	-0.03512320128049803
-0.141520883854529	-0.15381932204365106
-0.3896695939813135	-0.3949127306861482
-0.12047554991984377	-0.13070563291232254
-0.3441890686925575	-0.3496420754093692
-0.16633272758404694	-0.166799891962574
-0.505454878899875	-0.5067935727246722
-0.29880000009025487	-0.2980937087428327
-0.19686766170792502	-0.2182952246231297
-0.23095485349248257	-0.22820619432549363
-0.1305523768193062	-0.10555235396751228
-0.08401915095830148	-0.08190474639970739
-0.4243292526986622	-0.42817775699669164
-0.3177306364747965	-0.32879809207346533
-0.27071473211015906	-0.2746379087298444
-0.22938650185885479	-0.22592801886333674
-0.14425332604168872	-0.13926873287042052
-0.3818047856611413	-0.34368929905880546
-0.07644149552347024	-0.0835942688040245
-0.49506365256779095	-0.5271816757946407
-0.33581033704360674	-0.32029155747065674
-0.14675048865384355	-0.14970079766129063
-0.1369500704033051	-0.13867336385442192
0.03672602831065497	0.03272054669757796
-0.03510560847714039	-0.05194904534724112
-0.4053568285986726	-0.40427697124150125
-0.14453607343251385	-0.14627909093494446
-0.3406545350685306	-0.3372219092091719
-0.06007594674152461	-0.031096839809208177
-0.46995572678500963	-0.47734123598691686
-0.30042077077938867	-0.31328643054176086
-0.26804527430728964	-0.26530315425537915
-0.12419437286064738	-0.1542306049100513
-0.043322869701651	-0.029569520997861774
-0.5596305523432328	-0.5538114295810461
-0.5062683353858812	-0.5058850170521121
-0.2670286136328137	-0.27121403728468896
-0.27760539688862806	-0.2686622315783504
-0.4808037327721948	-0.47301389282702955
-0.3247509294455675	-0.3275814985257123
-0.20415909175631697	-0.21321843599596782
-0.14060377064845397	-0.13611512208865484
-0.18132240101571995	-0.19179331502298458
-0.08535244543672693	-0.09838862401707114
-0.323708846668632	-0.31967737754321185
-0.12637662441689557	-0.125067605973211
-0.004674451746959463	-0.030749210530680464
-0.12699454900132956	-0.15400704961196351
-0.3489746234165638	-0.3501321312883479
-0.24803023555488934	-0.21362172013957528
-0.3287500793022389	-0.2942225654667077
-0.5068477157759972	-0.47739070553296664
-0.33552083276396516	-0.3412637848757509
-0.19357512277814148	-0.17886631675464115
-0.43204114353047274	-0.41898838626425133
-0.15480934884398678	-0.1884933599744108
-0.15167405892867603	-0.15457043535420845
-0.3136829836003088	-0.3122335057899087
-0.49972810968494574	-0.48811415313716894
-0.40747859827013855	-0.4081319878884821
-0.052318362566166066	-0.0660166922264695
-0.17159522253628445	-0.16407369760885815
-0.3317581862294787	-0.3181229020852154
-0.11271347539826326	-0.10783828906877292
-0.09886595640906748	-0.09755154200480798
-0.4371885945886831	-0.4294095723950525
-0.10009302964674838	-0.06713072167481841
-0.5085697448943192	-0.503481258396055
-0.27725370579682185	-0.27716563974580466
-0.09699420159819461	-0.09965744935530607
-0.18214963147659713	-0.18651914898309188
-0.2999834791568077	-0.3016284838779641
-0.4954155617064391	-0.4961045415311796
-0.14973950908111355	-0.12817990520850953
-0.4689233492474765	-0.46353488853878616
-0.20295850485174505	-0.17052752320331238
-0.21036379367023805	-0.19317968107290673
-0.49500189421699403	-0.5034942213090396
-0.36846093332572494	-0.3644811296840154
-0.4799985835258891	-0.4735907310048918
-0.11091138405936185	-0.09230611786885952
-0.35598612916916483	-0.36278999106620036
-0.08806291946168265	-0.08112098447710674
-0.12400609450377864	-0.11646863884037066
-0.1630405755121025	-0.1783630051008682
-0.12596233129335666	-0.11749457402437731
-0.2318612020834987	-0.253918955057782
-0.21303867145176092	-0.2093073495225383
-0.36769183804852634	-0.35456794480896575
-0.5230388036099871	-0.5243235385096872
-0.5190499234654711	-0.526031906172891
-0.25837841733247835	-0.2534382490315239
-0.35561841631572033	-0.3543815065919093
-0.31345004095411966	-0.30535842846432876
-0.03340284237440816	-0.02098539800994342
-0.3874355169426327	-0.39186317095450496
-0.14242735392195272	-0.13035306989863554
-0.37921791346985856	-0.3724898705333834
-0.18662773268477295	-0.17644715545783982
-0.2701531845132319	-0.2586332557595244
-0.6228019642147764	-0.6097512269953822
-0.3154505909275125	-0.3184703058000308
-0.5634877316092313	-0.5560205364807593
-0.20859528192587007	-0.21198899164522855
-0.2876492490951854	-0.2891421229339126
-0.2700841926457045	-0.2749886713627254
-0.2662459558639334	-0.273037970639207
-0.5411725610950171	-0.5356012474676911
-0.3954277232929275	-0.38216776304459316
-0.5124275006685508	-0.5127932687499633
-0.002546541347347997	-0.008996403738610414
-0.5047545571177743	-0.5020283012868436
-0.3458002848166757	-0.33743461105499467
-0.06814969737950882	-0.05822375157170773
-0.37303782929042484	-0.3708190311608274
-0.4326596132123175	-0.4356468200957448
-0.05356071664532358	-0.044740257952893915
-0.17152114568177623	-0.15476869796708595
-0.22392695031945564	-0.19438884719662466
-0.1788933668592545	-0.18405244193222764
-0.608216382823568	-0.6066536785216071
-0.2801763383317173	-0.23447981635386403
-0.08814365476858654	-0.09564242974322967
-0.024242391418539455	-0.02507328302329519
-0.10165582899295522	-0.09156476493985127
-0.23889477094080647	-0.245999004988049
-0.516633294339095	-0.5193431384320644
-0.1319792923710823	-0.1320622938633596
-0.2482172859409868	-0.2769849519290142
-0.12029427186953257	-0.08636312773129103
-0.46323462908665825	-0.4641969223513498
-0.33971903630040856	-0.3700994020809635
-0.37827658310327195	-0.3732544971203198
-0.18854011431130324	-0.1904668629075402
-0.3718462290610933	-0.3752147541181022
-0.21374839964905057	-0.2064548380979327
-0.4136143142620341	-0.4190060372813959
-0.18599158102886193	-0.18811768265451456
-0.327707460136029	-0.33402241806555066
-0.14903706180041265	-0.14385499268601168
-0.3667906302940338	-0.3459023710723261
-0.588858112081029	-0.5773558433294583
-0.1313335248431038	-0.1406135180866359
-0.39115487530424087	-0.3841653372926014
-0.538050427577411	-0.5439113111783185
-0.18922400042059184	-0.19292155742603811
-0.21308192303224782	-0.22323980163582355
-0.2691255353900237	-0.3031078488997715
-0.18091867252250537	-0.15596162086279303
-0.4413062979834006	-0.4526573544966441
-0.19304149582753727	-0.4297753386376328
-0.10980846097842623	-0.10530224440646378
-0.19210411823573104	-0.20296638117845997
-0.48832539758917726	-0.49283178320608145
0.06556791428735043	0.04066220244544434
0.019700955339320814	0.04824239829306891
-0.3394622647814085	-0.3471746565816701
-0.08042033980349128	-0.09320941502353244
-0.17992811246666562	-0.16608245020589732
-0.2994068678782149	-0.32024886055088947
-0.23274697363310537	-0.24907464316705752
-0.19924252503933904	-0.19164380641201897
-0.1793271779052663	-0.18425802399802593
-0.2492069570743265	-0.25355267419236355
-0.4733318495583978	-0.4710149519322629
-0.108099726973645	-0.14512827514417656
-0.0656284653913719	-0.06438734893846959
-0.1343025231392918	-0.13604889875678047
-0.20490408362783086	-0.20075427127114778
-0.009504250330856223	-0.02169132087334985
-0.3122938650249649	-0.31226235974428823
-0.1818911017389695	-0.17815213467262145
-0.35098765364206574	-0.3405419101408086
-0.40942678105250163	-0.4108284687024408
-0.2690885883316527	-0.2695148273514928
-0.24415684765282375	-0.23980161913864514
-0.15818522286345704	-0.1255190044347854
-0.28821985937802985	-0.2245658106743653
-0.13085679470355593	-0.13292439172671364
-0.4358559442026415	-0.4322326590642986
-0.23753964578734355	-0.25764276782056295
-0.20388191839161962	-0.1760237116323799
-0.1787571424786698	-0.18410000219976172
-0.41461523390594746	-0.39005649155922156
-0.356196195497847	-0.17422399474426203
0.007083469224465233	-0.0033954282486169532
-0.10364513775640027	-0.1083736306438204
-0.2956296451051168	-0.29164924167250905
-0.19434216692049233	-0.19300374061360256
-0.0680177152531165	-0.06964656882949999
-0.3235567514570006	-0.31995831942648867
-0.12706120644047036	-0.14318182059728005
-0.12874217543041588	-0.1240674580358984
-0.2886210155081468	-0.24424643058052176
-0.10010986242939524	-0.10118583074981675
-0.3654104167968848	-0.37149869724141826
-0.142184650806235	-0.13641980268163054
-0.324984960066546	-0.3109438113523494
-0.13223401226262332	-0.12861889352070976
-0.09190519140633402	-0.10305427331624155
-0.5082594007682086	-0.49915949284520106
-0.14689802206467206	-0.155851568097866
-0.3146187584042881	-0.31054578769787544
-0.44751392147405156	-0.5176163256008445
-0.45950634170726445	-0.4559455394016852
-0.19993047989071666	-0.2041856966127376
-0.47669718048364906	-0.47076511179254416
-0.06371231661428656	-0.06248491838969026
-0.05953329079073999	-0.05714178117020518
-0.1262517070765341	-0.031666028305039486
-0.45962225331905415	-0.4709445446927857
-0.07221926174304816	-0.10602970630135694
-0.14489345477704685	-0.1349792007951503
-0.2920776281475721	-0.29589654442564756
-0.1350550267984616	-0.16013113587799452
-0.25633721948813903	-0.2371880546585651
-0.20771125651919675	-0.20662938093111008
-0.14006558519533296	-0.13778626595143517
-0.37498618435884	-0.3878543672954216
-0.054168162811630616	-0.05665396395637638
-0.1280508427126641	-0.13151762378042708
-0.2840496880242789	-0.287646578786669
-0.1095435920433081	-0.1344224896964863
-0.20280697896345679	-0.17895371832030146
-0.2828343512428493	-0.2789356251489412
-0.18918176462461744	-0.18460429580272067
-0.20014958664406102	-0.2554244623514209
-0.1466912284499058	-0.11391534667926802
-0.3219677419037428	-0.32773527661593876
-0.47634771457915726	-0.44086473349662597
-0.3439028205356438	-0.33987327307820914
-0.21424482457839567	-0.2385843523211132
-0.32070382321438196	-0.31746779502092054
-0.08889425548411367	-0.08838167541012641
-0.3004078950509186	-0.30986286878735336
-0.10283549923088842	-0.17245232527236654
-0.5007120415829469	-0.4956383927435704
-0.4480884180336444	-0.4642747265396937
0.07556881285567307	0.06722154737488822
-0.09129227429836284	-0.08870362682932427
-0.4798384374531546	-0.48143152715475857
-0.28478456347998105	-0.2914591125293716
-0.20019208334139993	-0.21220749578900727
-0.33412538682937765	-0.31923093212232617
-0.1786927088455963	-0.1906786378369404
-0.3386594342194993	-0.3208752613867646
-0.22110199532474617	-0.22648919051924707
-0.4744345119637323	-0.47581923483391614
-0.1633262460001017	-0.14963558750268843
-0.3529864681481758	-0.3425606902199557
-0.31771059651583844	-0.4241455702663651
-0.05664726877191306	-0.037941566006212214
-0.5053295024438418	-0.5108162366568137
-0.36779319026301316	-0.3625430169798522
-0.30203239543321025	-0.2530318876678747
-0.09171512199841025	-0.09315548654478024
-0.3491250905348675	-0.3182219491104671
-0.45272610305259775	-0.4498916642216417
-0.18191741625347468	-0.2064864619086965
-0.15162848326868605	-0.1185545829553932
-0.4473337282718255	-0.43576218972938285
-0.0032982263212613105	-0.004261683463427602
-0.17615063056147662	-0.1664668546608714
-0.316362826717711	-0.3165596508844629
0.034577354358702905	0.03379748966535261
-0.2517189649887275	-0.25616027301322647
-0.5145767457977177	-0.5062832389949883
-0.29122035197822616	-0.29678799767131975
-0.40451278634492027	-0.4129133982404567
-0.19948266084914934	-0.19478848650404026
-0.11357293844787719	-0.11407651575549815
-0.337722121433746	-0.337668275914472
-0.3036723165120403	-0.2997417663324742
-0.4163599203116011	-0.40922870741540635
-0.07884567079777582	-0.09557802592434009
-0.21203423628698737	-0.21864921744180837
-0.36534120578111207	-0.3610121554247641
-0.050788398236756294	-0.059294170726564045
-0.1568107178574838	-0.15051087404013694
-0.43856874363542264	-0.4452187058980443
-0.06741580895471877	-0.07958605213236948
-0.49412654394965116	-0.5003280515846028
-0.3203353154479318	-0.31850811909146237
-0.49393531068687047	-0.4876371712318034
-0.293449940138494	-0.28598407461952347
-0.48501828202307884	-0.48301654220126844
-0.03564142040303153	-0.04279084616892946
-0.3818373055716089	-0.3862650292289703
-0.48411909271012554	-0.5068334143431503
