4.356648520962239785e-02 5.252502293225876128e-04 1.000000000000000000e+00 1.000000000000000000e+06
4.356606433758809099e-02 5.252475306064340694e-04 1.000000000000000000e+00 3.162277660168379080e+05
4.356473350176857939e-02 5.252389966965542029e-04 1.000000000000000000e+00 1.000000000000000000e+05
4.356052597969807538e-02 5.252121069487357278e-04 1.000000000000000000e+00 3.162277660168379225e+04
4.354722986840368210e-02 5.251281212802972513e-04 1.000000000000000000e+00 1.000000000000000000e+04
4.350747227973703751e-02 5.248569487822000263e-04 3.162277660168379394e-03 1.000000000000000000e+06
4.350526863950480994e-02 5.248619898492780118e-04 1.000000000000000000e+00 3.162277660168379498e+03
4.337560159436927576e-02 5.240023941104583272e-04 3.162277660168379394e-03 3.162277660168379080e+05
4.337342503803997412e-02 5.240064301801173685e-04 1.000000000000000000e+00 1.000000000000000000e+03
4.296712973976600514e-02 5.211361836016110798e-04 3.162277660168379394e-03 1.000000000000000000e+05
4.296504641116153517e-02 5.211368056930471698e-04 1.000000000000000000e+00 3.162277660168379043e+02
4.175481197914470560e-02 5.119277660441237708e-04 3.162277660168379394e-03 3.162277660168379225e+04
4.175301006714227797e-02 5.119267766683638496e-04 1.000000000000000000e+00 1.000000000000000000e+02
3.857003344122371391e-02 4.818422981898575841e-04 3.162277660168379394e-03 1.000000000000000000e+04
3.856909058476661739e-02 4.818429722479084963e-04 1.000000000000000000e+00 3.162277660168379256e+01
3.237650344109811035e-02 4.054487746972194450e-04 1.000000000000000000e+00 1.000000000000000000e+01
3.237526605552029646e-02 4.054311995228528174e-04 3.162277660168379394e-03 3.162277660168379498e+03
3.237526187161443580e-02 4.054312080333591904e-04 9.999999999999999124e-06 1.000000000000000000e+06
2.533221223404039796e-02 2.763579293698184862e-04 1.000000000000000000e+00 3.162277660168379523e+00
2.532783872486003146e-02 2.762946189072273419e-04 3.162277660168379394e-03 1.000000000000000000e+03
2.532782486421655127e-02 2.762944339559200886e-04 9.999999999999999124e-06 3.162277660168379080e+05
2.108145283553855207e-02 1.461891537436035881e-04 1.000000000000000000e+00 1.000000000000000000e+00
2.107548066668611317e-02 1.460495661990826924e-04 3.162277660168379394e-03 3.162277660168379043e+02
2.107546181101069283e-02 1.460490971753439270e-04 9.999999999999999124e-06 1.000000000000000000e+05
1.930764484656607299e-02 7.792153012500608255e-05 3.162277660168379394e-03 1.000000000000000000e+02
1.930763785169926222e-02 7.792110141250372171e-05 9.999999999999999124e-06 3.162277660168379225e+04
1.833736079761200122e-02 6.093055649805998966e-05 9.999999999999999124e-06 1.000000000000000000e+04
1.833735043101695356e-02 6.093036232259104579e-05 3.162277660168379394e-03 3.162277660168379256e+01
1.733798626345057353e-02 5.053685161647584404e-05 3.162277660168379191e-08 1.000000000000000000e+06
1.733798532556676472e-02 5.053587380124198485e-05 9.999999999999999124e-06 3.162277660168379498e+03
1.733793637800780732e-02 5.053506681130998698e-05 3.162277660168379394e-03 1.000000000000000000e+01
1.613190278772693928e-02 6.305522105648188802e-05 3.162277660168379191e-08 3.162277660168379080e+05
1.613190223707453713e-02 6.305605331932349867e-05 9.999999999999999124e-06 1.000000000000000000e+03
1.613175601753990066e-02 6.305324577623064677e-05 3.162277660168379394e-03 3.162277660168379523e+00
1.473789634377977928e-02 7.526221947642233224e-05 3.162277660168379191e-08 1.000000000000000000e+05
1.473789032725070572e-02 7.525814179207770288e-05 9.999999999999999124e-06 3.162277660168379043e+02
1.473742989880448030e-02 7.524438138065114021e-05 3.162277660168379394e-03 1.000000000000000000e+00
1.346579631048371896e-02 6.923108630953784691e-05 3.162277660168379191e-08 3.162277660168379225e+04
1.346578273749310037e-02 6.923034003557238490e-05 9.999999999999999124e-06 1.000000000000000000e+02
1.260445250321749755e-02 5.865997024994981608e-05 3.162277660168379191e-08 1.000000000000000000e+04
1.260441794702355477e-02 5.865946700172094676e-05 9.999999999999999124e-06 3.162277660168379256e+01
1.206681759504846761e-02 5.723852844441493215e-05 1.000000000000000036e-10 1.000000000000000000e+06
1.206442771147285889e-02 5.771491049394892947e-05 3.162277660168379191e-08 3.162277660168379498e+03
1.206420455639666683e-02 5.770942481472277969e-05 9.999999999999999124e-06 1.000000000000000000e+01
1.165046429139445297e-02 5.927051594043037329e-05 1.000000000000000036e-10 3.162277660168379080e+05
1.164839596391215905e-02 5.992488367709805283e-05 3.162277660168379191e-08 1.000000000000000000e+03
1.164669079032257248e-02 5.990642996980376499e-05 9.999999999999999124e-06 3.162277660168379523e+00
1.126694465121185450e-02 6.208818120253182637e-05 1.000000000000000036e-10 1.000000000000000000e+05
1.126599969112535016e-02 6.232591577481688336e-05 3.162277660168379191e-08 3.162277660168379043e+02
1.125254234850327217e-02 6.218157397726946085e-05 9.999999999999999124e-06 1.000000000000000000e+00
1.092448562295674809e-02 6.364522903252785183e-05 1.000000000000000036e-10 3.162277660168379225e+04
1.092365308156006444e-02 6.314504348201073632e-05 3.162277660168379191e-08 1.000000000000000000e+02
1.066066298901039919e-02 6.122362338983787175e-05 1.000000000000000036e-10 1.000000000000000000e+04
1.065706377840932792e-02 6.088324890691164913e-05 3.162277660168379191e-08 3.162277660168379256e+01
1.047826032594519410e-02 6.013693524656418186e-05 1.000000000000000036e-10 3.162277660168379498e+03
1.045328452560008101e-02 5.958226161670055902e-05 3.162277660168379191e-08 1.000000000000000000e+01
1.034385732745212241e-02 6.023785756446187894e-05 1.000000000000000036e-10 1.000000000000000000e+03
1.021082886113254193e-02 5.838150734214226484e-05 1.000000000000000036e-10 3.162277660168379043e+02
1.020209596619663442e-02 5.683373471545996261e-05 3.162277660168379191e-08 3.162277660168379523e+00
1.001056868283999209e-02 5.509943686294376474e-05 1.000000000000000036e-10 1.000000000000000000e+02
9.815500987599168684e-03 5.108386759305915450e-05 3.162277660168379191e-08 1.000000000000000000e+00
9.675883985805332904e-03 5.537036330463234992e-05 1.000000000000000036e-10 3.162277660168379256e+01
9.257181176946766010e-03 6.572206831345819421e-05 1.000000000000000036e-10 1.000000000000000000e+01
8.737229809793842228e-03 1.144138055126970075e-04 1.000000000000000036e-10 3.162277660168379523e+00
8.119379468940896016e-03 1.386492603561434846e-04 1.000000000000000036e-10 1.000000000000000000e+00
