9.314572529695361314e-02 1.379328570296912103e-03 1.000000000000000000e+00 1.000000000000000000e+06
9.314536475986270880e-02 1.379323403227144824e-03 1.000000000000000000e+00 3.162277660168379080e+05
9.314422467483488011e-02 1.379307065367363404e-03 1.000000000000000000e+00 1.000000000000000000e+05
9.314061974297323243e-02 1.379255419002808816e-03 1.000000000000000000e+00 3.162277660168379225e+04
9.312922328149250695e-02 1.379092283522968723e-03 1.000000000000000000e+00 1.000000000000000000e+04
9.309442363810818688e-02 1.379144924414907152e-03 3.162277660168379394e-03 1.000000000000000000e+06
9.309324582755089394e-02 1.378545287681193438e-03 1.000000000000000000e+00 3.162277660168379498e+03
9.298107106261084553e-02 1.377401367098282864e-03 3.162277660168379394e-03 3.162277660168379080e+05
9.297984153562141585e-02 1.376792461490617368e-03 1.000000000000000000e+00 1.000000000000000000e+03
9.262623000810403517e-02 1.371885516440378514e-03 3.162277660168379394e-03 1.000000000000000000e+05
9.262497391009139047e-02 1.371243293684279441e-03 1.000000000000000000e+00 3.162277660168379612e+02
9.154492958843721273e-02 1.353470990247166881e-03 3.162277660168379394e-03 3.162277660168379225e+04
9.154373236817983650e-02 1.352828196919618779e-03 1.000000000000000000e+00 1.000000000000000000e+02
8.843564975987787402e-02 1.304308226402045448e-03 3.162277660168379394e-03 1.000000000000000000e+04
8.843433446161604039e-02 1.303378376837882298e-03 1.000000000000000000e+00 3.162277660168379256e+01
8.078629119651095647e-02 1.179390093963043722e-03 1.000000000000000082e-05 1.000000000000000000e+06
8.078628913015527269e-02 1.179386539874258946e-03 3.162277660168379394e-03 3.162277660168379498e+03
8.078566710926694816e-02 1.178242079343112293e-03 1.000000000000000000e+00 1.000000000000000000e+01
6.717046315813876567e-02 9.412606169524801759e-04 1.000000000000000000e+00 3.162277660168379523e+00
6.716867977454302197e-02 9.421851849375366449e-04 3.162277660168379394e-03 1.000000000000000000e+03
6.716867477297452926e-02 9.421879148924205407e-04 1.000000000000000082e-05 3.162277660168379080e+05
5.332111582117280563e-02 8.349299507260604745e-04 1.000000000000000082e-05 1.000000000000000000e+05
5.332106684582773454e-02 8.349308079713035815e-04 3.162277660168379394e-03 3.162277660168379612e+02
5.330621923471422219e-02 8.354160381083895574e-04 1.000000000000000000e+00 1.000000000000000000e+00
4.565529078941512470e-02 1.117487165335008178e-03 1.000000000000000082e-05 3.162277660168379225e+04
4.565482362518386017e-02 1.117509142090912641e-03 3.162277660168379394e-03 1.000000000000000000e+02
4.242922709770678702e-02 1.229888283209877586e-03 1.000000000000000082e-05 1.000000000000000000e+04
4.242648773810671348e-02 1.229905336296148151e-03 3.162277660168379394e-03 3.162277660168379256e+01
4.039749288515270820e-02 1.222242100267890248e-03 3.162277660168379191e-08 1.000000000000000000e+06
4.039743900503114937e-02 1.222241339822015575e-03 1.000000000000000082e-05 3.162277660168379498e+03
4.038133809770708127e-02 1.221827808255784766e-03 3.162277660168379394e-03 1.000000000000000000e+01
3.839648357832876890e-02 1.221453942817150255e-03 3.162277660168379191e-08 3.162277660168379080e+05
3.839618993888770093e-02 1.221458202491666799e-03 1.000000000000000082e-05 1.000000000000000000e+03
3.830973561635374336e-02 1.221891106529694694e-03 3.162277660168379394e-03 3.162277660168379523e+00
3.647458106102781372e-02 1.215372065992478563e-03 3.162277660168379191e-08 1.000000000000000000e+05
3.647291021560272045e-02 1.215375189134807734e-03 1.000000000000000082e-05 3.162277660168379612e+02
3.614005381938396877e-02 1.223528353664330012e-03 3.162277660168379394e-03 1.000000000000000000e+00
3.490494934156072870e-02 1.269846210646776536e-03 3.162277660168379191e-08 3.162277660168379225e+04
3.489675162704340000e-02 1.270522785857142222e-03 1.000000000000000082e-05 1.000000000000000000e+02
3.399689680302762224e-02 2.047921548680418664e-03 1.000000000000000036e-10 1.000000000000000000e+00
3.361951584321404285e-02 1.345391489287513969e-03 3.162277660168379191e-08 1.000000000000000000e+04
3.357466117963033708e-02 1.347504962659211263e-03 1.000000000000000082e-05 3.162277660168379256e+01
3.269227921551743493e-02 1.412941785218060518e-03 1.000000000000000036e-10 1.000000000000000000e+06
3.269089930616358303e-02 1.413672953740331868e-03 3.162277660168379191e-08 3.162277660168379498e+03
3.243685501318259445e-02 1.433402319446090093e-03 1.000000000000000082e-05 1.000000000000000000e+01
3.219182683407320611e-02 1.415265926621573278e-03 1.000000000000000036e-10 3.162277660168379080e+05
3.218019905547059301e-02 1.417170365008663634e-03 3.162277660168379191e-08 1.000000000000000000e+03
3.194668865353163245e-02 1.454505649149727929e-03 1.000000000000000036e-10 1.000000000000000000e+05
3.186535707667108308e-02 1.470290647427931977e-03 3.162277660168379191e-08 3.162277660168379612e+02
3.167601420823377978e-02 1.518629395699327327e-03 1.000000000000000036e-10 3.162277660168379225e+04
3.138852771809091946e-02 1.470295177300321495e-03 1.000000000000000082e-05 3.162277660168379523e+00
3.131566882265503227e-02 1.544417114510158702e-03 1.000000000000000036e-10 1.000000000000000000e+04
3.126900843396169388e-02 1.590614241053568126e-03 3.162277660168379191e-08 1.000000000000000000e+02
3.099254751226558982e-02 1.555425773322039905e-03 1.000000000000000036e-10 3.162277660168379498e+03
3.058992840608931729e-02 1.603446970122612359e-03 1.000000000000000036e-10 1.000000000000000000e+03
3.034780462347934707e-02 1.601237165513915003e-03 3.162277660168379191e-08 3.162277660168379256e+01
3.014547684081780865e-02 1.404504352290071676e-03 1.000000000000000082e-05 1.000000000000000000e+00
3.005447476645333252e-02 1.637090011566684359e-03 1.000000000000000036e-10 3.162277660168379612e+02
2.913885221382114116e-02 1.425859853343961706e-03 3.162277660168379191e-08 1.000000000000000000e+01
2.905497042946882796e-02 1.556964878846988113e-03 1.000000000000000036e-10 1.000000000000000000e+02
2.896800091921315420e-02 1.452672778775819778e-03 1.000000000000000036e-10 3.162277660168379523e+00
2.736766616145080988e-02 1.181373788806316808e-03 3.162277660168379191e-08 3.162277660168379523e+00
2.726631525055981872e-02 1.284398886672061908e-03 1.000000000000000036e-10 3.162277660168379256e+01
2.690149765929768927e-02 1.161940235385844041e-03 1.000000000000000036e-10 1.000000000000000000e+01
2.558709150536511018e-02 8.187661543000813525e-04 3.162277660168379191e-08 1.000000000000000000e+00
