1.316787206663828091e-01 2.681757498343813589e-03 1.000000000000000000e+00 1.000000000000000000e+06
1.315102367464316691e-01 2.680514091283431061e-03 1.000000000000000000e+00 3.162277660168379080e+05
1.309811701269095185e-01 2.676355796189320690e-03 1.000000000000000000e+00 1.000000000000000000e+05
1.293468825703390224e-01 2.663510698267061803e-03 1.000000000000000000e+00 3.162277660168379589e+04
1.245336073118649134e-01 2.622241195832313021e-03 1.000000000000000000e+00 1.000000000000000000e+04
1.122128787698211810e-01 2.506358261011213274e-03 1.000000000000000000e+00 3.162277660168379043e+03
1.122123035129921342e-01 2.506935892581804541e-03 3.162277660168379394e-03 1.000000000000000000e+06
8.984546809458901495e-02 2.103093846903049749e-03 1.000000000000000000e+00 1.000000000000000000e+03
8.984034132251592086e-02 2.103581792858197699e-03 3.162277660168379394e-03 3.162277660168379080e+05
6.869573864040794120e-02 1.731971617172558620e-03 1.000000000000000000e+00 3.162277660168379043e+02
6.868080448245106329e-02 1.730322630633915381e-03 3.162277660168379394e-03 1.000000000000000000e+05
5.861737984705365362e-02 1.738688777233821743e-03 1.000000000000000000e+00 1.000000000000000000e+02
5.857754756816981739e-02 1.737142420745276623e-03 3.162277660168379394e-03 3.162277660168379589e+04
5.306054712504215676e-02 1.693938037375676857e-03 1.000000000000000000e+00 3.162277660168379612e+01
5.297124035002035575e-02 1.690802279731978613e-03 3.162277660168379394e-03 1.000000000000000000e+04
4.782995690451481707e-02 1.475319762459639372e-03 9.999999999999999124e-06 1.000000000000000000e+06
4.782906634800836859e-02 1.475072334595000593e-03 3.162277660168379394e-03 3.162277660168379043e+03
4.776418483349866018e-02 1.428767592473146773e-03 1.000000000000000000e+00 1.000000000000000000e+01
4.423128515162737251e-02 1.208640309836918249e-03 9.999999999999999124e-06 3.162277660168379080e+05
4.421372333656955339e-02 1.204373786301978508e-03 3.162277660168379394e-03 1.000000000000000000e+03
4.386941822841914501e-02 9.548168355997790815e-04 1.000000000000000000e+00 3.162277660168379079e+00
4.194443783535686116e-02 1.025240009559031697e-03 9.999999999999999124e-06 1.000000000000000000e+05
4.183638194825438361e-02 9.809111885950908254e-04 3.162277660168379394e-03 3.162277660168379043e+02
4.086535715842169042e-02 8.479607172425724423e-04 1.000000000000000000e+00 1.000000000000000000e+00
4.058689018504856721e-02 9.316021212135392219e-04 9.999999999999999124e-06 3.162277660168379589e+04
4.039030051915981634e-02 7.946781216004270443e-04 3.162277660168379394e-03 1.000000000000000000e+02
3.973879816005684157e-02 8.688782891969848389e-04 9.999999999999999124e-06 1.000000000000000000e+04
3.927288497052453670e-02 8.005091248210014377e-04 3.162277660168379394e-03 3.162277660168379612e+01
3.904183407315594406e-02 8.397870098129765369e-04 3.162277660168379191e-08 1.000000000000000000e+06
3.902355697723054045e-02 8.237152216471236525e-04 9.999999999999999124e-06 3.162277660168379043e+03
3.799260270350750257e-02 1.048373083761206317e-03 3.162277660168379394e-03 1.000000000000000000e+01
3.796508602001626154e-02 8.636856273052612252e-04 3.162277660168379191e-08 3.162277660168379080e+05
3.776228790348377939e-02 8.503303010938264650e-04 9.999999999999999124e-06 1.000000000000000000e+03
3.642690987191939123e-02 9.450284043458232006e-04 3.162277660168379191e-08 1.000000000000000000e+05
3.642207885959457270e-02 1.226028043267171847e-03 3.162277660168379394e-03 3.162277660168379079e+00
3.591589972983719875e-02 1.051400197915210340e-03 9.999999999999999124e-06 3.162277660168379043e+02
3.472080540594416759e-02 1.106117641589994885e-03 3.162277660168379191e-08 3.162277660168379589e+04
3.393024112375993967e-02 1.320840656748054585e-03 9.999999999999999124e-06 1.000000000000000000e+02
3.362955393239905333e-02 1.257865201199430752e-03 3.162277660168379394e-03 1.000000000000000000e+00
3.297280028775920885e-02 1.275302212181554521e-03 3.162277660168379191e-08 1.000000000000000000e+04
3.193355638377438216e-02 1.346255151893610081e-03 9.999999999999999072e-11 1.000000000000000000e+06
3.183159718642517705e-02 1.455681362683812572e-03 9.999999999999999124e-06 3.162277660168379612e+01
3.119247320956409705e-02 1.387156512845112363e-03 3.162277660168379191e-08 3.162277660168379043e+03
3.080293873269706120e-02 1.325240001097746775e-03 9.999999999999999072e-11 3.162277660168379080e+05
2.967824229394727675e-02 1.317348869267044066e-03 3.162277660168379191e-08 1.000000000000000000e+03
2.954437637871338423e-02 1.264343353719895192e-03 9.999999999999999072e-11 1.000000000000000000e+05
2.915970440226785601e-02 1.349981593301362998e-03 9.999999999999999124e-06 1.000000000000000000e+01
2.820548913148003892e-02 1.275363334979184643e-03 3.162277660168379191e-08 3.162277660168379043e+02
2.807527938571441339e-02 1.292371467543376902e-03 9.999999999999999072e-11 3.162277660168379589e+04
2.658389093373967824e-02 1.257991871486766403e-03 9.999999999999999072e-11 1.000000000000000000e+04
2.612094009919922050e-02 9.358597811986821714e-04 9.999999999999999124e-06 3.162277660168379079e+00
2.611402316452257621e-02 1.234768087916632978e-03 3.162277660168379191e-08 1.000000000000000000e+02
2.495951318682884668e-02 1.123725960443993331e-03 9.999999999999999072e-11 3.162277660168379043e+03
2.379227726798319176e-02 9.585092780221060637e-04 3.162277660168379191e-08 3.162277660168379612e+01
2.312953880336590662e-02 9.676017454320935554e-04 9.999999999999999072e-11 1.000000000000000000e+03
2.287971972420527189e-02 8.189267962631891591e-04 9.999999999999999124e-06 1.000000000000000000e+00
2.129362258148005324e-02 9.444890506546852697e-04 9.999999999999999072e-11 3.162277660168379043e+02
2.118049032715928551e-02 8.995846919084524466e-04 3.162277660168379191e-08 1.000000000000000000e+01
1.952072269096120916e-02 1.082640542148798459e-03 9.999999999999999072e-11 1.000000000000000000e+02
1.936671897513307650e-02 8.302101620984269747e-04 3.162277660168379191e-08 3.162277660168379079e+00
1.809442767717386880e-02 1.074978573123270284e-03 9.999999999999999072e-11 3.162277660168379612e+01
1.771346847888115653e-02 1.168987203597039639e-03 3.162277660168379191e-08 1.000000000000000000e+00
1.755787664675109022e-02 2.039278662661617256e-03 9.999999999999999072e-11 1.000000000000000000e+00
1.668307531767766055e-02 9.036735127436354388e-04 9.999999999999999072e-11 1.000000000000000000e+01
1.616356960715011407e-02 1.325718528306694434e-03 9.999999999999999072e-11 3.162277660168379079e+00
