nan nan 9.999999999999999072e-11 1.000000000000000048e-04
nan nan 9.999999999999999072e-11 3.162277660168378852e-04
nan nan 9.999999999999999072e-11 1.000000000000000021e-03
2.467073170085811173e-01 2.617855085117029579e-02 9.999999999999999072e-11 3.162277660168379828e-03
1.572419829332288299e-01 1.464320516808455958e-02 9.999999999999999072e-11 1.000000000000000021e-02
9.646909894225891291e-02 8.013815303857694736e-03 9.999999999999999072e-11 3.162277660168379134e-02
9.303022027699744956e-02 7.598854321847859717e-04 1.000000000000000000e+00 1.000000000000000000e+06
9.302987032316217819e-02 7.598856872053548700e-04 1.000000000000000000e+00 3.162277660168379080e+05
9.302876370379127569e-02 7.598864941314641347e-04 1.000000000000000000e+00 1.000000000000000000e+05
9.302526458428683753e-02 7.598890506477249751e-04 1.000000000000000000e+00 3.162277660168379589e+04
9.301420257753438559e-02 7.598971829214848633e-04 1.000000000000000000e+00 1.000000000000000000e+04
9.298024040222793718e-02 7.595526204477203629e-04 3.162277660168379394e-03 1.000000000000000000e+06
9.297926051915572643e-02 7.599213292164173558e-04 1.000000000000000000e+00 3.162277660168379043e+03
9.287014053250303158e-02 7.596169813112557375e-04 3.162277660168379394e-03 3.162277660168379080e+05
9.286915683668969801e-02 7.599965745764085661e-04 1.000000000000000000e+00 1.000000000000000000e+03
9.252597248522968776e-02 7.593663197170147242e-04 3.162277660168379394e-03 1.000000000000000000e+05
9.252504693836852145e-02 7.596920218200029070e-04 1.000000000000000000e+00 3.162277660168379043e+02
9.147497018780829936e-02 7.571829678678699584e-04 3.162277660168379394e-03 3.162277660168379589e+04
9.147393036045847747e-02 7.574267834640351386e-04 1.000000000000000000e+00 1.000000000000000000e+02
8.846582512953672650e-02 7.567280785271901988e-04 3.162277660168379394e-03 1.000000000000000000e+04
8.846550352472860868e-02 7.570040714124387114e-04 1.000000000000000000e+00 3.162277660168379612e+01
8.769552803821070719e-02 7.905573551166743262e-03 3.162277660168379191e-08 3.162277660168378852e-04
8.216085983149816474e-02 1.302628674485625977e-02 3.162277660168379191e-08 1.000000000000000048e-04
8.103963960431177782e-02 7.476839105456090356e-04 1.000000000000000000e+00 1.000000000000000000e+01
8.103938744372898850e-02 7.478762323503565859e-04 3.162277660168379394e-03 3.162277660168379043e+03
8.103938667543028607e-02 7.478768637513632600e-04 9.999999999999999124e-06 1.000000000000000000e+06
6.780738755899337611e-02 6.868890853832665270e-04 1.000000000000000000e+00 3.162277660168379079e+00
6.780515940618758730e-02 6.864669595121710485e-04 3.162277660168379394e-03 1.000000000000000000e+03
6.780515239868081800e-02 6.864657022670589935e-04 9.999999999999999124e-06 3.162277660168379080e+05
6.744399317870707067e-02 4.316152519528050971e-03 3.162277660168379191e-08 1.000000000000000021e-03
6.248399093954969119e-02 7.500585509099614613e-03 9.999999999999999072e-11 1.000000000000000056e-01
5.429583130055294637e-02 9.063056659627083097e-04 9.999999999999999124e-06 1.000000000000000000e+05
5.429577457003427476e-02 9.063044393614244415e-04 3.162277660168379394e-03 3.162277660168379043e+02
5.427840766228009262e-02 9.058007461195884298e-04 1.000000000000000000e+00 1.000000000000000000e+00
5.398491859259908765e-02 4.876746502135685842e-03 3.162277660168379191e-08 3.162277660168379828e-03
4.675209047409654289e-02 9.915156288025815060e-04 9.999999999999999124e-06 3.162277660168379589e+04
4.675159965397821665e-02 9.915211153090012618e-04 3.162277660168379394e-03 1.000000000000000000e+02
4.660344914152710766e-02 9.951682478563316468e-04 1.000000000000000000e+00 3.162277660168379412e-01
4.350886627501706488e-02 1.089774352498699018e-03 9.999999999999999124e-06 1.000000000000000000e+04
4.350607305621242982e-02 1.089871595781375692e-03 3.162277660168379394e-03 3.162277660168379612e+01
4.283644366571490864e-02 1.116186106534959371e-03 1.000000000000000000e+00 1.000000000000000056e-01
4.262943293947316775e-02 3.334963037100481358e-03 9.999999999999999072e-11 3.162277660168379412e-01
4.236595925514264477e-02 2.280647648164417767e-03 9.999999999999999124e-06 1.000000000000000048e-04
4.198134761615601035e-02 2.576096419897582791e-03 3.162277660168379191e-08 1.000000000000000021e-02
4.184886217187430701e-02 1.757671276119777580e-03 1.000000000000000000e+00 1.000000000000000048e-04
4.147398781029456444e-02 1.095109399281668852e-03 3.162277660168379191e-08 1.000000000000000000e+06
4.147393598419264749e-02 1.095115852169927092e-03 9.999999999999999124e-06 3.162277660168379043e+03
4.145737399472558538e-02 1.096099892828405944e-03 3.162277660168379394e-03 1.000000000000000000e+01
3.986778203735298620e-02 1.208053452478192449e-03 1.000000000000000000e+00 3.162277660168379134e-02
3.940402573949325360e-02 1.115055469216936568e-03 3.162277660168379191e-08 3.162277660168379080e+05
3.940370278148009470e-02 1.115084359838000886e-03 9.999999999999999124e-06 1.000000000000000000e+03
3.930917458822961313e-02 1.123703627919012561e-03 3.162277660168379394e-03 3.162277660168379079e+00
3.744231049613179485e-02 1.279445146894535095e-03 1.000000000000000000e+00 1.000000000000000021e-02
3.735610005820838575e-02 1.245737432662652900e-03 3.162277660168379191e-08 1.000000000000000000e+05
3.735430043941560113e-02 1.245743379338379612e-03 9.999999999999999124e-06 3.162277660168379043e+02
3.699573431035777654e-02 1.256580057119701310e-03 3.162277660168379394e-03 1.000000000000000000e+00
3.573387442175697537e-02 1.488760621550557980e-03 1.000000000000000000e+00 3.162277660168378852e-04
3.567113529081442774e-02 1.472946621502466613e-03 3.162277660168379191e-08 3.162277660168379589e+04
3.566236441449786160e-02 1.472375859186318605e-03 9.999999999999999124e-06 1.000000000000000000e+02
3.552166810488410070e-02 1.435123481608583263e-03 1.000000000000000000e+00 3.162277660168379828e-03
3.515437193081476924e-02 2.042177098594093014e-03 9.999999999999999124e-06 3.162277660168378852e-04
3.482650676659193589e-02 1.430136993735529449e-03 3.162277660168379394e-03 3.162277660168379412e-01
3.449486876167127264e-02 1.619255399584689122e-03 1.000000000000000000e+00 1.000000000000000021e-03
3.428500798348734641e-02 1.703853535925024592e-03 3.162277660168379191e-08 1.000000000000000000e+04
3.423916324777866171e-02 1.696240089721781988e-03 9.999999999999999124e-06 3.162277660168379612e+01
3.330791291540597526e-02 1.849994911763439475e-03 9.999999999999999072e-11 1.000000000000000000e+06
3.330705483438207992e-02 1.850871749682669268e-03 3.162277660168379191e-08 3.162277660168379043e+03
3.307710621662426909e-02 1.811072725458323564e-03 9.999999999999999124e-06 1.000000000000000000e+01
3.274183190114089703e-02 1.863801691378864749e-03 9.999999999999999072e-11 3.162277660168379080e+05
3.273927046386242157e-02 1.597800740445014462e-03 3.162277660168379394e-03 1.000000000000000056e-01
3.273197535507899741e-02 1.863599926696759982e-03 3.162277660168379191e-08 1.000000000000000000e+03
3.233673306426618904e-02 1.792105131257262654e-03 9.999999999999999072e-11 1.000000000000000000e+05
3.226537689948550530e-02 1.787817682014170321e-03 3.162277660168379191e-08 3.162277660168379043e+02
3.198623892595704732e-02 1.723417672338459087e-03 9.999999999999999072e-11 3.162277660168379589e+04
3.194250126460361494e-02 1.770731042613972678e-03 9.999999999999999124e-06 3.162277660168379079e+00
3.179608586179873825e-02 1.713708411342940814e-03 9.999999999999999072e-11 1.000000000000000000e+04
3.172602791424942309e-02 1.821075185829068620e-03 9.999999999999999072e-11 3.162277660168379043e+03
3.164207274761381139e-02 1.733907507628014303e-03 3.162277660168379191e-08 1.000000000000000000e+02
3.158320934640399674e-02 2.169820824647383187e-03 9.999999999999999072e-11 1.000000000000000000e+03
3.154777813410059029e-02 2.140722938509992661e-03 3.162277660168379191e-08 3.162277660168379134e-02
3.125697013993126300e-02 2.354355813726918996e-03 9.999999999999999072e-11 3.162277660168379043e+02
3.096214503562891990e-02 2.007731287779249228e-03 9.999999999999999072e-11 1.000000000000000000e+00
3.082373005133503402e-02 1.764403791510469905e-03 3.162277660168379191e-08 3.162277660168379612e+01
3.046944506803285144e-02 2.144643807331577355e-03 9.999999999999999072e-11 1.000000000000000000e+02
3.046547931854651919e-02 1.633240374719463137e-03 9.999999999999999124e-06 1.000000000000000000e+00
3.022122393759515968e-02 1.725156779772000484e-03 3.162277660168379394e-03 1.000000000000000048e-04
3.016626185857275086e-02 1.543104333590838333e-03 3.162277660168379394e-03 3.162277660168379134e-02
2.978000009239833296e-02 1.724572427636500817e-03 3.162277660168379191e-08 1.000000000000000000e+01
2.940075047122476734e-02 1.406438227081390239e-03 9.999999999999999124e-06 1.000000000000000021e-03
2.858784591604088265e-02 2.499949103554421990e-03 9.999999999999999072e-11 3.162277660168379612e+01
2.838340194455793442e-02 1.213931082527340988e-03 9.999999999999999124e-06 3.162277660168379412e-01
2.790208916501047548e-02 1.524942639903459048e-03 3.162277660168379191e-08 3.162277660168379079e+00
2.746707040677739270e-02 1.433905065316760322e-03 9.999999999999999072e-11 3.162277660168379079e+00
2.695805440760783850e-02 1.063556173471088629e-03 3.162277660168379394e-03 1.000000000000000021e-02
2.689593109147879815e-02 1.487313825288195078e-03 9.999999999999999072e-11 1.000000000000000000e+01
2.603993011083147874e-02 1.487440777112168482e-03 3.162277660168379191e-08 1.000000000000000056e-01
2.575790337707901598e-02 8.739242041215001828e-04 9.999999999999999124e-06 3.162277660168379828e-03
2.557955732325746176e-02 8.721508185350670137e-04 3.162277660168379191e-08 1.000000000000000000e+00
2.555079322506401129e-02 8.175830195893004325e-04 9.999999999999999124e-06 1.000000000000000056e-01
2.480704457057791856e-02 9.434967711844985784e-04 3.162277660168379191e-08 3.162277660168379412e-01
2.477825764468386330e-02 1.074144615029950546e-03 3.162277660168379394e-03 3.162277660168378852e-04
2.405534046187165348e-02 6.530632087752390180e-04 3.162277660168379394e-03 3.162277660168379828e-03
2.343093084339487736e-02 5.929708307694780143e-04 9.999999999999999124e-06 3.162277660168379134e-02
2.313813734874464040e-02 7.738741963053700958e-04 9.999999999999999124e-06 1.000000000000000021e-02
2.293687896408042048e-02 8.793722827548192426e-04 3.162277660168379394e-03 1.000000000000000021e-03
