9.293935742466589989e-02 1.325417806227544753e-03 1.000000000000000000e+00 1.000000000000000000e+06
9.279894582303760409e-02 1.323979386508307649e-03 1.000000000000000000e+00 3.162277660168379080e+05
9.236154175460195570e-02 1.320278009453585951e-03 1.000000000000000000e+00 1.000000000000000000e+05
9.104716165231582781e-02 1.321100880709983206e-03 1.000000000000000000e+00 3.162277660168379589e+04
8.749791298189876776e-02 1.339615197340495670e-03 1.000000000000000000e+00 1.000000000000000000e+04
8.021209279322635832e-02 1.375142781128752814e-03 1.000000000000000000e+00 3.162277660168379043e+03
8.020780305174890490e-02 1.373809054931652033e-03 3.162277660168379394e-03 1.000000000000000000e+06
7.134188299016953894e-02 1.388942886628174089e-03 1.000000000000000000e+00 1.000000000000000000e+03
7.133107540777257338e-02 1.386756277997093284e-03 3.162277660168379394e-03 3.162277660168379080e+05
6.492921324446374043e-02 1.099356189211212137e-03 1.000000000000000000e+00 3.162277660168379043e+02
6.492127137989382735e-02 1.092045853926415077e-03 3.162277660168379394e-03 1.000000000000000000e+05
6.080857442408358488e-02 9.136902905208415301e-04 3.162277660168379394e-03 3.162277660168379589e+04
6.069974267618453295e-02 9.190284302911047327e-04 1.000000000000000000e+00 1.000000000000000000e+02
5.826056205500491914e-02 8.476658610827242715e-04 3.162277660168379394e-03 1.000000000000000000e+04
5.722827530878649149e-02 8.060329299377650683e-04 1.000000000000000000e+00 3.162277660168379612e+01
5.669232260153043296e-02 8.922567598735241462e-04 9.999999999999999124e-06 1.000000000000000000e+06
5.665123158015467064e-02 8.896618093327460361e-04 3.162277660168379394e-03 3.162277660168379043e+03
5.524654476916410900e-02 9.281313922985556276e-04 9.999999999999999124e-06 3.162277660168379080e+05
5.491894927433377260e-02 9.147992566046898562e-04 3.162277660168379394e-03 1.000000000000000000e+03
5.387164343021059315e-02 9.324438741863826010e-04 9.999999999999999124e-06 1.000000000000000000e+05
5.337632564801149393e-02 7.465692464852998226e-04 1.000000000000000000e+00 1.000000000000000000e+01
5.251183559670621198e-02 8.449855546325222297e-04 3.162277660168379394e-03 3.162277660168379043e+02
5.248267209182455595e-02 8.847469495743378372e-04 9.999999999999999124e-06 3.162277660168379589e+04
5.087709953189558515e-02 8.037878790917525520e-04 9.999999999999999124e-06 1.000000000000000000e+04
5.009952108603523552e-02 8.422004914845841305e-04 3.162277660168379394e-03 1.000000000000000000e+02
4.954542229100061812e-02 7.756001282678488037e-04 3.162277660168379191e-08 1.000000000000000000e+06
4.935204417033825508e-02 8.541723591809182370e-04 1.000000000000000000e+00 3.162277660168379079e+00
4.914552640041235793e-02 7.972455394343093155e-04 9.999999999999999124e-06 3.162277660168379043e+03
4.785391577392195117e-02 8.103992001651776772e-04 3.162277660168379191e-08 3.162277660168379080e+05
4.595827356162855010e-02 8.676839000972601332e-04 9.999999999999999124e-06 1.000000000000000000e+03
4.573589399264162136e-02 8.894891036512253329e-04 3.162277660168379394e-03 3.162277660168379612e+01
4.520297741864107849e-02 8.408289552558036650e-04 3.162277660168379191e-08 1.000000000000000000e+05
4.414569785491836984e-02 7.275986028934344849e-04 1.000000000000000000e+00 1.000000000000000000e+00
4.143404805513908190e-02 7.690899896459261163e-04 3.162277660168379191e-08 3.162277660168379589e+04
4.089879101903398650e-02 7.478323706347401621e-04 9.999999999999999124e-06 3.162277660168379043e+02
4.011215379175190471e-02 7.670431810436668420e-04 3.162277660168379394e-03 1.000000000000000000e+01
3.724392074129539987e-02 7.136973177970513775e-04 3.162277660168379191e-08 1.000000000000000000e+04
3.636916413848552410e-02 8.097885731940194631e-04 9.999999999999999124e-06 1.000000000000000000e+02
3.622078252825524508e-02 8.657659846078796058e-04 3.162277660168379394e-03 3.162277660168379079e+00
3.524536446439635595e-02 8.553589129177203336e-04 9.999999999999999072e-11 1.000000000000000000e+06
3.385153709207490424e-02 7.727555371295433953e-04 3.162277660168379191e-08 3.162277660168379043e+03
3.339691796990905404e-02 9.403822851275649196e-04 3.162277660168379394e-03 1.000000000000000000e+00
3.306767169064699086e-02 7.815076824324474359e-04 9.999999999999999124e-06 3.162277660168379612e+01
3.224086228021130762e-02 8.242152945003614842e-04 9.999999999999999072e-11 3.162277660168379080e+05
3.126357185273317268e-02 7.312861877188914748e-04 3.162277660168379191e-08 1.000000000000000000e+03
3.044558730243758157e-02 6.148872565058507902e-04 9.999999999999999124e-06 1.000000000000000000e+01
3.006552854146698345e-02 7.118674186248748160e-04 9.999999999999999072e-11 1.000000000000000000e+05
2.901416621924823164e-02 6.532244888856826885e-04 3.162277660168379191e-08 3.162277660168379043e+02
2.868129795906516205e-02 6.353536282539135873e-04 9.999999999999999072e-11 3.162277660168379589e+04
2.844574317678909975e-02 7.094213643109611826e-04 9.999999999999999124e-06 3.162277660168379079e+00
2.765241200982418435e-02 5.709508925399655200e-04 3.162277660168379191e-08 1.000000000000000000e+02
2.741715339872853249e-02 5.946905737987793648e-04 9.999999999999999072e-11 1.000000000000000000e+04
2.637882434816221644e-02 5.882839904784329874e-04 3.162277660168379191e-08 3.162277660168379612e+01
2.621595215102890883e-02 5.343711459360491172e-04 9.999999999999999072e-11 3.162277660168379043e+03
2.611425098676465467e-02 9.771411982877735176e-04 9.999999999999999124e-06 1.000000000000000000e+00
2.508363241227535775e-02 4.512033179711305011e-04 9.999999999999999072e-11 1.000000000000000000e+03
2.471236648392717561e-02 6.090298269783126243e-04 3.162277660168379191e-08 1.000000000000000000e+01
2.390390004344590189e-02 4.665002174955400877e-04 9.999999999999999072e-11 3.162277660168379043e+02
2.284089457625639724e-02 5.725829324571129076e-04 9.999999999999999072e-11 1.000000000000000000e+02
2.235947017001691656e-02 6.067301523083978680e-04 3.162277660168379191e-08 3.162277660168379079e+00
2.228822664015270988e-02 1.100698281181231725e-03 9.999999999999999072e-11 1.000000000000000000e+00
2.131194226846989948e-02 6.115750035602884015e-04 9.999999999999999072e-11 3.162277660168379612e+01
2.073532826645132360e-02 5.058361630743993210e-04 3.162277660168379191e-08 1.000000000000000000e+00
1.993555463844673067e-02 5.751340543408294025e-04 9.999999999999999072e-11 1.000000000000000000e+01
1.944565935191311379e-02 6.020831381593291396e-04 9.999999999999999072e-11 3.162277660168379079e+00
