4.352273489757237102e-02 1.036057795022304315e-04 1.000000000000000000e+00 1.000000000000000000e+06
4.352268126594247694e-02 1.036058048430907281e-04 1.000000000000000000e+00 3.162277660168379080e+05
4.352251166907938895e-02 1.036058849856222688e-04 1.000000000000000000e+00 1.000000000000000000e+05
4.352197536907177755e-02 1.036061384760267442e-04 1.000000000000000000e+00 3.162277660168379225e+04
4.352027956320133478e-02 1.036069406419512224e-04 1.000000000000000000e+00 1.000000000000000000e+04
4.351714736127729188e-02 1.036154768617727421e-04 3.162277660168379394e-03 1.000000000000000000e+06
4.351491834975067946e-02 1.036095119878880158e-04 1.000000000000000000e+00 3.162277660168379498e+03
4.350020452061559989e-02 1.036237208211236358e-04 3.162277660168379394e-03 3.162277660168379080e+05
4.349797866354707804e-02 1.036179722823262861e-04 1.000000000000000000e+00 1.000000000000000000e+03
4.344676021034136332e-02 1.036503501250346629e-04 3.162277660168379394e-03 1.000000000000000000e+05
4.344454182661646596e-02 1.036440801150720733e-04 1.000000000000000000e+00 3.162277660168379043e+02
4.327907962529378011e-02 1.037410329222580001e-04 3.162277660168379394e-03 3.162277660168379225e+04
4.327688983872509526e-02 1.037352375803421949e-04 1.000000000000000000e+00 1.000000000000000000e+02
4.276213107102654065e-02 1.043218352805858745e-04 3.162277660168379394e-03 1.000000000000000000e+04
4.276003055411668058e-02 1.043196417857273473e-04 1.000000000000000000e+00 3.162277660168379256e+01
4.124771619691226798e-02 1.061202245924061221e-04 9.999999999999999124e-06 1.000000000000000000e+06
4.124771104517127585e-02 1.061203362625289101e-04 3.162277660168379394e-03 3.162277660168379498e+03
4.124587720164985677e-02 1.061116174360277081e-04 1.000000000000000000e+00 1.000000000000000000e+01
3.741170441915349365e-02 1.129618874261260512e-04 9.999999999999999124e-06 3.162277660168379080e+05
3.741170174456638631e-02 1.129620476389335901e-04 3.162277660168379394e-03 1.000000000000000000e+03
3.741067706879627752e-02 1.129455353386776541e-04 1.000000000000000000e+00 3.162277660168379523e+00
3.046083184534003133e-02 1.349683880980477710e-04 1.000000000000000000e+00 1.000000000000000000e+00
3.045997914284557725e-02 1.350061473402668468e-04 3.162277660168379394e-03 3.162277660168379043e+02
3.045997606218721690e-02 1.350060544253792844e-04 9.999999999999999124e-06 1.000000000000000000e+05
2.329954899660081555e-02 1.876201740456463535e-04 3.162277660168379394e-03 1.000000000000000000e+02
2.329954014766015200e-02 1.876204717474446251e-04 9.999999999999999124e-06 3.162277660168379225e+04
1.897106565001302481e-02 1.884096322272263326e-04 3.162277660168379394e-03 3.162277660168379256e+01
1.897105746248583386e-02 1.884098356388524986e-04 9.999999999999999124e-06 1.000000000000000000e+04
1.636497367838044004e-02 1.437348239140947084e-04 3.162277660168379191e-08 1.000000000000000000e+06
1.636497022585749195e-02 1.437344536159486938e-04 9.999999999999999124e-06 3.162277660168379498e+03
1.636496317112326807e-02 1.437344001762515548e-04 3.162277660168379394e-03 1.000000000000000000e+01
1.451067431959802111e-02 8.250260438288160901e-05 3.162277660168379191e-08 3.162277660168379080e+05
1.451067201848283209e-02 8.250292149744069465e-05 9.999999999999999124e-06 1.000000000000000000e+03
1.451063049398067586e-02 8.250321836202177564e-05 3.162277660168379394e-03 3.162277660168379523e+00
1.344486966159033972e-02 5.788726075388173330e-05 3.162277660168379191e-08 1.000000000000000000e+05
1.344486821195721958e-02 5.788691468611890798e-05 9.999999999999999124e-06 3.162277660168379043e+02
1.344477030998580437e-02 5.788702805431016676e-05 3.162277660168379394e-03 1.000000000000000000e+00
1.285036191535673597e-02 6.030904599819772455e-05 3.162277660168379191e-08 3.162277660168379225e+04
1.285036147049628194e-02 6.030835770919455323e-05 9.999999999999999124e-06 1.000000000000000000e+02
1.227258834495633701e-02 5.847566174347822263e-05 3.162277660168379191e-08 1.000000000000000000e+04
1.227258623043560315e-02 5.847668177568577313e-05 9.999999999999999124e-06 3.162277660168379256e+01
1.160337137408054206e-02 6.426823983114195431e-05 1.000000000000000036e-10 1.000000000000000000e+06
1.158745972626800194e-02 6.331260427981460180e-05 3.162277660168379191e-08 3.162277660168379498e+03
1.158744427916135779e-02 6.331212077450489180e-05 9.999999999999999124e-06 1.000000000000000000e+01
1.089817304753955621e-02 6.241183799355046918e-05 1.000000000000000036e-10 3.162277660168379080e+05
1.088861487854796313e-02 6.291112115028825512e-05 3.162277660168379191e-08 1.000000000000000000e+03
1.088856497307469709e-02 6.290955010881550528e-05 9.999999999999999124e-06 3.162277660168379523e+00
1.040576145207660654e-02 5.679877168091960468e-05 1.000000000000000036e-10 1.000000000000000000e+05
1.039712037322720016e-02 5.647930665431135874e-05 3.162277660168379191e-08 3.162277660168379043e+02
1.039686080599551768e-02 5.647337947871951117e-05 9.999999999999999124e-06 1.000000000000000000e+00
1.006807315082718438e-02 5.322821195022879045e-05 1.000000000000000036e-10 3.162277660168379225e+04
1.006601520245570605e-02 5.214235115638151649e-05 3.162277660168379191e-08 1.000000000000000000e+02
9.746692519508316083e-03 5.756927256018036206e-05 1.000000000000000036e-10 1.000000000000000000e+04
9.745671315610071953e-03 5.712776769876305044e-05 3.162277660168379191e-08 3.162277660168379256e+01
9.387937808763213363e-03 6.161580074666198298e-05 1.000000000000000036e-10 3.162277660168379498e+03
9.386766123066245943e-03 6.175348000249952936e-05 3.162277660168379191e-08 1.000000000000000000e+01
8.998700589240456876e-03 7.240535512163050235e-05 1.000000000000000036e-10 1.000000000000000000e+03
8.996670698451841516e-03 7.268048068716224973e-05 3.162277660168379191e-08 3.162277660168379523e+00
8.588106127762935513e-03 8.769159847489897653e-05 1.000000000000000036e-10 3.162277660168379043e+02
8.579517473597354088e-03 8.741318645649463781e-05 3.162277660168379191e-08 1.000000000000000000e+00
8.168425029453493455e-03 9.693469948745549701e-05 1.000000000000000036e-10 1.000000000000000000e+02
7.748981337955195350e-03 9.889574613332212697e-05 1.000000000000000036e-10 3.162277660168379256e+01
7.325182423375016863e-03 1.018410347230560306e-04 1.000000000000000036e-10 1.000000000000000000e+01
6.932301389797991716e-03 1.017179563326664341e-04 1.000000000000000036e-10 3.162277660168379523e+00
6.623433813312699925e-03 9.377180193288463402e-05 1.000000000000000036e-10 1.000000000000000000e+00
