4.336159210666802599e-02 1.880604100204784108e-04 1.000000000000000000e+00 1.000000000000000000e+06
4.336154419368755397e-02 1.880603615605097069e-04 1.000000000000000000e+00 3.162277660168379080e+05
4.336139268050385326e-02 1.880602083228187515e-04 1.000000000000000000e+00 1.000000000000000000e+05
4.336091356342183789e-02 1.880597237339569025e-04 1.000000000000000000e+00 3.162277660168379225e+04
4.335939855893379546e-02 1.880581912785887332e-04 1.000000000000000000e+00 1.000000000000000000e+04
4.335681854176609562e-02 1.880116424337304804e-04 3.162277660168379394e-03 1.000000000000000000e+06
4.335460880955072094e-02 1.880533360684471969e-04 1.000000000000000000e+00 3.162277660168379498e+03
4.334168293886948853e-02 1.879977912599917959e-04 3.162277660168379394e-03 3.162277660168379080e+05
4.333947537614276507e-02 1.880402451426122596e-04 1.000000000000000000e+00 1.000000000000000000e+03
4.329393858756493130e-02 1.879573552567320618e-04 3.162277660168379394e-03 1.000000000000000000e+05
4.329173627787716999e-02 1.879993150359218291e-04 1.000000000000000000e+00 3.162277660168379043e+02
4.314413159323196578e-02 1.878280485760689127e-04 3.162277660168379394e-03 3.162277660168379225e+04
4.314194517898464060e-02 1.878724020630905640e-04 1.000000000000000000e+00 1.000000000000000000e+02
4.268138705833991742e-02 1.874835658880341118e-04 3.162277660168379394e-03 1.000000000000000000e+04
4.267925209777265888e-02 1.875266303700472376e-04 1.000000000000000000e+00 3.162277660168379256e+01
4.132173648335292493e-02 1.854952693586432310e-04 9.999999999999999124e-06 1.000000000000000000e+06
4.132173029573245338e-02 1.854953933695040831e-04 3.162277660168379394e-03 3.162277660168379498e+03
4.131975474113579183e-02 1.855377648090408556e-04 1.000000000000000000e+00 1.000000000000000000e+01
3.787471048064930401e-02 1.709821371136955302e-04 9.999999999999999124e-06 3.162277660168379080e+05
3.787470591646442675e-02 1.709820868248976104e-04 3.162277660168379394e-03 1.000000000000000000e+03
3.787325245605185214e-02 1.710121218672120769e-04 1.000000000000000000e+00 3.162277660168379523e+00
3.175693319533144654e-02 1.428946687470460119e-04 9.999999999999999124e-06 1.000000000000000000e+05
3.175693300355823118e-02 1.428948057956793045e-04 3.162277660168379394e-03 3.162277660168379043e+02
3.175686013335000252e-02 1.429288314085046350e-04 1.000000000000000000e+00 1.000000000000000000e+00
2.594257555291544157e-02 1.338862802363576367e-04 3.162277660168379394e-03 1.000000000000000000e+02
2.594256766750318438e-02 1.338862800233593436e-04 9.999999999999999124e-06 3.162277660168379225e+04
2.306021719565484740e-02 1.277942185738453599e-04 3.162277660168379394e-03 3.162277660168379256e+01
2.306020066676212760e-02 1.277943177784335348e-04 9.999999999999999124e-06 1.000000000000000000e+04
2.178535998959271747e-02 1.140570826877109357e-04 3.162277660168379191e-08 1.000000000000000000e+06
2.178535645811877433e-02 1.140609563708397156e-04 9.999999999999999124e-06 3.162277660168379498e+03
2.178533066373399690e-02 1.140610214299934044e-04 3.162277660168379394e-03 1.000000000000000000e+01
2.067416604833807389e-02 1.032525560018695654e-04 9.999999999999999124e-06 1.000000000000000000e+03
2.067416256945811201e-02 1.032549818212291062e-04 3.162277660168379191e-08 3.162277660168379080e+05
2.067358014321715384e-02 1.032513404774794804e-04 3.162277660168379394e-03 3.162277660168379523e+00
1.920400667057248906e-02 8.339548051404930998e-05 3.162277660168379191e-08 1.000000000000000000e+05
1.920399201945963835e-02 8.339418074469784911e-05 9.999999999999999124e-06 3.162277660168379043e+02
1.919979781823417248e-02 8.338547192986887023e-05 3.162277660168379394e-03 1.000000000000000000e+00
1.733634598579205169e-02 5.869855513688005430e-05 3.162277660168379191e-08 3.162277660168379225e+04
1.733626278786671443e-02 5.870088236259214128e-05 9.999999999999999124e-06 1.000000000000000000e+02
1.498120441608205566e-02 3.577750102187804480e-05 3.162277660168379191e-08 1.000000000000000000e+04
1.498075458144068270e-02 3.575853722574857274e-05 9.999999999999999124e-06 3.162277660168379256e+01
1.274353130131012160e-02 6.654774219134241317e-05 1.000000000000000036e-10 1.000000000000000000e+06
1.274092668321430422e-02 6.603325375923439246e-05 3.162277660168379191e-08 3.162277660168379498e+03
1.273849149792956326e-02 6.600397045387779182e-05 9.999999999999999124e-06 1.000000000000000000e+01
1.125769299544107302e-02 7.834663050939856890e-05 1.000000000000000036e-10 3.162277660168379080e+05
1.125608946631189398e-02 7.813697675419037250e-05 3.162277660168379191e-08 1.000000000000000000e+03
1.124550682298821117e-02 7.819780543129527760e-05 9.999999999999999124e-06 3.162277660168379523e+00
1.048616877574853889e-02 8.290765553799154934e-05 1.000000000000000036e-10 1.000000000000000000e+05
1.048527154596147135e-02 8.253322514489958126e-05 3.162277660168379191e-08 3.162277660168379043e+02
1.043971708438151159e-02 8.096079096962670752e-05 9.999999999999999124e-06 1.000000000000000000e+00
1.007863483554457748e-02 8.409938842707293156e-05 1.000000000000000036e-10 3.162277660168379225e+04
1.007703250044759621e-02 8.393934016673426884e-05 3.162277660168379191e-08 1.000000000000000000e+02
9.757884410134134642e-03 7.980544222786597932e-05 1.000000000000000036e-10 1.000000000000000000e+04
9.748989629041877186e-03 7.939154819706163756e-05 3.162277660168379191e-08 3.162277660168379256e+01
9.405340899679714289e-03 7.310583206058809882e-05 1.000000000000000036e-10 3.162277660168379498e+03
9.354171390638543748e-03 7.361327646221680905e-05 3.162277660168379191e-08 1.000000000000000000e+01
8.959413631630486902e-03 6.823786092326838916e-05 1.000000000000000036e-10 1.000000000000000000e+03
8.838757092736375040e-03 6.618464333988597747e-05 3.162277660168379191e-08 3.162277660168379523e+00
8.459761264326334795e-03 6.317208929449968913e-05 1.000000000000000036e-10 3.162277660168379043e+02
8.354513445587505305e-03 5.667452561360229773e-05 3.162277660168379191e-08 1.000000000000000000e+00
8.016841667396419624e-03 6.205654072950536463e-05 1.000000000000000036e-10 1.000000000000000000e+02
7.685282681795174882e-03 5.804554187146566409e-05 1.000000000000000036e-10 3.162277660168379256e+01
7.438817713960222018e-03 5.493275196368804889e-05 1.000000000000000036e-10 1.000000000000000000e+01
7.210296861313296446e-03 5.151792507554394654e-05 1.000000000000000036e-10 3.162277660168379523e+00
6.989246528249577935e-03 4.066136977386312950e-05 1.000000000000000036e-10 1.000000000000000000e+00
