1.440395943955356017e+02 4.441071432685464337e+00 1.000000000000000000e+00 1.000000000000000000e+06
1.187077297031900827e+02 3.678100490765752184e+00 1.000000000000000000e+00 3.162277660168379080e+05
8.803645379381850944e+01 2.758155572793031585e+00 1.000000000000000000e+00 1.000000000000000000e+05
5.423891650428510047e+01 1.861613462766434024e+00 1.000000000000000000e+00 3.162277660168379589e+04
4.195706768874917003e+01 2.000339774798802317e+00 1.000000000000000000e+00 1.000000000000000000e+00
3.391786876229558345e+01 1.495697872156348529e+00 1.000000000000000000e+00 3.162277660168379079e+00
3.018159576129922428e+01 9.629863364960645766e-01 1.000000000000000000e+00 1.000000000000000000e+04
2.849687791090266131e+01 9.594460249770241367e-01 1.000000000000000000e+00 1.000000000000000000e+01
2.389670448393760438e+01 6.313412059073587601e-01 1.000000000000000000e+00 3.162277660168379612e+01
2.213931591408273647e+01 4.680909570761338512e-01 1.000000000000000000e+00 3.162277660168379043e+03
2.119520709104049416e+01 5.215351868298091498e-01 1.000000000000000000e+00 1.000000000000000000e+02
2.101577340462949195e+01 3.294523315671089581e-01 1.000000000000000000e+00 3.162277660168379043e+02
2.069395212014897112e+01 2.186653886780177969e-01 3.162277660168379394e-03 1.000000000000000000e+06
2.053803421982597754e+01 3.348773992195048788e-01 1.000000000000000000e+00 1.000000000000000000e+03
1.888254631115595572e+01 1.672810006202354871e-01 3.162277660168379394e-03 3.162277660168379080e+05
1.802569846796161457e+01 1.976753027096726789e-01 3.162277660168379394e-03 1.000000000000000000e+05
1.673447073356560111e+01 2.127469255288028938e-01 3.162277660168379394e-03 3.162277660168379589e+04
1.490766054239994887e+01 1.951050090158453765e-01 3.162277660168379394e-03 1.000000000000000000e+04
1.271187623453390003e+01 1.745832988727808455e-01 3.162277660168379394e-03 3.162277660168379043e+03
1.265458762386930758e+01 2.493049938089429707e-01 9.999999999999999124e-06 1.000000000000000000e+06
1.198509779728951585e+01 9.729176002235929710e-01 3.162277660168379394e-03 1.000000000000000000e+00
1.073552094860821526e+01 1.702341928077497901e-01 9.999999999999999124e-06 3.162277660168379080e+05
1.072617653718843123e+01 1.102333567554343446e-01 3.162277660168379394e-03 1.000000000000000000e+03
1.063772414623687013e+01 7.571681310635635098e-01 3.162277660168379394e-03 3.162277660168379079e+00
1.038287869879943592e+01 1.101872047507143515e+00 9.999999999999999072e-11 1.000000000000000000e+00
1.038098072769803970e+01 1.101050600885641995e+00 3.162277660168379191e-08 1.000000000000000000e+00
1.029322320436945049e+01 1.063371862255684697e+00 9.999999999999999124e-06 1.000000000000000000e+00
9.756070363737510576e+00 1.078514630280732745e-01 9.999999999999999124e-06 1.000000000000000000e+05
9.677082517500389613e+00 6.967045947339534084e-02 3.162277660168379394e-03 3.162277660168379043e+02
9.353458501890017374e+00 3.894364429991408749e-01 3.162277660168379394e-03 1.000000000000000000e+01
9.029071816049128785e+00 1.302758355873759599e-01 3.162277660168379394e-03 1.000000000000000000e+02
8.947900678081060377e+00 1.039024380089942218e-01 9.999999999999999124e-06 3.162277660168379589e+04
8.773777833450795427e+00 1.860322395982042243e-01 3.162277660168379394e-03 3.162277660168379612e+01
8.471881210532819395e+00 8.568873177176662415e-01 9.999999999999999072e-11 3.162277660168379079e+00
8.457034475836621823e+00 8.561598829681565936e-01 3.162277660168379191e-08 3.162277660168379079e+00
8.292692021465333241e+00 8.078961804160710303e-01 9.999999999999999124e-06 3.162277660168379079e+00
7.805120969644898210e+00 7.599185391761364983e-02 9.999999999999999124e-06 1.000000000000000000e+04
6.681868056921066668e+00 6.988300621661007461e-02 3.162277660168379191e-08 1.000000000000000000e+06
6.493333896001564298e+00 4.658658225382347196e-01 9.999999999999999072e-11 1.000000000000000000e+01
6.400896832722636987e+00 4.793833928046534187e-01 3.162277660168379191e-08 1.000000000000000000e+01
6.372643860698957496e+00 8.074393232123054653e-02 9.999999999999999124e-06 3.162277660168379043e+03
6.222554042805998442e+00 4.663791666406216230e-01 9.999999999999999124e-06 1.000000000000000000e+01
5.360185396919061596e+00 4.928824745258872375e-02 3.162277660168379191e-08 3.162277660168379080e+05
5.163108955126666899e+00 9.707227520859469660e-02 9.999999999999999124e-06 1.000000000000000000e+03
4.964642677099949886e+00 2.135192530122338173e-01 9.999999999999999072e-11 3.162277660168379612e+01
4.842121750604955643e+00 2.378236537735839429e-01 9.999999999999999124e-06 3.162277660168379612e+01
4.644783516377255062e+00 2.433119196377084292e-01 3.162277660168379191e-08 3.162277660168379612e+01
4.488663036971360043e+00 8.393498919916560219e-02 9.999999999999999124e-06 3.162277660168379043e+02
4.390381720783588015e+00 4.251531023706432710e-02 3.162277660168379191e-08 1.000000000000000000e+05
4.355758086704889287e+00 1.126904656599183180e-01 9.999999999999999124e-06 1.000000000000000000e+02
4.088728598401260683e+00 1.947814396458776021e-01 9.999999999999999072e-11 1.000000000000000000e+02
3.769095315249685996e+00 7.053437756599692521e-02 3.162277660168379191e-08 3.162277660168379589e+04
3.619820004365311483e+00 1.654114676896874248e-01 9.999999999999999072e-11 3.162277660168379043e+02
3.530674846091838681e+00 1.367225450293666766e-01 3.162277660168379191e-08 1.000000000000000000e+02
3.302829369521533387e+00 6.018930636770081222e-02 3.162277660168379191e-08 1.000000000000000000e+04
3.096878494147620398e+00 5.939678806324783650e-02 9.999999999999999072e-11 1.000000000000000000e+06
3.000403519169020150e+00 1.213704002018509559e-01 9.999999999999999072e-11 1.000000000000000000e+03
2.930858684615104348e+00 4.398821041070562904e-02 3.162277660168379191e-08 3.162277660168379043e+02
2.919700087158318969e+00 4.447904160968914333e-02 3.162277660168379191e-08 3.162277660168379043e+03
2.809600512899693037e+00 6.383779006033045433e-02 9.999999999999999072e-11 3.162277660168379080e+05
2.778410547624411642e+00 3.866905025174311589e-02 3.162277660168379191e-08 1.000000000000000000e+03
2.613209841359613872e+00 7.334254623604816170e-02 9.999999999999999072e-11 1.000000000000000000e+05
2.535322428351858726e+00 6.867430651823154542e-02 9.999999999999999072e-11 3.162277660168379043e+03
2.468999106230193252e+00 6.871425033443982755e-02 9.999999999999999072e-11 3.162277660168379589e+04
2.408287029117758493e+00 7.179022405824078690e-02 9.999999999999999072e-11 1.000000000000000000e+04
