1.438273704804213651e+02 1.954941298514295767e+00 1.000000000000000000e+00 1.000000000000000000e+06
1.186165562731463297e+02 1.324879871313355606e+00 1.000000000000000000e+00 3.162277660168379080e+05
8.823834687020985257e+01 1.218587093228485019e+00 1.000000000000000000e+00 1.000000000000000000e+05
5.442771262167811841e+01 8.387137220156081208e-01 1.000000000000000000e+00 3.162277660168379589e+04
4.296543573278697181e+01 2.578399030428824013e+00 1.000000000000000000e+00 1.000000000000000000e+00
3.493345757976420884e+01 1.955864865827464438e+00 1.000000000000000000e+00 3.162277660168379079e+00
3.033769735982206583e+01 6.312823352563703416e-01 1.000000000000000000e+00 1.000000000000000000e+04
2.935102428067857971e+01 1.217576542500663273e+00 1.000000000000000000e+00 1.000000000000000000e+01
2.412982152790356594e+01 1.015559626726816100e+00 1.000000000000000000e+00 3.162277660168379612e+01
2.228308925632885718e+01 6.623191795016922789e-01 1.000000000000000000e+00 3.162277660168379043e+03
2.128071341751000745e+01 7.605097498485644536e-01 1.000000000000000000e+00 1.000000000000000000e+02
2.113998456074299526e+01 6.099773659110665491e-01 1.000000000000000000e+00 3.162277660168379043e+02
2.088565774009378018e+01 4.712030874703995731e-01 3.162277660168379394e-03 1.000000000000000000e+06
2.063880272707634589e+01 5.289563332210216462e-01 1.000000000000000000e+00 1.000000000000000000e+03
1.904464101218310645e+01 4.279260770445484918e-01 3.162277660168379394e-03 3.162277660168379080e+05
1.813775062960802131e+01 4.466570956455322983e-01 3.162277660168379394e-03 1.000000000000000000e+05
1.683718197762233615e+01 4.269529096904331467e-01 3.162277660168379394e-03 3.162277660168379589e+04
1.500629810152485888e+01 3.795612544200118177e-01 3.162277660168379394e-03 1.000000000000000000e+04
1.302049467876423705e+01 2.752386904944361223e+00 3.162277660168379394e-03 1.000000000000000000e+00
1.277568705845765429e+01 3.463892670311854993e-01 3.162277660168379394e-03 3.162277660168379043e+03
1.267918774451445074e+01 3.662732177901701358e-01 9.999999999999999124e-06 1.000000000000000000e+06
1.149943561382930213e+01 2.011068185849443690e+00 3.162277660168379394e-03 3.162277660168379079e+00
1.147613887004304800e+01 2.891707844990868193e+00 9.999999999999999072e-11 1.000000000000000000e+00
1.147539758369454610e+01 2.891562278923547336e+00 3.162277660168379191e-08 1.000000000000000000e+00
1.139207888180045281e+01 2.878056436136489982e+00 9.999999999999999124e-06 1.000000000000000000e+00
1.079593309176797433e+01 2.652615969410146435e-01 3.162277660168379394e-03 1.000000000000000000e+03
1.078591290631878863e+01 3.054602307288163954e-01 9.999999999999999124e-06 3.162277660168379080e+05
1.000033792425574042e+01 7.240687162814083422e-01 3.162277660168379394e-03 1.000000000000000000e+01
9.809208921914528645e+00 2.671816802362106391e-01 9.999999999999999124e-06 1.000000000000000000e+05
9.776814426809613323e+00 1.946103891003647668e-01 3.162277660168379394e-03 3.162277660168379043e+02
9.298248825703707254e+00 2.118518025174358499e+00 9.999999999999999072e-11 3.162277660168379079e+00
9.289810808851846957e+00 2.120333650116469570e+00 3.162277660168379191e-08 3.162277660168379079e+00
9.155211783350150512e+00 2.091890136995806504e+00 9.999999999999999124e-06 3.162277660168379079e+00
9.140025976294086973e+00 1.559009786279863530e-01 3.162277660168379394e-03 1.000000000000000000e+02
9.047378047461368311e+00 2.359995479887696535e-01 3.162277660168379394e-03 3.162277660168379612e+01
8.979738129697025784e+00 2.362794484108706738e-01 9.999999999999999124e-06 3.162277660168379589e+04
7.836607041923629779e+00 2.175943322236969513e-01 9.999999999999999124e-06 1.000000000000000000e+04
6.949158886628890919e+00 8.183472234985301741e-01 9.999999999999999072e-11 1.000000000000000000e+01
6.881127219534718620e+00 8.258728852829531064e-01 3.162277660168379191e-08 1.000000000000000000e+01
6.813168284380573425e+00 8.211681266244967858e-01 9.999999999999999124e-06 1.000000000000000000e+01
6.673219706758286129e+00 1.779458062001225693e-01 3.162277660168379191e-08 1.000000000000000000e+06
6.374770191241583284e+00 1.779275770746599483e-01 9.999999999999999124e-06 3.162277660168379043e+03
5.344403615508169558e+00 1.430094634596486003e-01 3.162277660168379191e-08 3.162277660168379080e+05
5.125910572903789486e+00 2.125765752383321217e-01 9.999999999999999072e-11 3.162277660168379612e+01
5.093429664761213616e+00 1.169357130836025244e-01 9.999999999999999124e-06 1.000000000000000000e+03
5.024626449002566275e+00 2.504317314093650881e-01 9.999999999999999124e-06 3.162277660168379612e+01
4.854577154623234136e+00 2.168940500964426921e-01 3.162277660168379191e-08 3.162277660168379612e+01
4.422877848414185742e+00 1.408263032891315381e-01 9.999999999999999124e-06 3.162277660168379043e+02
4.399397542845734144e+00 1.532787803692909345e-01 9.999999999999999124e-06 1.000000000000000000e+02
4.372649178063753084e+00 9.437489761356088191e-02 3.162277660168379191e-08 1.000000000000000000e+05
4.323511709655137203e+00 2.215617816161609133e-01 9.999999999999999072e-11 1.000000000000000000e+02
3.721778267937995821e+00 2.112851943675425267e-02 3.162277660168379191e-08 3.162277660168379589e+04
3.689651564136856798e+00 1.682580105293765282e-01 3.162277660168379191e-08 1.000000000000000000e+02
3.665083371867633666e+00 7.977092404339211629e-02 9.999999999999999072e-11 3.162277660168379043e+02
3.260355803856922030e+00 4.801378358005615327e-02 3.162277660168379191e-08 1.000000000000000000e+04
3.104582568712019430e+00 3.849710572229805838e-02 9.999999999999999072e-11 1.000000000000000000e+06
2.959999848947587164e+00 4.522313494148030855e-02 9.999999999999999072e-11 1.000000000000000000e+03
2.944259617170140508e+00 5.387955549828263302e-02 3.162277660168379191e-08 3.162277660168379043e+02
2.918218321370654955e+00 4.822109308552779972e-02 3.162277660168379191e-08 3.162277660168379043e+03
2.785671863518269564e+00 3.916174582133375576e-02 9.999999999999999072e-11 3.162277660168379080e+05
2.762712859236577945e+00 2.115314599008493238e-02 3.162277660168379191e-08 1.000000000000000000e+03
2.591707797786941825e+00 2.510145865462545117e-02 9.999999999999999072e-11 1.000000000000000000e+05
2.525056806571799761e+00 8.096993805567156977e-02 9.999999999999999072e-11 3.162277660168379043e+03
2.439821969769688792e+00 2.753845744679109600e-02 9.999999999999999072e-11 3.162277660168379589e+04
2.401309640359035491e+00 7.108342995181247959e-02 9.999999999999999072e-11 1.000000000000000000e+04
