1.446020378360588552e+02 4.638841199630921786e+00 1.000000000000000000e+00 1.000000000000000000e+06
1.190431347066219558e+02 3.633401262590271852e+00 1.000000000000000000e+00 3.162277660168379080e+05
8.827450117482035807e+01 2.361788883249400506e+00 1.000000000000000000e+00 1.000000000000000000e+05
5.425014843387026531e+01 1.325153535954283424e+00 1.000000000000000000e+00 3.162277660168379589e+04
4.225287774825610398e+01 2.652513937578804271e+00 1.000000000000000000e+00 1.000000000000000000e+00
3.443551827980989088e+01 2.501056914689644639e+00 1.000000000000000000e+00 3.162277660168379079e+00
3.019810263039308751e+01 6.626531750867290516e-01 1.000000000000000000e+00 1.000000000000000000e+04
2.918381060828018647e+01 2.046578708937463187e+00 1.000000000000000000e+00 1.000000000000000000e+01
2.432546480185289894e+01 1.561511544779915717e+00 1.000000000000000000e+00 3.162277660168379612e+01
2.228607221448438480e+01 4.213597391255436975e-01 1.000000000000000000e+00 3.162277660168379043e+03
2.125425059376927805e+01 9.222281580200234474e-01 1.000000000000000000e+00 1.000000000000000000e+02
2.112375623139750047e+01 6.021498173454244984e-01 1.000000000000000000e+00 3.162277660168379043e+02
2.084502200767342828e+01 2.306492882122120613e-01 3.162277660168379394e-03 1.000000000000000000e+06
2.059394514218043426e+01 5.702965957312308154e-01 1.000000000000000000e+00 1.000000000000000000e+03
1.907219184301382597e+01 2.456319866562355070e-01 3.162277660168379394e-03 3.162277660168379080e+05
1.818419627484316337e+01 2.891905662034791047e-01 3.162277660168379394e-03 1.000000000000000000e+05
1.683025779053933846e+01 2.539228694615454085e-01 3.162277660168379394e-03 3.162277660168379589e+04
1.491981084333847640e+01 2.373674216738684006e-01 3.162277660168379394e-03 1.000000000000000000e+04
1.278325920849424691e+01 1.911435739502225450e+00 3.162277660168379394e-03 1.000000000000000000e+00
1.261745191496083507e+01 2.207204879865427849e-01 3.162277660168379394e-03 3.162277660168379043e+03
1.258022705754548909e+01 2.934710605216552248e-01 9.999999999999999124e-06 1.000000000000000000e+06
1.152219386306213167e+01 1.736783405047472417e+00 3.162277660168379394e-03 3.162277660168379079e+00
1.119816071950912928e+01 1.996701075623322330e+00 9.999999999999999072e-11 1.000000000000000000e+00
1.119508556759056006e+01 1.996712210992543923e+00 3.162277660168379191e-08 1.000000000000000000e+00
1.110805377338198596e+01 1.990860485377351274e+00 9.999999999999999124e-06 1.000000000000000000e+00
1.065256309733413431e+01 2.316971591276815456e-01 3.162277660168379394e-03 1.000000000000000000e+03
1.063411059682169935e+01 2.160782052122513508e-01 9.999999999999999124e-06 3.162277660168379080e+05
1.035735246195066317e+01 1.187758311570547454e+00 3.162277660168379394e-03 1.000000000000000000e+01
9.674485633030810661e+00 2.079699027590624916e-01 3.162277660168379394e-03 3.162277660168379043e+02
9.658172494563617150e+00 2.153459934849762947e-01 9.999999999999999124e-06 1.000000000000000000e+05
9.421530797660446765e+00 1.830740390834881159e+00 9.999999999999999072e-11 3.162277660168379079e+00
9.402112253677438858e+00 1.831162181739899530e+00 3.162277660168379191e-08 3.162277660168379079e+00
9.255251308306636560e+00 1.803130341286819149e+00 9.999999999999999124e-06 3.162277660168379079e+00
9.183738804628081454e+00 6.056907568974018163e-01 3.162277660168379394e-03 3.162277660168379612e+01
9.143044889843013223e+00 2.580922682763216458e-01 3.162277660168379394e-03 1.000000000000000000e+02
8.855217331711910944e+00 2.236130646673909206e-01 9.999999999999999124e-06 3.162277660168379589e+04
7.770911241782007650e+00 1.989852247806029317e-01 9.999999999999999124e-06 1.000000000000000000e+04
7.534624246242762169e+00 1.304444775842393600e+00 9.999999999999999072e-11 1.000000000000000000e+01
7.433592740299518553e+00 1.304732282182315295e+00 3.162277660168379191e-08 1.000000000000000000e+01
7.319115733390587408e+00 1.273560600343823124e+00 9.999999999999999124e-06 1.000000000000000000e+01
6.655324408102278433e+00 1.420728004667971833e-01 3.162277660168379191e-08 1.000000000000000000e+06
6.344790079831687635e+00 1.675163330519473803e-01 9.999999999999999124e-06 3.162277660168379043e+03
5.411178433821945077e+00 7.199826942267459895e-01 9.999999999999999072e-11 3.162277660168379612e+01
5.336808289419791684e+00 1.124322809509629567e-01 3.162277660168379191e-08 3.162277660168379080e+05
5.304912905539451273e+00 6.530134505509253007e-01 9.999999999999999124e-06 3.162277660168379612e+01
5.125048880183525668e+00 1.064641498572916761e-01 9.999999999999999124e-06 1.000000000000000000e+03
5.093564069142849426e+00 7.093118892916855378e-01 3.162277660168379191e-08 3.162277660168379612e+01
4.539163500298657006e+00 2.039466487195177313e-01 9.999999999999999124e-06 1.000000000000000000e+02
4.467234888420670735e+00 4.990632208240532164e-02 9.999999999999999124e-06 3.162277660168379043e+02
4.410414278769993146e+00 2.923825088099115121e-01 9.999999999999999072e-11 1.000000000000000000e+02
4.365348497281514639e+00 1.121683896049413681e-01 3.162277660168379191e-08 1.000000000000000000e+05
3.759425871176702572e+00 2.604672630056111271e-01 3.162277660168379191e-08 1.000000000000000000e+02
3.719480587893428947e+00 7.697691297434376689e-02 3.162277660168379191e-08 3.162277660168379589e+04
3.624118857220623990e+00 1.331114625255850614e-01 9.999999999999999072e-11 3.162277660168379043e+02
3.250502400257445856e+00 5.088414371163688110e-02 3.162277660168379191e-08 1.000000000000000000e+04
3.059791936446910832e+00 6.021682547080382808e-02 9.999999999999999072e-11 1.000000000000000000e+06
2.947347035471667098e+00 1.012722110157434630e-01 3.162277660168379191e-08 3.162277660168379043e+02
2.907596711369174969e+00 7.530830771428818904e-02 9.999999999999999072e-11 1.000000000000000000e+03
2.902150780025800625e+00 4.689992794540929349e-02 3.162277660168379191e-08 3.162277660168379043e+03
2.760259050267779291e+00 8.337263039928552444e-02 3.162277660168379191e-08 1.000000000000000000e+03
2.737860821431421954e+00 4.285302803617956069e-02 9.999999999999999072e-11 3.162277660168379080e+05
2.525840991634427102e+00 4.474616715648568194e-02 9.999999999999999072e-11 1.000000000000000000e+05
2.421799784783708720e+00 9.523206606436239452e-02 9.999999999999999072e-11 3.162277660168379043e+03
2.375931940952742849e+00 5.135787419630685746e-02 9.999999999999999072e-11 3.162277660168379589e+04
2.323545999204388757e+00 8.002833980825278803e-02 9.999999999999999072e-11 1.000000000000000000e+04
