1451.1734709410812	1452.8272681216058
1397.548579016846	1397.4785604770746
1347.7503865713952	1347.4507147880709
1381.0339023683628	1378.985536955912
1081.5234669756028	1082.2201986150171
580.8484839860757	586.6998214628568
1529.0053212747735	1529.1684828594982
1601.538296600571	1601.0277394730729
1329.6404546629929	1331.7082135016954
1557.2921302548493	1559.5540632949637
1499.7443961370736	1503.8417622794939
1188.7614221940166	1188.6634321372355
1607.444188474561	1605.8695925855595
1062.4978282217635	1062.9454563197176
992.2483363034262	999.1048087619696
1277.4024143483548	1279.1181694917411
1369.9106679628312	1369.727864488448
1508.9870932834456	1508.9787377636433
1646.4268271893961	1646.5726496717855
987.8219583053142	982.2043712282482
1562.2396760896954	1561.7486054335093
1340.5925157454913	1340.583712086641
861.3257561521314	861.0763716731932
1650.5120478294848	1649.8961920583624
1563.698582223442	1564.9473954239988
849.5560382169788	846.6409802409333
1063.5052197723999	1062.5167164732086
1078.1758155150455	1079.6294559572964
1195.8225420544622	1196.6448668859086
1327.3935449351848	1328.5421019201585
1561.3364499530871	1563.7943592462802
1395.2311059629428	1398.7746480786855
1744.6410908053804	1745.3900344352244
1338.636341608304	1335.0397044332167
1329.1277503715537	1327.6714139464227
1403.2904676125618	1400.0405936090826
864.7173354269762	863.2117715614115
1057.6013384419348	1056.2664715246628
961.1909551963327	962.1631228314454
1526.1529856987763	1526.6306821910503
1116.26760704341	1116.6317860246654
1291.0628626563994	1288.6940434667654
1191.8985343907552	1191.940232851908
1241.4425881120842	1244.3743361310997
1344.068608598638	1343.0476173285444
1492.2669078023173	1491.7810121513926
1258.6678004548303	1259.9653048452815
1005.4766365898249	1004.9562289135341
1156.984082600713	1156.2073564895968
913.6709328224533	912.7122885156857
1576.46467205949	1575.0769310121009
1515.213715847698	1514.6606971133178
1513.891381693451	1514.2899947155395
698.7954110003338	699.6239048976736
1037.231766015815	1038.8301256959317
1245.045612480957	1245.6166141628835
1120.783605048724	1120.6058761847223
1101.092101434304	1105.4878730200933
1227.8258211488428	1226.3753533785177
1423.5243501889636	1426.0400008988302
596.4335497090651	596.3659290446008
1495.6160858026124	1493.676359034424
1086.4802614294458	1088.8347239913865
1246.3256940466817	1245.1952425553384
1002.4904789620778	1004.6081744665821
1458.2639015822788	1456.623478603459
1597.1839929912821	1595.637295639935
1246.7082807833212	1249.6470768506128
1629.9666362753778	1630.0332549100124
1238.998190659826	1240.405574331114
1473.4604677024763	1466.4022107761346
1368.6982752500626	1367.6521476819878
1470.6343901226355	1473.1183009400424
1505.0600821268163	1504.4794017899906
1211.1699573732913	1207.511891182197
1286.8160038233036	1283.915155734844
996.085602127685	993.605969453105
1650.6058640629344	1650.1530557435408
1496.2130376189307	1495.5883591116753
1509.9068266957183	1508.9724602120025
1018.7585653454298	1016.5153181377846
1187.351466028369	1189.0051165059513
1356.1032538462023	1356.06550258897
1568.7788578470063	1570.1383824769864
1387.4768456107704	1385.8586256976698
1391.673190413072	1390.3865528139875
1103.4380994450767	1101.8433332985637
904.1987276590662	886.5464219369712
1249.6738375891873	1250.8849696249438
1385.4394635095668	1387.3265560026205
1018.2827545183827	1023.3820519664426
1033.436978053418	1034.1962691166364
1275.8106640162005	1281.2946224602276
980.2547975844063	981.5744195138233
1203.8257300320547	1202.2474748084169
946.2326139744255	950.960637877629
1192.9825903476449	1191.7767331318103
1591.5048082373687	1591.1465758688596
1748.8124411542376	1753.2315323015785
1510.7210432536376	1513.589547056828
1126.1118601194466	1127.708637607538
1205.2921527182043	1204.9345448037786
1323.8789003517013	1323.2759624894172
1330.6542700381833	1333.0308847281706
1314.4175334918837	1310.8251773700645
1094.0777565366589	1096.269502460339
1093.439119003684	1088.5579940401594
1062.1726126976428	1067.6537033813236
1721.9799380534678	1720.135729547488
1194.2853691436176	1195.0168075428376
1336.8798611137026	1338.500903406841
1627.4555888501927	1626.6257033021589
1348.3212850902055	1348.7774649696953
1080.859088596073	1092.2481176339916
1305.2422897113138	1302.4682670786488
1540.9360887694056	1538.8894824914978
1298.579616930714	1299.4703058753885
1010.6007154015242	1009.8931749827182
1370.783265080012	1371.2047189058471
1744.051612547657	1743.7391854135985
1675.189078480762	1673.6048017327546
1118.6027284377778	1115.2292163025757
1455.7644998999604	1455.660069121452
1209.0871588693408	1209.7056817344685
1543.2500959448516	1544.5160807161224
1272.7275819081406	1272.4701700673052
1227.288250810263	1229.0161298448104
1021.3893277960888	1023.0969982550581
1387.6091993029695	1385.6374377256654
1293.8805554622086	1293.8372516367042
1614.8972732503025	1617.7249649055782
1560.8417933451128	1560.2304209913182
1010.5159966008796	1007.8244064628107
1627.565668844065	1626.0615464493005
1051.7361568926135	1052.6628974477537
1507.950165736518	1506.1703328234153
1149.9818570831558	1148.3040088607775
1133.9817541849334	1138.8112649652498
1496.4262214154296	1496.0760370862292
1250.612763663783	1251.3968344078241
1367.112767557148	1370.5428887481557
1046.060724815441	1044.4270119228004
980.6058564147679	979.1613854128052
1290.4975136874127	1290.3146425231228
1323.8898857761233	1324.803757056203
542.289672636165	540.4369005064156
696.4964900951891	694.8008111905045
1455.0885004931188	1453.2458031501371
1278.4034832742182	1274.2209708913815
1269.2963099818735	1266.4206927750226
1335.0698963849572	1336.056196901715
1374.2226258609735	1375.932517477258
1417.3643739174586	1419.431459336584
1358.9445253647573	1358.2822024814732
919.5990224051056	929.8013913912811
1569.5155559153936	1569.5723398168452
1061.1364245133009	1060.386058104786
1508.8295135682856	1507.5285481112658
1460.839838360349	1459.582750042694
1640.6638436460635	1639.900266066982
1155.821758318867	1156.1137877248968
1327.2861769503797	1323.249329629715
965.8504711264104	966.8719313020908
903.8604834595462	906.0809288882853
798.5856416369497	799.6361456366002
1060.469218944083	1061.78569123526
815.8010202787118	806.2670119135512
1345.9919024157862	1345.8833720846565
1375.8318567847018	1375.7458267725385
1216.5818463391042	1215.6198334608498
1214.5207171824586	1215.8105753885795
1057.601857143076	1055.43262133462
1468.281153413438	1466.3029968173007
1309.7569196486438	1310.2259662797887
1368.3254327368923	1374.0167528987793
1363.4629377712845	1357.7412414562182
1508.1176541107125	1507.8548162136387
1292.7087995041802	1292.188520518329
1334.064969217201	1335.2443476169153
1109.7938964297937	1110.1644337376836
1179.143915867462	1189.724467115801
1014.5955846629804	1008.1639656998004
1475.6542299651774	1472.7512676295564
1648.1714489421283	1648.9245968525686
1092.0492290423717	1084.1300032399777
1170.5190403436718	1164.0582811259512
1416.1480625918193	1418.5618889286498
1370.7076948296162	1374.1558469924744
1135.5479972793546	1136.6682003446238
1337.3107227021828	1337.8292784481896
1369.8007412508014	1369.7199721897123
1241.109647803678	1240.636996259658
1429.0117385010817	1426.7962844770384
991.9038122064085	990.3899234919428
1360.237975687458	1358.0467437250322
1124.9589479693095	1124.8756313693532
1750.3233332502423	1750.3703903751389
1043.0059930184216	1043.3239746847833
1196.6599760070385	1241.7726329571165
878.1984275948489	874.8175805261076
1237.3777609643294	1238.544322367498
1307.5270665560965	1309.9497536582687
1621.5023394472664	1621.9948149524034
1492.5748574858007	1492.2342615882653
1511.7891028619197	1510.8228449737448
1283.1499599699164	1283.2749433208057
1636.8936711335846	1635.969930505648
1258.0476159417303	1259.5041593361893
1113.9633529028215	1120.8689695944838
1500.950767209899	1500.5054483009305
1013.8781179818325	1012.7304424018599
1187.6305638210906	1188.0785287527826
1400.5444522129546	1400.904897669165
1039.8753309205931	1043.8588707524902
1314.65268303224	1312.2858208075947
1108.0505394939682	1109.4829827671213
1125.1681922681164	1112.0793735805698
1597.3258641480643	1600.8581015502793
1428.0645649535873	1428.6392774370502
1032.060539125203	1029.7174039368701
1005.6371908426227	1006.3424195438971
1613.7699739132659	1612.2969744473974
1437.7539062198484	1440.5693888821147
1342.4568610558345	1339.1914488268164
1317.6370177859499	1318.916871952261
1146.9290302136797	1146.0784801029029
1209.696086422773	1208.4550726977118
1110.0122698884807	1111.2699017819762
1400.0532303240325	1401.5171850623108
1355.1567983521963	1356.2291548899482
1361.912297998817	1360.8122691950623
809.4735010759323	808.1742977813282
1368.6134066729282	1366.7183206287557
1615.1228342044924	1613.1643348407035
972.6194329058635	970.1255836553191
1024.029875494598	1024.7276613077709
1274.4051185108547	1274.9032167351006
1026.6310669964296	1033.5397865734728
1339.318877358135	1348.6376620166523
1645.6984874795016	1645.9778221719355
1272.316473176994	1274.07075113196
1193.7478677674953	1192.9523820306401
1266.4141790528374	1265.8136180659644
1486.2189866808767	1485.784369803243
987.3458536301914	988.1619967842632
1167.787872898596	1166.1434878531913
1356.3449624519562	1355.7240339207453
1312.9443326522014	1312.5611590896217
1626.7110940743587	1625.9267334784092
843.1645849430352	848.5034317581384
1110.6777820587158	1111.2788319954993
1363.5422015204967	1358.1906061259574
1384.5760533298017	1385.3796164756927
1279.7180727321247	1275.9158128465838
1389.646241084789	1391.652472597155
1237.1174081864592	1241.626030638454
1487.0002776139881	1487.3389128971817
1299.8155819312378	1297.5221867048847
1216.2368318422814	1220.9116960606586
1442.4656781113881	1441.3111748367194
1116.5464929734298	1115.9831945953354
1231.1470982446917	1231.9744363840216
1105.1626585494378	1105.0193571981117
1166.4957481864258	1168.9966078987627
1163.1697351871117	1165.0207535510986
1439.968408817629	1437.0952774112025
1211.2424213957565	1213.2566191587741
1343.3883557231165	1344.3425496466866
1297.7940339618945	1301.3569607050497
1014.3409980594297	1012.9674422400467
1095.829756388266	1094.5386612184764
1282.2720517797861	1277.1527849989868
1404.181180842861	1402.9466855223259
1032.1728854336252	1030.039934527011
1565.41330298307	1566.2963945414572
1261.5633965113957	1260.5718896623448
1250.6434202707896	1251.9279609784348
1242.2817511012254	1241.6030963353094
1506.170190869947	1506.174062341871
985.1106054719421	986.1334240435443
856.1750516142638	850.3244523402302
1351.6795825597073	1350.9238009712392
1325.3396823029034	1327.0313151808573
1501.9943936662748	1501.8264615007154
1335.889858132723	1336.2007742714968
1001.975350439694	1006.327891776793
1035.8131344793364	1037.3233225953275
1062.9644215347653	1057.9283022404172
1531.0961030220205	1531.2266859073782
1348.838196815399	1345.5044127462743
1131.13336128011	1124.4564434103017
1294.3467946163146	1291.9118559076355
1138.3921728277055	1136.1086321833802
1120.6299303282576	1126.3844272232445
1546.6930963768682	1547.0597326840805
1267.2439332688227	1269.805171617948
1083.9247906620149	1085.3575444239075
785.5383248891012	787.4208366358037
1130.083297396981	1126.950877975008
1676.237938706734	1676.2540841797063
1352.509886866028	1352.5299451921512
1135.081510635675	1138.464403441784
1353.2462712431152	1354.2116812148329
1754.1423281118623	1753.5616493587636
1239.3411714822869	1240.8072379276314
1443.7306603131874	1443.1605403608678
1209.255893046793	1211.771781839678
1185.5023799525225	1190.178182050254
1240.2765465179982	1239.6298094289511
1139.5023883052345	1137.8794789087335
1095.0656622736133	1096.1893275857963
901.9980426345137	896.374831284464
1332.1190504700353	1331.2145200485872
1340.619844539382	1341.2993352068277
1098.7003444770526	1099.6932579428283
1113.5365856811404	1111.1285907260142
1240.2529470678128	1245.7205037875372
1236.5421655075625	1233.3056850658563
1078.1008809708292	1077.60294177155
1515.4976719194092	1513.9970927668414
1482.0430138649535	1482.888798047617
1745.4080180911114	1746.7798709913966
1227.4835396650888	1224.042683185672
1437.0162705452822	1438.9728025963927
1486.6902923263551	1494.0231781036828
1729.945850866061	1730.249565149479
1112.8137418078259	1112.3161247595958
1105.6079996949702	1108.5927213345913
1361.4686177873518	1362.509784357353
1049.007356261398	1049.088603039695
1101.9552292922453	1103.2478035829408
1336.2411663759558	1341.8181280623112
1194.8542424894113	1207.368725241078
1178.7344760392152	1177.9656045148433
1365.479404324229	1367.7427999435288
1000.3834172885981	999.2822210563614
741.4725910786074	735.5837126152461
1213.6461206764798	1212.9675586128324
1497.3067256213399	1497.5795784237139
1067.2754713774193	1063.889047803789
1385.4182497983275	1381.209459159609
1099.9831387448066	1096.8454704756425
1100.1527345406648	1100.4241005183849
1348.4879964980355	1344.4813061549685
1848.7320847638475	1845.3972474121606
1257.2736687104625	1260.1814263998137
1007.20764413086	1006.8735656841044
1426.4754828026344	1427.755909937508
1364.5210199569701	1364.3523783572805
1332.1067860372423	1331.3469098007502
722.030797119427	722.8385691923438
1066.2771439738572	1068.7481468999695
1437.6225869246991	1439.5946945749117
1095.5435557934397	1094.3407350202258
1080.3851052214159	1080.834749189332
1337.62569501088	1335.3826861546925
1350.3654010326136	1354.4779405920378
1531.2045061100798	1536.1771331657878
1260.0828327089257	1261.3677955243465
1563.5583079623757	1562.6343994514325
1414.389607544057	1415.793263316625
1537.8734952224477	1536.6812333308233
1451.262632478174	1452.272417251777
1192.582038615481	1193.6933324855563
1184.0972832768166	1181.8574353070078
1435.2306981075963	1434.7700415508862
974.7745621372014	972.1431959656239
1380.9682842018374	1380.507097233825
1443.0731311571726	1437.6367135940175
1216.7853985592956	1210.6879575524183
1221.3063505162136	1222.6700093526895
1422.2691060812504	1421.5358601977237
1337.4099426797475	1338.748501515257
1523.3940246227721	1523.098161850269
1445.4629234346503	1451.0669767514798
1407.4926753480977	1406.7585855374707
1649.5029233198438	1650.8254114604524
1732.5441317782097	1732.2791125998065
1241.5627246466174	1240.0318220238194
1059.6669714955206	1064.8760961385833
1387.1908332172898	1386.7316983464832
748.6035287953564	750.1539495255372
1339.5154831790132	1339.3965103056548
1261.2485386851185	1260.7832511477595
977.4010765193962	982.8957618957232
979.7865354492387	976.3039745319838
1395.9232964444382	1394.6443445578864
1278.999124546448	1290.1904716476079
1494.0450344200362	1496.9590271002533
1263.5755588827597	1261.4668050100245
1113.1500539302651	1117.175060267392
900.8368476929027	902.8837571267079
1486.4716877031315	1486.7964387801003
1342.4556249665911	1343.1210550987053
1223.1431051023537	1222.5363421089987
1206.7083268781134	1204.852163784361
1637.72296341724	1636.5340985588994
855.183824077103	822.2819125652717
1270.4999312988657	1272.5912217272446
1016.9974350136181	1018.2864273935357
1405.0019560949004	1404.374391335367
1040.8246996185626	1038.6499927033785
1212.3811083893233	1213.2579797903823
1278.2346253923315	1275.9264787260092
1152.448295561917	1153.4038229128093
1419.2599751210655	1419.1758894117854
1494.9187908637396	1496.2320638434437
1129.396918512939	1127.9853772787314
1027.129436894349	1027.035534281269
1145.4399800832907	1148.0264383462347
1491.3253945160832	1491.7929149464342
1602.9739302057715	1602.2391405917556
1431.1521009465505	1432.05774670934
1510.080267170706	1508.5911350980782
965.7927950461162	973.4097081625423
1640.7699411543726	1638.6276388673446
1463.8859319844923	1468.9926968454847
1228.128576936404	1227.4767293471054
1429.0620938970824	1435.236895173359
1442.9353246504616	1441.5682816544777
1182.5460115123715	1180.16253579411
1309.5599588744808	1309.5023085593214
1036.562312600261	1037.3130432922665
958.1718788847793	957.0350765748265
992.6511306076718	992.1556842383544
996.4103335023974	997.2268916853537
770.0266884188604	769.5289256212194
1277.933860483492	1277.9734284442682
1516.950694764615	1516.5365714410104
1135.2663447092054	1143.7352200113621
1214.648002534639	1223.7663795858748
1186.505867148895	1187.4726843262292
1836.7523071652395	1836.6903868584159
1089.844726781419	1085.0321334125674
1406.1676997369505	1406.0052529109676
1361.8399642334844	1354.314267428021
1555.4502834445739	1554.9065708217156
1175.2078303545131	1176.153059850479
1589.6276746432704	1587.9498873884265
1341.0520246187516	1343.4498276612314
1307.917175100214	1305.0710066266004
1664.3366420406383	1666.0238519234128
1040.317283797689	1040.360117902386
1339.3238768584852	1343.4586164788782
1250.6989717517572	1249.6811828295486
1402.6058309277869	1408.519935258762
970.2437616824755	969.9955161667538
1150.779708048096	1147.1776921648996
943.6613880856894	940.6931452144412
1749.4772373993183	1750.2160980734122
1249.0393469416886	1247.1786592076207
1424.831230316835	1426.5650843282037
932.7890255863313	931.9824900933746
1372.9509806144342	1371.753491651279
1317.2154124566587	1316.2610981158055
1232.4645721321285	1229.3936372800795
1394.7735031305638	1393.22873873658
1443.6015060974169	1444.103967570859
1213.3590071741492	1209.0709198522
1231.2478611253318	1232.299220451446
1151.6084282749507	1152.5628580654425
1274.323862703197	1271.7972942226886
1386.8967698580527	1390.717410821414
1327.6454161229485	1329.4890491776916
1130.2695815969491	1126.9792020795837
1278.7251286637038	1278.7739081849027
1340.3975847022957	1339.125323286421
1232.8829060269345	1234.583816650954
1519.1487657779944	1519.751545588741
1362.8827827870555	1361.2031201474763
1251.9762153752963	1250.396625569405
1071.0708197925705	1066.555029325028
1380.754879314889	1379.047721570316
1281.353722780681	1280.1190086592655
1611.0243655795348	1611.6648348544584
1513.498010278272	1512.2057774057375
1731.117980050447	1730.6058192957682
1015.6564629168133	1015.6834266320216
1358.2999480612343	1352.3308675208234
1241.0558904614882	1241.0255370585865
1036.8159436144342	1037.9121776676172
1138.490418516245	1137.4845050924707
1507.323680225847	1504.7595029298081
1439.703800676798	1440.8518331278005
1374.0113720527443	1371.9846003386733
952.6480753825163	949.3774192845573
1448.7361216351856	1451.3925258546958
1436.5990584678366	1432.9839665499103
1344.3932525036798	1344.719032341215
1633.3107354051608	1633.5416936032905
1267.364180690376	1266.683072826899
1530.3506247694604	1533.2146514235612
1173.857580652082	1165.8380635943995
1271.3367924260092	1269.3141524362322
1331.9748413959169	1329.566920323413
921.7946757171885	920.3917380962143
1247.077004176681	1247.5916359041726
1313.4997091862315	1315.8953109087386
1575.3253727868141	1574.6308923309346
1023.925017985719	1023.7654077053759
910.5629743107129	914.6262811250067
1276.774489985255	1277.2012790776464
1443.189664165402	1445.7728567851598
1344.4050994497375	1345.709810095729
1155.390052080009	1152.4678288622958
1491.2376181148575	1491.1456551385013
881.2261647612613	880.0871567216269
1427.500801873015	1434.0431768294516
1318.913986773754	1318.0073570836996
1038.4499095390493	1039.541340149884
1284.7000142818142	1285.4182281442306
1345.6769712146197	1344.8448135113113
1279.8309143739752	1280.2452668232509
1323.5073459952546	1326.151609316489
901.3737314869068	897.4417786218796
1328.5193318133825	1327.3460732198776
1114.00106870351	1111.591166566559
1729.5117139637296	1730.8910154645694
1249.4559917882725	1241.9500994948478
970.1976238904463	971.6528078699243
1235.32136781179	1239.5696761062532
1536.6510349176533	1537.190927845869
1487.925346685195	1488.420898014797
1057.5728582309093	1056.7892601430183
1313.3473783346417	1313.5029495390954
1096.1735419924953	1099.6053829950602
944.5205523302429	943.6284536043132
1064.3476137006073	1062.996234332434
1158.4986030569999	1153.8106767183483
1183.0883338213316	1176.0151454763136
1272.9476461670129	1276.641619785239
1249.2361579566204	1245.221383378235
1042.9399996286666	1042.4882772360081
1551.3788179022667	1552.4354194953048
1000.8024465250783	1003.1153009561102
1473.7906319556932	1473.485624991395
1190.9487747155363	1194.0467923958645
1154.669162183156	1150.3838847869324
1586.6305112493283	1583.9063500828026
1327.9221487466712	1337.795048698424
1215.3412721554341	1217.0203511256846
1380.1208221169072	1383.116404827857
1160.596184481983	1157.2233199714574
1446.1065803894016	1445.9668574744383
981.5288050570816	981.2891979165347
832.1127981538593	823.8428279451283
1567.7007844209438	1568.4314843137831
1337.6095200148993	1337.9961283905664
1087.3300865869678	1085.2241949518902
820.1786395964737	818.0034199465122
801.6717322338081	804.8504068003601
1075.3142662757018	1075.8265281877161
1290.1806726524665	1287.1065109872961
1260.6146835533727	1254.7068148999645
295.25581675517606	296.779253639422
1617.223908440239	1617.8814843353425
995.5809298500244	995.9244912175026
1123.4503878421092	1123.465736310949
1519.475349685934	1519.344831781065
1155.530638182594	1157.5605024947558
1551.0998299772327	1552.4206856148735
1142.6815436298493	1138.8109469345693
1646.3721985153097	1645.204401488434
1369.8062501320674	1373.5999016901503
1546.4103398033767	1548.2013835002922
1758.7728914314357	1758.7364124030044
1182.7708053989918	1182.6763149301207
1270.9814138563233	1270.6113082615987
1587.1995536591276	1587.5674285467503
1127.0103798574128	1125.1887321446238
1326.61201985745	1327.3814160577729
1399.771808521764	1395.9390435638325
1090.4958378026786	1091.625453072994
1173.636907775799	1174.0743323615056
1353.2896484066732	1349.4812649133694
1200.1255795349716	1201.3518042874553
1145.2032807299984	1143.748431982615
1218.043142602488	1217.3150248059019
1026.246077472082	1026.0420473214265
1013.4500362866384	1010.7293476373018
1132.8009135000175	1131.2127457766303
1150.4709803631122	1160.3513573226471
1012.9847318484972	1007.9566192014662
1599.6915498121234	1598.326461232012
920.9873175257817	922.437975258708
1083.5585550460382	1086.6970267667173
1372.651647574501	1373.008392706177
1614.6158865357866	1615.9982960095094
1323.736240788392	1323.0739148196944
1115.1081945533224	1115.6307227369825
1313.6507636602619	1312.9433551874213
1334.6578669114679	1333.2463259596552
1186.6939864492451	1190.2285871294478
1152.4658540235832	1153.7597215327487
1323.8400372534816	1319.3183789786824
932.9694253792695	934.7802396673851
1279.249346467288	1284.2510099368076
1191.721965777222	1193.6651503315286
1348.2082311248523	1351.9588411279751
1198.9357078328321	1196.8130575161347
1167.417837525456	1168.5702038476206
1277.9964810766396	1281.9912753226959
1190.7283313780208	1192.9714149328483
1201.5847641809669	1201.9563627617822
1371.4078882862814	1370.4536517651093
963.1501352003252	955.2163753185488
1362.3198359407834	1363.4291442594251
1351.3980530256813	1352.4738188431718
852.8592619067931	854.6101208923034
1208.0370262292272	1207.5650875911904
1092.672822916822	1093.1405229842062
1209.4854986345745	1211.6660853322865
1628.9728403493355	1629.6388350623486
1155.775668974733	1153.4137920241903
995.4724539871386	995.677388191346
1254.6651349706226	1256.863366082232
1250.9689335199073	1249.454296612179
885.4443259388499	886.5210507936739
1021.7645623534918	1020.3339057380937
1757.0052016462141	1756.3139761381817
1004.6006001668284	1001.2751696992883
1460.1461340596143	1460.7362779856333
1205.148505684425	1204.4499983478872
1435.7950065368786	1435.5749574328015
1627.3021273950872	1626.9303530831771
1385.6918599752826	1391.6463729776428
1200.9444360329944	1197.1903259505084
1262.2961115130747	1265.0870530039217
1179.1412776372163	1178.9914452602557
1306.2039389125712	1304.3720221620065
1352.6103275001224	1351.8494172932828
1238.320489366044	1240.871024490731
1122.349990375602	1118.9760690089342
1626.7735542660812	1626.2424405333427
1515.45279699791	1514.8801609788247
1391.7489395977173	1396.1324628702296
1561.0621287418471	1562.2403140629717
1308.076127386361	1313.5941354666043
1615.3762005864992	1614.273030795136
1111.3894425945473	1111.9837175322605
1720.9015002601664	1721.2899327458836
1164.171190903784	1167.5554685052907
1091.2315316875465	1094.0037542179707
1360.4004320683598	1361.8188737723322
1506.9647564742481	1507.766895581838
1262.8975719323498	1266.3567031905554
1362.8435079345072	1362.9795514082984
1213.4008749199857	1212.5066735776882
1188.7591139186407	1190.2527330323014
1156.171802734927	1155.8581874196502
1508.1739992315124	1506.056506016449
1254.2535618482216	1255.9705096434698
1441.3891542590572	1440.8551260324414
1462.9905749720929	1461.7309077567704
1182.576711190428	1180.9690809830124
1047.5867908460787	1051.0286938834133
1257.4760772120208	1258.5229219998187
1112.3410120811313	1111.6633774189647
1079.1063712649047	1083.3786554214773
1453.9002606770664	1455.7827421196182
1378.499188206828	1379.3972621861778
1258.4782142844342	1257.7822516986498
1517.9812418888614	1515.4769735124662
1377.3337569704163	1376.2423730739636
1033.5842710676952	1033.8795601298057
999.6025653425604	998.0960993977491
1225.2474683854089	1223.846688255632
1275.6800236090785	1274.6203307333628
1272.8412186403002	1271.9849460103237
1491.0999864829646	1489.8134210790513
1116.4789381353476	1121.7287308018322
1375.479625743872	1373.9934808530868
1040.5948491728632	1042.4040073635124
1221.181603474106	1220.9109337520604
1360.2421528881823	1360.1496003303782
1335.8264989786258	1335.0765781747518
1452.524958649621	1453.1429379660688
1288.6734368529287	1287.3092539908625
1620.2585131725937	1620.0808227761122
1152.276331246976	1151.43873405584
1161.1737859838177	1160.2188991845762
1554.216740120697	1557.4593680037183
1140.2207586042932	1141.0517979101
1405.0460051156988	1404.8975148003904
1553.0735368815658	1551.4736707906907
1439.5020850775181	1441.975895834809
1281.2364016526844	1283.8990630655592
1644.346474670223	1641.3152310176165
1084.828499074385	1083.12860150827
1018.977801815141	1014.9631906170531
1352.9815205140912	1351.6898907723362
1543.152312267921	1540.6945384205223
1004.5690745066095	1005.6500959170786
1211.5900802354736	1210.4473310240887
1421.2213521962985	1421.5149024313284
1079.9669318645902	1080.9092003436358
1339.615234086552	1336.781475517812
951.1860085286899	953.9106806083882
1060.6099565330078	1064.3124246526913
1246.986687863071	1243.143381366749
1037.5750258274493	1032.5791459105546
1357.5693820012675	1359.3135587846295
1423.2451909958036	1422.7196445443
1345.080993671174	1346.511627179018
1314.8664790159673	1315.0530229532706
1135.8802798634279	1136.6052473011987
1415.8482340970659	1412.548283171807
1427.0016248052416	1428.221564325653
1101.218377282814	1100.3684543824625
1246.3412972635124	1251.6732091965482
987.7967770323739	986.7174466039894
1096.4043226911162	1096.826583732316
1485.2376830411959	1484.349475641067
1361.1464456748217	1361.0538381120737
1428.5556762068882	1428.348937029302
1039.1171277183166	1041.904782080623
1145.7076968217443	1147.4309111342698
1429.6013615047268	1433.2720465908958
1156.6292088128685	1158.2097185266782
1190.0376543019374	1190.47128415343
1466.9116838193731	1464.4496766704171
1234.1933014132082	1236.1945874374658
1049.834787709755	1049.5136833893428
1164.0111246439046	1166.7289683275787
1246.9372941468027	1249.3257095734461
1318.3665354539116	1320.5125476035885
1317.7364184656763	1316.0404190399393
1158.6822819242952	1157.7695709835875
1276.152949968906	1275.7678750594575
1440.9761132001295	1447.11365601009
1512.0349504521	1512.041600087774
1162.883095006633	1166.0390557492524
1224.8623632805247	1227.029240126543
1533.0797293199867	1532.196651696977
747.3048643087386	750.1382183269334
1596.5325643885299	1597.2860865682317
1390.6254609982425	1396.3365436773856
1562.2944259725045	1562.5932636126122
1377.1919076877239	1377.0930625086417
1435.6413913855213	1434.9042548956634
1162.6579928883002	1162.1990858080258
1005.0210222213354	1004.1427979601225
904.034111558256	903.5174922549319
1100.3385255392932	1103.557317741864
1340.2784113257076	1337.5392057088097
1187.3253862353158	1187.3293940640842
1341.0911364081549	1343.0756608633385
1254.1969952798972	1254.867809581634
1469.4384528204391	1461.949315446413
1292.5913007177587	1295.3030059989824
1324.9992028563865	1326.7765258167515
1216.6115311247995	1216.1884836506738
1336.9168373801513	1335.6272744294351
1080.7966850919183	1082.54991167862
1456.6507998699963	1457.8639649077843
1615.9379810596874	1616.376393435376
1281.4025838339294	1283.3385030969066
1403.6993715071294	1403.9849638875255
1620.7070936682867	1620.2900272737847
708.1083282406471	707.1320065340674
1733.702145323652	1734.964493504464
1193.467449828051	1193.7942693836196
1379.0198972907674	1375.7819485387038
1290.5764222601429	1288.4506191386283
1004.7750901940744	1003.5427886512642
1325.795767649979	1324.2809752361125
820.4301677769108	825.2666592261639
1332.736403946299	1304.187543782619
1311.4192429312388	1313.2402866243897
1175.3378825190011	1175.0462231500314
972.8934274786443	968.3956068606158
1383.5163461818302	1382.3767147868114
1369.9157027151086	1367.2888919394713
1119.3807160719298	1119.598208201666
1239.8367380388954	1237.2917468355645
1451.3877527713776	1453.5446237226636
1177.0614469702996	1177.9188673249555
1368.7632408302452	1367.871341881851
1175.7836236666772	1182.5279448272659
1397.743877851608	1396.7276710061865
1621.6354914933327	1619.443739151581
907.4651870289817	908.4940409350828
561.2645852468122	561.732144045538
1036.9737021185283	1034.0015812574609
1209.1699307130766	1203.0956082046098
886.1381343450339	886.6474997923285
1272.5704550898517	1272.6399234589378
1147.0195212927356	1149.9493169178918
1326.3336319622176	1325.960478417984
850.4823576931376	843.8834097581525
1622.0290659611637	1621.4118722344472
1263.6935196737468	1262.890630043424
1329.0617527161958	1329.8397066396055
1300.8357302057266	1302.7563016907475
985.0443425940175	990.7350541181429
976.5761458576017	975.6348841256115
785.5844166207826	781.2266876015626
999.7585430988111	1000.6666191602146
1488.2011715108238	1488.4569025075145
1295.9455045883951	1299.2641902008997
1007.3290155436844	1006.0819931231667
1032.2413322465436	1035.158082625197
865.2434243482712	869.4558127272436
1244.5638483004295	1241.8958446627933
1210.1665437351621	1205.6995676030908
1673.2390280499822	1673.965998540252
1304.5291329094325	1301.5534026843188
1039.6618269066967	1039.289447650382
1086.6797036870848	1082.7643569972265
1286.8778364865575	1287.9430177792847
1277.4217769994284	1272.8025829390947
1306.2797041181766	1306.374004873951
1611.7832909453718	1611.5179221328483
1214.5021557791624	1212.838928609248
1321.1957714140008	1317.2508049610294
1419.9220498383802	1419.415784520224
1063.3337359630968	1062.0457201693864
1549.8765903880412	1548.3479312489428
1052.4645903342753	1053.3181690062504
1499.6962754543056	1496.9032375262034
1097.5127329751267	1098.877086930188
1134.1632441408	1135.0579873632526
922.5611699020665	922.457866272299
1367.7954393273976	1368.1430684655227
1120.9911007920455	1117.6363327056988
1006.2864368332084	1007.1971570728917
1443.1999851529836	1442.2301854271159
1412.4620332230406	1409.1390428342893
1011.9853100092441	1013.0442465807065
1374.207226868777	1372.9496301225777
1051.899458142434	1051.4785099362184
1136.600819212268	1129.0576784791044
900.7861018422409	900.2394649023231
1380.4490547174355	1380.7717832154226
878.7575787648675	877.8290407358446
1168.7753677186265	1161.7898119912697
909.3219364262477	910.6393103972754
1332.3756463124591	1332.630574927123
103.43599978019847	104.64002047374679
1138.9614816738758	1140.3006763625383
974.048196584481	967.3023750780859
1586.6044900368142	1585.1780372123442
1426.2804091271246	1425.575851644634
1510.6873391611734	1513.3278239404235
1307.1507649999985	1301.0259654745828
1421.9075227079738	1417.9629115423681
1014.5900075479876	1013.5775710792675
1464.1943621578102	1462.3649461235866
947.431184096029	953.1224284749176
1564.8783046204771	1563.3031721893958
1086.9485458606505	1097.9462405862687
1182.3193855218124	1181.0075189079298
999.0824976958102	994.4291766330238
1397.664158501837	1395.556045406784
1119.7855255921604	1121.0568348606166
1355.4028394784254	1354.1672906726776
1415.9323149683769	1418.8960658565197
1368.6690647053474	1368.4784499762336
1429.4112030401884	1424.0940229959533
1232.6258348867123	1232.2492801279673
1104.3647016262112	1106.7234778433228
1087.611338941526	1087.704518516703
691.507622496385	689.6339813216417
1632.036430966953	1631.0747231083906
1430.634693684493	1432.2903451553393
1276.9174238654377	1279.3374632951943
1481.2284824849921	1482.1376431336503
1083.838869080966	1083.8026935957064
1246.0008010428865	1245.1744501670303
1635.9811078317289	1633.445100977834
1494.9997469490627	1493.4551862046155
1236.5258230434847	1235.683958971402
1334.9034739975177	1334.863254573122
967.6132077963266	966.0372508020025
1219.745628319477	1218.5886907768136
1399.5270307425235	1399.2303971222254
1190.0905351627734	1186.1250397019583
1196.3358774761145	1199.7058279281155
1177.365386306803	1175.6471624922992
1338.6053416068607	1338.498086458591
973.7779478621669	970.1620349066698
1515.54364151528	1517.1438409017364
1448.3054845484148	1448.0121327395514
1138.6719364111195	1138.1412728079026
775.3887267011305	774.6817129920846
1260.589207872952	1259.4411442463145
1341.1534627627698	1340.778935265401
1188.4852621134487	1187.1735588263248
955.2398596876883	954.3409668043251
1146.8869859531405	1147.0034499978092
1562.3660019768577	1561.7496395478408
1217.809704222018	1218.7285682563188
1266.8978638297122	1262.7025191803834
529.1017975410505	530.4080174201431
1057.7877873007674	1060.1571099923085
1551.6435950558516	1551.434553068428
1155.782401623641	1164.7838342574976
1581.6078661510837	1580.4952393750066
1381.7114107252855	1381.2667804660643
1120.4913364462554	1119.8378634176315
1275.5193746661535	1274.7734753334953
1333.0103646978678	1338.139015719802
1161.0498713047418	1155.6613092883047
1347.018637214438	1364.4496281080262
1197.3147687816527	1193.5494063362669
1178.2483276985877	1177.797767637082
1247.4518455764046	1248.8660322937317
1443.6362021182722	1444.171455374794
957.687591965223	974.0402815128356
1088.1008593454317	1089.550467105502
1236.7989883249975	1235.9031432539016
1266.4697201369563	1269.4101348274394
1296.8366859423986	1296.5364087610242
1525.1773642210464	1521.8724026795817
1316.6144180991978	1315.8901149095038
1664.5010551042797	1662.5974105944133
877.1876243430888	869.8910671604178
1475.7928904383152	1474.5254823984415
874.1913950182789	871.3921541269083
1147.3282875977748	1142.6046450128217
1282.0276855545526	1278.9417571770846
1476.6297238681582	1477.3180472432784
1063.4191059315926	1063.422768735509
1117.4265527989483	1118.4759085420174
956.4737036694714	959.9160181640385
1447.02784501508	1446.7737511825924
1350.4622522595455	1354.963316261322
1090.5703969097813	1087.7360119519174
979.8078314867453	981.6546040284659
1161.896858600725	1199.8652229163747
1190.5883829395461	1191.03643672818
1269.915798022208	1269.5473636251875
1142.339376820426	1143.1166115867823
1459.0759440057154	1458.287637450803
1495.5592935069872	1495.8495619269456
1045.8782999362738	1042.4607738268471
971.4573652629624	972.1907116954366
1190.4261649108375	1191.3937896983773
1429.520562271122	1431.2290814553432
1415.0502477471018	1415.526614987052
1629.6529497474257	1628.2252793826888
1340.4931443257374	1338.2184769650803
1108.3428213816078	1109.1068396192857
1610.307240856142	1610.7754583072174
1041.9749044461641	1048.1999976644615
925.0758404204971	925.1577046164002
1090.1094258877856	1086.9380382648574
471.6532875928824	474.14216549981876
1229.4688241166295	1232.5159844332948
1115.7292376560217	1114.5086435687247
1303.3332717099402	1303.104019127009
1743.4361878248455	1745.6065399594663
1165.205381294625	1145.8408275276793
1437.2585368851724	1436.5951403471638
1191.6820710865723	1191.836522523148
1334.6448404068651	1338.1380446717328
1125.1678292951547	1122.865495289372
1068.6145494646917	1073.8241888196146
1353.088106149371	1352.1615444777049
1467.9546313223545	1467.7390019851605
1124.5373243090871	1119.8903615689212
614.0224572998559	611.5615154532773
1625.7419160300924	1626.4999073913382
924.6837092798087	934.9704024805857
1107.6906225569255	1107.5359537768627
1382.381432563183	1377.7021503333197
1270.2215118476888	1267.1209343452142
995.9236584562459	992.5845633871078
1260.945200518443	1259.328670680064
1333.8603779672412	1335.8745308198675
1350.5678600786196	1349.579892913698
996.5698625651421	994.3071134223817
1512.613065743266	1516.8306378409945
1034.5485934810713	1037.0527454163566
1442.8720701012353	1441.5422666918898
1296.8795410881867	1296.0572586133806
1163.4543950829539	1163.464992777619
1410.7615966971498	1411.7583318214763
1571.0864769577165	1570.0433874534315
1562.980686063267	1560.955294714929
1290.0674936583673	1286.9225669094712
1272.5550985054579	1270.0736512353496
1041.9150278842426	1036.9784934975937
1523.2728409972624	1522.7495046136567
1644.3448417377658	1641.9667069946956
1357.3368532751629	1356.6575156547867
1268.9247486545064	1267.2276698335845
1501.033902441006	1501.290546362995
1038.794356059807	1040.8940856830934
1209.1970851574733	1211.6014856581237
1244.6187263238535	1246.4745153379827
1568.9240757634107	1568.9984561738015
1224.5114250687766	1225.9506435758647
1545.2507458917971	1548.6711520662204
1166.783936042717	1171.945078103298
1131.8732629051374	1132.0944322928565
1063.9333586254215	1067.6653506828836
1392.5637910279038	1392.6874091004795
1178.6550856117974	1175.3101893823634
1054.3410315060755	1054.913502835366
1585.4847738757962	1583.6948017780842
1178.6339490231185	1178.8265025695664
1084.517766761477	1083.855875049963
955.8641346622608	956.3031596443144
1067.762729861075	1070.675816462557
1121.3675678050495	1122.282948524516
1036.3719075789559	1036.502651002791
1116.2216274708626	1115.39735791443
1246.8056323149358	1248.9136709779568
1316.7249123817019	1317.3224103023122
1434.7007978636248	1429.5931234357527
1512.717701861955	1520.0237013284245
1383.2919274308078	1390.8340338933774
945.0448527981061	944.9647630659169
1190.0970219505252	1188.8030545668903
1004.5374201991362	1005.006882235317
1076.418647106766	1051.9457154176193
1146.920138234942	1150.3100293832308
1378.5871501707297	1377.1042162525894
1083.848149220663	1086.2084548821756
1366.7563230961678	1368.6557650502295
1174.2761293287913	1172.7554981333556
1490.9480945962132	1490.5010977359877
990.4752430330846	988.6769335911939
1168.4484733261925	1170.2364106024972
961.2163030276424	959.2664689438659
1166.2552055127744	1168.2579007710515
1327.3407161627547	1328.7169793729045
1390.1706411265768	1391.205982435787
1358.958210197481	1358.463418877866
1336.7915123895218	1336.3284202180866
858.5808079212438	865.5654922569773
1194.3996618105448	1195.7050166343092
1345.554357873887	1346.0884014675107
1718.8573250660556	1719.4234582682325
1376.9259724280564	1374.1931988109018
1428.5402690488845	1429.5852222470614
1274.436692866031	1273.8046620206587
1478.4754099122365	1477.2000577782972
1090.7132332081965	1092.0325096131346
1165.4472193621623	1164.6010923508506
1423.6728598435293	1419.0733696454295
1151.404220690456	1150.8905610542013
975.014236487681	960.573563630135
1236.6890924943436	1237.0584988001497
1001.9964687764586	998.0727331789478
1230.4679705689487	1231.1160902168835
1434.7345606011222	1434.4922474660787
1330.445435176167	1331.19155574575
1449.2767348061025	1449.669210489948
1027.9309953034099	1038.38396035149
1444.9092079471448	1441.3371867369513
1507.6813330808072	1505.5075045439817
1261.740484334674	1262.0521582223807
947.2247041118972	945.505732754248
1279.7326374964323	1288.754261993665
1429.3146494425891	1428.8925493311224
1383.3365521949017	1382.0342229240262
1635.4633960266074	1635.089736490522
1488.1099440470862	1485.3491351604243
1048.2089752830798	1047.2680867304844
1005.8849551255407	1003.0975787209518
1338.3436757928284	1343.4544996398156
1370.1390770441794	1366.167087017508
1298.890236411622	1299.2781710465642
1304.9328356369806	1300.1613099682581
1281.374397863925	1280.101827123729
1517.191957350442	1518.1464968600756
873.5458995756344	873.9659396026041
1613.0619147427497	1612.8835220011533
1093.2631177165022	1091.363595204561
1197.013618760655	1193.3836889017061
1381.4706275503268	1381.1804845116287
1511.1162897815811	1513.7317065744448
1196.7513993718894	1195.3284462114566
1193.2905706193415	1196.1461773098379
920.8320024601999	929.0054196239705
1146.321901883406	1145.4798201580843
1321.7720380508108	1322.5120890146884
981.8442496800271	981.5721319453479
1236.8417684058659	1237.7614509650382
1185.7706991800806	1188.6319179562006
888.0335723501339	888.4871046493756
1262.722724857449	1270.9293458689708
1491.859420430672	1494.233267330753
1632.386359140597	1632.126145774555
1259.7631116861012	1259.7580912528363
1030.895028584171	1031.1734237799735
1250.020599391166	1252.6521994805562
1321.082587576704	1322.1537133490701
1248.5615673683642	1245.7783851036245
1621.9809114737145	1613.929530828572
1290.212856036349	1286.5822912199699
1515.765301282605	1516.4639917950992
1629.0415056456113	1628.699345043451
1254.8070428801002	1257.3183133228683
1318.2438635776343	1309.9833430505562
1284.731371538015	1283.427152703358
1337.083593610354	1340.236366151669
1268.4432712698763	1270.7254693726925
1140.4794783001416	1142.8441098558521
1386.622685897164	1388.1682607188407
908.6226697648963	907.964837084507
1327.6136985762278	1328.3393841388606
1503.474982599495	1504.2796688530232
1321.9415515788132	1321.7411396336706
1448.496082527854	1449.509174544846
1498.5711029836966	1498.759815695201
1047.7522862211626	1047.2998008746877
1188.4798144659144	1190.412880442895
1288.2768143386347	1284.684691816878
1457.133886058582	1456.473729458226
1290.932650934934	1289.3493134586392
1531.2826049845899	1531.1308029001618
1599.1753285270825	1597.027888582112
1505.2680226123484	1504.9848010807782
1189.9265455518034	1190.8129898597288
1651.6065887094592	1653.1702136653444
1191.5197256098618	1192.6996594450131
1176.9428195598884	1176.2917687285596
1539.9933526399836	1539.380347455024
939.8327335782524	934.9853645492203
1403.601643303904	1402.7929030793969
1263.501380760601	1264.833128097611
877.954355605063	875.9066775166849
1350.7100280658342	1349.2076503395463
999.5215174253972	996.9866293731145
687.9226473027084	683.5574108302807
1554.1296415220131	1552.5599285663818
970.1232183999382	968.1774291480078
1348.1580342765374	1345.1382921289103
1739.9495648741722	1741.7883499197112
1665.3216153689718	1665.5392356482578
1622.0558501159248	1620.7813943611686
1514.8136334313604	1512.0633351807512
946.9783764414315	939.2418520609281
1624.092648012971	1623.7361970411632
1473.1859276248433	1472.533184174304
1246.0882403443975	1249.3095887463521
1131.2617191178142	1139.0135693923057
1190.9059146095242	1188.5061817353587
1386.7652988056361	1387.2096026515494
1015.3753231122973	1011.8258799312234
1137.7108145545353	1141.7482529436231
971.6297925925464	971.3661145078579
1748.5017367203545	1748.9445234249524
1255.7441542837187	1255.7011163582272
1429.6868144289183	1430.023205871886
1320.8362915328762	1322.4687647918997
1290.5133825138619	1285.5403845455187
1634.1944113642967	1632.9054150193258
1477.4367739242152	1477.6788636174897
1245.3175332113751	1248.2648644419667
1341.9473000372527	1344.9681659998457
1513.2365869616624	1512.6569053359801
1618.589555349492	1617.883029890908
1382.6419261647388	1382.3042618456561
1234.1703896356048	1238.6045835394305
1470.470386597095	1470.0068148918178
1257.7745798051474	1259.283931819367
1276.6151606507483	1275.3764455247415
697.9317556928145	669.6813178584823
1177.1721210459655	1180.0012319128584
1331.8920675156987	1332.0598529517372
1309.0701537664281	1308.406569566452
1384.989188148029	1387.4443658082514
1494.9803003725829	1494.5240609761604
1261.6883127704787	1259.6335960519634
880.9103697590472	879.769256405312
1125.443618673773	1125.966240612558
1361.5618876593653	1361.003747600724
1378.6420490698074	1376.9982189451773
1338.9970488322724	1340.5742888759594
1372.6967093542917	1367.0221336166514
1508.724028498109	1507.1847846354904
1081.0742680552648	1080.3308565268026
1478.9671911214245	1479.6748596901027
1425.9639882846677	1425.4802154572585
1111.1277622445195	1110.4160811066072
1248.3976283726515	1246.9607151951272
1192.4346268319641	1192.5447991702408
1087.5276042906917	1088.6751464936567
1339.0197959057405	1338.5406172304693
1149.214248366421	1150.0374973786015
1305.584888727346	1307.41569400227
1448.8586533168855	1451.3923773319611
1626.7909661534068	1625.892753844349
1236.7210282128362	1233.3774481928936
1360.8297259768296	1363.3056430752417
874.3191209541983	875.6424049318614
1340.3081547613547	1339.388929364089
1381.5567547817482	1380.7089302798984
1415.9934912877507	1407.3676960709195
1292.8507315536845	1294.1730668425855
1143.4334275774308	1144.369839246393
1165.7159020041	1165.5168061766572
1070.4945540293702	1070.796544879854
1276.902054663282	1276.984769509153
1264.9068701304204	1267.6629605402773
1440.4196298955649	1440.5722366160703
1576.648038821586	1575.4039828276004
1279.8644087969442	1281.6300975027284
1060.414793931006	1041.494187187405
1519.6434327607858	1519.107222910736
1432.6403180458	1435.6283158729516
1541.3315259910305	1540.3703744183533
1053.0966607551672	1049.6467003139269
1485.6614323907706	1483.8079439916469
1230.1452740516688	1228.3510631579895
1630.4784733658307	1630.0886562591907
1614.572661185026	1614.7143146687195
997.8821268688189	994.7412104065306
976.2486777160084	949.2721928854979
1347.7690920465975	1348.6017156524301
1309.0596452800382	1309.1857226552202
1333.503588216874	1332.2852248050103
1055.6190344133647	1056.0778562771732
1282.7788025034824	1282.822956503791
1453.003989351273	1454.4892273646958
1241.7707034173363	1246.2043063620417
1125.316505173454	1125.5297701658885
1361.4411112378293	1361.3240262858164
1004.0135265706631	1018.661732425702
1069.0082452262868	1068.5631150761842
1419.1622010886786	1417.8302828161434
1230.7381259866816	1232.7737832360085
1390.2089113268885	1387.4818368008996
1360.8081324795494	1359.8616310520617
1384.6879178464587	1381.8521690465068
1197.5240244946326	1195.9232606479086
1039.9049846501148	1043.371700427209
1642.686296259344	1642.1844661129808
1226.9335920462618	1226.9528919337909
1315.53073259737	1316.425790891109
1415.708378498559	1414.04474674443
1027.9441927257576	1019.2912165369607
1126.182132705464	1127.43172327564
1562.9408771699527	1564.2770017872244
1502.949899944564	1504.0883094858664
1276.677436993632	1281.3777697950607
718.765453798318	716.3890872817617
1368.138644961844	1367.7615256050196
1436.3979301490763	1437.2843963694897
1509.5375675909454	1508.127927715103
1280.8758203624166	1279.3613279653803
1223.975261390733	1224.8216907360988
1336.8341890698648	1335.5713234034101
1381.6419876204454	1382.5265745796771
1369.206454869709	1364.884071897139
1412.5108501867799	1414.4433002758763
1346.7843496292771	1346.8019772510495
578.4313893647632	581.3324585832142
1107.6339451788226	1108.4608121719139
1389.1121724388795	1390.9758401203094
1250.2698141276487	1254.9832134906237
1347.2221874186944	1345.205405753824
1643.6872917728615	1643.6149005528816
1400.2157806224423	1401.0400964883984
1546.9444353137224	1547.306620849321
1286.8862503572018	1289.9252057255705
1461.5368109426054	1463.2688682210282
1307.1834680065804	1309.5833688626283
1270.670260644576	1271.0053797781634
1354.7225213407655	1354.333556001971
1130.2578395333258	1127.1309982753812
1459.4649615633534	1461.4501056963522
984.4010812643974	985.5385343692888
1759.1015931101574	1757.1328666207303
1306.5505393600615	1302.4824452638297
1388.8214580578206	1389.5837313078482
574.332391329488	576.0971920165352
1415.5351628983917	1412.3797677537132
1223.172720604809	1222.2131482144787
1621.328351666656	1622.903295306527
1509.6492963671917	1508.593122811763
1177.980362528062	1172.0601905226692
1283.7628322281525	1283.1460508772689
1053.989089689916	1054.2792189696047
1550.0873857720871	1548.4504918448304
1683.1705283788033	1682.9825150398278
1104.7670604282757	1107.9141692745884
913.0997143825516	911.5897006465539
1602.7215621522046	1603.7743923152234
1293.7094572761853	1293.3150814728008
846.13856390398	848.9380537806401
1274.3931834123505	1275.3660709178305
1320.7922016536177	1320.6793345433077
1620.8535183516215	1623.1610563210704
1554.85925055173	1558.4753611915303
1217.8831511221651	1215.4131829849675
1080.687878364668	1081.3198335077536
1360.8675531795307	1360.5804109318299
1102.2454073483532	1107.1509268918155
1358.1270682277973	1352.88378752785
869.9525958192826	864.17053857818
1058.075554114621	1056.8523374512029
1215.5605694335536	1213.9933556713595
1172.8848359558324	1177.3536932091902
1427.6177841450553	1427.200119679942
1445.66647358326	1444.1002458036778
1234.663317521161	1236.1753552968955
1202.4990036686359	1207.260108692789
1451.3212109357119	1453.387243126789
1463.5193826361792	1465.4993800261338
1481.430453194509	1481.3208801626138
1225.8410755066434	1228.7519564232914
1493.4396356306388	1495.2561722890318
1321.2303158341383	1320.1529362656113
1153.7887826252554	1157.1875443274405
1110.163817387278	1108.761362896701
1231.2654505113023	1234.1050261905343
1258.397897191695	1258.9593291778363
1003.1224490178574	1000.801146064664
1288.1828931436175	1289.634426803849
1185.3158385135757	1185.5275798007822
927.6626507951005	929.6782479048237
953.8930499263806	966.4623573085045
1624.7715653421765	1624.2508727222735
1278.929611503263	1292.4619033129936
1449.383657567465	1444.7876311536252
761.4677174030221	762.1922775586114
1441.2518283288518	1441.7082525314045
1362.9302769580972	1363.132298856107
916.214334753633	922.3527795090088
986.1112393976073	983.8375236101161
1082.6060435854597	1081.9595372943866
1343.7972253149492	1348.2777495969501
1357.465563188569	1353.8940280220154
1169.999853455054	1170.5990479120726
1070.80869881119	1069.2033215522854
1076.5086617101915	1072.6345599320518
1132.8182703615166	1132.865443972193
1278.0670111179934	1272.730490453681
1202.8928348381014	1200.116717753255
1107.8048730358132	1111.6728353907113
1543.0601786638144	1544.7408623421784
943.3849704942259	942.0080917477442
1279.1990770975244	1281.5442863436745
959.5410310674924	958.3172560854474
1118.5186224750942	1130.7230338956308
683.7291469574411	682.508438269825
1511.1267305559304	1511.9147647639466
1150.7464291996148	1152.9973586793726
1190.1552074652864	1193.8953449902685
1071.9176831786754	1078.308702372656
1260.704913684458	1258.5115850431525
1324.8970245492528	1321.3400601311573
1280.2114624466049	1280.1187937513287
1449.003939318005	1448.1378986864859
1110.7721301971178	1108.907437477021
947.008415608725	941.4570909390966
1062.3727930789755	1062.0056462229568
1502.3348442899296	1501.0325332979899
1197.6555094456708	1191.1410716759642
1484.5444324901619	1482.9327204201218
1344.8466543812247	1344.915574163676
1518.197241690883	1518.4783027747255
1567.3198797533987	1565.5632320193383
1360.5070598486636	1359.3102802883404
976.3883578016248	975.8765755328551
1532.5416570265952	1532.486305684009
1148.7267190715065	1147.916151451275
1155.8572750510648	1163.0254173679655
1328.8372746475798	1329.5843272185116
1444.3710085665516	1445.719875867494
1269.8711392918194	1266.0918879904825
1212.177401450579	1210.0190277495358
1170.9965371416765	1167.7831664686562
1285.26374153918	1287.2941101712654
1547.7629902343324	1546.6228597943646
1604.2980544877064	1603.0593503902974
1491.302195981145	1493.0844944989058
1295.5620982103283	1292.2359534669727
1351.3653375266877	1351.748215644167
1443.4825666297693	1442.2710919742829
1168.0109453633195	1168.9904807769135
1265.153701860545	1262.8963833241592
1513.7939666746825	1515.9625839291505
1212.6526259315142	1214.4253356270904
1614.7960279335384	1613.9036195130489
1125.287679388217	1128.4177372781046
1182.6467888711195	1187.4677665734207
896.7554349042475	902.0938117818305
1628.6501953964762	1627.9788247933993
1195.8996861981868	1194.6530013506224
1215.2618661987653	1215.1647243579391
1396.2623643116676	1395.265037579219
1032.9787543223647	1031.5753117625497
1394.9241785482445	1395.1281211362837
1087.9023587809643	1089.6595158133882
1438.103111848497	1440.2276449127648
1090.4533300202165	1092.018834666214
1227.6043120005634	1227.9483350314526
610.3102205382602	607.6788913015872
1050.7810743893206	1050.0902814808474
1131.519870579621	1130.1621098796754
1028.545001765422	1023.2539361756776
1324.9904221365287	1324.9618922158836
1173.4295998851303	1173.6301790622106
1202.5623819012544	1205.498217101778
1383.6734321975964	1380.4861395574148
811.7338149244315	811.6181364894111
1147.9430244005634	1140.6416608342374
1462.6407656009833	1460.5692561938295
1359.7113896011433	1358.3270343065037
1559.6791872831236	1558.0715301120165
1285.5013118440693	1285.8264471149441
1520.6641459302045	1521.0917094302185
1167.0502923423774	1171.274204678538
1249.5218690903275	1249.7308999870302
1407.6317007986945	1410.983924003101
1458.0326087508292	1462.857502312658
1342.9767321969266	1342.111547387196
1166.3928785178286	1166.209115951099
987.1989013444982	986.5818189326512
1288.929914852226	1288.785995600193
1439.013434232853	1439.7158023746063
964.717179760919	970.6952032391664
1231.606537924934	1230.694013830018
1290.1242633382499	1287.0983048065484
787.6793067250401	786.9220291220137
1203.3847763567464	1203.6236570755586
1247.433312262554	1246.0998022985682
1325.6678715476592	1327.9894995672448
