978.1580952452496	977.282874125712
902.6904778616736	901.4254480958782
1672.8453088199894	1674.1114515034376
1469.5226910029305	1468.36517318019
1234.0627120800782	1236.5199725463424
1294.9954036997224	1293.186445232095
1290.932650934934	1289.8606313010216
1309.2879930533818	1302.5623801786621
1452.1091110971174	1451.0656648386305
1143.7398276257445	1143.5391371882392
1336.5843108431436	1336.8036865208298
1267.2439332688227	1268.109451598747
1465.9300098995736	1465.6536033528055
1127.2637867800076	1130.222134933964
1044.2110933785734	1045.425316883631
1150.2851615120599	1152.2229658660112
1365.0448904967925	1366.282192096155
1327.7839375380718	1326.9428202186784
1042.6047377416398	1043.0289684314125
1130.9860511102015	1116.2183718939145
1138.9614816738758	1139.3141692302531
1267.8757135310152	1266.7618889243245
1004.7750901940744	1004.6072881730638
1551.9491928976495	1551.0278059160316
1408.3605520448182	1404.3407072219288
855.6057265445124	853.767206852552
1318.4626556490548	1317.4803564398676
1274.671973407967	1274.404155506659
1660.6609611054882	1660.1996543433206
924.6837092798087	924.3212192767453
1321.455001281458	1323.8010480904366
1340.2784113257076	1337.1080836064766
1752.6816116103146	1752.6779312971435
1107.8048730358132	1115.154662508577
1054.8851097692386	1053.4910432186737
1382.0006868868659	1379.2700834618452
1153.3236186806462	1155.776005346293
1421.623172130785	1421.5906689268875
1004.8308041683049	1007.4120591623391
1390.278494027938	1392.141965727104
1116.5464929734298	1115.659827539595
940.5803673757036	941.3162595343045
1496.2130376189307	1495.4552171999057
1080.687878364668	1081.083536606519
1454.9120431149204	1455.4226638692749
1624.6297879442573	1625.0957465813685
1264.502046681504	1269.7499278934324
1187.9856131600682	1188.0916019649153
1584.286853454687	1586.3958703673052
1533.6675889627368	1531.1364199391714
1058.5029891883314	1061.4082829291792
1349.4170041467587	1350.1148172153603
1057.6311731860624	1057.7335466638183
1228.9683628354687	1226.7126806782865
1507.879078996746	1502.448377794634
1175.66254158417	1180.6982736422865
1075.7493582573952	1074.9046635386378
814.4344029892382	814.9486543041957
1162.6579928883002	1162.8441023987073
1331.2105786076863	1329.783211008933
1373.8736534722848	1376.42171260328
1639.962210146914	1641.994080902005
1635.0721643901488	1634.5232181964764
1018.1881812530046	1013.79611159131
1424.7611241378763	1426.5686765256933
1056.5810260448488	1064.750974215602
1380.9682842018374	1379.8963365706124
970.6383681668376	974.3062649757461
1447.0155063128623	1447.878013695783
1097.7893312350789	1096.8428461615727
1212.715897741	1213.049029037541
1540.4538732592482	1542.8339162294021
898.6408142907021	904.5487159229939
1283.5647782987508	1278.5389695790159
1591.1615947726823	1592.4340029988796
1144.1076115107862	1143.1281068911146
989.8746798302454	987.4575819653235
1228.1344219952298	1223.3878042169274
1363.8641630378843	1363.5380060172859
1342.8445297007856	1343.3112034682902
1683.1705283788033	1681.2568685080842
1231.0610029345844	1229.5265684285475
1117.9365913902584	1114.2199168638458
1243.1986397857545	1244.0903922700063
1477.6311112983385	1478.4738305019732
1265.8343716363015	1266.3578821051165
1309.3094172464334	1306.1495086031605
1429.520562271122	1431.611347682419
1329.4399179217871	1326.3584745784915
1388.8214580578206	1390.0639376876136
1111.1955204098194	1117.8321948853252
1478.5610869875236	1479.9250681573353
1187.1838647669356	1185.4988499744848
1151.6084282749507	1152.9841438761423
1343.1879560630186	1343.5355815075152
1294.3467946163146	1291.4451107415427
1098.3233375949203	1099.9327888098574
1179.9394686257874	1180.970524997759
1254.7785395299725	1255.512311406586
1545.4637106115115	1547.781084220058
1763.5138971772685	1765.4488372716937
1217.9730590988765	1236.8667357155075
1618.459543366218	1617.9283077708178
988.0363558160607	989.6657138918013
1285.3330470621586	1279.2404511097288
1307.3927405666036	1308.7438596370969
975.2982501070073	978.0621592378077
972.6269391252426	969.7107622079312
1137.068187417637	1138.1014875360518
676.3705526930862	674.6892373070154
1427.7266710237018	1427.3500798537405
783.3299005165172	785.4067352661351
1174.742852509662	1178.6299096288737
1576.8614383164968	1577.4711924705462
1257.0922451052757	1254.6430953518404
1335.1503633308748	1334.0855020185754
1455.0498492106271	1453.539348747865
1076.4639803082391	1076.4242048800727
1239.3239637157822	1236.8217005152671
823.0146575269464	829.1005465438536
1279.819579675881	1279.061310385208
974.8586878450005	975.091642966425
1461.1118524360645	1459.9795334738533
1347.2748554230784	1351.6862708827312
983.1857449507806	983.5496049648859
1141.191848231625	1140.326500385282
1096.1735419924953	1101.2433227909132
1494.504871015175	1496.8278572691606
1465.252842397109	1466.4052189884835
1067.762729861075	1071.1271111623312
874.1913950182789	871.899912942054
1494.9390952759713	1495.6351919544434
1048.6816887359018	1046.9573864275123
1368.112040611537	1371.3826004502837
1107.342064729426	1107.2628502920104
1164.5061351105978	1164.4251861429084
1234.2236924666504	1237.1520818956124
1287.0685502994165	1285.207204224013
1165.3830119582126	1164.7611720451657
1078.8364929805975	1076.6789389687979
1261.464869509422	1260.4155368141114
1160.6153776539431	1160.22648020298
1071.847530033876	1078.9606227867037
759.2983461618715	759.06940957624
980.2968084832537	980.1973681072219
1535.402777909243	1534.8813482150179
1390.4436312534963	1391.1887727224669
1094.0985379033664	1102.9609263580323
1556.1370226820873	1555.1443882722092
1577.0289740625012	1577.4385266239808
1616.6867066188133	1614.922760145583
1094.518978930486	1089.4551870513396
1095.0656622736133	1095.8744213216153
1109.13011192868	1110.1035021673233
1279.325906676153	1276.507830251195
1213.9205940127722	1214.996643614099
1475.103853838984	1475.6517086709837
1288.4785295970505	1291.4877580620987
1049.559963101463	1050.0230473503887
1387.6091993029695	1386.4497838408558
1485.3173080515699	1488.8417556548154
1285.8020167192153	1290.750321436338
898.2398266477103	893.886563519082
1666.0677455095574	1665.9478544564724
1387.2877120580233	1388.0276983181807
1291.4299859236635	1291.2609742269278
704.5928936224227	704.1343080593207
1348.0589843510534	1348.1515052233046
1131.2617191178142	1139.3800658296477
979.1223953889275	977.8173191470827
1051.3892104791012	1050.4746933225238
1405.0019560949004	1404.9684288360424
1419.9220498383802	1419.7925248461831
1138.2138452123618	1138.0749805274888
1249.3792654644058	1251.798712597911
1426.3325950024591	1425.8451663590747
1488.2011715108238	1488.8793074683247
1005.4766365898249	1005.3826673536507
1292.1703753810143	1292.5062542270366
1512.0727458251058	1521.8220219392235
1538.2224526715872	1538.6439957154487
1327.6454161229485	1329.7654063034881
1331.8920675156987	1332.6824652424955
1476.1225674502493	1484.523243434482
1504.6566445214557	1503.8680760628686
1209.9227337326156	1208.3017510587076
1273.0071098821936	1271.6495734609837
1533.0797293199867	1532.8008257376107
1623.7008700798033	1623.540915364754
1352.6103275001224	1352.3667227757605
1236.6890924943436	1236.4134109155145
1284.0199064138287	1285.6452331871435
1070.1421148387599	1067.600229194791
1633.2517687120126	1633.558067365005
1164.1683251403156	1173.0272279443598
1136.7128906212165	1138.2784563789123
1236.484812553681	1237.5059828275137
952.8464083145664	954.5114072935728
898.8159634169715	900.309904021271
972.0145221015555	975.8908553478336
1219.798313351639	1219.4607766426773
1321.0433898229676	1319.760005086718
627.3580315160798	637.4208105563506
1491.0668713786872	1493.8386535998402
1402.910561081546	1402.1197872739517
910.1876356891589	908.3628092817386
996.1832098591258	996.5490854348068
1299.3107114124286	1300.2459417748273
1357.465563188569	1352.0274225987878
1087.592522525345	1085.1318646937814
1481.430453194509	1481.114329936638
1318.7719700929301	1320.4156148594288
932.1880167139461	914.2822498457068
1022.3275965425419	1029.2557834049562
1038.4499095390493	1039.7475289979864
1439.013434232853	1439.036254360582
1290.4975136874127	1291.075564197897
1637.3138535160106	1636.6073239613033
1297.600764684088	1295.2621539227207
1472.4539402211958	1470.6594200296
1130.083297396981	1128.1031267408553
956.4737036694714	959.2555828586228
1262.7550126199203	1264.9270299571021
1245.2325399514812	1244.1601106234007
1001.5717789223418	1006.5381197974325
999.0691513033526	998.3916020066418
1159.2937996898545	1158.2642802987004
1367.3503404069343	1359.4155272725181
1536.951391126233	1537.6395246073866
1175.2896636447113	1175.287389883956
1090.445074456802	1085.8788617175333
932.8883314089326	944.0413370528681
1256.0277127930312	1252.009610993236
1328.7752044952358	1336.632822769544
1338.387549685489	1339.3854255473814
1221.3063505162136	1221.7473891226084
1223.125408161868	1225.1940421132722
923.1885186895961	921.5616262071176
1167.2200210842711	1166.2382799901163
1257.8226959701278	1254.330962912796
1481.2284824849921	1482.8264195761833
1269.088301327778	1268.749720355624
1669.2334989242954	1670.2990097964996
1223.0825561051897	1223.145257301694
1372.264804681734	1372.7380427978558
1370.1390770441794	1368.154272358444
1110.9414890752232	1112.3532818913443
870.1886839125073	872.8593391803738
1384.6469418696943	1383.6370027246412
1358.9004129722307	1357.6959459537989
1277.4217769994284	1275.0875427473295
1190.2923136575846	1188.5282074986967
1306.4152549718274	1303.261973681181
952.4887980257918	980.8361509239227
852.304556899122	857.5571552796883
1090.4958378026786	1091.4231504414822
1009.2944600593473	1009.0832204863947
1240.2529470678128	1245.4976036466182
1014.2646292322315	1017.3082876612849
1527.5242180262867	1529.37233451489
1196.3670235102763	1200.336842300772
1369.8062501320674	1373.5257873802916
1045.8782999362738	1040.7322370348656
1391.655021731247	1389.5044234711004
1376.78844457792	1377.0769025752768
1426.094984637457	1425.0493679027022
1753.1176317550126	1752.8170596465204
1305.308992946113	1303.7577911126828
1221.181603474106	1221.4901123866782
1361.4686177873518	1363.2160199574257
933.5961282629578	935.1886652566872
1268.3563571742852	1267.0377739867788
1104.0922783798596	1103.1221500209854
1361.7222815376008	1362.2773978706668
1136.5655051950598	1136.0671806577075
1202.4990036686359	1207.3737674018366
1455.7644998999604	1456.3033442825222
1187.3068178846734	1187.565400187441
874.4911908313225	878.1080698529623
1166.87826225147	1164.405103786751
1323.8789003517013	1323.4507575414918
1319.8237543629075	1316.5909732512428
1300.3620365472452	1298.743448795057
1214.0186301996582	1213.927635687077
1473.7906319556932	1473.8754571079587
809.4735010759323	813.5314685340911
1552.8770964420983	1552.7469419911615
1415.1490136796783	1414.2195042780088
1477.4367739242152	1477.3303497190211
1218.5424027939735	1215.6928235650396
1552.3196810067457	1554.5129096595483
1257.7168317247997	1262.0384385617451
1416.7115389866522	1416.538083100385
1061.067029494443	1059.1375196342794
1535.214251788624	1535.624092819149
1048.083179559646	1043.5167969863676
1163.3190977405757	1163.563037296384
1309.8697693507129	1309.8071409408176
1543.0852351795475	1543.6104636002976
1615.0792373054137	1613.5072364635228
1228.5134468429023	1234.9329593601863
1276.6754222254676	1273.2403227753641
1421.969847988832	1425.482644203819
1178.6339490231185	1177.8531032610044
1474.4505628542101	1473.2270617985814
1170.7819874193228	1170.6802907172596
630.793095598754	631.4187203073129
1042.9811681238352	1042.5643858134247
1276.6485437692609	1276.2946543664823
1378.1547199756315	1379.9992901423745
1250.074734954018	1248.9736722718417
1373.7184901433357	1377.6806242741561
1627.3021273950872	1627.0980137518175
1093.2631177165022	1092.541945438804
1510.25618037596	1511.6286443521171
1364.261066555424	1365.6103691636172
1091.0576946643414	1087.8781626974544
1210.219203724264	1209.852281701199
651.7709624572599	661.7161372722112
1001.3529597021115	994.1032792845017
1272.9476461670129	1276.7241579450492
938.7184054452227	938.6773440721865
1072.5772779839172	1073.2931714995336
1039.1171277183166	1040.2389817415446
1250.5388880954997	1252.8770835431449
1753.3124382389942	1755.7011475844163
1160.6379908142262	1158.1906201990537
1352.900377978367	1353.3542005339339
1361.0481041131134	1362.4174480596998
1185.9555025938607	1186.8447093751474
903.4320079079189	901.7932211803326
1001.5459835352376	1001.0980134351628
963.5133148924797	965.3242744408594
1289.723398970702	1292.6774164582039
1360.0776841971383	1359.0016214682096
1288.5937212519639	1289.7761291905058
1326.5531198511599	1325.6612649067006
1610.7094399505877	1611.1061726107653
1521.5444952611579	1524.2395853665193
1160.251109712175	1150.7091371066685
1214.5207171824586	1216.4683018689407
1351.6795825597073	1351.0285703325399
1456.4604265608068	1458.1901750056154
1624.092648012971	1624.1405118315156
1433.2585910848575	1431.448581691994
1252.3432611781463	1254.2903073040288
816.344279381563	812.1058578095918
1502.949899944564	1504.0406089318706
1164.7957212846377	1165.1863896989996
1203.5045029783505	1201.5779759788218
1518.012520739343	1517.2697814254293
806.0890296822181	812.5037858707476
1075.508738782606	1082.647184276064
1185.7706991800806	1187.7250130528528
1392.3729748186888	1387.9713676469908
999.7585430988111	1002.027531557797
1303.6096629700041	1303.874904970594
1287.5011526763556	1284.5120095628233
1460.719809402246	1461.5076125811163
1495.1117945459555	1491.4394400064004
1244.596437796863	1242.433230939109
1127.3462549737596	1125.3041909462638
1246.1020987106021	1248.455719396045
1207.8759326125728	1209.5450162467525
1517.187350519147	1516.525759052595
1553.3882052049448	1551.8197046247165
1733.827451589692	1733.970059046928
1118.023632229335	1118.957866013875
1645.9956317085016	1643.3745785822773
1490.228983883775	1487.5169268084867
1296.0041545615823	1296.2431224789202
1294.2502713618742	1288.1262542535958
995.8845759991091	997.8369275535176
1317.922492188256	1313.2979260589814
1106.6781365295465	1111.2354607330458
1177.0614469702996	1177.5541216250776
1520.0214776974171	1521.4938319725989
1518.9162580399425	1518.253600085553
1561.0666742125177	1560.3757340069376
1018.7594048237952	1016.6896630454703
1338.448420715722	1342.3008313835069
966.7044891031692	972.7576093046434
1407.1247290954343	1408.5988082193667
1229.211491206137	1227.5814922539223
1444.9455241294927	1444.2379437782395
792.0390872919525	788.8223887568289
1440.4823180895182	1441.99943001926
1463.3590367377328	1461.8127406894444
960.9060430240061	959.0064636710596
1544.544674867182	1541.4799688633232
1195.1379027269722	1205.061078933106
1429.014530338638	1425.6176000810583
1495.8329671605898	1494.2241821034386
1119.3807160719298	1119.43892908743
985.2097641717119	986.3929804290249
1215.3492363162222	1213.8399280098183
1081.9990486386232	1082.5187391858217
958.939387434395	959.1974070919496
1188.5586815117567	1185.8115688065777
1139.991914948827	1145.2346235538091
1129.4503249108093	1124.1205889829478
1063.1110241800488	1064.3276526184968
1312.9267302638036	1306.231574084029
1344.068608598638	1343.2624963065443
600.8000391023379	599.2874936237872
1371.430164036632	1373.435041278777
1220.8352768972109	1222.834761371254
1501.033902441006	1501.5880216596092
1366.512949154334	1367.1915360825542
1099.0295029221452	1099.9690675871507
886.4463303667726	883.0881277790693
1284.2895694421022	1284.1301244959332
1352.2683169998345	1353.5130014771669
1734.2988086401892	1735.2596767814782
1126.0416126162454	1127.207795111936
1219.9775189995416	1222.1301479234648
1332.736403946299	1307.5989790724761
1610.307240856142	1610.8496712615765
820.1786395964737	818.8778784861753
1369.1188475629606	1370.0559192142316
1840.362455851311	1840.8127041240637
1239.6685975750152	1239.7631803354811
892.4491873670486	886.559259330268
1498.4390997035662	1497.5042116530194
959.1761338095821	955.8380926719357
996.5698625651421	993.6861631259708
1407.5117234342906	1404.616473480684
1435.1612212725158	1436.5333123085009
1278.4714009207964	1277.387046184934
980.3948834822513	979.2996447796969
1098.0441687709244	1098.4318594156125
1203.724517567607	1205.9716783258466
1084.9210139077622	1089.6919076074041
1061.334181393613	1061.5626588627902
1060.3841672439012	1059.712057812705
1240.0850199041597	1241.5797770322336
1186.505867148895	1188.1029444205478
1213.4008749199857	1213.3436414209075
1411.0548761172686	1411.138972323868
1478.9386618499702	1475.7314688194713
1343.3883557231165	1344.7865608167203
1225.1074910178722	1225.2581684400623
877.8540451721346	861.5731420912579
1388.1145565733023	1388.67023103122
1497.5824426318577	1497.3941045252864
1041.458632295893	1042.3077449541415
1246.797017052595	1248.3343313684065
1167.772924540419	1168.5199339674077
1327.3935449351848	1327.8217070976054
1313.4255261722428	1314.58435052883
878.7575787648675	875.6497978355058
1221.1889694313868	1218.7582612978363
1318.5629335520207	1318.3978441744794
1273.2869482102979	1272.7816486860327
1123.3675007578277	1122.311984551953
1376.5897371882165	1373.8948519226362
1454.2818203702918	1451.2298300245807
1178.944148534676	1180.3153746042965
1155.0133115015924	1154.1821483695387
1042.5570717825904	1038.0951694040912
1330.4420823491528	1331.0119099403269
1250.6989717517572	1250.343676709697
1220.0686566684744	1222.3456659485919
1378.2086304147088	1377.2203390660468
1341.0640799169196	1341.0580337652593
1118.150878785149	1118.7184370396565
1235.2328220287745	1240.228446391746
893.3120812205889	886.2179725731509
1101.9406448848895	1103.6003716949604
1092.5924719857285	1094.0626070634987
1344.3874544237915	1341.0987460138117
893.1258557636902	893.3731844209138
1441.5815469099034	1440.8842478490203
1378.7308695154788	1378.6945476688954
1256.1154838792863	1257.189679483858
1443.4085393623973	1443.2558821395144
1259.866528711369	1261.382053156776
1276.1565904200543	1277.7527574800574
1356.962425986625	1356.7015383073401
1441.3436314696446	1441.8482951119659
1396.3773228545324	1398.3761301634088
1315.696358252666	1315.4860867394705
1333.696210717375	1334.4824570250755
1026.9732385813259	1029.534413550567
1335.869323389983	1337.9018168698026
878.1618444787746	876.077473635224
1573.5828766125778	1572.9442833053988
1380.4490547174355	1381.0605334114823
1464.1943621578102	1461.0216050324607
1337.6967100530746	1340.5099787261668
1382.6419261647388	1382.4053115838126
1116.9614674439945	1110.231546461854
1517.6989755571412	1517.317030893952
1591.5048082373687	1590.7511261156947
1589.3913010183314	1586.5932925993127
1398.715106135758	1393.6397085968604
1646.3721985153097	1644.8304096139993
1340.749785864522	1341.3821236822007
1582.7784883244021	1583.677260486069
1191.8985343907552	1192.9627863795727
1194.949784171884	1196.489726891256
1282.2809517861751	1283.31465028735
1375.8318567847018	1373.635385157042
1267.364180690376	1268.2165407491937
938.6625168625033	940.3724745942071
1076.418647106766	1045.9813095366774
910.0552984505775	909.2818703594731
1131.9123916741519	1131.7938511926254
1519.3581032827497	1518.834159341109
779.6247313483909	778.542015008463
1477.202706384036	1477.8038942634287
997.5309815691726	994.2192454281457
1608.279031751037	1611.8993907923218
1437.264919577021	1438.7794574898046
1218.2452048347914	1212.3047972253362
1557.742134255357	1557.6109062527473
1161.1737859838177	1161.2054802428834
1203.0882282564417	1208.0999568543898
1370.1152862085146	1371.5384749453024
1455.6656511691108	1452.0305455363612
1012.164914313762	1015.2715529192652
1055.1335355335614	1053.5994642905612
952.0525529890438	952.5181905987744
1275.5193746661535	1274.2751986854446
1430.714123679325	1430.7490758249357
854.8104135325993	853.9952598514144
1023.3733041647938	1024.2504856485486
1451.4154296125052	1450.922058170617
1261.7151967817917	1262.7592527300988
1155.1467559502344	1147.2701864241965
1204.8399769199314	1205.3496403852455
1447.8977667239087	1448.1612529615986
1239.298867417121	1235.398630802682
967.6132077963266	966.8203399224973
1224.3970260759816	1216.7622277853561
1493.7769816132495	1492.9462688645485
1424.386174915795	1422.4082205588256
1430.198067955469	1430.7805756068688
1318.2438635776343	1308.9131550048946
1305.5750102406892	1303.3915162468218
1252.0358786114084	1250.4709477037072
1226.5639402816014	1224.0298212838663
1201.3063853399071	1200.2142503329997
1151.9896158181655	1151.4820406810306
1734.796728273417	1734.222146616329
1022.4191900518199	1024.3154896924436
1440.9761132001295	1447.4109250584102
1166.7496497801912	1166.9415001586715
1321.7848786631948	1328.0205115070403
1502.3348442899296	1497.3151839356447
1507.5330596738204	1506.0815052219084
1234.2196690240526	1234.4357738142835
1641.2754320495296	1630.755499397894
1302.658482555271	1304.435187209126
1175.8174536287552	1171.061221374995
1158.6839032856224	1160.724351524046
1210.2851941449335	1213.3438318598148
1094.640819137363	1096.1657066682963
927.5376394317427	925.5815309502115
320.07632849752554	322.10604925792876
1327.405939479795	1329.0307305531753
1171.4851607033052	1173.3176927454494
1629.292399903381	1626.760603301956
1186.6939864492451	1191.5752605576147
1323.6111821192608	1321.1707791964304
1302.3885379259882	1304.5439913196524
1196.5342623469187	1196.7183489561357
1537.8734952224477	1536.685161932342
1246.5054935635999	1246.7917383828383
908.858364284999	906.6153715829382
1400.5100312438444	1395.1503683733754
1389.646241084789	1389.6612165249933
1350.811269994767	1349.353524846341
1313.391388380027	1311.2572088748223
1150.1062322974321	1147.6007102599121
1306.0570881547173	1306.364868633478
992.0238636852882	992.43167399889
1455.4857379568857	1458.3509536096847
1096.72068008699	1090.3133886089545
1103.7833398615767	1104.2695423651332
1322.619454552565	1320.5378195119638
1510.4191730951134	1512.1240545561889
1331.2566785284143	1331.2390088005438
1153.8180384608859	1157.0985363623777
811.6724026117008	811.6597816412283
1289.0599828051345	1290.0760022339637
1202.6079035034345	1200.4065469366499
1168.0109453633195	1167.9515425267218
1239.8367380388954	1236.2580219003698
1508.74614900272	1506.9208994860526
1621.2728905848053	1621.1662177441522
704.2980361693772	698.109896328469
1145.7076968217443	1147.00694084812
1146.635856410663	1145.345251038339
1284.4190582806186	1281.3499648722113
1332.1190504700353	1330.7553873620677
1621.0200986484997	1619.3693626507013
1382.7443952871836	1384.0560625707276
1193.2516983470123	1193.3051982304678
1235.0331541018677	1232.5355388851922
971.2332667083538	971.6495927750129
1622.8882349114574	1622.3247028236729
1373.5838689587254	1373.2641939024186
1329.892682628415	1329.5840578512925
565.3556809416041	565.8321187601754
1020.6870710698422	1019.5577676074428
1379.3778998380003	1380.9239720303763
1540.9883361246902	1546.7062005920138
1137.6612118032062	1148.002608297881
1494.104744818731	1494.8873673917903
1631.87252807591	1631.2404228749099
1390.8726476283919	1391.5634924709582
1493.4658109682496	1496.6192011671844
787.6793067250401	786.6087975684405
1230.7381259866816	1231.9172021010336
1442.5779291242652	1441.409117926674
1269.9540037801198	1271.1609060992434
1276.697223350493	1275.7667524742133
1291.3282680498087	1289.39770677812
1325.331006984692	1322.34572114541
1553.8684219559364	1553.4381527348874
1258.4782142844342	1257.547970411574
1550.8494238536514	1549.4735894271334
1130.4233475459332	1128.6401956862917
1209.22691906002	1211.4316804243997
1308.6578886176867	1312.6756557779684
1141.9266386752424	1142.4435579992216
1174.5971762703266	1171.757191937026
1401.8187744859606	1399.660771587198
1154.3934916918224	1153.9773553102455
954.4046853908221	956.7162609441574
1013.3447956305172	1007.3728227513342
867.0918195326085	865.1163935994375
1258.8651394396147	1257.0685474454954
1124.2441177213623	1122.2840672623404
1139.5640207827382	1140.985707525326
1173.6532870835217	1174.4394330382695
1402.890296477999	1402.811516370286
973.7779478621669	969.769717126033
1335.8540612118086	1336.6851519086474
1279.1832715022028	1279.5078484089524
1471.929315480491	1470.6769530583144
971.4573652629624	972.9107784109572
1431.8723592995375	1432.5107235858513
1280.276164773124	1279.8992209801768
1132.8009135000175	1130.054475310646
1836.7523071652395	1837.489211851495
1335.8264989786258	1334.511044421326
1014.1976975364378	1009.1709601615659
1320.7215436623374	1323.0468131020637
1145.1497065284057	1147.8696159288304
1285.5392767256417	1288.4117054061417
1337.2896194914938	1335.7035219352665
1332.3756463124591	1332.8392251522266
1365.1137916404696	1365.4168222038645
1574.0639317713503	1572.7086456735274
1349.6244822260924	1352.2690046968492
1448.764134950412	1449.3922945283125
1216.2368318422814	1219.726374463755
1102.9073496707715	1104.569210317205
1242.8731162139156	1243.0137831740099
1368.3976044842857	1364.1795759601625
1402.457301501825	1403.0888171919794
966.8280272931443	977.394478932547
1502.4134534611658	1503.10228465825
1047.0909826346033	1045.4859847145215
1247.8329403501994	1240.5923212309685
1418.3743262926582	1421.2824789778363
1382.880084093078	1382.2405633440567
996.085602127685	994.0848821474646
1275.4005419989408	1273.901067992099
1381.803098814009	1383.1596877941035
1514.8136334313604	1513.6448355288148
1377.1729232471262	1378.3503692705276
1188.4852621134487	1187.1678671618706
1170.8553192884137	1167.0131119249907
1281.0050095604092	1284.184248457288
1572.6648434169765	1571.9547648024438
1151.091256302083	1149.8547055683525
1245.1057340806874	1248.8354682416038
1181.2997843226767	1181.7834925388909
1501.9943936662748	1501.73701032744
1262.2961115130747	1265.1207161785405
1108.0740842921077	1106.4811996133055
1245.8152468910266	1245.7553025738837
1113.8860569382668	1112.7699004416845
1536.8893208803493	1536.3242988917968
1296.0715205244778	1293.6974899176312
1332.6418992921535	1330.997710807452
970.3294475211296	973.8418250237102
999.2048579667753	1001.5592869171135
1093.0307550502475	1094.9513350240488
1115.7683632238477	1112.51633878621
1282.7805769411789	1283.8287073337192
1298.4176351478964	1298.0298526149911
1744.3293067716877	1743.6845482697552
1048.798613427818	1049.5701914603824
1323.5746089398745	1319.357663641461
1191.6820710865723	1193.1993418573265
985.1905110742664	987.2774795320407
1350.9858290927368	1361.4601474501649
1151.5960814931896	1150.084936985785
1419.8972686693887	1418.9947035101652
1365.6999567049497	1367.4715929249733
1466.6088323771255	1466.9948605636796
1300.9772942403797	1299.9998759962327
1104.6861843762745	1104.2746033778317
1141.1310441692767	1138.489416756072
1457.8799203927047	1456.0318519632553
1173.9195239068358	1175.6036601013745
1048.385386443697	1046.2512906856534
1437.8954687268415	1442.1591319270399
1192.582038615481	1188.2167099375217
976.1292814226763	974.1405926635578
1242.1180094848678	1245.0448318844672
1131.13336128011	1125.3119256503517
1227.6043120005634	1226.7960737466735
1193.2905706193415	1194.7648085470187
1210.3364470554807	1206.0808476682837
1376.711862613418	1376.7748000790152
1011.1863594252209	1012.835476211488
1120.2948248266766	1118.1067116244005
1028.4487346539972	1039.2244733474015
1272.6091198374052	1275.4583835022613
1269.4761872784002	1271.4976400808741
1410.2270392332575	1409.9292577095096
1226.9222424663021	1229.1191005177668
1454.0250666973006	1457.675106566734
1382.455209011503	1379.7309352931773
1086.1495810973865	1089.1513989624773
923.8854339243553	918.9876320616207
1267.4643754660792	1268.02161564738
1434.3956832155527	1436.3257526494247
1007.6358389877132	1006.3192069898121
1324.8970245492528	1321.1932540423643
920.3472061917419	936.6704066200203
1038.794356059807	1041.7793408328005
1064.3476137006073	1062.856784034764
1296.3356127313164	1296.534121249041
1099.9831387448066	1098.9155235168855
1391.2528948745166	1391.7633813728585
1335.2484371123428	1335.1485963370603
1597.1839929912821	1595.691670444979
1167.7607615348825	1170.1821240251736
1248.4911333583877	1249.6461358366153
1264.8429757250124	1267.6244013148478
855.5156212273287	851.1510429888538
1298.1068840051012	1296.7624625382518
1374.0113720527443	1372.8382883710585
1120.9571736994549	1120.0723250960025
858.4583401242271	860.2348381631668
1270.9840220646001	1269.9753722742053
1516.749034378503	1521.400324608038
1068.642449910054	1065.2679112699864
1134.7282144979981	1135.8609430769081
1538.3904199365643	1536.4648083333489
1130.7905279277475	1131.4562216420366
1401.9150388010312	1403.8273068842075
1176.0541212917014	1172.916381108962
1262.8975719323498	1265.9097281426932
1543.8062994248467	1543.342254036546
1067.5232026127342	1067.1178704937433
1183.1924564072688	1182.8971784286027
1145.4722577489447	1146.9468653216613
1095.2709258293908	1095.628567740182
1321.5198739724292	1322.3040300774787
1218.1587607748515	1215.513778451217
1054.9996194353735	1054.8884587583025
1015.6564629168133	1017.9621229432347
955.2042946545116	957.7966056137741
1036.7898553183186	1031.0834957524173
1215.6095534350607	1215.932855497571
1359.4502573225473	1355.456143121029
1179.302731905831	1178.8518703806178
1279.249346467288	1285.7892338505278
1194.0702821091982	1197.5544076160456
1004.0135265706631	1019.8335124457046
880.5812796087121	881.6505571462714
1143.067534457252	1140.8663966301772
1424.7837003493041	1424.7114429200312
1197.2150247617392	1240.4012446479703
961.2053263437992	963.5595380781214
1275.6800236090785	1275.0161516249489
1202.0027786422288	1200.8162550308539
850.4823576931376	844.0838909227197
1384.2923687093426	1390.105781383531
1064.524814460252	1061.2212780644286
1100.9449725220911	1103.5259787706943
1295.5014087065647	1291.6747245249835
1369.8934193426394	1369.9284836088964
1377.9794096361438	1377.8691656306278
1243.4131009727134	1243.8263654903055
1512.0620615707885	1511.8922398511027
1449.4775838031492	1450.3593193350953
1098.1386395959125	1096.8463286540095
1755.7906924080162	1753.9843998851154
1378.6420490698074	1376.7783144452785
1329.1503112915088	1330.8654613777796
1538.6402909337485	1535.0211485671546
999.2322629413975	999.7462708863387
1227.2528038606106	1226.2448062286492
1670.5595300947316	1671.739324806303
1394.3816248485527	1395.5034379947288
1427.7975370414497	1427.235616666087
1154.669162183156	1147.7646661017775
1364.5210199569701	1364.1801013880245
1380.4314892673574	1380.5341336904394
606.2566182487062	617.9850039018248
1117.0851319287613	1115.067130289275
1430.634693684493	1432.1379566963599
1149.5422741810034	1149.9779979150803
1492.2400682799635	1496.797971793242
1629.0415056456113	1629.0088103376636
1417.4182210901927	1417.8522319307212
1361.912297998817	1361.0647043469178
1073.9337053851632	1075.7456793442163
1633.0003464502224	1632.5428023859977
1165.8508194376482	1163.9555252939342
1143.9474545366247	1138.9007987766167
1372.4917055146361	1370.6415589941005
1615.9379810596874	1616.6600928585879
1229.4570111839275	1233.58126659082
1337.62569501088	1335.4586570506438
991.7302471427538	995.2219493866969
1130.18748032031	1127.4527160065495
1301.4358333376003	1299.6966374285332
1421.9170135880413	1421.206383174641
992.2603343270603	992.9695400916498
1562.9408771699527	1564.6273662142232
1156.6292088128685	1157.8571018171624
1055.3901928968553	1049.1208448832429
1329.0397138496337	1329.108488192544
915.9747494378826	920.2745104855201
1185.6776475750958	1183.6097906302664
1368.138644961844	1368.1447499942951
1469.2078911931894	1466.4441025983767
1759.9560215444362	1759.782671425178
1015.3753231122973	1012.1415237080203
835.9445894350938	834.1996375585072
1475.4784588454058	1474.2154749684425
1529.1931376498542	1528.068165850879
1103.137518061878	1104.6184481832265
734.9061270856764	732.2100772809613
1161.0498713047418	1154.470525604822
1423.6728598435293	1419.371404816257
1362.737667928508	1363.2108318302885
1294.6460042776307	1293.2046068069055
1476.728103152418	1475.5371331175388
1431.4810809293995	1431.44822194489
1448.3963797278993	1447.4665941293144
1112.8137418078259	1112.7704570345036
1486.5795490940218	1487.493654770965
1292.848976624402	1291.3058134922676
1296.8207768637221	1295.8271536896248
1335.6305651791918	1333.5939277412308
1403.6044451793423	1403.0315585914566
799.3564552441239	799.5366579266317
1375.4162444630347	1373.170613840901
1441.1032038746634	1440.3828516881472
1248.789570036024	1253.3445460590447
1568.6294341188623	1571.0359171401713
1391.7489395977173	1395.5543057050868
837.4153360586497	834.6160131688905
1626.7909661534068	1626.2025163136698
1365.564184782008	1362.0906488294013
1171.5796839851828	1170.7815834995097
1431.4012947187293	1430.8796144083988
1646.4268271893961	1646.5783149669708
1574.6101659031992	1574.2996606965912
1287.618913965067	1286.6822175941115
1058.013901600003	1061.5699040392724
1068.3952932023676	1070.5468171103803
1607.444188474561	1605.382243106906
1219.2241740050958	1223.8599196539246
1247.8213633253472	1248.8164948749456
1124.8761179591238	1123.5192193075545
1019.4460936972464	1021.3021361574914
705.6203609162767	707.2860419596484
1568.9240757634107	1570.321181322481
1136.174146466743	1132.7687880898604
1470.1014012153028	1471.9441392146855
1150.7464291996148	1153.1482652716832
1030.895028584171	1030.0638214993287
1195.8225420544622	1196.63536652467
727.2981586876849	726.1500286427017
1073.051130986947	1072.6515735783942
1294.9996463150019	1294.1972044879037
1248.3976283726515	1246.601217561656
1427.6100539927138	1426.9846359028522
1740.2185086372483	1741.9003629066221
1196.6599760070385	1208.5140713834437
1182.4049759664922	1180.5794080091196
1178.236248945439	1179.125293498595
990.8780910161731	990.7892136800333
1295.222027282056	1292.2414133410066
985.0611367576057	984.2515985673907
1507.799828385294	1507.212154753385
1172.8848359558324	1178.1401251158845
1117.3796101647022	1115.9164544665937
1152.5241535257665	1150.4440989355412
1675.190202754835	1675.4833347576835
1543.9556443153415	1545.6719352418877
1035.3366238990857	1037.6995340477952
1524.679681767564	1522.3805845935808
1098.2770604071848	1097.669503331509
1282.5485883794317	1281.8040284598926
1147.1642302764812	1147.1253627153403
970.6479591161769	967.3316940209972
775.1624984063092	763.1141906416342
1462.6407656009833	1461.5451761392303
1437.2585368851724	1437.0799812323414
1362.0293694129214	1364.8241389808154
979.7865354492387	974.5084484471325
1434.5187896685384	1435.3250682667392
1098.7003444770526	1100.2874760699585
1436.805294887803	1441.8260626253473
1242.4945282296685	1237.5555553439333
1084.678643666848	1083.8872664152366
1519.8959559356153	1519.7581413535775
1189.9768092584272	1189.2997734161263
1068.2543010252411	1072.706009952188
1291.0628626563994	1288.3657568545523
1628.1471716825326	1630.726646386678
954.7957659270323	961.4611171467982
1554.1296415220131	1552.6164692956695
1538.6710669201857	1537.516385483084
1048.2089752830798	1047.4549386432295
1326.233430320921	1325.611847586136
1113.737431706948	1116.9549601270237
1057.7877873007674	1058.3004475563798
990.4752430330846	989.1739268993607
908.6226697648963	907.7105986785929
1318.0275525036268	1314.6418952478161
1246.9372941468027	1249.4326397454017
1249.402970559575	1248.9856381255781
1257.2036074971838	1254.8923102629944
1569.4242437107314	1568.5007162399545
1032.060539125203	1029.9690491246547
1267.8795417615038	1268.8592984830448
1321.2779957383755	1322.0846030584664
1082.7755711515492	1084.2475137831777
1568.9809139608697	1571.3103965892901
1367.0834036955494	1367.0697074816032
1148.6996387591062	1149.189074266626
1423.5300506305066	1421.1138783756057
1103.2093716324598	1102.3190412687145
1171.8501290750282	1170.9419757864941
1308.9709722952975	1308.2173402699013
1488.4179234949115	1488.8555655597747
1486.5637595978042	1484.2064640863114
1322.0630812355375	1322.9358744120527
1353.984189438488	1350.3800174844432
1087.7299925821717	1083.1891236572524
1454.8861976455082	1456.2756222245234
1157.3758437922806	1159.1888530830636
1338.6053416068607	1337.9277132448094
1409.5299806102412	1407.5198639896284
1194.2853691436176	1193.8534535030808
1032.7120199435158	1031.4287077552078
1294.9931052736356	1294.746355252126
1423.7813776303083	1423.6183254751827
1381.2893341635936	1383.8328149701167
1374.6249527197797	1375.684464420482
1156.8806590582826	1158.5878666886272
1232.6258348867123	1232.3727062926805
1256.4186611342302	1254.9504295115537
1291.325522967527	1294.0591995569555
1602.110121865233	1601.875622481729
1384.40707407039	1381.7024346877754
1146.3268271840643	1145.4050602923687
1218.6083922247053	1218.5895815764445
1108.0505394939682	1110.7899196653468
1324.9992028563865	1327.0186264558613
1049.5342649482773	1047.2310114326433
917.2867003180436	916.0264421415707
1019.2732708269032	1030.1473221919225
945.7154875937267	947.1104980181516
1630.825579398661	1625.5878000310465
1186.5396518144698	1183.9032197905253
1143.3046906400705	1140.55036975665
1077.413668263558	1074.5207764406862
1271.3576003999624	1274.611695788807
1272.6191398845112	1270.8553837909137
1668.5980043650488	1669.3387386261822
1263.4266210704227	1259.8239604482137
1452.758082990651	1453.9221621479926
975.6697485631448	971.7347957100689
1084.6120506336156	1080.5334886293056
1191.9636458212917	1192.5469534694955
1438.103111848497	1440.549510835642
1415.8482340970659	1413.9243555037683
1120.4114785583806	1119.2179265583825
1051.8181862821511	1050.5209056578694
1329.1277503715537	1327.344612761752
1500.2928822379326	1498.7705147230802
1196.7908502029604	1196.2139192519728
1178.7344760392152	1177.8771911898775
1098.1799812852987	1096.712074090648
1252.363281396014	1251.0583726205168
683.7291469574411	682.6719812798696
1197.5240244946326	1194.4751888101332
1344.3615045785555	1344.5678324352643
1232.759988692589	1231.4992434705139
1225.004049570969	1231.5765852435998
1130.2578395333258	1128.0404183265655
1373.173080839828	1373.3902323654827
1397.743877851608	1397.732607683047
1153.1096799656516	1150.221575363003
1414.144514000218	1414.1000260144995
1258.0476159417303	1259.6544190282334
1549.8765903880412	1546.737601934966
1565.051943399798	1567.6444464293024
1011.3511818264378	1010.8848799937592
1282.7788025034824	1284.1439379820085
1242.8951333481236	1246.3638586671752
778.2338399862638	777.9467139992788
1106.851440497092	1106.7329874244556
1493.1831638222502	1494.919208412281
1407.6317007986945	1410.589958179022
1385.6445302320644	1385.5847387489953
1436.524279970501	1438.9929918092332
1399.9520629462204	1402.1777801802052
1205.148505684425	1204.1765526683753
1001.2140023469401	1001.3376181356866
1045.6483081859478	1044.2007194893033
1257.0756991724193	1256.8874898858278
1518.1198286631843	1520.3036527107001
945.0448527981061	945.9366926548048
1457.433716820873	1456.9856504393501
973.1288229972706	978.1964084646831
1517.9812418888614	1516.007696325238
1443.4793918853102	1445.908734464674
1126.5903886928863	1123.8616421455008
1093.5518358953996	1090.4864457924525
1273.8588170512812	1278.7516757608269
1208.7807667340676	1205.6897656600113
1212.6202271401417	1208.6391425140614
1222.1480073155253	1221.734589802481
1764.2168737405736	1766.8492031895182
955.5023872316233	954.0133319959077
1171.6770480758278	1172.6816096418183
1314.2810661985131	1315.0231831837514
1323.8240692492109	1323.0002440967683
841.6264263355406	840.1748317429913
1339.9613221096224	1338.1457893584818
1078.2415686913882	1080.9179598325968
1208.9271730874898	1210.6791734137737
1428.3181135967316	1430.2738836046167
1219.5236242073588	1218.3064467573595
1259.5599629326316	1245.726887303331
1345.0011826262344	1342.0375502681159
1619.3053202840674	1616.433452663376
1626.7945286644972	1624.382170320564
1721.5700172934448	1719.9032428695145
1146.445388742286	1144.8229117757503
1618.114655160898	1618.0305999132995
1458.4012992417847	1460.0552750456184
1424.90815275762	1427.9736882739764
1415.708378498559	1415.5984599161618
1054.9231770877086	1053.3032301309852
1209.696086422773	1208.0594931698827
837.157590003917	840.4813664627645
864.2033079334069	863.5022049375823
960.4843609639502	958.7296319411515
1203.1973050986126	1204.442455600917
1748.164695147716	1748.0848148405116
876.8338803022925	875.5031874943467
1049.263994323701	1045.7295283696635
1241.1073115173785	1243.0415008313107
1108.6990982901189	1107.4578737540876
1487.4866223108547	1491.2498876842935
1729.5117139637296	1730.862408425195
1748.5805590809614	1747.8323720801127
961.2163030276424	960.7301786885681
1615.3762005864992	1613.7066689497549
1555.4502834445739	1555.0253581561326
1018.4623117011215	1020.2300432494869
1378.1640218637767	1378.6068472232266
1094.5290020514803	1090.6391292097383
1267.451812188956	1267.6839336463213
1268.4998184483557	1266.7761660157764
1143.1720644145971	1136.3591062785922
1745.5605667103082	1746.1979957233095
1596.8396207465557	1596.0792845419137
1305.2017277939885	1305.3020847852417
1195.3848833831144	1202.0444922201755
1602.9739302057715	1602.4620857342127
1001.659212702536	1002.7466956421936
1385.6918599752826	1392.4923500118405
983.8505501296604	984.4541583957234
1391.2039001939702	1389.2872182657009
775.3887267011305	776.0627129366802
1733.702145323652	1735.3498567839001
1141.8536535609455	1143.3525345246285
1361.8399642334844	1354.5395347883193
944.0743857256602	946.4204787244724
1508.3023359047656	1508.9884937998804
1425.4647140622837	1424.8252192085508
1102.7928784824035	1105.4858200123663
888.4661713500973	878.7673619877277
1392.213591581094	1394.0908216171533
578.4313893647632	581.7975514264767
1554.7799960574775	1554.4746080669681
1247.99612296524	1244.113694615312
837.2315152556985	832.5263622839353
1031.7410539548437	1034.6946982559402
1144.0823072650237	1144.9222811183465
1246.3717306874169	1245.931996145656
1491.3253945160832	1490.7388783951121
994.8213513071532	993.6659392697699
883.5498198290006	896.5032956561877
1123.716383148363	1124.3784547315822
1176.7867939392454	1180.3818806178006
1427.553433411318	1426.8318171648818
1070.4945540293702	1072.2054134856282
1241.0541401459777	1246.700329290451
1248.458242730616	1248.8501226479339
1145.0089768525504	1147.7570787752074
1292.8890267651586	1293.3309673003703
1351.3980530256813	1351.84954184309
1106.2661545641022	1103.3042598648985
982.4117316728225	983.8461090403817
1513.0465200446488	1515.010501895292
1621.736209652765	1624.1290568278114
1221.051110751665	1219.6210700492627
1191.5197256098618	1191.2951610181728
1478.8498188788944	1476.0170847751674
1376.1380502096144	1376.7093139400731
1119.2439058729215	1123.9145527190426
1423.7604396770475	1420.0354075313485
1233.0416220381449	1232.8668153375386
1537.101558615308	1536.7335303633085
1265.317349091405	1270.778651944895
1099.7548597590066	1098.58047504906
1210.8919579676585	1210.2104707943797
1255.1910963975824	1255.5533249627338
1508.0473897964694	1508.2133076692432
1274.9734396835556	1271.5553951058353
1219.2822381465812	1218.7787935819151
1552.8328329972574	1552.2498403755008
1323.6198484273918	1322.878051829752
1463.5193826361792	1465.7401974184077
854.5590800947102	854.0436005698316
1105.6079996949702	1108.7831305863454
1361.5618876593653	1362.664565380261
1455.9554817716707	1457.551110451756
1083.3252518326917	1079.272154586185
1288.276587783068	1288.1189418505837
1167.588311745174	1166.3679436302778
1404.718849032768	1402.9964495203492
1418.2169087269576	1420.1771928468281
1531.2045061100798	1535.9196045867238
1378.4068849351315	1379.7247307977602
1067.2754713774193	1064.7996916504085
1046.8691651655536	1046.8510817470274
997.833433247928	991.7356478290708
1214.5021557791624	1212.5816843200873
905.0846534374723	906.2814651773897
1516.199556025298	1516.4577286855533
1312.957897399203	1311.5851596277544
1106.9414147473872	1115.376023430905
1479.026510980184	1478.7526181367996
1188.0875929470349	1183.5847994698627
1097.3482814320305	1097.7263892932458
1089.2944494256808	1086.8848798861482
896.5254780030227	894.905865824449
832.1127981538593	825.4880378831156
1362.4473497809668	1362.2417338872312
1117.4265527989483	1119.220630550197
1116.0362905554066	1116.8962850469977
1442.181089905731	1447.8893471809295
1166.289579337492	1162.3397188189203
1014.3932805083459	1010.2830310293333
1193.6941207773343	1193.8478820965288
1135.7908845110796	1141.4947228156318
1427.1406722609536	1428.8128210609525
1395.7044634344638	1394.503627344392
1435.6413913855213	1435.5466044100142
1243.518636300665	1243.958455479927
1290.212856036349	1287.130907059862
1253.4424215851177	1253.7273703501232
1208.108606275433	1211.7814449420289
1332.9911826524185	1332.2470448995994
1404.0589442054625	1404.254393221514
1051.8835286861868	1051.2868793331031
1552.6249674450082	1551.8010114405956
1536.4098968729377	1540.5168407282374
1501.7263022791012	1504.3400060291285
1346.2395222978375	1356.3528394810392
1175.6709357014333	1180.3101284311426
1081.5234669756028	1081.7015544207377
1529.0948942442774	1530.275255146974
1571.6538430661312	1569.5022318871302
985.0088078953559	987.45553007336
1333.503588216874	1332.3827027290308
1324.5028810335207	1322.661481897197
1283.4648664513952	1282.7585664489172
1308.3166301094752	1306.5350376153249
1365.8220346716407	1367.9635618813122
1014.2230280912481	1014.581429842269
1243.0499189361872	1241.7018955153756
1282.0276855545526	1280.621668003245
1138.4334526119346	1138.446463398766
1190.5883829395461	1191.0483294564924
1255.7441542837187	1254.8859947256024
1175.0168146016076	1174.5607245375666
1282.6531392766337	1280.473498038234
1307.909677607735	1310.0008517421932
1194.6642821789428	1193.7457312901877
1443.1999851529836	1442.3663057461692
1552.460311464034	1554.7872700933244
1319.336869634164	1319.1697488771267
1121.5116431654315	1120.7849911845642
1237.6918616017792	1233.7081938986807
1178.9071074077801	1179.1637771629935
1260.945200518443	1258.866589145274
1242.4865900143632	1246.0770600851206
1249.2488934993453	1249.757430718273
1496.4320959288161	1497.3157400465368
1013.3048126710928	1010.0270016452567
1077.4300810687419	1080.0373676308386
1515.960731540661	1517.023938565908
949.5869498386746	949.8814324745832
1241.9099772199988	1243.5850379592423
1245.0240913119633	1241.0702014459814
1284.2353008917125	1281.8945031475516
813.1626124600007	810.3436203935182
1339.112562669441	1338.6495008577874
1359.7113896011433	1356.9931889922352
1617.7008054843463	1615.11759414092
1359.1788608969946	1359.39101678415
929.0593201183656	932.8953879730342
1375.6549871998432	1375.0859889027759
1250.020599391166	1252.919952114721
1448.496082527854	1449.900102617942
1420.738393424137	1420.2682643083933
1152.276331246976	1152.4242518388035
1482.1477005880442	1483.5739259792133
1489.3326678069716	1485.4625392094936
1352.2200099796464	1349.6610630299194
949.5022242803243	981.0418542475866
1238.3282215260551	1237.689862408551
1531.9592645984085	1532.1974419206815
1620.0613564940868	1618.8738391733198
1317.9681736747443	1316.7880459669884
1465.1578334525693	1465.428097427564
1203.2979028221162	1204.9057507776126
1133.1269138453645	1130.212613872905
1228.9912412100239	1228.5350056224008
1334.757671281026	1337.7899785067752
1633.2377230230195	1632.659886322919
1492.107662407885	1492.5502263922945
1453.003989351273	1454.2895823315055
1509.5077140767535	1508.9132634166037
1438.6969186609494	1441.8917940288807
1031.8889168048627	1020.6813494733848
1025.2251114585088	1029.163332162982
1093.4380833304604	1091.5948780562564
1269.915798022208	1269.7591363759514
1098.5896201449505	1101.6712921336195
1048.9039946841076	1047.957828194453
1306.6845280686684	1305.7599064247306
1387.6965635901433	1385.6658739688778
1434.0543232135242	1432.7365707584447
1446.6212655557028	1445.95959973311
1221.794730209047	1220.4224860883894
1385.1448492913332	1384.3841481712511
1386.6279618857952	1386.4655037442637
1074.7845021525573	1075.964461647883
1338.2665089913644	1341.2760886590054
1391.6932794787863	1392.3361966653822
1120.6299303282576	1127.5035423051363
901.3737314869068	896.1041750052914
1344.7502415916824	1345.056115761987
1302.8122875906702	1307.1507743917778
1378.5871501707297	1376.2271734418143
1452.3295630538196	1450.8982953609834
1206.8077186640585	1209.0029424944807
1224.5114250687766	1225.346026907058
1240.782299689803	1241.1881992954607
1638.3378656618297	1637.8433194606573
1089.0467451578297	1084.3656244913882
1619.0550038001093	1617.4912542972745
1526.6350335245952	1527.0062538284114
1475.6127933725948	1475.9917090505521
1460.4622802234953	1461.987866661747
1103.5054653458646	1103.651483395239
1255.2036079693644	1251.3996757621462
1293.79767751068	1296.0833439575842
1225.2474683854089	1223.654454803878
1425.4547104412632	1421.9330849734185
1340.4599152911396	1338.9851320614084
1388.5770860175253	1389.6726186491383
1479.0230716893566	1479.1559404038821
1048.4281740032893	1047.8070635504673
812.8326999994752	809.5132442185511
1623.2773187024286	1625.5017571937856
1142.339376820426	1143.387795323209
1260.370731701405	1265.3007632748959
1613.068917243887	1612.722716597496
1133.1388847299386	1132.1786656315505
1300.8357302057266	1304.0753289887307
1544.5088260337652	1542.0443274173483
1025.5274303618935	1025.4261920563263
1441.0606326602865	1443.5159228907628
1757.0052016462141	1756.9183659124337
1536.1314061934245	1534.394651137812
1172.5244050420588	1168.1586417392546
1057.837859860767	1053.1089686607925
1348.7883935562859	1349.524005481389
1004.4984258773911	1005.0138698997904
1519.6434327607858	1519.4735187509957
1332.1628953925974	1330.0906269828083
1383.9850355566887	1383.6939188788015
1368.6134066729282	1367.3331252080498
1459.0573194018216	1456.6911179316771
1228.6330150809372	1233.260495008958
1476.916318928328	1477.1325937540814
950.8205114117882	949.7090086236718
965.857024622208	963.7402674143693
1352.5128297873307	1353.1621898203732
1358.1402615374245	1355.8496598588586
1630.6165459439799	1630.5120776281376
1530.6738315974071	1529.9418985489658
1118.6962911371375	1119.4106646960083
1260.0267337312107	1260.4959440657055
1341.9473000372527	1345.4360608876407
896.7554349042475	897.5361446369666
1271.9023754430818	1270.6110480466434
985.7566364737868	983.9394396249688
1243.6618614086765	1240.8565887226796
1269.8711392918194	1268.5493236594118
1401.2605038012553	1398.1276467983205
1462.2774652545631	1461.9988655910113
1230.5025450206595	1231.9130242384408
1102.0236316867522	1106.7024776804212
1454.3468460768054	1454.8833659008365
1622.0558501159248	1620.2785360142313
1287.2955836220644	1288.7138661982915
1381.5567547817482	1380.7226560371862
999.4854602991836	1000.952500171624
1443.6242292989045	1446.9687694737222
1279.7326374964323	1287.0017336328945
1096.6555611480144	1096.0644204273237
856.1750516142638	849.4968519370469
1038.7568728320184	1040.515366246661
1096.7109330203675	1097.0554930864123
1374.2655684701167	1372.8103634393246
1248.188728930836	1249.3293537262905
1096.809829297912	1101.3162296815594
1300.2147695957392	1299.1006317301099
1124.244004899927	1125.6533431686228
1251.7653098237352	1250.6435132984595
1156.171802734927	1156.0236874915688
1101.9552292922453	1103.7389639595956
1318.6143788722402	1319.9197090653238
1249.0393469416886	1247.8758451785723
1629.7960059045872	1637.069464328503
1425.5273317153915	1423.3775041493832
1449.14926054448	1449.028271125384
1368.3254327368923	1373.6562552501778
1260.6146835533727	1250.3501687122448
1049.8040792252577	1050.8491297752194
1255.7402366281021	1255.675776081412
1209.5031922322523	1213.582426392683
1440.8992987888632	1442.2092851420477
1266.0705628430587	1266.8948792500912
1259.9585685750644	1258.8294613573537
1208.714651501563	1208.046752507136
1437.7539062198484	1439.923312501282
1582.8463890869753	1581.49606524605
1138.3921728277055	1135.755284369138
1369.0654459529324	1368.4429207240976
1363.5393880383053	1362.0585307266467
1476.8287213079457	1476.02277231147
1226.9335920462618	1226.6716667084845
1360.5070598486636	1359.2489660505262
1387.6453062046203	1388.801147719965
745.915529879363	744.5402026674623
820.8110167035484	816.7502168658746
1391.2912711058452	1390.3797712189664
1441.2117465301126	1442.6165604187076
1236.7989883249975	1234.8049557585782
1286.8053125478036	1291.179354326714
725.9054278059048	724.2511436156985
1427.0110125618812	1427.8028133479536
1381.3254602185334	1380.349663780841
1499.6962754543056	1498.23099051153
984.4010812643974	986.2784514823617
1313.3473783346417	1314.1395659608465
438.74467065576755	438.6268892170735
1122.349990375602	1119.2023835680734
1229.966033554374	1232.0880411646194
1232.2140012820018	1231.5894399424428
797.5702619339572	802.3994453687426
1309.3937892673712	1309.5744912722419
1303.3332717099402	1304.2481022025565
1226.5546926548705	1226.6638797018365
1264.9068701304204	1267.1060906336106
1232.547578182508	1235.3229368533173
1342.5062862268533	1342.9388096699217
997.9530396787741	994.1750709067728
1363.464381446247	1365.857529795596
1185.9257968729362	1189.2973627624797
1232.2050093337602	1233.3109473233
964.462251748424	963.1846414064103
1154.0756238161703	1156.6420023886633
1481.9232554104237	1485.1233529674416
1648.717627507809	1647.8707320944222
1428.3631224812416	1424.7996107715164
1314.4175334918837	1311.6410558057748
1380.2519026736263	1381.1728242158517
1238.867761499685	1241.085555036889
1649.2616303229588	1648.2776853796197
1275.3200064921984	1274.8440216779616
1097.5127329751267	1099.1351277156316
1279.8309143739752	1279.3890986255874
1271.6141238156997	1272.1913019273156
1394.1183890791435	1395.3072122888477
1315.4203987055807	1317.6118193941384
1369.6436319981876	1370.4025899659644
1624.7595474107657	1625.198921888214
1392.4499565716833	1390.1050713786972
1329.231987833191	1330.2801315055008
