1358.9004129722307	1358.2351390735464
1128.7446700740838	1130.235529059615
1620.2677501743892	1620.2289309510854
1385.5542867396725	1383.8493579250835
1467.6972615806735	1466.4321099457168
1344.3874544237915	1335.7883112701575
1168.8568800648209	1167.0929072935064
1377.1919076877239	1376.746994616614
1227.8258211488428	1226.6532688334755
1372.1580809263105	1374.4835360920508
1479.9897085487028	1480.2902921059947
964.462251748424	963.2009275350536
1431.4810809293995	1431.248274148083
946.1801664217783	947.0580806741937
1211.3835684953665	1216.373032004495
1277.9964810766396	1282.1156942963717
1259.866528711369	1260.874763323134
1049.939173810737	1049.4142863679865
1551.3788179022667	1551.6495948258848
1203.824466596241	1203.177267973047
1281.2364016526844	1283.8915048502627
1411.0548761172686	1410.9675394218457
1672.8453088199894	1673.2724372260873
1324.4721519955492	1325.251405319388
1734.2988086401892	1734.7069105817548
1515.765301282605	1518.7514957815208
1510.5728149851202	1510.356527815088
1147.356565741764	1149.7026749791446
1623.725106558908	1624.529400029962
1545.047315628064	1539.9481359260426
1375.4182058594597	1372.3342787366867
1018.7594048237952	1017.7112715933342
1361.3747408986383	1366.816708436321
1537.8734952224477	1536.183146764212
1282.516053405474	1278.1747448939618
1613.7699739132659	1611.682577717065
1091.294401987252	1090.0245435090008
1554.3819469785376	1553.9397402715983
1189.9265455518034	1190.9148167851406
1362.5012901139853	1363.0221567622689
1733.702145323652	1734.6076443282625
1317.5639047388686	1319.7643604362154
1336.8341890698648	1335.9624524169046
1607.4085484359239	1607.3163804855017
1516.04939988337	1511.5025714278054
1246.7082807833212	1248.431421767871
1666.1762111083954	1664.7050963421505
1404.181180842861	1401.3098749715618
1457.133886058582	1455.821679160947
1362.8827827870555	1361.3346335622473
1074.062050778215	1075.2118595875395
813.1626124600007	812.0660160196934
1625.0444326619618	1626.224182366554
1325.331006984692	1323.1439309025056
1314.1213374025538	1315.3954195922947
1104.0922783798596	1103.9174185849486
1103.4380994450767	1104.0658864669947
1628.801000745938	1631.6494257115608
1340.5109237926663	1341.0287787264238
1064.3027781708224	1071.8077401383669
1258.5405295704259	1264.1030912792403
1138.8101969855488	1144.0608128069925
1325.6678715476592	1327.2958824956381
1369.206454869709	1365.4285597884248
1172.0185495270707	1171.4149875670864
1641.1610078508384	1640.1566043763291
1439.8902984764427	1439.5530621388136
1007.9477364733757	1010.7145455503501
989.5992208200623	985.4660835140978
852.8592619067931	853.3876411723173
1152.5624184242915	1173.3029926327988
1428.134972022468	1429.7318845799477
1425.6060942529293	1428.602539438412
1176.1592227747606	1177.258321561941
1043.9761680091033	1043.1742309965318
1014.5900075479876	1012.8067393603834
1240.960145322082	1257.3952679766792
1109.7938964297937	1111.570079187123
1077.9361305752245	1081.2958902455234
1284.6940241724078	1285.8513410067937
1089.2137419329083	1092.4203399272228
1187.630352655804	1188.125896147258
1379.7534189721337	1378.7502802462477
1098.5225361595221	1099.0592468531388
1130.2695815969491	1126.1577831758887
1620.7070936682867	1621.0419069720135
1503.6939337670046	1500.9828134581535
1733.827451589692	1733.234677618003
873.5458995756344	875.5835447699143
1312.957897399203	1311.2256453225148
1508.3023359047656	1508.7643939272361
1324.9992028563865	1328.1942946081822
892.1523459677701	892.5946251945711
1047.0909826346033	1042.340480324058
1223.1112156956515	1224.2031491583277
1507.315067328862	1506.903976177067
696.4964900951891	694.8525690532081
985.7566364737868	984.6021697837317
1620.8535183516215	1623.7138586236542
1457.3975813563738	1456.5911958236923
1227.8808287832653	1232.9591611176243
914.8279855813016	915.1379806804316
1188.4852621134487	1187.095808643804
1350.8948245798529	1349.6984946810676
1547.1727524044982	1545.3413488629956
961.2163030276424	959.8300815864969
1442.3117255510297	1438.9783725303428
1116.375095136813	1120.066520459106
1485.2376830411959	1484.3165255637473
1099.2838414538128	1089.5021234557491
1362.619803466223	1358.2161720375118
777.5018869891064	777.8327061011499
1308.9709722952975	1309.7659209854444
1461.7621080087556	1464.3477122172656
1482.1477005880442	1483.471722119012
1748.8124411542376	1751.6924792312993
1416.9517088078137	1416.7305023771926
1639.962210146914	1642.1648917603384
1633.0003464502224	1632.3387410188384
1160.6607223454048	1161.8080882135353
1505.4276015343785	1506.7667142000466
1298.0775959650928	1295.5489721919341
908.858364284999	908.407773400681
1168.5792397894547	1171.7848003065615
1059.2863124307187	1059.5603268468121
1501.2293227816117	1499.1650072534226
1314.4826476312592	1319.1503432786742
1435.5873313337797	1435.8660104001722
1294.6460042776307	1293.6698953443663
1319.0387561846	1315.8834194330423
1313.1545026802341	1320.5256450818877
1097.0316103242221	1096.0057014997635
748.0333462431881	746.7165405999837
1265.665895849932	1267.0414397095344
1253.4424215851177	1253.7586741099751
1183.9384165383526	1180.3014932323258
1442.026613162714	1445.899800546081
961.2053263437992	965.4392893830097
1430.105612279469	1431.9533956936855
1519.1487657779944	1519.2771088410373
1591.1615947726823	1591.5097507935943
1618.589555349492	1617.487013166769
1277.825042587443	1278.2004347217166
1077.4488736110216	1079.8966343366571
1623.3299974488327	1623.8427562446232
1158.481392226735	1159.0722927467011
994.0418868144043	1000.6786590232065
1489.213251002162	1491.2397231253865
1315.53073259737	1317.7290047530487
1221.8005627585517	1222.527849103062
1254.0367118846916	1254.539941664543
1475.968496362475	1476.4859047477337
852.304556899122	858.4450075198531
1097.1966634363635	1097.7063294561847
1460.2788436384872	1458.836478688887
989.7275583210285	989.1771097700132
1210.219203724264	1208.6025943470602
1063.7149132722989	1065.2515904672512
978.6720147451852	979.1526807829548
1627.2302111937897	1629.5592933082628
1339.890596989484	1339.5851608338448
1247.8213633253472	1247.8347452073938
1145.2032807299984	1143.2156019226898
1636.1955443426268	1635.4725376718357
1043.6375110120862	1043.8360556529194
1126.3730815747695	1127.8842201396276
1302.3885379259882	1304.9366203476536
1340.5164311087574	1339.508676422784
1252.0358786114084	1251.8972245065409
1535.214251788624	1535.3763736957799
1382.880084093078	1382.336249741059
1273.6535839470162	1274.3013656837043
1641.2754320495296	1629.5247829613527
1001.2140023469401	1004.4997777412419
1118.150878785149	1120.5125756377058
1609.8058482781926	1610.5420301679214
1502.6381823582924	1502.9328355077116
1045.416029462358	1047.5956988720516
1291.0628626563994	1288.675852596516
1617.5999622847012	1617.1480380072985
1167.2062705834396	1162.9431797347688
1434.0549233339261	1434.731571869985
1519.888230597513	1519.5743597250728
1274.3931834123505	1275.3399015850941
1268.085558479681	1270.1616847431062
891.1242974320485	897.8928985426526
1493.8676285671245	1494.191253554579
1645.8145180432766	1647.1191703560364
1191.866740524274	1196.3318070291307
1096.019254861836	1097.3087234217348
1187.9986514041666	1183.0071623900642
1150.7464291996148	1152.569794726672
1054.6425726814778	1047.1160500951046
1222.1480073155253	1220.7899505531652
1525.6824484728859	1526.8444676584772
1336.9928715486894	1340.520521862112
925.8846319716249	920.8079579380272
1004.8880524975539	1005.2218352903608
1136.1029654555314	1137.7093039466533
1127.2637867800076	1131.8372866450982
1474.0383135123702	1476.7492351461985
1260.0095526448567	1260.4627343671552
1228.6330150809372	1235.0932249263406
1144.887921098125	1151.1932919491392
1370.2686745963874	1372.890974996328
1571.6538430661312	1568.798992729467
1433.631870094483	1434.0130094146862
1173.8545293161296	1171.2135164401616
1392.0808769196155	1404.7594103978706
1194.3996618105448	1196.803070214199
1018.7585653454298	1017.5925010877472
1120.783605048724	1121.7542715442553
1482.2037010880886	1482.9123427238574
889.3955384904402	886.3742412290671
919.5990224051056	933.6276240976398
1227.4835396650888	1224.1797885637259
1257.0756991724193	1256.8027561476863
1427.0016248052416	1429.0762165907333
1042.5570717825904	1039.929107617413
704.2980361693772	697.1119554165809
1328.4126479277038	1327.451054584201
1072.5772779839172	1072.0241924347056
1512.465343652846	1514.979899134378
1409.1303533542086	1407.7894042367311
1467.561265213997	1467.0278994204507
1481.9232554104237	1485.5721248738446
1330.4420823491528	1332.0041470474914
1077.248082530481	1078.1620608576
1198.9357078328321	1199.073547423768
1424.7331891679496	1426.3226115382818
1752.6816116103146	1752.7248159601297
1311.3688707847032	1309.8661887676164
1509.5375675909454	1507.7767197202231
983.1857449507806	981.9679324840483
1269.2963099818735	1267.072176233087
1311.8738495315192	1312.810882153892
1526.6350335245952	1527.0111557592893
953.7538926374982	953.348823145289
1263.8402954897902	1262.3510898575487
985.0443425940175	989.4594323810553
1176.9428195598884	1175.8745055025752
1514.1980673501967	1517.1676994209581
1094.640819137363	1097.6883686157694
878.1209135689278	877.9488425708971
1153.4916738084576	1154.9594405055366
1034.5485934810713	1038.5793898146144
1124.2441177213623	1123.0031608251402
699.7708491417288	700.1134107088964
1230.8670924479957	1230.8964585220058
1732.5441317782097	1732.6343229877434
1527.9454004995932	1525.4991951025963
1049.4882163247094	1051.3084758768175
1234.4576261827606	1235.459616869374
1018.977801815141	1015.6917936517474
1647.79660045958	1645.6092565298209
1153.4229053518502	1153.5256578303201
1211.8864964133245	1217.0607022052036
1566.1838732810575	1569.2354998994515
1146.1276429803693	1147.8554084223304
1330.3629856826446	1328.765208073822
1191.6437287202862	1189.3939309561727
1203.724517567607	1205.7985172623135
1263.847162243008	1262.6442175202208
987.0270351246872	982.2914451307132
1482.0466475264693	1484.9278904817859
1500.2928822379326	1498.6876150906705
1267.280152063584	1266.2165547059772
1518.4995412076823	1518.74801262628
1239.298867417121	1236.8510067304483
973.349624211929	975.5093958438005
1241.1445742487267	1241.8996142801082
1065.574029168347	1069.3264437469677
1261.740484334674	1262.093243541594
1433.1094049052044	1432.4687227491947
1246.0882403443975	1248.254764487227
1284.9470177088224	1288.4059736360637
1721.9799380534678	1720.1907005212634
1217.809704222018	1217.9352265525717
1107.7497277363436	1103.539129917069
1050.4495179321384	1049.119295310279
1004.5690745066095	1007.0662552027308
1623.331889157358	1623.7996991499708
1171.8004010851146	1169.0509179178089
759.2983461618715	760.796340002964
1312.9507952237618	1322.4873565536916
1313.4255261722428	1313.9928213873675
1394.1183890791435	1395.2885304924955
1409.3391272090375	1409.776422611755
1219.5236242073588	1217.7766311965684
1322.7257769783027	1319.7976337669988
1006.1831596630509	1006.9847190119059
1492.177647237142	1491.8387575430693
1149.8753522824263	1135.7145795351798
1426.6710063380597	1426.3813727718828
1136.5501156448736	1136.706087519589
1117.3796101647022	1115.7249913043145
1034.3453973745636	1033.1225133541823
1525.641193690215	1524.959022619407
1357.3368532751629	1356.83048732554
1268.1784431760607	1275.3787309446625
1372.737179000018	1369.6998955812148
903.1854978467163	903.4431169558137
1033.5842710676952	1033.5485564840405
1271.9457792069006	1272.531154086782
1565.3321099476598	1562.4283915152537
1476.916318928328	1477.4206674575485
1453.6323788795853	1455.0039681089381
1084.889792812086	1088.2251929415868
1188.7591139186407	1190.4830179869998
729.0028944322548	731.1185081582125
1230.7869687493949	1235.1639573547584
1262.722724857449	1268.8370366404845
1477.202706384036	1477.9286389256422
1273.2867477885738	1270.7472839969607
1127.1135908943252	1125.1434835183393
1254.438332444348	1254.823192333651
1000.9523593032209	1003.0221436217194
1340.3975847022957	1338.5299209408183
1351.3980530256813	1352.6386400797594
1241.7542137926794	1241.7009385959416
1343.1879560630186	1342.085315743633
1269.894671629998	1267.8380898608784
1608.992360631295	1608.0170498976345
910.7671183919883	906.8351218556652
1392.5637910279038	1394.3342026588523
1217.2522004528728	1215.4814144207467
1647.6197801441594	1644.0280764964111
1085.0113509821822	1085.86198042457
1226.1711348910176	1226.3248491350555
1335.1503633308748	1334.0032887684201
1524.2787654058484	1522.1208623508478
1273.9191053227696	1273.8958617257526
1729.945850866061	1730.0008714311116
1041.458632295893	1042.293838831234
1363.4629377712845	1358.4389555025466
959.4182987550157	963.0137075445155
1274.671973407967	1274.6261450110217
1454.5315514744725	1453.5193990128814
1084.9745686991664	1087.0890554589328
528.6074140086275	524.2876488614436
1414.863955126697	1414.8122349098483
1542.6234141244786	1543.2111483731587
1295.9455045883951	1300.038301862382
1551.9491928976495	1551.0777090874974
999.0824976958102	994.5956860368486
1043.418890070403	1048.3631648538274
1101.1609126557014	1103.2900183807062
1332.1190504700353	1331.4303187400167
950.8205114117882	948.6881108393977
1098.2770604071848	1098.61955690815
1273.3243645204348	1273.799295585037
750.7944241187361	752.119546105517
1208.1276347911044	1208.707299994081
1196.9030287284404	1197.8241184974154
894.1188126365596	895.0885432980845
1023.925017985719	1022.8521199719263
1459.8392064151994	1460.4065314998581
1255.7675459258026	1254.0249192905032
1386.300627083372	1384.7398859927698
1105.7588220591424	1102.4745280944358
1072.882068649662	1069.612541527068
1417.7294028045435	1417.5022348129905
483.0759866333683	475.5088338573806
1227.9318134029454	1227.3809787476857
888.6687058295938	880.8786171895397
1275.4005419989408	1275.613193585294
1449.2767348061025	1450.4355614318472
1190.9487747155363	1195.8970160416682
999.6025653425604	998.1993017775866
1486.4716877031315	1487.148174608537
841.6264263355406	839.6565753359232
1588.1434506049263	1591.6965725393302
1366.0055954412383	1365.7859969578183
1342.6829443803872	1342.4289225533691
1576.648038821586	1575.6931312787199
1143.700070501829	1142.2245933459642
1123.9593085429806	1125.9068980367585
1383.263415072317	1381.466998361153
904.5119491302466	901.045486042548
1194.949784171884	1196.3303650055236
1303.6096629700041	1305.2414690782455
1401.2605038012553	1398.9843605455228
1167.4405961554148	1167.5526220033873
1226.5546926548705	1226.2802954463355
1120.4114785583806	1118.074363916953
1424.4761315851065	1426.6064961483264
1624.092648012971	1623.99176284297
1045.7499805946718	1044.9372558058071
1015.9113351429696	1018.5096240912019
1448.9653241297056	1448.6190663487082
1276.6754222254676	1273.7652614368928
1388.757880167046	1390.8267098051253
1113.8860569382668	1112.5831299283468
1423.3697801473318	1423.4678915064471
1300.4867353336886	1296.7076059848018
1244.9655631048663	1244.9515615226596
1371.640749314538	1369.2120748177736
1478.9386618499702	1477.2319077808047
1200.7302497780765	1196.4435890425311
1323.8400372534816	1319.5594724834616
1151.6084282749507	1154.2744985658417
1354.5932095016178	1351.78997312051
903.2840779233957	902.5804837575573
1150.4991704899876	1151.784184425074
1499.6067653014034	1499.9552742861586
1185.6776475750958	1184.4634901474494
1203.2979028221162	1204.649560200413
1611.5018481675652	1610.9290088429468
1237.2160284465645	1239.359198446683
992.2478627849487	991.4756124139424
1373.042776610935	1376.6311838336896
849.8507201619213	849.6161647030145
1337.9499738206505	1338.2034950793436
1599.1753285270825	1598.5145954676998
1140.2460562004999	1139.1852616605138
1156.984082600713	1155.595505449353
1323.5073459952546	1327.0325794866715
1429.0620938970824	1436.0245225242404
1095.2614210310276	1097.767398010949
1337.782827459072	1336.3192164063105
1345.378852330905	1344.5263552626295
1451.3877527713776	1453.2999497955232
1208.837998412433	1210.6257814707938
1510.6873391611734	1512.9587122342828
1156.6292088128685	1158.2589315699513
1113.10724775173	1112.671410511692
1338.7505020819954	1338.366810033472
1508.331108313083	1507.3565900693732
1116.4789381353476	1123.1775219667163
1113.6357268331922	1120.8115038716815
1486.1300632708007	1484.0083095221298
1447.9100998929935	1455.7810616684264
1106.6700052515953	1112.969429063218
1051.8835286861868	1050.7222986710487
1464.4602242122928	1463.524169647622
976.568269264506	980.7605874079821
916.214334753633	923.0566417092506
1324.4446717789106	1318.6002707163702
1021.8308272657159	1015.6910900125968
1163.1697351871117	1163.217212414734
1296.3356127313164	1296.131840662989
1256.8810938840033	1257.7149148923409
1061.9053524299234	1057.8845938461636
1288.9749940630572	1289.909990729236
1334.2774657103291	1339.3401795228865
1211.955024458206	1211.5537223303313
1501.7924943257822	1499.9873830253546
1440.0183611866378	1442.585245194866
1209.9227337326156	1207.920146762145
850.1753952207218	852.3285760999343
1763.3079842295265	1762.7368949337117
1451.5888084683975	1451.8065834116828
971.4573652629624	973.3833667168229
1296.0715205244778	1293.4742576851143
1509.3256416818476	1509.7670545883484
1496.2612074646167	1492.78606339339
1252.545778634114	1250.200956352997
988.124082543829	987.031388339835
952.8468317047227	955.1385463020254
1131.4857469262788	1130.2010617047044
1218.3549009512353	1223.366328732242
1328.1605115371058	1328.6557791207651
1093.832694162731	1085.9884874196084
1086.9485458606505	1098.2810699468412
1425.5273317153915	1423.5742934163563
1165.3166332478868	1163.3326247080272
1435.6413913855213	1434.8624445663518
1137.4815402585082	1138.6694067034246
1290.1806726524665	1288.6958252141922
1092.5924719857285	1096.589812353128
1251.3923197895347	1240.1258508368128
1013.3434388327587	1012.6015420426872
1155.413594274898	1157.1263521569877
1276.152949968906	1275.2896086545438
1158.7101876993402	1161.0001915882735
1279.819579675881	1279.4595290812686
1018.655405253754	1018.9357025042788
1007.4568658940261	1012.0388305086487
126.95108544333198	129.28560175002463
1397.743877851608	1397.5769051465247
1427.0485822878254	1423.5742689688896
1726.1470909136988	1727.567829982601
1362.4473497809668	1363.6392418593723
799.3564552441239	804.5409665663683
1755.7906924080162	1754.4307017739213
901.9980426345137	895.0096383096269
1492.1961639046785	1492.783796357355
1303.1243622490147	1304.7382965252932
1440.5741080433654	1442.473855077205
1345.0011826262344	1341.6670764442704
1265.530168228317	1266.6993997084178
618.209001867086	614.8174710678458
1313.5837864167988	1316.4665816239487
1278.9188257920905	1277.4721610018216
1073.6546962228604	1075.534597610936
1220.6892905481218	1216.381478000088
1472.548885077209	1471.473753018846
1391.8858407337393	1392.937269898416
1840.362455851311	1840.828280695501
1161.8724849443824	1169.6868593045615
1584.1271704476385	1583.7735656838236
1144.65876450605	1142.1362047140324
1202.6079035034345	1200.990244143378
1512.470246195211	1510.5770456174182
1270.3346126028919	1272.7700596225725
1261.2485386851185	1261.0878500879926
1332.3756463124591	1332.9596660519694
961.9364797828603	967.7589085178691
1073.643442892324	1073.5197890469426
1295.5620982103283	1292.489054232217
1571.0864769577165	1568.74480381248
1048.6816887359018	1047.025747543348
1187.3068178846734	1187.166466761301
1752.753474674886	1753.2898729379442
1272.316473176994	1274.6409951433056
1362.9302769580972	1362.9790208138406
1378.499188206828	1378.911436625863
1242.8177398750558	1246.5994610966316
876.8338803022925	876.179868797047
1613.068917243887	1613.3198993534654
1093.8890482135466	1097.1315934535069
1543.031356849824	1543.1608617767113
1633.8775064425718	1632.9766713700076
1080.3851052214159	1081.3499416663642
1065.3099434340256	1063.0597294357874
1233.4750024177774	1239.21711385645
1486.2410019363742	1486.3062020612756
1170.9965371416765	1167.3510749946786
1581.067376556719	1579.913140961974
1376.9819006228645	1378.3885499817102
1182.2117223579553	1185.4717456059648
1639.8668860580947	1636.0305113506531
975.014236487681	961.481105008173
1301.6629590983212	1300.0385212683386
1476.9195006116643	1476.8516354642843
1032.124567123392	1032.357897580985
1454.8409985297185	1454.6294080264747
1428.3726228205487	1426.7726100392665
767.8506557210349	771.6398729291243
1079.5658936412074	1077.8937875821844
1335.050187660876	1336.5514078030699
1151.404220690456	1150.6822672212227
379.2731596425001	379.8219381587638
1426.094984637457	1425.7204941141708
1155.2322086760832	1153.3161104390792
1459.0759440057154	1458.5251699128783
1127.263471081038	1126.8467246640766
1490.174709811312	1493.3464275480344
1302.8122875906702	1307.1381407842277
1265.317349091405	1270.3874737743363
1215.7031724829576	1213.2658561397652
1327.2393338437541	1330.075537376588
1226.7083963593468	1229.4863292034906
1763.5138971772685	1765.4392555822278
1367.112767557148	1369.3210481840345
1404.6674307682842	1403.2624163071962
1478.2071289853193	1477.073500065979
1130.18748032031	1128.5878748271737
1234.9498986155668	1231.7207627834227
1111.009633886657	1112.7471616643868
698.7954110003338	700.6345008488453
1198.0267428028747	1197.4443696720616
1120.0979880454834	1120.5272437650099
1328.6204722609255	1326.8473082797577
1157.2159920080449	1156.7586019542302
1431.8723592995375	1432.6078025612512
1261.7151967817917	1262.1014729638882
1193.7971356008202	1192.8559884418655
1404.0589442054625	1404.456059669102
1546.7309476844384	1545.1886524665351
1208.714651501563	1207.4591912798587
1336.815452075447	1336.8432907168356
1634.5731383779494	1635.4476033212134
1332.1628953925974	1330.406604450448
1209.5031922322523	1213.5846497629896
1547.2337384572602	1545.9070998505676
1246.3717306874169	1242.7554718177835
1342.8191897358338	1344.222797204926
1491.302195981145	1493.3096709166628
1348.9939760671114	1349.6614798510652
1415.9934912877507	1409.2924321518947
1050.7810743893206	1050.9354474690565
1644.3448417377658	1641.065409689283
1623.7008700798033	1623.4177068827896
1349.447234299325	1347.4552052932568
1043.111480236228	1042.4236474288602
1291.301146810758	1291.0732537018732
1032.8513820764492	1035.5953628601364
1198.9289410489146	1199.3770387749737
1171.1166211790114	1173.3327396710213
1053.4986876196635	1053.0085355803153
1369.9615121664247	1370.4497243804124
1117.4265527989483	1120.1144111938033
1173.9195239068358	1175.414663195237
1446.5245658522763	1444.9376491373105
1270.670260644576	1270.0091158607079
1246.5054935635999	1247.1375845452874
1493.91045713739	1496.1943652195723
1118.6380717752036	1119.6392493168967
1503.407493959472	1511.3453072077534
1220.378942778916	1222.8939778201484
1431.2698559881828	1431.5374808899912
952.0525529890438	951.4417372001222
881.2261647612613	880.4742634686196
1043.0059930184216	1045.0592987409175
1331.4835176826746	1330.3491785456984
1132.9428841752524	1137.2274160777858
1437.9543377095833	1436.8587808368552
892.9330312846287	892.0148740318426
925.9292875131068	924.022954682729
1622.0558501159248	1621.2978544122986
1157.6981468211743	1155.1214963471868
877.645827013388	882.5310620643975
1179.391214072617	1178.553554591898
1168.1995276779926	1166.80441627829
1105.6627138774493	1104.462075786043
1125.443618673773	1126.9615167002476
1145.4722577489447	1144.9005677338487
1330.3164165594208	1331.495156707959
1236.7210282128362	1234.0927289545427
1001.5459835352376	1000.0548458757202
1132.1190012132574	1130.3949493001776
1372.4917055146361	1370.4615079928603
1218.6083922247053	1218.7021152124673
1068.2288646360103	1064.192155142972
1505.0432773410867	1510.0106733336597
1614.7960279335384	1613.5316550776981
1276.6485437692609	1276.72107297633
1341.698529080575	1340.629815028991
1396.9680882604443	1393.0268524857463
1370.1390770441794	1367.1446428151291
1622.0290659611637	1621.6425311692965
1278.1632806549023	1281.4997758805657
1518.1198286631843	1519.7319357591957
1205.491596205131	1207.6648035576013
1106.1567211244546	1106.2676132038077
1296.3106893404329	1295.4267143571037
1273.7518450658245	1271.1128772971474
1456.4604265608068	1457.5313448694758
1197.013618760655	1193.6404307610437
1519.3581032827497	1518.1001224267668
1526.678651657945	1526.689232938244
1254.1969952798972	1254.7719223749564
1188.196759539249	1177.289118711589
1539.9933526399836	1539.2003196698447
1485.2738575291296	1487.830235119955
1350.5409772592539	1341.3386526816337
1197.2150247617392	1215.8177293183408
1075.5891958608117	1076.6018665272438
1600.3810053850757	1600.0130387525521
1067.654025387339	1074.5976074390462
1558.77362964215	1558.2854199750495
1384.2923687093426	1387.898881770853
1005.2848241314059	1007.708793838865
1000.8024465250783	1008.9441065963871
1471.929315480491	1467.9981725141363
1420.738393424137	1420.6870148581459
1402.6058309277869	1410.527653403554
1311.6905161261675	1308.522505509138
1753.7940405267582	1754.973990972516
1241.7707034173363	1244.1019198868473
1231.2654505113023	1233.0062988325437
1076.6610325212823	1079.014311887241
1399.5423669632582	1400.439649093005
1105.9483255120576	1106.8581214429485
1437.3478522769292	1431.6151077729567
1205.2921527182043	1205.6315274151416
1362.3198359407834	1362.3165619331203
1299.888178370311	1304.091965294156
1493.5086605700199	1493.4772281160308
1153.9644248765544	1150.4557186423988
910.0552984505775	908.942317193867
1758.7728914314357	1758.8849189164844
920.1259300967504	922.8963666209703
1447.2782061203616	1446.972986325995
888.3361929326784	886.1239104999013
1397.8398036569415	1396.927311083045
1635.9811078317289	1632.9380455729786
1082.8403007851448	1084.4162576948434
991.9038122064085	990.7626127763742
1146.8869859531405	1146.2502853757708
1533.5272441613197	1534.7528147640235
1432.9577019757999	1435.522279126543
1497.3531075228238	1495.7282809688013
1266.4141790528374	1261.4163915276647
1632.1471539199702	1631.437489603484
1427.1822762176744	1424.7785887561702
1218.2452048347914	1212.8761322940359
1075.1680419300683	1073.8032392331816
1520.3589023275708	1520.9683127256164
1483.3937398219714	1487.7281364514954
1188.7614221940166	1187.7329018150622
1211.630544033571	1211.8243642938496
1219.8922602802631	1219.1594568578232
913.0136143693817	913.8932534139276
1204.8445962401456	1204.6208491328996
1367.3503404069343	1360.3744467675726
1321.9415515788132	1321.911699802788
1182.6467888711195	1188.5798352968648
913.6709328224533	913.7021273505436
1555.1901985998556	1553.942787024259
1306.3612970674585	1305.7916237693573
1474.9174777633452	1472.5769661125394
1078.1008809708292	1076.7811674529926
1136.5655051950598	1136.6465586117893
1136.600819212268	1130.7909954094625
1724.2541916175978	1722.2035281016952
1574.8994482372946	1575.579188664889
1559.4230340053618	1559.3850692775059
1290.3301912498428	1287.3539624488917
1028.2562192819314	1026.530690057059
1207.8016803207283	1206.7322229831054
1298.4176351478964	1299.5387121083668
1584.286853454687	1585.5410019610117
980.3056504295964	983.0162281128943
1673.3780435396766	1671.9773831266982
1079.1063712649047	1083.355961956975
1078.924486356991	1090.855425371436
1392.1069085727213	1395.21156799194
1368.8063359658408	1365.3932622636357
1491.2376181148575	1491.6260637495386
920.6683093223255	918.6876776511584
1624.4658842095523	1624.154099770581
1261.6419051182747	1260.7627077730958
1150.779708048096	1147.052833392296
1468.7133631753095	1467.2512273878356
1148.662288607302	1151.7805580229838
1180.9223724763433	1182.8747233193776
889.7436545311066	889.6581124871612
1640.0196801784914	1638.2519684201093
1048.2089752830798	1048.2673111932586
1277.3987567904987	1276.938223100489
1285.26374153918	1287.038536789203
1351.7444576287817	1350.584374693869
892.4491873670486	870.5548164313573
1193.2516983470123	1193.3353727055314
1143.143931716797	1141.7692594743273
970.6383681668376	975.2453285205361
1253.580811862601	1251.9700581491632
1275.4902039405715	1273.9556496691794
1335.869323389983	1337.1171992472825
1367.0834036955494	1366.8197418891677
1108.5843505552039	1108.1657944646072
1134.7194210967573	1143.1510744714171
1072.3832624866627	1072.8871461724314
1558.515872120508	1559.0727260765184
1363.9969137771986	1362.6375184141825
1097.6550142767665	1098.2219334156027
1190.2923136575846	1188.0127548715077
1465.19425959012	1462.5000082551805
1243.8054553995898	1245.2685364957742
1626.7110940743587	1626.019548551646
1368.3254327368923	1373.4136431987092
1726.3477164295327	1726.8330463626735
1147.9430244005634	1138.3211128252808
1536.951391126233	1536.9231754309455
1444.0496744343836	1443.071539874239
1340.7895200973726	1341.658782351278
1471.1158243153768	1473.3575552957595
889.298236430157	893.3819121270699
1411.7052751814772	1432.5883797348724
1418.72769697482	1422.1175336404958
1161.896858600725	1196.868800019943
1403.2904676125618	1399.7704840997658
1622.1369678012852	1617.5247473367974
1128.9732983366412	1127.52678355674
1396.925052278384	1399.408077831769
1067.5232026127342	1066.1767915589114
1141.8536535609455	1142.9089402966486
1191.4784334169235	1191.616901755736
1214.5021557791624	1212.607078833703
1338.2665089913644	1341.0168041197167
1357.0857654847496	1356.6144309598026
1454.4017443729972	1437.4844314977997
1131.3672941981931	1128.8943505898837
1274.9734396835556	1270.6109777251422
1205.192369006807	1202.9369609175171
1038.8239367991046	1041.408280026467
1504.8481297537219	1502.546408759083
1036.956068850297	1036.87072096708
1494.9187908637396	1495.1467512902834
1321.8785991792975	1323.8058219690804
1284.5514609778766	1286.3950578401414
1443.4793918853102	1446.1993969087248
1336.9168373801513	1335.9574103691916
1619.046116714715	1619.126064053535
940.5803673757036	940.4912368568497
1526.4990292894072	1530.4748700759171
1128.1949806047196	1122.7405787872628
1284.6522779689403	1283.804109858052
1309.0701537664281	1308.483395113049
987.6286823470728	990.5319672348588
1167.6848996445478	1173.7382968204463
1249.2488934993453	1248.5937320730393
1131.8732629051374	1132.6866351150172
1438.21787783716	1436.802253866467
815.8010202787118	813.2669229366546
1620.1920287127432	1618.8149838526192
1291.2373963824066	1286.4962239486358
1128.5020548489701	1136.4009942917094
1187.6305638210906	1187.3717426533956
990.059442984988	988.4219175271847
1048.4281740032893	1044.2831033358116
1502.3348442899296	1497.4816841317306
1508.8295135682856	1507.5929556427727
1245.898403304629	1242.5944243929623
1646.0450841817656	1645.0538310702163
1300.3114948634757	1303.0070921644563
893.932792868698	893.0193150356839
796.1471265628061	795.1689909806068
1383.9850355566887	1384.2412332343595
1509.50264370261	1508.4172394099933
1582.8463890869753	1582.0538928378603
1253.7653748428565	1255.0215977141024
1335.8264989786258	1334.7636466145905
1316.573357763351	1316.252667886441
1045.4391597638605	1046.0971195398915
1385.9668344159436	1383.9764198414393
938.7184054452227	944.6212331817848
1466.406882831856	1465.099343031829
960.1150634422083	960.9212788849155
1567.2268858259195	1568.1262603828368
1445.798616744607	1445.5544921218236
1517.1726778863522	1515.866247081793
1387.8667824283475	1387.3220983602887
1101.9406448848895	1102.6320819015295
1386.0587849637377	1390.6761242132175
1510.2268824120401	1511.6413667820516
1407.4926753480977	1408.208123973582
1081.2962389419263	1081.1227153131088
841.9874150063843	838.8915295331524
1735.524393388332	1735.7113113558573
1196.6599760070385	1231.4131046000343
1323.403228850133	1323.2859761780992
1449.8581925023173	1448.0405235809199
1195.9774070743588	1195.3283087463974
1059.7028512184916	1059.632848987258
1115.059384984197	1110.7433190012537
959.2465868650761	969.5325791570647
1275.1907250949007	1285.7513657013237
1645.6984874795016	1646.9024593293034
1346.33820295005	1346.541802242684
1157.5467370881233	1152.7117884373301
1446.2175490322697	1451.0060199149225
1268.3563571742852	1268.3061917002256
1017.5837798253924	1017.9751450503793
1511.1162897815811	1511.175317131668
1413.6245296863199	1415.9485673293977
1555.6943718484254	1552.7662000507742
883.7016645878903	884.6398913146578
1279.8309143739752	1280.8198116668946
1277.7821916723042	1276.8401685581223
1287.4292724591796	1287.2299372746231
1023.7240188137512	1024.8849717374753
1244.4514718998398	1244.6795642376767
1103.5553149162151	1072.513103533526
1409.5299806102412	1406.2894647379921
1133.6603718952974	1125.1313435342029
1343.2513981287193	1344.1419414689285
1084.6120506336156	1081.6778670714132
1031.7410539548437	1035.5624768136167
1255.2036079693644	1250.8765336614765
1177.365386306803	1174.4347966920905
1141.2921222927398	1145.7793004239918
1580.662816460972	1580.4010074284295
1060.6515253622201	1060.9415480931
1223.971822746913	1223.49715381981
1101.844875469833	1100.4111432290813
1221.4366348423646	1209.1473324676983
1386.848835726647	1387.2386447515712
1543.152312267921	1541.4940835782822
921.753757020022	927.718561076422
924.8105023803073	928.7924321705996
1232.353505672625	1233.6807377769708
1145.1486301297555	1155.2915444426403
1014.2646292322315	1014.9591949196972
1322.6085818030988	1323.5822895177948
1274.7469158175227	1276.0392832121631
1447.0155063128623	1447.5131181572547
1639.2302213002695	1639.3056387791084
1509.213192243129	1514.5929337418006
1413.391306655656	1412.3178252008536
971.2332667083538	973.3880482456617
1248.28512802982	1249.069939281345
813.0461289049126	813.1872772083157
984.4010812643974	985.5095097964833
1387.1908332172898	1386.3368256260674
1361.8399642334844	1356.9818333632988
923.1885186895961	921.6577085534436
1434.7007978636248	1429.1037757973513
591.7627315404243	589.9481145103874
1441.0989710632712	1440.0841566784345
1126.182132705464	1127.477102201825
1197.670954295143	1198.4883945668716
1232.6258348867123	1231.7736973160181
1348.264931604761	1346.3033465648684
1485.3407289193128	1489.3427303898368
1321.271739583026	1317.7958381064361
1057.6311731860624	1057.8683809993431
1419.1072170771367	1416.9439195255356
1574.383776797913	1571.4040579563348
1613.0619147427497	1612.6016217267322
1555.785041763651	1554.1949361290635
1078.7157228947617	1079.2397413793724
1101.0701828603342	1103.5164176404703
1239.3411714822869	1242.7144627303273
1165.7288206644007	1167.7181552797106
1023.6818204943556	1025.8499424478082
1371.430164036632	1374.9400192739636
1178.9071074077801	1178.9290200034498
1475.4665111070208	1482.208801912756
1565.812396047928	1564.7757674992856
1184.7363645795267	1181.6020804028683
1101.6876795444405	1095.5982388936773
1447.7285558122094	1442.8263816802341
1084.0581152623636	1084.9203426830813
1372.8929477596248	1372.3206806340636
1104.3647016262112	1105.6493096603947
1363.020234984433	1363.5976663156055
1203.310258479003	1203.4995492991793
1460.3533571101143	1458.605992572529
1060.7726116515696	1061.2465793852045
1076.1843800822971	1075.77463524034
1051.3554313609202	1049.9450274656456
1515.1972287601675	1519.5870667483282
1338.448420715722	1342.1897461250112
1118.023632229335	1115.284048779995
1280.1662298271258	1280.7292685650516
1277.8392807018245	1279.6256766786587
1430.2266053047497	1429.4869665427211
1294.9931052736356	1294.7250044433938
1211.4979422693723	1216.221596243083
1063.5052197723999	1061.7661509659195
1228.1022423738905	1221.5024768406995
1301.7487112742092	1305.6531286469944
1503.2864646041417	1503.8430477573374
1100.9998849401309	1103.4721824603341
1453.5933856912307	1455.1537021167114
1152.448295561917	1150.690254736893
1628.5584719090548	1628.7050621550359
1057.7877873007674	1059.690213343657
1184.0972832768166	1181.1466694725132
1111.3894425945473	1112.092925116885
1219.798313351639	1219.1298518495048
1353.497689635813	1354.2909389128843
1287.5011526763556	1284.0803840450426
1388.1633312234771	1388.2454908159755
1197.8074314852129	1199.1989534356997
1383.2534241224348	1383.9434565961144
1252.0437946519523	1248.9994187850155
1107.6339451788226	1108.6070407019486
1455.762635423569	1454.8007510361867
1028.5890200151189	1028.281066739531
1403.850575323304	1404.7434435656128
1245.0240913119633	1241.5346724470867
1295.3217195163306	1294.1573279000088
1274.8415273487626	1275.5754345919115
669.4676372329122	668.2559106223196
1010.3486230160343	1013.3023862919633
1431.4263017236954	1428.9820253455905
941.7963506675733	944.6217147192297
1206.6191631272668	1206.030826269759
1431.0728737669997	1430.2977811363212
1220.4813428320922	1220.1338587353412
1204.6116016531014	1203.5812745786748
1275.2221770797332	1267.8279492921392
1667.57132150291	1668.1639440324939
1416.720798521681	1408.3921248783033
1290.4975136874127	1288.5252285039553
1724.3223780589178	1722.0931822270913
1268.2381061681372	1261.9124296992359
1132.0691886881832	1128.8291034639767
1046.153764390503	1045.2893955673746
1417.4182210901927	1418.9659271458427
1651.6065887094592	1652.420347656361
1282.1989039909386	1295.9360506191479
1244.7837695821945	1241.3276659855228
1642.8373626985995	1640.6331805862387
1339.615234086552	1336.6980964521572
834.587572234741	835.3511461404621
1452.758082990651	1453.1890123627747
1281.2395637550508	1281.0856859172707
1439.1034129324253	1437.4122667579277
1169.977695338137	1167.8010605099637
1426.5217527414788	1426.6303438511256
1406.187692948588	1405.398486981874
1388.1565480438585	1387.1379584308945
1507.0064675150206	1503.1881770895063
1110.6107957236527	1123.7621218607117
1195.3848833831144	1200.9903961337586
1288.0055333601485	1284.5906932186335
1411.3600958517054	1412.15539407925
1246.797017052595	1248.6857338142206
1178.1554359691509	1179.837102865824
1278.7251286637038	1278.2686546889518
1300.0457696252852	1298.3556240165387
1304.6118340934336	1302.353310833668
1085.6470654836448	1083.5701822701767
1255.155828196759	1254.659274296524
1236.7989883249975	1234.9555708576202
1418.3210641213227	1417.8995742977834
1286.8976809452288	1281.185658894833
1418.3743262926582	1421.0523066617454
1238.9210309708433	1235.766804683696
922.5611699020665	923.7873718248433
1351.6035151497636	1351.9399752727081
1231.2675243539852	1232.1914518049525
1110.163817387278	1107.9876746043694
1167.588311745174	1165.4541008035399
954.4046853908221	957.0249181088699
860.9088401678018	862.6730874741204
1174.6368066408904	1179.2029254191777
1240.3461662010814	1237.2128294170243
1286.5650982432708	1288.3934352481938
1419.1622010886786	1418.8431643618828
1513.7819679125096	1508.5210310185169
1167.8861531987786	1166.6922158285936
1543.9556443153415	1545.5777834611667
1138.8849590436148	1137.4638723768624
1526.53404915813	1525.5927891046058
1614.8972732503025	1617.5614339919086
1370.2102849394723	1370.240484386117
1493.641608669248	1492.9110590613786
1621.6354914933327	1619.0976533514493
1494.643036052672	1494.7612209641898
1200.8578061485314	1202.0573763810776
1215.8684617489344	1215.429338093961
1062.4978282217635	1062.513618461922
1049.153529463947	1048.8876909197022
1042.9399996286666	1042.1894532453448
1604.0964088368928	1604.6409040953806
1476.1225674502493	1486.1198845392382
1248.5615673683642	1244.192194338954
1345.4318789217505	1346.096012106244
1159.2800456561963	1158.4543374620685
1264.8463928686688	1265.3063701216272
954.0166646382131	960.4583713847901
1099.4823796933051	1091.3276423974678
1392.213591581094	1392.7251129616802
1252.8104254062055	1250.1526258676288
1245.9438640089065	1252.85512456642
1429.520562271122	1431.5152685308267
1361.5618876593653	1361.7659560947013
1329.4752969157707	1332.3368816539858
1360.2421528881823	1360.0006651621804
1155.6105827631545	1156.4760785464814
1331.1473555538687	1331.8641172801172
1490.228983883775	1487.2048660774824
1485.5900687879475	1487.7054324515286
1306.0570881547173	1305.7631054335388
1238.867761499685	1241.3204508557062
1241.4425881120842	1243.8729247955266
741.4725910786074	730.6567927950314
1546.958576637844	1546.527481331251
1103.137518061878	1102.1577418595018
1209.8462370726047	1213.9608076654229
1429.5265747041267	1428.9977673686226
1120.2948248266766	1118.858253690657
976.1292814226763	973.651886047409
1083.1942520263256	1081.7186511071995
1551.3155444290896	1548.3435013999613
1374.919537580281	1373.7216186078178
1390.1906559542986	1392.0278793860386
1449.4775838031492	1449.5610328660073
1141.9266386752424	1143.2656961887826
1250.074734954018	1247.4516066199703
1436.3979301490763	1436.3869203348904
1220.2076284108625	1217.9488087818613
1277.1106692314788	1278.4222771352465
1158.4986030569999	1153.204709088425
1475.186106995825	1475.5516455613888
1427.7578807753162	1427.78057756975
1380.3456675593334	1379.7942669705808
1276.677436993632	1282.5869645510136
1545.4637106115115	1547.091731908605
1626.40754191851	1625.1653066107215
977.4115793458186	976.4153979825285
1365.479404324229	1366.6342715164349
1487.0002776139881	1487.5905186649907
1244.038658123929	1240.7521914313975
1402.457301501825	1402.5890760470181
951.1281166011468	951.1099796181915
879.9679452078999	880.1640781786745
1211.1699573732913	1207.3935151634087
719.4791739861394	720.3286879715
1504.3847169073415	1504.6469765918955
1273.915369757975	1276.3775342411273
1629.9658827800013	1629.8580924789753
787.6793067250401	786.0428833717668
1296.6235788540216	1294.6924780867212
1018.4623117011215	1019.922400636525
1279.7326374964323	1287.2155515310271
1357.963583144301	1363.8743125267938
1313.391388380027	1310.7462400099191
1208.0671529508254	1214.7085820026134
1036.0077756317332	1032.3348513586282
1255.6082999131759	1255.2622805450762
1513.498010278272	1512.4166158131889
1499.2307570967241	1501.3447746962768
1309.2155313447292	1311.5981519369645
1200.40976496425	1200.794116928708
1115.7719185682363	1120.6496016472624
1339.899083336466	1340.2536053726265
1392.7124738195853	1392.575672369805
1236.7200242168328	1237.3996013342387
1372.0487738859374	1374.2822385631976
1536.4098968729377	1539.3841888612717
716.5087902168161	707.7922921146622
1574.0639317713503	1572.5764508477916
992.9363546261156	992.1729186487753
1388.8214580578206	1389.6952981479753
1060.3714787373028	1063.338184494021
1334.906774984178	1335.01448471398
1083.9247906620149	1085.1462151018966
1339.3238768584852	1342.8837508188828
917.6102934161318	916.1458492551774
1326.3336319622176	1326.6441946292757
818.6863570861751	817.2222415762278
1293.7094572761853	1292.4601570012437
1181.5232506104512	1178.418966861527
1139.5594288195716	1139.300925675571
1125.573324738216	1124.4534492003065
1609.3498238935717	1608.344329989424
1376.78844457792	1378.0063226741534
1442.4656781113881	1441.4856744200777
1245.045612480957	1245.1261456043808
1165.5912569255743	1161.8393435460064
1283.7628322281525	1283.249568637676
1372.6960108480707	1374.1180926186116
1312.9443326522014	1311.5859021653223
1243.929055913468	1244.3329750170185
1567.8978287678037	1566.7235842818923
1249.886936894909	1249.3988513908434
1492.2669078023173	1491.9018454268726
1096.3110494568537	1098.9910815709638
904.1987276590662	882.8006711873948
1163.2997269847838	1164.8686257270656
1475.103853838984	1475.245991054285
1360.357405945484	1357.9130388212272
1404.631808359205	1403.5332319560764
1462.9905749720929	1462.4447025286956
1439.013434232853	1439.9847609097885
1057.9076358956227	1064.5809476730687
932.8883314089326	948.413530636474
1604.7499463723507	1605.2797447078922
1523.3940246227721	1522.4742577538125
1634.3156582351075	1635.0403623734921
1652.61954079743	1650.6843183242818
1375.479625743872	1374.1873497869542
1461.5368109426054	1463.1497956414294
1136.7128906212165	1139.409782273379
1292.5603056818072	1290.590457932242
1141.0870767104498	1143.2900163860822
942.3188368151023	940.9532019444662
940.2490788139694	942.6000938054583
1119.7855255921604	1118.9579485465645
1032.1728854336252	1029.8636060230324
1478.4754099122365	1476.0532591985561
1481.430453194509	1481.2554431991966
1155.821758318867	1154.9819514519163
1097.1122999145882	1102.8991323983264
1330.8014045862074	1328.2146441776972
1171.8501290750282	1171.0643953282993
1263.4266210704227	1260.7549697368522
313.095737904674	307.8967853054544
1092.672822916822	1092.0932379529659
1620.658281156735	1619.71059060963
1290.212856036349	1287.6484864088175
1248.3976283726515	1246.382764035602
1047.5867908460787	1051.365043397817
1145.8381418787467	1147.9890254776092
1024.0322310808406	1023.1234009256924
898.8686727141903	898.0147832554575
1669.6686446101521	1669.8403644054438
975.1686047344992	971.1950104008366
1252.363281396014	1248.2038494694084
1218.5424027939735	1216.8295060984624
1199.6154248891398	1199.5492131705473
1440.8992987888632	1442.1535442139118
1848.7320847638475	1844.7399599938258
1040.5948491728632	1044.0097668102142
1483.2878466377442	1483.38160080042
1175.2710943173151	1175.9233306324143
1120.6299303282576	1125.910657778893
1633.7759304109786	1633.3677872752262
1160.5700374177832	1157.6426682005642
1259.944763934589	1259.5528173739983
1273.8842565071245	1273.6750295906265
1110.6777820587158	1110.917164476782
852.2202928202751	852.585622850687
1557.7953651430435	1560.0762765608054
1350.0942285649653	1350.5959965565319
1237.6918616017792	1234.0268969581978
1128.2909035151824	1129.4576833550686
683.7291469574411	683.6292831499666
1338.2545636664727	1341.8164584536323
1376.6646969488938	1377.889951556074
1203.0348530561896	1202.063733245755
1633.2377230230195	1632.7081292143073
1493.4396356306388	1493.916134387968
1666.5398452357913	1665.9723803666718
1242.3423564363911	1241.4839746478121
947.431184096029	951.8554767352732
1323.736240788392	1322.2736925421943
1313.2706564668042	1311.9937555857061
1758.349882837152	1756.2428684208262
1391.655021731247	1390.4010576328885
1263.5890973854112	1262.4404912813727
1346.9191237865307	1346.9334539240756
1733.6073761397274	1733.9595078822808
1511.7891028619197	1511.2139025360216
1443.6015060974169	1444.836926630077
1508.1176541107125	1507.6296018682217
1442.282048347406	1445.4861117006583
1388.2133685765148	1387.5333082392297
1450.5036042519205	1450.6616092399765
1373.7184901433357	1378.5604359285433
1172.8848359558324	1177.5515373945045
1152.5241535257665	1146.187329091461
1298.2296096703503	1309.0967599822727
1204.4128015357128	1204.5701497988725
1149.5048722804058	1152.3941895295627
1474.3362935506448	1474.6334763054053
1493.1831638222502	1494.132280822598
1486.3419235021574	1486.377898309219
1023.3733041647938	1022.9265866268507
1004.0097343512753	1002.3045723776044
1429.3962030884286	1429.1319732451245
1119.045945647027	1112.5029917702204
1302.737632098375	1303.0121067271878
1271.9722012202838	1270.7251813632163
1058.829388536542	1052.8298671443122
1380.4314892673574	1380.6886400715932
1428.5402690488845	1428.6898108454698
1557.9459811946144	1556.116850656436
1164.7957212846377	1164.529456416772
1344.166927869548	1346.7635422415508
934.9456668606726	933.1711032835304
1219.0328196306946	1219.2107617166944
1096.1735419924953	1102.7810605709935
1175.0321900516283	1184.362392856652
969.9275991120085	964.2839607298102
1493.7517392557347	1492.997875181521
1338.8857818638498	1337.9931147429372
1185.7342347924132	1185.3651934546392
1217.8831511221651	1215.0146342604307
1412.4620332230406	1410.037991687668
1334.75760879906	1335.6059933113931
1503.4949958307552	1506.4595304342195
1204.2084919037297	1200.9474843383807
879.3222137864796	876.7695546682968
1233.418549215101	1232.0059626511159
1146.9290302136797	1147.084452677517
1403.338568754145	1402.9267404278112
1016.6936187932442	1019.9440069336717
1135.3365775523707	1132.8070060970256
1383.826625803893	1381.7188964097206
1520.8504814802436	1519.459655852753
1211.5297756609216	1211.0791587509011
952.6480753825163	952.0390615261138
1095.0656622736133	1096.5000269107888
1473.353377031337	1471.0702041822135
587.0430134190829	586.9027441076043
1243.0857457799139	1244.2858529962748
1306.4152549718274	1303.242929062091
1152.3558594479691	1143.0266328604812
1315.655736676039	1313.8560965882102
1444.599785348808	1443.5305902161624
1442.7965084453172	1441.471550282724
1210.2851941449335	1213.2828796870908
1063.0716650700488	1063.2598114058694
1039.9049846501148	1044.0686326673424
1629.9666362753778	1629.9262984586537
1200.2275659922161	1196.7836241487068
1306.2797041181766	1306.9071718958014
1632.2398863924318	1632.9231177000752
1161.4271256798238	1164.2219955677533
981.2672819635773	981.2222472503655
705.6203609162767	709.801720034269
1005.0210222213354	1005.0732567355402
1276.6606232266058	1272.5306334851898
1087.5578523072181	1083.1638365623771
1341.1594004608633	1340.2728611716009
1235.2072423810314	1233.659539369795
1378.1640218637767	1378.3881822153148
1501.4456245650363	1502.0186731836527
995.4724539871386	998.1821397009646
1141.0046745554137	1143.7486316118564
1249.2361579566204	1243.7233786420759
972.5175666494179	975.3318839818393
1023.5291644324316	1016.0953391772856
1195.608647948975	1194.0117670993516
1231.263072863745	1228.981735203484
1126.5283559628297	1127.2699797927091
1355.2971920326527	1357.1395635583629
1440.4823180895182	1442.0371580782564
1130.2578395333258	1126.7645420972153
1346.2675016869325	1341.1172060863826
959.1761338095821	959.1463771817137
1333.503588216874	1332.877339042245
1182.2240232030745	1182.1530470274527
1037.5750258274493	1032.4493674770788
1341.7691019914928	1340.5545175274765
1172.3083621566184	1174.2906567176396
1280.7345701644372	1286.64688562776
691.507622496385	692.2110325636073
746.3423755132244	747.329457874034
1247.077004176681	1247.4868708382496
1022.5663572085323	1024.35517896844
1120.279837786802	1119.7248602730722
1266.8451220687712	1264.390674016986
1294.7986280492914	1294.9206846379568
1135.251799477759	1136.5925306381068
1142.3684256578272	1141.4208652456332
1279.8043181036483	1279.6336385416892
1356.3449624519562	1355.7436084657204
1437.3736596401432	1444.0201292941233
1111.723410965642	1112.3472743722023
1259.1397355975932	1259.3457370771462
1075.5531114608166	1073.336739611896
1620.8387650695513	1622.6922946995667
1487.788112988579	1494.5897096176795
1384.849811701948	1383.822447186644
1304.2836643047049	1302.3640006531489
1295.7364304030489	1295.476578642347
1079.8148501696123	1079.2650722339433
1267.3118986239715	1265.8252109652872
1448.8586533168855	1449.9630122305703
1237.2960167267302	1237.2633646024133
1249.5218690903275	1249.1544107660268
1063.3337359630968	1060.6668847064534
1115.7966216606146	1113.800434662412
1460.4622802234953	1462.0919601108376
1518.7532387486426	1517.767188121609
1063.4528991318075	1058.7657564952392
1345.420827284077	1348.2527565031587
1285.9864213963447	1285.444552842041
1609.0876759329112	1608.4097973966839
1317.7364184656763	1313.7588273442925
1319.7272321499768	1317.411182054661
1193.2330890300218	1190.6884186297389
1140.2253626360325	1142.5180536399039
1400.2956599378376	1398.9918948750962
934.8933141416346	939.2562107210002
1075.508738782606	1082.534689020255
1174.2571898771857	1175.148160116529
1249.4305603309476	1249.5901621693663
835.9445894350938	835.078568522105
817.1055850811099	816.8853759596906
1350.3488952468324	1349.9142583358325
1318.1905664839724	1318.0999112955317
1169.759072303481	1169.8747233505937
1040.6888206415751	1040.937942493161
1431.649855294614	1430.0538533405877
1347.320578755287	1346.9914111314504
1096.6555611480144	1097.492959223172
1421.9075227079738	1417.1479175109876
1359.7113896011433	1357.3017047481567
1623.2773187024286	1625.84950926899
1444.3710085665516	1445.302679433407
1409.5603183907806	1410.0736726429059
1429.3146494425891	1428.370820030817
1268.4998184483557	1266.0064805382253
1421.2213521962985	1422.0253731257592
1544.544674867182	1542.1214790353856
1214.0186301996582	1212.1167881093263
1306.6845280686684	1304.757834632778
1035.8131344793364	1036.3316030664203
1032.7553156780777	1031.6894856805413
1365.6999567049497	1368.1547088919829
1380.2519026736263	1380.4722906770137
1305.5750102406892	1303.5346478805136
1487.925346685195	1489.0245132930118
1424.7837003493041	1425.444923506976
1103.6063578837784	1103.3744087747286
861.3257561521314	861.1169997599238
1534.1851934421575	1534.8417708031657
1035.599405533576	1031.1497574690259
1110.9414890752232	1114.6785864840786
1153.3848056028655	1147.1499292146814
1281.6702494418423	1282.239395581203
1499.4408933925151	1500.9238824983345
1181.2997843226767	1181.8364921889877
1249.0393469416886	1248.5807392582858
1067.762729861075	1070.9839430720936
1273.8723042132624	1277.0399962710487
1619.01025540111	1619.8327416363124
1258.0476159417303	1258.8710869365682
1111.5695579568564	1110.2916989749547
1099.7906964031863	1100.3268974912214
1257.468868364318	1255.9380364680703
1354.71434731083	1353.41472868567
1319.336869634164	1321.0196270609433
1501.9943936662748	1501.409035764922
877.7593940747902	882.9693689953756
1117.475816078746	1120.35146975576
1170.6416075653397	1169.3509454669966
1456.0226501316356	1454.0312532627174
1629.7960059045872	1635.1085190989584
1126.4004946450586	1127.117700662338
1391.0160072561994	1389.5898930921549
1607.444188474561	1606.9663100054245
1425.6037714073027	1427.2098717416548
1510.984308963205	1510.9628456708137
1011.8065632537764	1014.4362580685197
1441.3436314696446	1441.517114576022
1749.2322266011906	1750.5030222963803
1538.6710669201857	1537.6735501614319
1187.6142526802141	1182.7186027855057
1347.7211911668128	1348.7184921307728
1354.7154364406015	1353.704322005261
1190.1552074652864	1193.9388795636557
1095.281449485541	1095.1714363592032
1322.2692989277712	1320.9728964825365
1235.567558370909	1232.4631093191927
999.2048579667753	1001.3222248609776
1272.3889147761802	1269.365497751704
1501.3122672734025	1499.7561657577642
1257.2736687104625	1260.9872368000263
1432.4784703940968	1431.3148747888144
944.5946913011139	947.5860008949154
1731.3790371957875	1732.570490107355
1334.6578669114679	1333.7956638536596
1453.9002606770664	1455.4149666998414
