1.440980032243772371e+02 2.682612011834290655e+00 1.000000000000000000e+00 1.000000000000000000e+06
1.190297805089325465e+02 2.307281287364701949e+00 1.000000000000000000e+00 3.162277660168379080e+05
8.836126449527792204e+01 1.777744531025563290e+00 1.000000000000000000e+00 1.000000000000000000e+05
5.442486703079806887e+01 1.326928171781675880e+00 1.000000000000000000e+00 3.162277660168379589e+04
4.116856352441961064e+01 3.532144512327409114e+00 1.000000000000000000e+00 1.000000000000000000e+00
3.350429563208896866e+01 3.033278751710239973e+00 1.000000000000000000e+00 3.162277660168379079e+00
3.026387169033349522e+01 9.759263874543661066e-01 1.000000000000000000e+00 1.000000000000000000e+04
2.866372557241006191e+01 2.482733079176313140e+00 1.000000000000000000e+00 1.000000000000000000e+01
2.406146946611186621e+01 1.333834833835308764e+00 1.000000000000000000e+00 3.162277660168379612e+01
2.223179200753507345e+01 6.911506192321472675e-01 1.000000000000000000e+00 3.162277660168379043e+03
2.128891854675435980e+01 7.028294649069845024e-01 1.000000000000000000e+00 1.000000000000000000e+02
2.113081923117069749e+01 6.301521761653025022e-01 1.000000000000000000e+00 3.162277660168379043e+02
2.090164066479683669e+01 4.715220410986477595e-01 3.162277660168379394e-03 1.000000000000000000e+06
2.056525594185804806e+01 6.241034795140597558e-01 1.000000000000000000e+00 1.000000000000000000e+03
1.909084155514988623e+01 3.572230898790498821e-01 3.162277660168379394e-03 3.162277660168379080e+05
1.814099006734721087e+01 3.505387281124201504e-01 3.162277660168379394e-03 1.000000000000000000e+05
1.679985526957766595e+01 3.504287784406889816e-01 3.162277660168379394e-03 3.162277660168379589e+04
1.494276122226592918e+01 3.182504523830140819e-01 3.162277660168379394e-03 1.000000000000000000e+04
1.266081154040508849e+01 2.051392074979327407e-01 3.162277660168379394e-03 3.162277660168379043e+03
1.260229100510849776e+01 2.787012788550059517e-01 9.999999999999999124e-06 1.000000000000000000e+06
1.161845466835573149e+01 1.931500803587666404e+00 3.162277660168379394e-03 1.000000000000000000e+00
1.069194920651253433e+01 2.086326877336550645e-01 9.999999999999999124e-06 3.162277660168379080e+05
1.069174263244711298e+01 1.975622173660553649e-01 3.162277660168379394e-03 1.000000000000000000e+03
1.067220010567256061e+01 1.534671391785012551e+00 3.162277660168379394e-03 3.162277660168379079e+00
1.001228783386753562e+01 2.039661987391403031e+00 9.999999999999999072e-11 1.000000000000000000e+00
1.001090411499131427e+01 2.039491753929138174e+00 3.162277660168379191e-08 1.000000000000000000e+00
9.914939252424508354e+00 2.038716082209608427e+00 9.999999999999999124e-06 1.000000000000000000e+00
9.849532378118958320e+00 1.036101392972516466e+00 3.162277660168379394e-03 1.000000000000000000e+01
9.716726609307087870e+00 1.762718111386963327e-01 9.999999999999999124e-06 1.000000000000000000e+05
9.675758492451443260e+00 2.437926428034936921e-01 3.162277660168379394e-03 3.162277660168379043e+02
9.116410315862747638e+00 4.874352431494162752e-01 3.162277660168379394e-03 3.162277660168379612e+01
9.115894734636622587e+00 2.673434981045768599e-01 3.162277660168379394e-03 1.000000000000000000e+02
8.914107855742994246e+00 1.485270343853405117e-01 9.999999999999999124e-06 3.162277660168379589e+04
8.474860089383856376e+00 1.525582375516822520e+00 9.999999999999999072e-11 3.162277660168379079e+00
8.463705555476256137e+00 1.524207877888281715e+00 3.162277660168379191e-08 3.162277660168379079e+00
8.272296391670332483e+00 1.526961493450401885e+00 9.999999999999999124e-06 3.162277660168379079e+00
7.797012681776301690e+00 1.111328629884849734e-01 9.999999999999999124e-06 1.000000000000000000e+04
6.961834819179604672e+00 9.707117103332087993e-01 9.999999999999999072e-11 1.000000000000000000e+01
6.880622770408303168e+00 9.676011598526496060e-01 3.162277660168379191e-08 1.000000000000000000e+01
6.704421701778715104e+00 9.651397276491242572e-01 9.999999999999999124e-06 1.000000000000000000e+01
6.664153625471350040e+00 8.165936803593104587e-02 3.162277660168379191e-08 1.000000000000000000e+06
6.350303297063424779e+00 8.855995023383059217e-02 9.999999999999999124e-06 3.162277660168379043e+03
5.336918790095412923e+00 8.742023214306472723e-02 3.162277660168379191e-08 3.162277660168379080e+05
5.317457020971746218e+00 4.080000522225178394e-01 9.999999999999999072e-11 3.162277660168379612e+01
5.227755125609293785e+00 3.825246356595868868e-01 9.999999999999999124e-06 3.162277660168379612e+01
5.093148671140856010e+00 8.066377729020419995e-02 9.999999999999999124e-06 1.000000000000000000e+03
5.009683218646619807e+00 4.284214552841516532e-01 3.162277660168379191e-08 3.162277660168379612e+01
4.425007962041439313e+00 1.237365177033459690e-01 9.999999999999999124e-06 1.000000000000000000e+02
4.405843438496530595e+00 1.229076907641980521e-01 9.999999999999999124e-06 3.162277660168379043e+02
4.367405123023686997e+00 9.464220854678571937e-02 3.162277660168379191e-08 1.000000000000000000e+05
4.297661200057031117e+00 2.527564565043119993e-01 9.999999999999999072e-11 1.000000000000000000e+02
3.724749197630354836e+00 1.132613660173661801e-01 3.162277660168379191e-08 3.162277660168379589e+04
3.634499866497674425e+00 1.768439442789976057e-01 3.162277660168379191e-08 1.000000000000000000e+02
3.628214141355478262e+00 1.779160478882090279e-01 9.999999999999999072e-11 3.162277660168379043e+02
3.273381327489032433e+00 9.798628987375911092e-02 3.162277660168379191e-08 1.000000000000000000e+04
3.078937595612274425e+00 1.037191426456225002e-01 9.999999999999999072e-11 1.000000000000000000e+06
2.915402238922545131e+00 1.573232394698575731e-01 9.999999999999999072e-11 1.000000000000000000e+03
2.901242589977675035e+00 1.167978366735560325e-01 3.162277660168379191e-08 3.162277660168379043e+03
2.896584804107104727e+00 1.053748999821140508e-01 3.162277660168379191e-08 3.162277660168379043e+02
2.766822221180924579e+00 1.061950419861407008e-01 9.999999999999999072e-11 3.162277660168379080e+05
2.723752857509984526e+00 1.287035329050402743e-01 3.162277660168379191e-08 1.000000000000000000e+03
2.568922493260215489e+00 1.215484859513940863e-01 9.999999999999999072e-11 1.000000000000000000e+05
2.453263825870225290e+00 1.440693376681899673e-01 9.999999999999999072e-11 3.162277660168379043e+03
2.407200817231864853e+00 1.349001533821541920e-01 9.999999999999999072e-11 3.162277660168379589e+04
2.324797040458943975e+00 1.456509227406852236e-01 9.999999999999999072e-11 1.000000000000000000e+04
