1358.9004129722307	1359.2014532243588
1128.7446700740838	1134.176279185293
1620.2677501743892	1620.3121489906896
1385.5542867396725	1382.057421396732
1467.6972615806735	1469.551394025339
1344.3874544237915	1346.9977535920075
1168.8568800648209	1168.750614899523
1377.1919076877239	1376.2986139255297
1227.8258211488428	1219.5273953090168
1372.1580809263105	1374.3573615855903
1479.9897085487028	1478.5500638621918
964.462251748424	966.0383897198786
1431.4810809293995	1436.8220171790535
946.1801664217783	946.720230246252
1211.3835684953665	1213.9854037486173
1277.9964810766396	1283.8488185895283
1259.866528711369	1265.8706050868323
1049.939173810737	1048.5343952053481
1551.3788179022667	1546.0042231844036
1203.824466596241	1207.612484091372
1281.2364016526844	1277.3127221319764
1411.0548761172686	1406.8283260510916
1672.8453088199894	1671.150384394917
1324.4721519955492	1320.4450033615772
1734.2988086401892	1733.8287308266438
1515.765301282605	1509.251900773727
1510.5728149851202	1513.5667097252394
1147.356565741764	1149.538199732308
1623.725106558908	1624.0729457746904
1545.047315628064	1549.0394634531565
1375.4182058594597	1373.6992331082502
1018.7594048237952	1019.3972770562159
1361.3747408986383	1360.4928512551132
1537.8734952224477	1535.3480776523652
1282.516053405474	1283.6053664079752
1613.7699739132659	1611.5168593969638
1091.294401987252	1095.8732841368255
1554.3819469785376	1551.0963407995066
1189.9265455518034	1189.61646903111
1362.5012901139853	1359.6986228118174
1733.702145323652	1734.3477529386275
1317.5639047388686	1312.3356055344195
1336.8341890698648	1338.9504883322513
1607.4085484359239	1611.911081310951
1516.04939988337	1524.1295593752118
1246.7082807833212	1253.624055397253
1666.1762111083954	1668.1921063678417
1404.181180842861	1404.9804267883935
1457.133886058582	1459.8097500316367
1362.8827827870555	1361.8044412808106
1074.062050778215	1072.2210113910942
813.1626124600007	815.6265528790447
1625.0444326619618	1619.6179231835947
1325.331006984692	1327.664029035759
1314.1213374025538	1313.851536516221
1104.0922783798596	1102.4080850026392
1103.4380994450767	1107.4282262443876
1628.801000745938	1628.6742155460702
1340.5109237926663	1338.1801356102817
1064.3027781708224	1075.2483345655878
1258.5405295704259	1262.3373013526873
1138.8101969855488	1148.5176332396761
1325.6678715476592	1328.2010036987883
1369.206454869709	1368.4085184922283
1172.0185495270707	1173.630995766951
1641.1610078508384	1641.5862188326962
1439.8902984764427	1438.1104989688188
1007.9477364733757	1014.460367007903
989.5992208200623	994.8491106092271
852.8592619067931	853.7936469690216
1152.5624184242915	1166.138692785478
1428.134972022468	1421.5298484696125
1425.6060942529293	1421.3127238433128
1176.1592227747606	1176.3811385573879
1043.9761680091033	1042.4090879796845
1014.5900075479876	1016.7349882257088
1240.960145322082	1248.466930616082
1109.7938964297937	1107.1603457396143
1077.9361305752245	1070.8136393955356
1284.6940241724078	1284.2407796870098
1089.2137419329083	1089.22351029523
1187.630352655804	1191.9509623597737
1379.7534189721337	1376.0451300935545
1098.5225361595221	1101.8042386129678
1130.2695815969491	1130.68545087401
1620.7070936682867	1623.739875347376
1503.6939337670046	1503.3908041170225
1733.827451589692	1734.0360376892413
873.5458995756344	871.7629808391985
1312.957897399203	1311.6425010081125
1508.3023359047656	1506.9843891881546
1324.9992028563865	1324.6314169103828
892.1523459677701	892.3315671438514
1047.0909826346033	1044.8707448979283
1223.1112156956515	1222.3062194257743
1507.315067328862	1507.0786990662882
696.4964900951891	692.5207832032506
985.7566364737868	981.9716617901998
1620.8535183516215	1619.5116920385183
1457.3975813563738	1454.3698399640132
1227.8808287832653	1233.7555624434558
914.8279855813016	915.3933254006427
1188.4852621134487	1191.639915358639
1350.8948245798529	1349.5659740296526
1547.1727524044982	1548.166543985988
961.2163030276424	960.9069662145548
1442.3117255510297	1441.681357086358
1116.375095136813	1114.9509446807435
1485.2376830411959	1485.2844047946076
1099.2838414538128	1099.0044687461277
1362.619803466223	1365.7338313312528
777.5018869891064	779.2197088020066
1308.9709722952975	1304.2223584262817
1461.7621080087556	1462.4340735633716
1482.1477005880442	1488.694649964079
1748.8124411542376	1746.4535914089288
1416.9517088078137	1419.5347626712162
1639.962210146914	1641.9645505012493
1633.0003464502224	1629.354484918142
1160.6607223454048	1163.101093020529
1505.4276015343785	1504.31784856254
1298.0775959650928	1289.1549963600337
908.858364284999	903.0154204955355
1168.5792397894547	1165.9408187735771
1059.2863124307187	1058.781633587089
1501.2293227816117	1498.817594666601
1314.4826476312592	1315.4651466838095
1435.5873313337797	1439.3452594591497
1294.6460042776307	1288.1042095932305
1319.0387561846	1319.5599647756694
1313.1545026802341	1331.6596897532002
1097.0316103242221	1087.9014509184215
748.0333462431881	753.8533688040261
1265.665895849932	1265.2393535380052
1253.4424215851177	1258.113482636782
1183.9384165383526	1177.9612888975316
1442.026613162714	1439.9242453898214
961.2053263437992	961.9623543252565
1430.105612279469	1428.4731852302712
1519.1487657779944	1516.740164658093
1591.1615947726823	1594.1893853672655
1618.589555349492	1616.0604579939068
1277.825042587443	1276.7724027243746
1077.4488736110216	1087.001809961747
1623.3299974488327	1625.607897126229
1158.481392226735	1162.7436980964928
994.0418868144043	996.9257811590918
1489.213251002162	1483.6134224527634
1315.53073259737	1315.1311278822252
1221.8005627585517	1215.6204995045728
1254.0367118846916	1252.9491779028042
1475.968496362475	1477.650136513494
852.304556899122	852.1753416533866
1097.1966634363635	1098.4752676868704
1460.2788436384872	1459.607747316301
989.7275583210285	992.3237225340234
1210.219203724264	1212.9381250147715
1063.7149132722989	1065.9027235632318
978.6720147451852	980.4409081184799
1627.2302111937897	1626.9374378101054
1339.890596989484	1336.244271936729
1247.8213633253472	1248.0216408467797
1145.2032807299984	1152.5683257626838
1636.1955443426268	1638.27374791247
1043.6375110120862	1045.06858339045
1126.3730815747695	1123.6102420165964
1302.3885379259882	1308.5397501195166
1340.5164311087574	1345.5496429520176
1252.0358786114084	1244.6023119349304
1535.214251788624	1533.5745782682925
1382.880084093078	1381.6314173292558
1273.6535839470162	1272.6104735985234
1641.2754320495296	1639.2783407688514
1001.2140023469401	1010.5312425492813
1118.150878785149	1119.6225174147853
1609.8058482781926	1610.969055945997
1502.6381823582924	1502.1320345015722
1045.416029462358	1042.4879845957198
1291.0628626563994	1287.2845083721465
1617.5999622847012	1621.339275709889
1167.2062705834396	1159.1876046895266
1434.0549233339261	1435.4663176053898
1519.888230597513	1519.9799999648044
1274.3931834123505	1271.6367713326626
1268.085558479681	1269.9963297964925
891.1242974320485	895.7194691566494
1493.8676285671245	1491.672490839401
1645.8145180432766	1641.3906502822967
1191.866740524274	1196.4117888597773
1096.019254861836	1102.0046802307327
1187.9986514041666	1185.3312508771176
1150.7464291996148	1156.733976296822
1054.6425726814778	1056.0689343671525
1222.1480073155253	1222.9237026329747
1525.6824484728859	1518.9190022128798
1336.9928715486894	1330.9546997578107
925.8846319716249	921.1491653594658
1004.8880524975539	1001.5703539772101
1136.1029654555314	1135.620687808904
1127.2637867800076	1130.1951862149083
1474.0383135123702	1476.7774568718423
1260.0095526448567	1262.6989845724038
1228.6330150809372	1232.5912849404128
1144.887921098125	1141.3512913889806
1370.2686745963874	1363.6771417458592
1571.6538430661312	1572.8945379696272
1433.631870094483	1427.8242504965178
1173.8545293161296	1167.8098575095353
1392.0808769196155	1406.2505149266376
1194.3996618105448	1194.2507759518262
1018.7585653454298	1018.0783108343556
1120.783605048724	1127.7689788336804
1482.2037010880886	1475.2099730171458
889.3955384904402	885.4477258702453
919.5990224051056	924.7884643251358
1227.4835396650888	1223.5587321214323
1257.0756991724193	1258.5033688888893
1427.0016248052416	1427.575803841291
1042.5570717825904	1041.785965454961
704.2980361693772	706.078759129085
1328.4126479277038	1329.3371968293463
1072.5772779839172	1071.184168342618
1512.465343652846	1511.4287450972174
1409.1303533542086	1410.7303635774742
1467.561265213997	1467.6330482871426
1481.9232554104237	1485.5540382158406
1330.4420823491528	1325.0835488939476
1077.248082530481	1075.7500026016548
1198.9357078328321	1200.0651683538078
1424.7331891679496	1426.9086780845182
1752.6816116103146	1750.3598786457171
1311.3688707847032	1312.6043290226642
1509.5375675909454	1507.4473320314626
983.1857449507806	977.2763176815886
1269.2963099818735	1270.4911661844621
1311.8738495315192	1318.6433314477338
1526.6350335245952	1528.413046877181
953.7538926374982	948.9092936144224
1263.8402954897902	1267.2058733943763
985.0443425940175	986.3450817350441
1176.9428195598884	1183.9316583545585
1514.1980673501967	1514.5797645865468
1094.640819137363	1094.034357228827
878.1209135689278	880.3928885665075
1153.4916738084576	1148.3483668810659
1034.5485934810713	1036.0784987312345
1124.2441177213623	1121.6279796486228
699.7708491417288	702.092284026724
1230.8670924479957	1230.3701888752983
1732.5441317782097	1728.8815795322023
1527.9454004995932	1526.0464908730526
1049.4882163247094	1047.7068935202349
1234.4576261827606	1238.5815819751824
1018.977801815141	1019.2929525376011
1647.79660045958	1644.4548911569468
1153.4229053518502	1152.0244484130133
1211.8864964133245	1216.9013861702688
1566.1838732810575	1567.1062060155007
1146.1276429803693	1147.6508999993644
1330.3629856826446	1331.4545166817943
1191.6437287202862	1189.1266088963491
1203.724517567607	1206.745423075257
1263.847162243008	1260.4957948565966
987.0270351246872	977.2553634102036
1482.0466475264693	1484.589068401173
1500.2928822379326	1496.7943017781795
1267.280152063584	1271.4324932599068
1518.4995412076823	1516.8451349826314
1239.298867417121	1242.4282930325583
973.349624211929	972.4892528561553
1241.1445742487267	1240.6524842564788
1065.574029168347	1061.5372552020908
1261.740484334674	1258.0850181099884
1433.1094049052044	1434.0997009521725
1246.0882403443975	1244.1584233422907
1284.9470177088224	1290.700558101703
1721.9799380534678	1720.6550519434534
1217.809704222018	1219.7430541358253
1107.7497277363436	1110.5807923016332
1050.4495179321384	1054.3382758334092
1004.5690745066095	1006.542294701237
1623.331889157358	1623.3126013889198
1171.8004010851146	1167.19031655553
759.2983461618715	757.3341276894994
1312.9507952237618	1315.6076372382963
1313.4255261722428	1312.9301962718118
1394.1183890791435	1394.3222059774848
1409.3391272090375	1414.5419961235539
1219.5236242073588	1218.9386229056076
1322.7257769783027	1321.0478963977491
1006.1831596630509	1009.2488699912556
1492.177647237142	1488.7161523032373
1149.8753522824263	1144.2427396098092
1426.6710063380597	1431.070457699404
1136.5501156448736	1143.6691579920323
1117.3796101647022	1116.2567540138307
1034.3453973745636	1033.8702703345334
1525.641193690215	1523.3658403148277
1357.3368532751629	1353.8500683046645
1268.1784431760607	1261.52039757648
1372.737179000018	1364.6047927068303
903.1854978467163	899.3319562166579
1033.5842710676952	1033.368115671594
1271.9457792069006	1267.9904439057495
1565.3321099476598	1558.8240352535315
1476.916318928328	1481.006588385597
1453.6323788795853	1452.8489377008432
1084.889792812086	1085.9986520634152
1188.7591139186407	1191.2795256858428
729.0028944322548	725.5566949636926
1230.7869687493949	1233.1445357628759
1262.722724857449	1265.1603274317768
1477.202706384036	1476.890857196173
1273.2867477885738	1268.7991971514732
1127.1135908943252	1126.8058589906223
1254.438332444348	1249.82760609008
1000.9523593032209	1008.4443969325484
1340.3975847022957	1347.1076965339892
1351.3980530256813	1350.1385683958076
1241.7542137926794	1240.9007293669324
1343.1879560630186	1337.141397302009
1269.894671629998	1271.3596495173606
1608.992360631295	1612.3108521051618
910.7671183919883	905.8999757516564
1392.5637910279038	1392.6656677013457
1217.2522004528728	1216.0783369171154
1647.6197801441594	1645.4369612941778
1085.0113509821822	1089.1167624563886
1226.1711348910176	1225.5276185893056
1335.1503633308748	1335.4232769234204
1524.2787654058484	1527.7386307635916
1273.9191053227696	1269.863950757114
1729.945850866061	1730.3521960911828
1041.458632295893	1047.1467910844756
1363.4629377712845	1371.2928941580349
959.4182987550157	969.541458567405
1274.671973407967	1272.812575787378
1454.5315514744725	1454.822961547139
1084.9745686991664	1087.2840904463349
528.6074140086275	538.9982139362409
1414.863955126697	1416.3413409780972
1542.6234141244786	1540.7959947091824
1295.9455045883951	1297.56867347063
1551.9491928976495	1553.2681452878683
999.0824976958102	1001.5019017870392
1043.418890070403	1040.5625234237054
1101.1609126557014	1104.532907629126
1332.1190504700353	1333.623492229759
950.8205114117882	948.6332994192699
1098.2770604071848	1099.161803968764
1273.3243645204348	1273.3348138779854
750.7944241187361	755.1946793922128
1208.1276347911044	1210.6532482942134
1196.9030287284404	1195.4515618396947
894.1188126365596	892.5524531493019
1023.925017985719	1015.6601441401074
1459.8392064151994	1457.8207383484166
1255.7675459258026	1256.6174681455386
1386.300627083372	1388.3792928931005
1105.7588220591424	1105.4355847595689
1072.882068649662	1070.743508712318
1417.7294028045435	1419.15139107224
483.0759866333683	484.0629511293868
1227.9318134029454	1231.9136736585447
888.6687058295938	884.37507543495
1275.4005419989408	1279.71617431514
1449.2767348061025	1447.4223385168661
1190.9487747155363	1185.0165691886803
999.6025653425604	995.6607160853423
1486.4716877031315	1483.967939041368
841.6264263355406	842.4721518716465
1588.1434506049263	1592.8655074922078
1366.0055954412383	1367.513188410149
1342.6829443803872	1343.292373502766
1576.648038821586	1573.6028528692605
1143.700070501829	1144.2332689326342
1123.9593085429806	1121.8250054320379
1383.263415072317	1383.8585840613562
904.5119491302466	907.7029782065729
1194.949784171884	1199.0782678469823
1303.6096629700041	1305.5459744956936
1401.2605038012553	1398.4210966022392
1167.4405961554148	1156.6059151119853
1226.5546926548705	1224.5077866484455
1120.4114785583806	1122.1278622867799
1424.4761315851065	1425.9555775778697
1624.092648012971	1623.385102932715
1045.7499805946718	1040.368523199371
1015.9113351429696	1016.50507972328
1448.9653241297056	1447.273463726521
1276.6754222254676	1280.4113806599385
1388.757880167046	1384.7808524608008
1113.8860569382668	1111.8897677070922
1423.3697801473318	1421.154611986832
1300.4867353336886	1297.0366380726098
1244.9655631048663	1246.851101525943
1371.640749314538	1370.18546693094
1478.9386618499702	1480.540708873669
1200.7302497780765	1201.34569140208
1323.8400372534816	1318.9239160036984
1151.6084282749507	1154.5680104391624
1354.5932095016178	1352.6681160800072
903.2840779233957	902.7383260278509
1150.4991704899876	1156.0096868781982
1499.6067653014034	1498.7180454925626
1185.6776475750958	1184.465298169706
1203.2979028221162	1205.4847079504825
1611.5018481675652	1615.7086732906414
1237.2160284465645	1237.8219683065374
992.2478627849487	989.9261515522974
1373.042776610935	1372.5714019469367
849.8507201619213	855.3008142554733
1337.9499738206505	1335.1405502065168
1599.1753285270825	1599.8863161072513
1140.2460562004999	1137.5656046374752
1156.984082600713	1158.6103708486905
1323.5073459952546	1320.715567125985
1429.0620938970824	1434.6283368213064
1095.2614210310276	1095.1699639166181
1337.782827459072	1337.336373763532
1345.378852330905	1351.5691277114565
1451.3877527713776	1453.2207857550432
1208.837998412433	1208.9521038859918
1510.6873391611734	1510.3905617919859
1156.6292088128685	1154.7790219718402
1113.10724775173	1108.9239323456145
1338.7505020819954	1337.0097518782409
1508.331108313083	1514.388120910907
1116.4789381353476	1121.7779501593893
1113.6357268331922	1106.6288390580833
1486.1300632708007	1482.6914143392123
1447.9100998929935	1445.4291811000533
1106.6700052515953	1106.3405579200391
1051.8835286861868	1054.6918885231507
1464.4602242122928	1463.7312469548756
976.568269264506	977.0998289659303
916.214334753633	921.828876769463
1324.4446717789106	1309.1393563133938
1021.8308272657159	1015.7175223801178
1163.1697351871117	1160.5414538413308
1296.3356127313164	1295.417473646854
1256.8810938840033	1258.779343187631
1061.9053524299234	1068.9492375170385
1288.9749940630572	1288.622104931284
1334.2774657103291	1333.0973881454802
1211.955024458206	1213.489819172967
1501.7924943257822	1502.127507420082
1440.0183611866378	1439.9315126626839
1209.9227337326156	1207.4774471082762
850.1753952207218	844.0983988893504
1763.3079842295265	1761.1569655893536
1451.5888084683975	1447.7917411480237
971.4573652629624	972.9895176883614
1296.0715205244778	1296.9600190631777
1509.3256416818476	1510.8432055592293
1496.2612074646167	1492.7284685028364
1252.545778634114	1249.5296993175348
988.124082543829	983.6770247809787
952.8468317047227	955.6898268335347
1131.4857469262788	1126.3430466171626
1218.3549009512353	1229.3526159112432
1328.1605115371058	1327.9422836156418
1093.832694162731	1090.606758359336
1086.9485458606505	1094.414673574774
1425.5273317153915	1426.616832088261
1165.3166332478868	1163.8905161041364
1435.6413913855213	1439.2900155260336
1137.4815402585082	1138.6229764253374
1290.1806726524665	1292.5657235694282
1092.5924719857285	1096.8953819088072
1251.3923197895347	1251.3578945446552
1013.3434388327587	1010.8014847804932
1155.413594274898	1157.5881891006657
1276.152949968906	1274.32976534688
1158.7101876993402	1160.0333270741587
1279.819579675881	1282.1932894885879
1018.655405253754	1023.1071104501783
1007.4568658940261	1011.2741074986671
126.95108544333198	139.59705687642122
1397.743877851608	1397.8993307668834
1427.0485822878254	1437.7937293124987
1726.1470909136988	1721.2513398580973
1362.4473497809668	1354.0658236244062
799.3564552441239	805.0807467845246
1755.7906924080162	1757.5165153422884
901.9980426345137	899.3809490493802
1492.1961639046785	1488.5004819195126
1303.1243622490147	1300.2404638610049
1440.5741080433654	1440.0215654637059
1345.0011826262344	1345.4612738808028
1265.530168228317	1261.1112195046296
618.209001867086	611.422823539296
1313.5837864167988	1314.6273420979412
1278.9188257920905	1277.040523838733
1073.6546962228604	1069.132053780364
1220.6892905481218	1216.6888395925778
1472.548885077209	1474.3773061370048
1391.8858407337393	1389.6511089354533
1840.362455851311	1841.8660852073713
1161.8724849443824	1160.1363066915837
1584.1271704476385	1588.406614345473
1144.65876450605	1149.786012175703
1202.6079035034345	1202.9011546209997
1512.470246195211	1512.8937379028728
1270.3346126028919	1268.7356342725914
1261.2485386851185	1256.9171525433437
1332.3756463124591	1330.8961667707451
961.9364797828603	970.0006063011376
1073.643442892324	1077.2956787035937
1295.5620982103283	1292.2099940532974
1571.0864769577165	1566.7987123607802
1048.6816887359018	1047.6385835169056
1187.3068178846734	1190.0730203568237
1752.753474674886	1751.1385121366638
1272.316473176994	1274.787491995003
1362.9302769580972	1359.3493305511772
1378.499188206828	1380.9383726632605
1242.8177398750558	1245.924434677968
876.8338803022925	874.8950923821337
1613.068917243887	1612.6219480690386
1093.8890482135466	1095.9889962225125
1543.031356849824	1544.5126742103894
1633.8775064425718	1634.4415931645299
1080.3851052214159	1076.738204684275
1065.3099434340256	1061.8456226385024
1233.4750024177774	1241.054693706996
1486.2410019363742	1487.3733320997692
1170.9965371416765	1171.3046049266156
1581.067376556719	1577.4764414327124
1376.9819006228645	1379.908929415347
1182.2117223579553	1187.816268030874
1639.8668860580947	1640.5433201182777
975.014236487681	968.8498440191798
1301.6629590983212	1302.4606126971767
1476.9195006116643	1474.6456936876948
1032.124567123392	1029.9095170255582
1454.8409985297185	1448.2768869108506
1428.3726228205487	1428.1429089652875
767.8506557210349	764.6124705018792
1079.5658936412074	1074.7558711721144
1335.050187660876	1331.5153958381475
1151.404220690456	1153.5347144737498
379.2731596425001	375.9926497449632
1426.094984637457	1424.601099158563
1155.2322086760832	1156.96896604612
1459.0759440057154	1461.0265655865692
1127.263471081038	1124.9680683027664
1490.174709811312	1496.8897786129596
1302.8122875906702	1300.4275451655026
1265.317349091405	1265.1577238975788
1215.7031724829576	1216.4047393396795
1327.2393338437541	1327.2645097694633
1226.7083963593468	1229.7361760435103
1763.5138971772685	1761.2151810542998
1367.112767557148	1373.5369214242987
1404.6674307682842	1396.463296536312
1478.2071289853193	1475.449494852902
1130.18748032031	1131.4805511975226
1234.9498986155668	1239.472875920417
1111.009633886657	1112.5137606987046
698.7954110003338	706.2480410451462
1198.0267428028747	1196.508217078855
1120.0979880454834	1120.235977064632
1328.6204722609255	1327.7477714363547
1157.2159920080449	1155.8284281201834
1431.8723592995375	1433.455802647977
1261.7151967817917	1260.6073214243104
1193.7971356008202	1203.209424278487
1404.0589442054625	1403.4908192060568
1546.7309476844384	1546.0526922104912
1208.714651501563	1209.7913939716857
1336.815452075447	1335.1310644187097
1634.5731383779494	1632.8101348425057
1332.1628953925974	1333.8980105255198
1209.5031922322523	1213.9169442283721
1547.2337384572602	1547.4066901736037
1246.3717306874169	1247.8723585598252
1342.8191897358338	1336.787555968345
1491.302195981145	1492.8679359336245
1348.9939760671114	1348.6584924479812
1415.9934912877507	1418.391689518716
1050.7810743893206	1050.360932867808
1644.3448417377658	1643.4957747612407
1623.7008700798033	1626.9922774941447
1349.447234299325	1348.0324218764545
1043.111480236228	1042.9470017373922
1291.301146810758	1291.3879213636121
1032.8513820764492	1032.7362531748215
1198.9289410489146	1192.800146569828
1171.1166211790114	1175.2763185684084
1053.4986876196635	1056.3890296469958
1369.9615121664247	1371.2827933793785
1117.4265527989483	1117.6562923405886
1173.9195239068358	1176.503670827848
1446.5245658522763	1447.1288771173747
1270.670260644576	1269.8270039761915
1246.5054935635999	1249.5674381649014
1493.91045713739	1495.875045445227
1118.6380717752036	1121.13867446538
1503.407493959472	1507.3745923280926
1220.378942778916	1222.7635088729364
1431.2698559881828	1430.1542373322693
952.0525529890438	956.4375581234083
881.2261647612613	881.5145452121961
1043.0059930184216	1040.4421478496163
1331.4835176826746	1331.9085196057658
1132.9428841752524	1140.3506342629562
1437.9543377095833	1436.8498295097368
892.9330312846287	884.4273705343929
925.9292875131068	928.5768713046157
1622.0558501159248	1619.0276174650876
1157.6981468211743	1158.75940195019
877.645827013388	876.9596089851385
1179.391214072617	1181.0434878715748
1168.1995276779926	1170.251117520936
1105.6627138774493	1108.4791903231653
1125.443618673773	1122.4209348609634
1145.4722577489447	1142.8173021061123
1330.3164165594208	1327.5222748696876
1236.7210282128362	1233.937208030123
1001.5459835352376	998.7929837440632
1132.1190012132574	1130.457221018541
1372.4917055146361	1370.35904414542
1218.6083922247053	1216.9281866909528
1068.2288646360103	1065.7348026527934
1505.0432773410867	1510.8945053048587
1614.7960279335384	1613.624956232935
1276.6485437692609	1279.6496312170677
1341.698529080575	1341.397857338442
1396.9680882604443	1392.1633788896909
1370.1390770441794	1368.3244729557896
1622.0290659611637	1622.2566510998586
1278.1632806549023	1281.4715960294184
1518.1198286631843	1519.351239918309
1205.491596205131	1215.9368112335471
1106.1567211244546	1100.4118101615786
1296.3106893404329	1303.8556992690083
1273.7518450658245	1281.985190424505
1456.4604265608068	1457.0241703774636
1197.013618760655	1203.158740339885
1519.3581032827497	1516.7980658760337
1526.678651657945	1521.9172160559795
1254.1969952798972	1251.5141950751831
1188.196759539249	1182.626873258668
1539.9933526399836	1538.4800272678049
1485.2738575291296	1489.5445926803404
1350.5409772592539	1335.6194278648504
1197.2150247617392	1198.128212865679
1075.5891958608117	1076.9797904041595
1600.3810053850757	1604.8993950158695
1067.654025387339	1072.7788037393846
1558.77362964215	1560.5570817250673
1384.2923687093426	1384.7456673201993
1005.2848241314059	1007.173676762198
1000.8024465250783	998.9806210988621
1471.929315480491	1473.8574286812739
1420.738393424137	1423.5479441986065
1402.6058309277869	1401.209962474835
1311.6905161261675	1312.9372709260522
1753.7940405267582	1753.5494426016278
1241.7707034173363	1244.336060681346
1231.2654505113023	1232.6480241328948
1076.6610325212823	1080.242575909706
1399.5423669632582	1400.2876996441782
1105.9483255120576	1104.3732714574257
1437.3478522769292	1429.9866506236071
1205.2921527182043	1206.0245191156364
1362.3198359407834	1362.6510031887042
1299.888178370311	1298.3375260160776
1493.5086605700199	1495.2139008149318
1153.9644248765544	1151.2840668456427
910.0552984505775	903.958979680016
1758.7728914314357	1758.2812929843499
920.1259300967504	905.7301683165899
1447.2782061203616	1448.2659394729867
888.3361929326784	882.4819579557683
1397.8398036569415	1399.425693267716
1635.9811078317289	1633.618956190612
1082.8403007851448	1083.3343681317847
991.9038122064085	994.2764945335324
1146.8869859531405	1149.2095821406795
1533.5272441613197	1532.3030353627332
1432.9577019757999	1435.3518973113478
1497.3531075228238	1496.0708938399114
1266.4141790528374	1274.495886848581
1632.1471539199702	1631.8348428424888
1427.1822762176744	1427.077753453678
1218.2452048347914	1226.3648112304766
1075.1680419300683	1062.5749890274956
1520.3589023275708	1519.6372549550458
1483.3937398219714	1492.7885900137828
1188.7614221940166	1192.6071661233946
1211.630544033571	1213.7857370010404
1219.8922602802631	1220.585933193356
913.0136143693817	915.4925754668866
1204.8445962401456	1205.0106466909726
1367.3503404069343	1367.97837093565
1321.9415515788132	1323.332053299503
1182.6467888711195	1189.1280388488028
913.6709328224533	910.6937408904643
1555.1901985998556	1554.5009489863432
1306.3612970674585	1306.5711713489807
1474.9174777633452	1472.3284336831587
1078.1008809708292	1075.376426929907
1136.5655051950598	1134.1241449524923
1136.600819212268	1130.9845650020757
1724.2541916175978	1722.0467259712937
1574.8994482372946	1571.7956911016604
1559.4230340053618	1561.2320265572448
1290.3301912498428	1286.0833577870706
1028.2562192819314	1023.0848751274647
1207.8016803207283	1206.4538516968785
1298.4176351478964	1298.1053655814933
1584.286853454687	1586.163455776205
980.3056504295964	983.9289798095612
1673.3780435396766	1671.5520439415943
1079.1063712649047	1072.7324963899669
1078.924486356991	1082.6094677783133
1392.1069085727213	1395.9631219469052
1368.8063359658408	1365.639475062838
1491.2376181148575	1491.1471363108376
920.6683093223255	923.7701506615364
1624.4658842095523	1622.9786710698274
1261.6419051182747	1262.694078607921
1150.779708048096	1139.7989469804634
1468.7133631753095	1468.0685520683548
1148.662288607302	1154.3236555412545
1180.9223724763433	1180.715209514442
889.7436545311066	887.9736669798353
1640.0196801784914	1638.9697255218246
1048.2089752830798	1048.4630021152734
1277.3987567904987	1279.6634923110332
1285.26374153918	1287.970265696885
1351.7444576287817	1348.0596088926761
892.4491873670486	889.7173434100401
1193.2516983470123	1198.757580928203
1143.143931716797	1137.7177356771208
970.6383681668376	972.4270757525256
1253.580811862601	1253.2615565040226
1275.4902039405715	1277.5785638422115
1335.869323389983	1329.8444451313412
1367.0834036955494	1371.8499627556753
1108.5843505552039	1108.0747799329117
1134.7194210967573	1133.8992734082144
1072.3832624866627	1070.8772949541074
1558.515872120508	1559.2295642683152
1363.9969137771986	1361.0055247488258
1097.6550142767665	1105.6414854656934
1190.2923136575846	1193.4366627566951
1465.19425959012	1465.498269060615
1243.8054553995898	1238.9936307086755
1626.7110940743587	1624.5704871435141
1368.3254327368923	1371.558063983365
1726.3477164295327	1726.8264032361913
1147.9430244005634	1136.673190562707
1536.951391126233	1538.3561725015102
1444.0496744343836	1443.4011126571472
1340.7895200973726	1340.366400303241
1471.1158243153768	1473.7580186310297
889.298236430157	898.3455289993896
1411.7052751814772	1446.0388615418753
1418.72769697482	1420.2503778186078
1161.896858600725	1177.6612179309643
1403.2904676125618	1398.2213405604098
1622.1369678012852	1621.2344321711728
1128.9732983366412	1127.830194084266
1396.925052278384	1397.717050325796
1067.5232026127342	1066.2328336469352
1141.8536535609455	1143.1110321947951
1191.4784334169235	1189.7731933444154
1214.5021557791624	1207.52949322597
1338.2665089913644	1339.9751096299337
1357.0857654847496	1353.0957062614584
1454.4017443729972	1444.0983243841133
1131.3672941981931	1125.4154671114522
1274.9734396835556	1276.50609286379
1205.192369006807	1210.5492434391383
1038.8239367991046	1037.656645850751
1504.8481297537219	1505.066207824947
1036.956068850297	1032.6742577210719
1494.9187908637396	1495.1900164076148
1321.8785991792975	1322.6532085241186
1284.5514609778766	1284.0229027983082
1443.4793918853102	1447.0000754928235
1336.9168373801513	1338.6508314774942
1619.046116714715	1616.7161685816882
940.5803673757036	936.6583547353541
1526.4990292894072	1527.6000171510095
1128.1949806047196	1128.103742902967
1284.6522779689403	1284.81566199598
1309.0701537664281	1306.3078275029159
987.6286823470728	987.7064912958324
1167.6848996445478	1176.8500269790236
1249.2488934993453	1252.708420746794
1131.8732629051374	1133.7998545073249
1438.21787783716	1434.8045967327669
815.8010202787118	815.7265411280439
1620.1920287127432	1622.7200753579455
1291.2373963824066	1285.6463695069854
1128.5020548489701	1135.481752228444
1187.6305638210906	1189.0803429106422
990.059442984988	987.6343585836748
1048.4281740032893	1044.2691025605423
1502.3348442899296	1502.1088683519483
1508.8295135682856	1509.6182780092324
1245.898403304629	1240.851494563161
1646.0450841817656	1643.8804884292979
1300.3114948634757	1290.5713990931465
893.932792868698	891.5432559597817
796.1471265628061	791.6079127965951
1383.9850355566887	1383.314818453435
1509.50264370261	1510.00508355556
1582.8463890869753	1580.9008134636085
1253.7653748428565	1256.388822050621
1335.8264989786258	1336.1909829312158
1316.573357763351	1312.425885275974
1045.4391597638605	1046.5175823047346
1385.9668344159436	1385.7017492007521
938.7184054452227	938.683812475774
1466.406882831856	1464.3795028966476
960.1150634422083	964.9490984337958
1567.2268858259195	1568.1222272037728
1445.798616744607	1444.6842791059314
1517.1726778863522	1512.4377362632383
1387.8667824283475	1386.6166694667174
1101.9406448848895	1101.042432930098
1386.0587849637377	1389.3279592447418
1510.2268824120401	1504.4381512359837
1407.4926753480977	1396.8086900362093
1081.2962389419263	1079.5699557573512
841.9874150063843	855.414685250564
1735.524393388332	1736.207182899057
1196.6599760070385	1215.0385621347525
1323.403228850133	1324.7326252367782
1449.8581925023173	1450.202313008745
1195.9774070743588	1199.3641015311216
1059.7028512184916	1066.221480624037
1115.059384984197	1112.833760638404
959.2465868650761	960.2333768170117
1275.1907250949007	1284.1689778984141
1645.6984874795016	1647.8633336112957
1346.33820295005	1347.7239935236742
1157.5467370881233	1155.0852282396986
1446.2175490322697	1448.7224122987657
1268.3563571742852	1264.1056769368988
1017.5837798253924	1016.2994015551765
1511.1162897815811	1514.0643163196805
1413.6245296863199	1411.4164814330397
1555.6943718484254	1557.272121199274
883.7016645878903	883.8187319652559
1279.8309143739752	1283.5902943010465
1277.7821916723042	1279.7271883721742
1287.4292724591796	1283.2471312620687
1023.7240188137512	1023.9368346299591
1244.4514718998398	1241.3168847678514
1103.5553149162151	1064.8867815905974
1409.5299806102412	1409.002990860607
1133.6603718952974	1131.0991132695024
1343.2513981287193	1342.7295965269977
1084.6120506336156	1086.100187385409
1031.7410539548437	1028.456146650588
1255.2036079693644	1253.9290458216194
1177.365386306803	1174.8748754241462
1141.2921222927398	1143.4080013136509
1580.662816460972	1580.9393540819078
1060.6515253622201	1064.0454609075655
1223.971822746913	1225.8738738910934
1101.844875469833	1101.2807803668586
1221.4366348423646	1222.2899486703755
1386.848835726647	1387.2328444812824
1543.152312267921	1541.5441925629702
921.753757020022	929.0316532275667
924.8105023803073	923.6280116641898
1232.353505672625	1229.2740143484584
1145.1486301297555	1153.1693635727474
1014.2646292322315	1015.1952255161226
1322.6085818030988	1322.9424511402517
1274.7469158175227	1278.0002217313854
1447.0155063128623	1452.4081582074914
1639.2302213002695	1636.7134109506287
1509.213192243129	1508.7439170379132
1413.391306655656	1410.6603697528135
971.2332667083538	969.0988618400208
1248.28512802982	1248.5369386004356
813.0461289049126	812.4982501039985
984.4010812643974	985.710686652714
1387.1908332172898	1382.9531660876019
1361.8399642334844	1360.6162283141389
923.1885186895961	920.6647624860142
1434.7007978636248	1431.006777018296
591.7627315404243	595.7736699685826
1441.0989710632712	1439.6276512736556
1126.182132705464	1126.5941015523656
1197.670954295143	1191.9107949390066
1232.6258348867123	1228.3355950508426
1348.264931604761	1348.7866076393752
1485.3407289193128	1482.8919568661365
1321.271739583026	1321.7167289927327
1057.6311731860624	1054.325450958961
1419.1072170771367	1419.804471189795
1574.383776797913	1568.5423847305958
1613.0619147427497	1612.1067505461376
1555.785041763651	1560.2738265035753
1078.7157228947617	1080.587163847226
1101.0701828603342	1100.8299121089995
1239.3411714822869	1243.7127189705884
1165.7288206644007	1166.7468121849522
1023.6818204943556	1025.6135545955124
1371.430164036632	1379.2672958432781
1178.9071074077801	1181.070004321498
1475.4665111070208	1485.1585269731245
1565.812396047928	1567.609837332202
1184.7363645795267	1183.3689496300178
1101.6876795444405	1100.393245306143
1447.7285558122094	1446.191023047119
1084.0581152623636	1085.573486174628
1372.8929477596248	1376.4901722898333
1104.3647016262112	1105.3853011006436
1363.020234984433	1362.8818621596865
1203.310258479003	1204.982680324895
1460.3533571101143	1460.058047184154
1060.7726116515696	1063.1001024125273
1076.1843800822971	1074.2798856807815
1051.3554313609202	1055.3895881768456
1515.1972287601675	1513.4452794795639
1338.448420715722	1342.6252195300376
1118.023632229335	1122.725880458589
1280.1662298271258	1273.4982706586331
1277.8392807018245	1278.7337311046356
1430.2266053047497	1432.7922273310123
1294.9931052736356	1295.4943469546652
1211.4979422693723	1211.60279498585
1063.5052197723999	1057.923633027707
1228.1022423738905	1224.8494459690328
1301.7487112742092	1306.7223525212112
1503.2864646041417	1500.4908816986567
1100.9998849401309	1097.735490472765
1453.5933856912307	1453.0412460299003
1152.448295561917	1151.2142601816104
1628.5584719090548	1627.9889087825804
1057.7877873007674	1057.4777209449992
1184.0972832768166	1184.3827773496826
1111.3894425945473	1112.4846277097993
1219.798313351639	1217.6966788058232
1353.497689635813	1360.3778288640094
1287.5011526763556	1282.4832620601373
1388.1633312234771	1381.5416336872622
1197.8074314852129	1203.3838068183995
1383.2534241224348	1382.563545185658
1252.0437946519523	1253.0959192587468
1107.6339451788226	1102.6135194654512
1455.762635423569	1455.1698194714477
1028.5890200151189	1028.4850140128733
1403.850575323304	1404.6342211298595
1245.0240913119633	1241.4772647500572
1295.3217195163306	1295.334149745504
1274.8415273487626	1273.7852317589766
669.4676372329122	679.5145533290845
1010.3486230160343	1012.2461542601567
1431.4263017236954	1433.774022250484
941.7963506675733	937.9544068107093
1206.6191631272668	1205.8188381374853
1431.0728737669997	1432.2010155777598
1220.4813428320922	1212.3396273590593
1204.6116016531014	1204.4826680308934
1275.2221770797332	1267.5338027047935
1667.57132150291	1667.8504568776982
1416.720798521681	1417.2712515766793
1290.4975136874127	1289.9681091123748
1724.3223780589178	1722.3073765906222
1268.2381061681372	1263.5675454545737
1132.0691886881832	1129.630820475154
1046.153764390503	1045.435820014432
1417.4182210901927	1421.160594910791
1651.6065887094592	1645.4864140800526
1282.1989039909386	1289.1526533098872
1244.7837695821945	1250.63588666794
1642.8373626985995	1641.3613312057973
1339.615234086552	1339.9601962702823
834.587572234741	834.2977009894121
1452.758082990651	1456.9918833796214
1281.2395637550508	1281.3727711029321
1439.1034129324253	1434.206971517924
1169.977695338137	1169.8388718680135
1426.5217527414788	1424.5917061862372
1406.187692948588	1403.205371649305
1388.1565480438585	1388.4882324750276
1507.0064675150206	1513.9166333447947
1110.6107957236527	1104.733629051335
1195.3848833831144	1196.3533370679154
1288.0055333601485	1283.7578968870994
1411.3600958517054	1413.8265905255694
1246.797017052595	1249.811333692618
1178.1554359691509	1179.6951271794394
1278.7251286637038	1278.1914675674352
1300.0457696252852	1296.9887123187928
1304.6118340934336	1298.7064309183081
1085.6470654836448	1084.869379773635
1255.155828196759	1259.6965842886864
1236.7989883249975	1234.6004768719547
1418.3210641213227	1420.2522023419233
1286.8976809452288	1283.7358059381625
1418.3743262926582	1420.238584112384
1238.9210309708433	1232.7041458484166
922.5611699020665	920.2368396911938
1351.6035151497636	1355.985207058945
1231.2675243539852	1229.4266850052702
1110.163817387278	1109.0332680225106
1167.588311745174	1167.4096281316565
954.4046853908221	959.5397536048874
860.9088401678018	864.4587077205734
1174.6368066408904	1175.8049144674414
1240.3461662010814	1238.3105831571258
1286.5650982432708	1284.5662319494052
1419.1622010886786	1413.3092069797838
1513.7819679125096	1517.1901088935053
1167.8861531987786	1168.5269385793097
1543.9556443153415	1535.3953068065246
1138.8849590436148	1142.0486666336408
1526.53404915813	1522.93314709681
1614.8972732503025	1611.8763592738146
1370.2102849394723	1362.141852242423
1493.641608669248	1493.78204507632
1621.6354914933327	1620.280715078473
1494.643036052672	1493.1532433715763
1200.8578061485314	1201.2504616907097
1215.8684617489344	1215.2522504317885
1062.4978282217635	1061.270514038527
1049.153529463947	1044.2674431706334
1042.9399996286666	1049.0156136929875
1604.0964088368928	1607.2778233942304
1476.1225674502493	1489.2238428621429
1248.5615673683642	1242.6481799001556
1345.4318789217505	1345.6933442905115
1159.2800456561963	1163.6904571819227
1264.8463928686688	1262.2490059378033
954.0166646382131	954.0555368285559
1099.4823796933051	1088.771542599213
1392.213591581094	1391.5541485028436
1252.8104254062055	1253.6133683158002
1245.9438640089065	1247.3995792671374
1429.520562271122	1430.703317587881
1361.5618876593653	1361.2335951564012
1329.4752969157707	1331.3701155707106
1360.2421528881823	1357.4882954750883
1155.6105827631545	1150.4289706083023
1331.1473555538687	1332.5756623832997
1490.228983883775	1489.8598115599248
1485.5900687879475	1488.5585140019843
1306.0570881547173	1307.8334105419535
1238.867761499685	1240.5922553565497
1241.4425881120842	1244.5054908253535
741.4725910786074	741.1815347958927
1546.958576637844	1548.7549036486623
1103.137518061878	1103.722085439335
1209.8462370726047	1202.8146056501266
1429.5265747041267	1430.9218469012612
1120.2948248266766	1124.849247445671
976.1292814226763	983.0592398579125
1083.1942520263256	1079.1092854342996
1551.3155444290896	1552.3264285537148
1374.919537580281	1375.6449266127636
1390.1906559542986	1389.0608234608708
1449.4775838031492	1448.299404295749
1141.9266386752424	1146.7436963142322
1250.074734954018	1251.358863390877
1436.3979301490763	1436.229906609168
1220.2076284108625	1220.0627083117106
1277.1106692314788	1273.4148040880175
1158.4986030569999	1151.8987592948458
1475.186106995825	1474.9192691774224
1427.7578807753162	1429.9735147938773
1380.3456675593334	1378.083587572404
1276.677436993632	1276.153149632107
1545.4637106115115	1544.717768117252
1626.40754191851	1626.2286519912682
977.4115793458186	972.8550324864027
1365.479404324229	1375.2170852587592
1487.0002776139881	1485.4647240742786
1244.038658123929	1242.8732630364632
1402.457301501825	1406.4040786523615
951.1281166011468	951.9541243859642
879.9679452078999	882.9507786681106
1211.1699573732913	1214.0412158711918
719.4791739861394	736.4534735913611
1504.3847169073415	1504.1917387085996
1273.915369757975	1275.1923164434281
1629.9658827800013	1630.9901840978043
787.6793067250401	794.2942495487703
1296.6235788540216	1286.4487894798553
1018.4623117011215	1018.5177379383144
1279.7326374964323	1279.3046414239263
1357.963583144301	1369.2391494968724
1313.391388380027	1305.6391330633246
1208.0671529508254	1214.2768426349105
1036.0077756317332	1031.112761769851
1255.6082999131759	1255.6042633425816
1513.498010278272	1511.480024922731
1499.2307570967241	1495.7605692801515
1309.2155313447292	1308.6980410498281
1200.40976496425	1199.7652670813438
1115.7719185682363	1121.8852907200308
1339.899083336466	1341.53459115155
1392.7124738195853	1394.9411714691344
1236.7200242168328	1233.5851448371645
1372.0487738859374	1373.8166953334267
1536.4098968729377	1543.9491515269972
716.5087902168161	713.3437326413057
1574.0639317713503	1576.0007998859069
992.9363546261156	981.9551034662431
1388.8214580578206	1385.5554142591955
1060.3714787373028	1057.451748183568
1334.906774984178	1334.4026602694637
1083.9247906620149	1082.2500906262312
1339.3238768584852	1337.8095495908726
917.6102934161318	914.9315999355263
1326.3336319622176	1326.8912345926083
818.6863570861751	822.5226374760872
1293.7094572761853	1292.666188682198
1181.5232506104512	1182.877484354544
1139.5594288195716	1148.5025109707258
1125.573324738216	1122.8665761266654
1609.3498238935717	1611.0411334012317
1376.78844457792	1381.0403616869992
1442.4656781113881	1442.1805807720975
1245.045612480957	1251.9237329978498
1165.5912569255743	1162.9802321208351
1283.7628322281525	1288.5219663230594
1372.6960108480707	1374.61755609682
1312.9443326522014	1314.2879751077433
1243.929055913468	1247.066965479078
1567.8978287678037	1565.7593309736878
1249.886936894909	1248.1834264316947
1492.2669078023173	1489.802494447062
1096.3110494568537	1095.6571797721672
904.1987276590662	897.822643606112
1163.2997269847838	1164.7370775950342
1475.103853838984	1480.2656201994175
1360.357405945484	1355.5353341300158
1404.631808359205	1392.82761860368
1462.9905749720929	1463.3312655459977
1439.013434232853	1436.9465802416767
1057.9076358956227	1057.0560931807643
932.8883314089326	951.9339767429376
1604.7499463723507	1600.1414478569925
1523.3940246227721	1519.9562514528432
1634.3156582351075	1634.162578861145
1652.61954079743	1650.4121442089356
1375.479625743872	1371.9542842142855
1461.5368109426054	1461.0819530274296
1136.7128906212165	1135.4148361295163
1292.5603056818072	1289.9660648387987
1141.0870767104498	1145.5016606488314
942.3188368151023	944.3689897906307
940.2490788139694	945.0780496435609
1119.7855255921604	1121.4988667378013
1032.1728854336252	1033.8549099928127
1478.4754099122365	1483.8208165259857
1481.430453194509	1477.4275436414737
1155.821758318867	1155.5547694921745
1097.1122999145882	1104.7174252856632
1330.8014045862074	1330.1400662203343
1171.8501290750282	1171.9323890905716
1263.4266210704227	1261.3081542921984
313.095737904674	315.7874777905466
1092.672822916822	1094.9946784256904
1620.658281156735	1620.8121866856839
1290.212856036349	1289.5472131597342
1248.3976283726515	1244.1849417766691
1047.5867908460787	1044.149340804243
1145.8381418787467	1144.952964348596
1024.0322310808406	1016.352629574483
898.8686727141903	897.0796507158025
1669.6686446101521	1667.9512450361472
975.1686047344992	969.7913022830115
1252.363281396014	1243.128291870378
1218.5424027939735	1216.8530207859249
1199.6154248891398	1196.372588822916
1440.8992987888632	1440.295258332179
1848.7320847638475	1848.194217490131
1040.5948491728632	1049.0841341022588
1483.2878466377442	1486.7286506392388
1175.2710943173151	1171.9341539606196
1120.6299303282576	1123.1751912845261
1633.7759304109786	1632.633824856158
1160.5700374177832	1159.111419964455
1259.944763934589	1257.1138332608004
1273.8842565071245	1271.9949626925988
1110.6777820587158	1112.500020531629
852.2202928202751	853.657493619809
1557.7953651430435	1560.6777170883704
1350.0942285649653	1354.2372937521145
1237.6918616017792	1234.30771232832
1128.2909035151824	1125.8033754159026
683.7291469574411	680.8752314820683
1338.2545636664727	1342.6255199674306
1376.6646969488938	1378.8518265972186
1203.0348530561896	1206.197312737568
1633.2377230230195	1633.761534503997
1493.4396356306388	1494.5690744207698
1666.5398452357913	1668.8276249748455
1242.3423564363911	1242.2823718702477
947.431184096029	952.4676019348019
1323.736240788392	1322.072685983642
1313.2706564668042	1311.506413992298
1758.349882837152	1755.1759742227382
1391.655021731247	1388.176669655485
1263.5890973854112	1262.4372874686585
1346.9191237865307	1347.0141221786182
1733.6073761397274	1732.9117626187867
1511.7891028619197	1511.30818852394
1443.6015060974169	1442.5512133921836
1508.1176541107125	1511.0906352604832
1442.282048347406	1440.7146261143275
1388.2133685765148	1387.5817573136137
1450.5036042519205	1451.2364586198523
1373.7184901433357	1378.0955741463322
1172.8848359558324	1174.0283630259794
1152.5241535257665	1153.3652298444238
1298.2296096703503	1306.166818325468
1204.4128015357128	1202.6023176757144
1149.5048722804058	1151.1928959787176
1474.3362935506448	1472.4506387952345
1493.1831638222502	1498.346435738639
1486.3419235021574	1485.937308527214
1023.3733041647938	1022.0847467273597
1004.0097343512753	1006.9464297751805
1429.3962030884286	1427.9096969152467
1119.045945647027	1119.3135033132728
1302.737632098375	1300.3772622674228
1271.9722012202838	1267.6057207563656
1058.829388536542	1056.3019316925509
1380.4314892673574	1381.5667918047452
1428.5402690488845	1424.0527884675503
1557.9459811946144	1555.5246678775336
1164.7957212846377	1160.6068737028213
1344.166927869548	1339.6891487628184
934.9456668606726	933.613691576359
1219.0328196306946	1219.6195155477053
1096.1735419924953	1098.4230513958466
1175.0321900516283	1182.6173205043344
969.9275991120085	966.6296548264429
1493.7517392557347	1492.433371369525
1338.8857818638498	1338.0702436701586
1185.7342347924132	1183.5704122111931
1217.8831511221651	1220.5930019149753
1412.4620332230406	1412.111123284537
1334.75760879906	1333.2105733251433
1503.4949958307552	1505.6177139309925
1204.2084919037297	1201.3299240255299
879.3222137864796	872.4020580341198
1233.418549215101	1234.8288674388273
1146.9290302136797	1144.6136152988263
1403.338568754145	1405.6567300567792
1016.6936187932442	1021.103681088185
1135.3365775523707	1132.6665057099726
1383.826625803893	1383.253636345655
1520.8504814802436	1520.9931265150237
1211.5297756609216	1214.8731800725602
952.6480753825163	951.4206835693881
1095.0656622736133	1092.0900208131638
1473.353377031337	1477.8710796585892
587.0430134190829	591.5987855868674
1243.0857457799139	1243.5149333047677
1306.4152549718274	1304.8343170972037
1152.3558594479691	1149.9564803732146
1315.655736676039	1316.234402226448
1444.599785348808	1446.3562013122325
1442.7965084453172	1444.9670115468573
1210.2851941449335	1206.3013736898483
1063.0716650700488	1063.525593962815
1039.9049846501148	1046.0370899144887
1629.9666362753778	1633.12518355922
1200.2275659922161	1197.5531989682295
1306.2797041181766	1308.1170687369124
1632.2398863924318	1635.7484229250897
1161.4271256798238	1161.095004069556
981.2672819635773	981.9805688651147
705.6203609162767	707.4015916763457
1005.0210222213354	994.1512404532317
1276.6606232266058	1274.7655326663319
1087.5578523072181	1084.564859334077
1341.1594004608633	1341.2371366675939
1235.2072423810314	1235.4182942981572
1378.1640218637767	1379.3810601701311
1501.4456245650363	1500.824980919074
995.4724539871386	1011.1457675401255
1141.0046745554137	1144.7734875777894
1249.2361579566204	1246.2511717913765
972.5175666494179	975.395565659102
1023.5291644324316	1019.9982417726964
1195.608647948975	1199.0905457444198
1231.263072863745	1229.6771548260126
1126.5283559628297	1123.759553794676
1355.2971920326527	1354.964071830445
1440.4823180895182	1442.3100734263044
1130.2578395333258	1130.095463446908
1346.2675016869325	1344.3662346923809
959.1761338095821	969.5783482662588
1333.503588216874	1335.0826315830802
1182.2240232030745	1180.3645702105243
1037.5750258274493	1026.289418104735
1341.7691019914928	1343.1142637451394
1172.3083621566184	1170.9623536246202
1280.7345701644372	1285.2527155914224
691.507622496385	692.2311090692799
746.3423755132244	746.9721023198557
1247.077004176681	1249.8140783429549
1022.5663572085323	1021.1655000638597
1120.279837786802	1119.3505902152347
1266.8451220687712	1265.7020700052183
1294.7986280492914	1296.741273846948
1135.251799477759	1137.6982871637613
1142.3684256578272	1138.6285870385564
1279.8043181036483	1270.826906778828
1356.3449624519562	1351.6422151471722
1437.3736596401432	1438.3971162984703
1111.723410965642	1113.149559018504
1259.1397355975932	1257.6362970179605
1075.5531114608166	1067.0464847565206
1620.8387650695513	1621.001333760407
1487.788112988579	1479.6254041550349
1384.849811701948	1385.0217705509297
1304.2836643047049	1305.6298949687744
1295.7364304030489	1280.3972784071877
1079.8148501696123	1077.5987096462422
1267.3118986239715	1264.5214504781584
1448.8586533168855	1446.8718842164571
1237.2960167267302	1235.7403137931174
1249.5218690903275	1248.6227743159382
1063.3337359630968	1060.4062562945903
1115.7966216606146	1119.446873476303
1460.4622802234953	1457.2643006288192
1518.7532387486426	1519.4653105022362
1063.4528991318075	1061.3377322052809
1345.420827284077	1346.195766715264
1285.9864213963447	1288.3733310383318
1609.0876759329112	1614.8893500255372
1317.7364184656763	1316.5035893163938
1319.7272321499768	1317.9012527822915
1193.2330890300218	1196.234065970029
1140.2253626360325	1135.9057424212865
1400.2956599378376	1401.0851303350419
934.8933141416346	935.4198798537648
1075.508738782606	1076.9576150473833
1174.2571898771857	1175.198714071448
1249.4305603309476	1248.2375988835613
835.9445894350938	837.328521198226
817.1055850811099	821.765321823863
1350.3488952468324	1349.438691613306
1318.1905664839724	1319.3960114680585
1169.759072303481	1169.7794197983796
1040.6888206415751	1038.5003533933195
1431.649855294614	1434.4529817394173
1347.320578755287	1345.9964330987955
1096.6555611480144	1093.900017647246
1421.9075227079738	1420.1474094397565
1359.7113896011433	1355.2329296078567
1623.2773187024286	1623.735112157441
1444.3710085665516	1444.2771029440073
1409.5603183907806	1410.685412374387
1429.3146494425891	1432.2911473724798
1268.4998184483557	1265.493234527498
1421.2213521962985	1422.8671380210878
1544.544674867182	1545.6486280974095
1214.0186301996582	1215.7869536409457
1306.6845280686684	1302.5169722507849
1035.8131344793364	1034.8542980809234
1032.7553156780777	1034.4588752366185
1365.6999567049497	1363.3721667154841
1380.2519026736263	1379.802320488121
1305.5750102406892	1306.6892057316559
1487.925346685195	1487.9086902328388
1424.7837003493041	1422.5812452039318
1103.6063578837784	1104.0889152194195
861.3257561521314	866.0719291547973
1534.1851934421575	1536.1337640345482
1035.599405533576	1037.5158934862488
1110.9414890752232	1112.9082800806805
1153.3848056028655	1146.6404389099107
1281.6702494418423	1283.4001026730577
1499.4408933925151	1499.5770118825444
1181.2997843226767	1177.7329180446745
1249.0393469416886	1244.7933948607915
1067.762729861075	1065.470788484375
1273.8723042132624	1276.1048622970654
1619.01025540111	1624.6636079707055
1258.0476159417303	1261.3458724232137
1111.5695579568564	1104.6092826230897
1099.7906964031863	1094.7504371466487
1257.468868364318	1252.848303552492
1354.71434731083	1355.2673569415074
1319.336869634164	1323.2020163215561
1501.9943936662748	1501.5649096158004
877.7593940747902	883.5740684429724
1117.475816078746	1111.5017352669665
1170.6416075653397	1169.1702031679977
1456.0226501316356	1456.294875968869
1629.7960059045872	1636.9262492605776
1126.4004946450586	1126.2615486252723
1391.0160072561994	1393.200959857507
1607.444188474561	1608.0057332781578
1425.6037714073027	1425.5249154172513
1510.984308963205	1510.5124895704248
1011.8065632537764	1008.1572210784129
1441.3436314696446	1440.4861728322273
1749.2322266011906	1750.1650998057362
1538.6710669201857	1540.6164157752871
1187.6142526802141	1188.0131972599652
1347.7211911668128	1346.507605279346
1354.7154364406015	1357.0029011814404
1190.1552074652864	1186.937076195913
1095.281449485541	1094.2369754298247
1322.2692989277712	1321.5131112431495
1235.567558370909	1238.0725693672398
999.2048579667753	997.5207594696562
1272.3889147761802	1274.755291743495
1501.3122672734025	1498.994082350946
1257.2736687104625	1260.4083157024684
1432.4784703940968	1431.1189594505008
944.5946913011139	940.979436648464
1731.3790371957875	1734.3791587046362
1334.6578669114679	1332.896904387281
1453.9002606770664	1460.0839409746245
