1.719319540309697061e+02 3.135623570858208531e+00 1.000000000000000000e+00 1.000000000000000000e+06
1.717053901709867318e+02 3.135415152742176748e+00 1.000000000000000000e+00 3.162277660168379080e+05
1.709940067869229381e+02 3.134615389436909982e+00 1.000000000000000000e+00 1.000000000000000000e+05
1.687938045845100419e+02 3.132462893121514824e+00 1.000000000000000000e+00 3.162277660168379589e+04
1.623020790464285596e+02 3.123130853897111869e+00 1.000000000000000000e+00 1.000000000000000000e+04
1.456017225360732823e+02 3.105896419623976890e+00 1.000000000000000000e+00 3.162277660168379043e+03
1.455935237698751337e+02 3.104908743669279936e+00 3.162277660168379394e-03 1.000000000000000000e+06
1.141909359450460641e+02 2.847714110318498193e+00 1.000000000000000000e+00 1.000000000000000000e+03
1.141575729728783983e+02 2.846543024957453039e+00 3.162277660168379394e-03 3.162277660168379080e+05
7.795251644156846282e+01 1.878749278383456289e+00 1.000000000000000000e+00 3.162277660168379043e+02
7.782103004511125732e+01 1.875084831043097866e+00 3.162277660168379394e-03 1.000000000000000000e+05
5.039719367437787412e+01 9.311556361335295851e-01 1.000000000000000000e+00 1.000000000000000000e+02
5.005651510551543026e+01 9.212783925944010299e-01 3.162277660168379394e-03 3.162277660168379589e+04
3.199517620051055289e+01 6.416567781642842361e-01 1.000000000000000000e+00 3.162277660168379612e+01
3.118127992278835592e+01 6.313112985773836616e-01 3.162277660168379394e-03 1.000000000000000000e+04
2.058463056717465278e+01 4.314665351765550882e-01 1.000000000000000000e+00 1.000000000000000000e+01
1.898804740834721727e+01 3.801018059893254142e-01 3.162277660168379394e-03 3.162277660168379043e+03
1.898334476299911699e+01 3.799542319061076090e-01 9.999999999999999124e-06 1.000000000000000000e+06
1.437202038687607697e+01 4.096818896096220963e-01 1.000000000000000000e+00 3.162277660168379079e+00
1.368453363083820307e+01 6.365673984747299841e-01 1.000000000000000000e+00 1.000000000000000000e+00
1.141826673524620972e+01 2.469880673493536072e-01 3.162277660168379394e-03 1.000000000000000000e+03
1.141146088852097407e+01 2.465552439522182282e-01 9.999999999999999124e-06 3.162277660168379080e+05
7.519710006932990964e+00 2.013478554150110733e-01 3.162277660168379394e-03 3.162277660168379043e+02
7.512549474820946038e+00 2.017878523212718878e-01 9.999999999999999124e-06 1.000000000000000000e+05
5.676127232945923140e+00 1.311781035845186461e-01 3.162277660168379394e-03 1.000000000000000000e+02
5.675224152700778291e+00 1.331817694466549962e-01 9.999999999999999124e-06 3.162277660168379589e+04
4.637268121144268562e+00 9.537518623970166198e-02 9.999999999999999124e-06 1.000000000000000000e+04
4.631823751507662124e+00 9.243189008721473809e-02 3.162277660168379394e-03 3.162277660168379612e+01
4.583186364467299434e+00 1.587611687626141743e-01 3.162277660168379394e-03 1.000000000000000000e+00
4.490646932917319312e+00 1.636491405940488086e-01 9.999999999999999124e-06 1.000000000000000000e+00
4.490342283388526035e+00 1.636655843320660164e-01 3.162277660168379191e-08 1.000000000000000000e+00
4.490341319643784246e+00 1.636656363645581924e-01 9.999999999999999072e-11 1.000000000000000000e+00
4.000419548445846019e+00 7.065001056011500913e-02 3.162277660168379394e-03 1.000000000000000000e+01
3.982953860655665146e+00 7.658095786591619103e-02 3.162277660168379191e-08 1.000000000000000000e+06
3.982522973392720989e+00 7.650852105877735398e-02 9.999999999999999124e-06 3.162277660168379043e+03
3.830395129196730863e+00 7.040203052943637407e-02 3.162277660168379394e-03 3.162277660168379079e+00
3.639922060811213278e+00 6.965348769110120408e-02 3.162277660168379191e-08 3.162277660168379080e+05
3.638534652912067457e+00 6.965863460961774223e-02 9.999999999999999124e-06 1.000000000000000000e+03
3.606293424582502016e+00 7.948723647514199797e-02 9.999999999999999124e-06 3.162277660168379079e+00
3.605520295913525963e+00 7.953401204391578883e-02 3.162277660168379191e-08 3.162277660168379079e+00
3.605517847160521150e+00 7.953416078109716569e-02 9.999999999999999072e-11 3.162277660168379079e+00
3.500670455244654811e+00 7.603058173732289704e-02 3.162277660168379191e-08 1.000000000000000000e+05
3.495126724182107125e+00 7.628167533077306883e-02 9.999999999999999124e-06 3.162277660168379043e+02
3.455993877851176510e+00 8.088088514519677086e-02 3.162277660168379191e-08 3.162277660168379589e+04
3.442180654380917026e+00 8.262183491452221307e-02 3.162277660168379191e-08 1.000000000000000000e+04
3.441656549610475402e+00 8.042049224965465426e-02 9.999999999999999124e-06 1.000000000000000000e+02
3.438219903352016438e+00 8.313634361729242694e-02 9.999999999999999072e-11 1.000000000000000000e+06
3.437503764435628995e+00 8.318978115246687677e-02 3.162277660168379191e-08 3.162277660168379043e+03
3.436906398047331557e+00 8.331187780259913245e-02 9.999999999999999072e-11 3.162277660168379080e+05
3.436481216359970059e+00 8.336767607708935046e-02 9.999999999999999072e-11 1.000000000000000000e+05
3.436302892787543861e+00 8.338998182041934548e-02 9.999999999999999072e-11 3.162277660168379589e+04
3.436104777680385247e+00 8.341042122297985528e-02 9.999999999999999072e-11 1.000000000000000000e+04
3.435824998998798119e+00 7.666536783528055121e-02 9.999999999999999124e-06 1.000000000000000000e+01
3.435599166135013149e+00 8.345901106651243406e-02 9.999999999999999072e-11 3.162277660168379043e+03
3.434731587547783072e+00 8.346321568402466362e-02 3.162277660168379191e-08 1.000000000000000000e+03
3.434126946115761747e+00 8.354174661544323810e-02 9.999999999999999072e-11 1.000000000000000000e+03
3.433542915719391520e+00 7.691792799587592044e-02 3.162277660168379191e-08 1.000000000000000000e+01
3.433535715953920153e+00 7.691870953930632360e-02 9.999999999999999072e-11 1.000000000000000000e+01
3.430275453660122764e+00 8.340228968552555744e-02 3.162277660168379191e-08 3.162277660168379043e+02
3.430083742511297551e+00 8.342750868668846742e-02 9.999999999999999072e-11 3.162277660168379043e+02
3.421374477577848072e+00 8.280149907338851811e-02 3.162277660168379191e-08 1.000000000000000000e+02
3.421312105592875241e+00 8.280973524632267990e-02 9.999999999999999072e-11 1.000000000000000000e+02
3.418121169737694309e+00 7.929604968902799478e-02 9.999999999999999124e-06 3.162277660168379612e+01
3.411483353962935894e+00 8.010338416864121180e-02 3.162277660168379191e-08 3.162277660168379612e+01
3.411462469775034201e+00 8.010594700359023601e-02 9.999999999999999072e-11 3.162277660168379612e+01
