978.1580952452496	971.3465749934047
902.6904778616736	900.7041260461917
1672.8453088199894	1668.933259340522
1469.5226910029305	1472.0316088871923
1234.0627120800782	1239.009877425236
1294.9954036997224	1292.9728610176587
1290.932650934934	1289.986428192418
1309.2879930533818	1313.8392130796922
1452.1091110971174	1447.9906504327291
1143.7398276257445	1142.7455393512073
1336.5843108431436	1340.4293067702229
1267.2439332688227	1267.9947737282705
1465.9300098995736	1463.792256953439
1127.2637867800076	1131.0777256781573
1044.2110933785734	1042.3719412309654
1150.2851615120599	1151.0262332202688
1365.0448904967925	1365.043650428706
1327.7839375380718	1325.8712339205463
1042.6047377416398	1044.7524866495671
1130.9860511102015	1127.5652008205982
1138.9614816738758	1140.016793653891
1267.8757135310152	1268.815923391236
1004.7750901940744	1004.021596910387
1551.9491928976495	1551.9943731691
1408.3605520448182	1399.409418169242
855.6057265445124	848.3273337776056
1318.4626556490548	1314.0038668634816
1274.671973407967	1273.1181385772918
1660.6609611054882	1661.331868983006
924.6837092798087	929.459639822989
1321.455001281458	1318.8831597292224
1340.2784113257076	1337.2951049492813
1752.6816116103146	1750.7668868083135
1107.8048730358132	1110.4271326854184
1054.8851097692386	1054.4503634468085
1382.0006868868659	1382.0795616335756
1153.3236186806462	1157.6328900498193
1421.623172130785	1425.346634526026
1004.8308041683049	1007.0308660922026
1390.278494027938	1387.8317257066963
1116.5464929734298	1116.6572062949926
940.5803673757036	938.1771098198145
1496.2130376189307	1498.788635943874
1080.687878364668	1078.5778940857317
1454.9120431149204	1457.9499635431032
1624.6297879442573	1621.2895474191657
1264.502046681504	1259.343644437971
1187.9856131600682	1192.2562889231956
1584.286853454687	1586.124861632103
1533.6675889627368	1537.2694758699297
1058.5029891883314	1059.4380999995844
1349.4170041467587	1342.1448167968556
1057.6311731860624	1053.496905970441
1228.9683628354687	1230.052633173081
1507.879078996746	1502.5649020323488
1175.66254158417	1178.7680325065526
1075.7493582573952	1081.2784134499454
814.4344029892382	820.2910502238077
1162.6579928883002	1164.8481386393594
1331.2105786076863	1331.032758242004
1373.8736534722848	1371.7430537272644
1639.962210146914	1641.9063536950648
1635.0721643901488	1639.7768039864184
1018.1881812530046	1018.2537026557942
1424.7611241378763	1428.1353295772808
1056.5810260448488	1059.8678816620254
1380.9682842018374	1376.5592071046776
970.6383681668376	970.7856619104501
1447.0155063128623	1452.224945561694
1097.7893312350789	1095.8749117920975
1212.715897741	1213.1257276903527
1540.4538732592482	1542.8546680363065
898.6408142907021	905.2117293679983
1283.5647782987508	1280.6713614722025
1591.1615947726823	1595.0215500965664
1144.1076115107862	1139.3602793863786
989.8746798302454	987.7416018612907
1228.1344219952298	1225.501803149704
1363.8641630378843	1365.9218909963904
1342.8445297007856	1335.1452876367493
1683.1705283788033	1681.3601364630467
1231.0610029345844	1232.596994855368
1117.9365913902584	1117.571469744163
1243.1986397857545	1247.7939254040698
1477.6311112983385	1482.2755590964885
1265.8343716363015	1265.951456714897
1309.3094172464334	1311.9768433819345
1429.520562271122	1431.5282376101813
1329.4399179217871	1326.3398545400607
1388.8214580578206	1385.5188254582113
1111.1955204098194	1105.2163676818957
1478.5610869875236	1480.637932690803
1187.1838647669356	1184.7333265998636
1151.6084282749507	1155.0094790150752
1343.1879560630186	1345.4770488119611
1294.3467946163146	1292.0900481501553
1098.3233375949203	1103.3707558606384
1179.9394686257874	1183.1391202668133
1254.7785395299725	1255.1984678170465
1545.4637106115115	1545.2356942282272
1763.5138971772685	1761.6923981757297
1217.9730590988765	1211.3000874679155
1618.459543366218	1616.5524931279394
988.0363558160607	995.7326940433682
1285.3330470621586	1281.9960320656767
1307.3927405666036	1303.0039279949783
975.2982501070073	976.7217047803598
972.6269391252426	971.1744910318474
1137.068187417637	1136.3941385552525
676.3705526930862	678.3477085921388
1427.7266710237018	1424.9987214814469
783.3299005165172	789.5784034996116
1174.742852509662	1171.5240213186923
1576.8614383164968	1576.8318860390652
1257.0922451052757	1258.3739430783492
1335.1503633308748	1334.7072780165709
1455.0498492106271	1456.6283272290698
1076.4639803082391	1075.9059026521472
1239.3239637157822	1238.9542099932592
823.0146575269464	830.2238116428504
1279.819579675881	1280.3554913737617
974.8586878450005	973.2320145074175
1461.1118524360645	1463.1649630272686
1347.2748554230784	1349.2869208112566
983.1857449507806	973.5831742712825
1141.191848231625	1139.0417473263365
1096.1735419924953	1100.8033683056562
1494.504871015175	1496.3234403535466
1465.252842397109	1469.3875607582986
1067.762729861075	1065.6500951196372
874.1913950182789	875.4542256424727
1494.9390952759713	1498.7358846805405
1048.6816887359018	1046.488116827496
1368.112040611537	1370.792737733878
1107.342064729426	1109.9785834314957
1164.5061351105978	1158.761250581187
1234.2236924666504	1233.506104031202
1287.0685502994165	1282.3156770618289
1165.3830119582126	1162.6585115538412
1078.8364929805975	1080.7188535337657
1261.464869509422	1255.8007297474862
1160.6153776539431	1161.2910128451897
1071.847530033876	1064.356725475335
759.2983461618715	756.6939992468376
980.2968084832537	977.7440537670781
1535.402777909243	1537.1266394107172
1390.4436312534963	1394.7492450929703
1094.0985379033664	1100.7705141878432
1556.1370226820873	1556.0949285038193
1577.0289740625012	1575.5010700813464
1616.6867066188133	1620.8100361276051
1094.518978930486	1086.2817842639456
1095.0656622736133	1092.5702689135635
1109.13011192868	1102.8021648812958
1279.325906676153	1279.66757386005
1213.9205940127722	1211.035031051602
1475.103853838984	1480.7704017245608
1288.4785295970505	1289.5893672545005
1049.559963101463	1049.1777423592325
1387.6091993029695	1389.3606543463404
1485.3173080515699	1490.8468188872378
1285.8020167192153	1287.858089393345
898.2398266477103	897.2090765435829
1666.0677455095574	1664.2369902909597
1387.2877120580233	1386.0631153092497
1291.4299859236635	1287.8194228197597
704.5928936224227	699.7897413054446
1348.0589843510534	1348.9199108677408
1131.2617191178142	1129.1507374400326
979.1223953889275	976.6606787340943
1051.3892104791012	1051.919436488274
1405.0019560949004	1399.353371426113
1419.9220498383802	1415.2865496972342
1138.2138452123618	1144.3499593155102
1249.3792654644058	1242.8958348145818
1426.3325950024591	1427.4773369488314
1488.2011715108238	1493.2988363492793
1005.4766365898249	1004.4579643599888
1292.1703753810143	1294.4451482331801
1512.0727458251058	1517.192615446204
1538.2224526715872	1541.471287832147
1327.6454161229485	1325.9052250450347
1331.8920675156987	1330.3247970093653
1476.1225674502493	1487.36164123956
1504.6566445214557	1502.202096184782
1209.9227337326156	1206.8752958591613
1273.0071098821936	1265.1108814801485
1533.0797293199867	1533.8552338065633
1623.7008700798033	1626.0214193451661
1352.6103275001224	1352.0936823611855
1236.6890924943436	1235.2692406750732
1284.0199064138287	1285.2205622902943
1070.1421148387599	1070.1773153901927
1633.2517687120126	1631.9492247430755
1164.1683251403156	1177.2666862367375
1136.7128906212165	1138.2993656205765
1236.484812553681	1234.7982757184768
952.8464083145664	956.2589631632104
898.8159634169715	903.7911912417919
972.0145221015555	973.377766741384
1219.798313351639	1218.9456263532177
1321.0433898229676	1320.28685531054
627.3580315160798	640.8130139129552
1491.0668713786872	1496.1356176278218
1402.910561081546	1400.9484055135413
910.1876356891589	913.3577953811346
996.1832098591258	1013.0840175132389
1299.3107114124286	1298.4799545537344
1357.465563188569	1352.282339629221
1087.592522525345	1087.82166118991
1481.430453194509	1475.8919098331473
1318.7719700929301	1318.3700800484755
932.1880167139461	941.1697608898959
1022.3275965425419	1024.3008126489685
1038.4499095390493	1042.50645873674
1439.013434232853	1435.8747748857947
1290.4975136874127	1286.4574966182104
1637.3138535160106	1639.3025005488985
1297.600764684088	1297.6012785588464
1472.4539402211958	1474.83965057521
1130.083297396981	1135.56952549801
956.4737036694714	959.4789334683308
1262.7550126199203	1263.5474655260944
1245.2325399514812	1245.1324772415617
1001.5717789223418	996.2021340836206
999.0691513033526	998.0582767685374
1159.2937996898545	1155.4807994492237
1367.3503404069343	1367.7322889532306
1536.951391126233	1537.6494676822708
1175.2896636447113	1178.0495112494973
1090.445074456802	1092.1228892329534
932.8883314089326	949.1334933640178
1256.0277127930312	1255.2653510433654
1328.7752044952358	1332.8588147840537
1338.387549685489	1335.3514896125341
1221.3063505162136	1224.5873449108049
1223.125408161868	1220.8819657830309
923.1885186895961	918.5151739140779
1167.2200210842711	1163.4857285564906
1257.8226959701278	1259.846071955954
1481.2284824849921	1482.8101087010987
1269.088301327778	1268.6676042794327
1669.2334989242954	1666.8227701670442
1223.0825561051897	1231.3271269020472
1372.264804681734	1373.5606029012522
1370.1390770441794	1368.5679438805803
1110.9414890752232	1113.2125546655484
870.1886839125073	865.7465233462431
1384.6469418696943	1382.2022787052924
1358.9004129722307	1358.2520655514254
1277.4217769994284	1271.9024050550172
1190.2923136575846	1192.0144902373004
1306.4152549718274	1304.5089357863415
952.4887980257918	951.1546327962961
852.304556899122	847.0988100145244
1090.4958378026786	1089.244091111282
1009.2944600593473	1006.5338948779781
1240.2529470678128	1244.9893844616352
1014.2646292322315	1013.8187226132669
1527.5242180262867	1529.334265612667
1196.3670235102763	1186.9669106553972
1369.8062501320674	1372.344953240573
1045.8782999362738	1039.2703661862208
1391.655021731247	1388.8927702354915
1376.78844457792	1380.4510053104618
1426.094984637457	1424.0543780921282
1753.1176317550126	1754.6647184471149
1305.308992946113	1306.1209408342959
1221.181603474106	1221.404871815903
1361.4686177873518	1363.2943286120146
933.5961282629578	930.4363563678779
1268.3563571742852	1265.737030660685
1104.0922783798596	1103.0468050330433
1361.7222815376008	1364.5709576823008
1136.5655051950598	1135.3526689662274
1202.4990036686359	1195.0311022546855
1455.7644998999604	1456.7232867493767
1187.3068178846734	1190.7806577741133
874.4911908313225	883.8074169499534
1166.87826225147	1155.084890558577
1323.8789003517013	1325.835870630854
1319.8237543629075	1312.0441112776696
1300.3620365472452	1301.6934136737443
1214.0186301996582	1214.9769409252658
1473.7906319556932	1476.149637941855
809.4735010759323	809.7738909169943
1552.8770964420983	1552.1017762422575
1415.1490136796783	1413.191467500708
1477.4367739242152	1476.7550144856448
1218.5424027939735	1217.1013011917332
1552.3196810067457	1547.296466345797
1257.7168317247997	1253.7494072784773
1416.7115389866522	1415.8553862201793
1061.067029494443	1063.0997873112822
1535.214251788624	1533.364091951956
1048.083179559646	1048.8894572017023
1163.3190977405757	1162.5432067269892
1309.8697693507129	1303.9995820439528
1543.0852351795475	1544.0366369731717
1615.0792373054137	1612.5677155438373
1228.5134468429023	1226.5657161305135
1276.6754222254676	1279.8882528806091
1421.969847988832	1425.9392538900881
1178.6339490231185	1181.5381543848719
1474.4505628542101	1478.6410830024581
1170.7819874193228	1171.1364487594444
630.793095598754	629.5791612217077
1042.9811681238352	1047.1668305357753
1276.6485437692609	1278.033943638188
1378.1547199756315	1376.1477672834299
1250.074734954018	1251.757356077333
1373.7184901433357	1378.7690870933047
1627.3021273950872	1625.3108191064218
1093.2631177165022	1089.9752700388062
1510.25618037596	1513.0359485105255
1364.261066555424	1364.9269070695213
1091.0576946643414	1085.8308977894037
1210.219203724264	1209.3248572909258
651.7709624572599	659.1225728934281
1001.3529597021115	1001.7262686951672
1272.9476461670129	1267.6689203957317
938.7184054452227	937.2206175172722
1072.5772779839172	1070.3699905115502
1039.1171277183166	1036.7575422561938
1250.5388880954997	1252.018547435896
1753.3124382389942	1748.645535544579
1160.6379908142262	1156.473266075606
1352.900377978367	1351.215803485867
1361.0481041131134	1363.6216147022399
1185.9555025938607	1179.5276040470908
903.4320079079189	907.1604470476537
1001.5459835352376	998.8246508596488
963.5133148924797	963.3188387858996
1289.723398970702	1288.622702098309
1360.0776841971383	1350.8563606105695
1288.5937212519639	1291.6725615219614
1326.5531198511599	1324.4277978491384
1610.7094399505877	1605.1606245276917
1521.5444952611579	1519.046120851877
1160.251109712175	1160.085970843552
1214.5207171824586	1209.7462701495517
1351.6795825597073	1352.703354076301
1456.4604265608068	1457.054236796337
1624.092648012971	1624.1700390217916
1433.2585910848575	1435.205365146851
1252.3432611781463	1248.7625052867306
816.344279381563	809.0678308337855
1502.949899944564	1505.580322866049
1164.7957212846377	1162.1199679512122
1203.5045029783505	1189.6141961991575
1518.012520739343	1521.822856693434
806.0890296822181	795.1250960636858
1075.508738782606	1071.1766003496
1185.7706991800806	1186.7355398652726
1392.3729748186888	1390.0265329870415
999.7585430988111	1002.401000857008
1303.6096629700041	1305.341047386798
1287.5011526763556	1283.3442687156921
1460.719809402246	1463.846615487904
1495.1117945459555	1493.3795374347894
1244.596437796863	1241.162100762893
1127.3462549737596	1119.6395905852078
1246.1020987106021	1248.230733379053
1207.8759326125728	1202.1642050336454
1517.187350519147	1516.7875134075357
1553.3882052049448	1554.2872502453301
1733.827451589692	1734.6153500678656
1118.023632229335	1128.0604298828935
1645.9956317085016	1646.8618804245193
1490.228983883775	1488.9551504772849
1296.0041545615823	1290.5678133764266
1294.2502713618742	1288.8548639361943
995.8845759991091	996.688266297415
1317.922492188256	1315.2794438402505
1106.6781365295465	1112.027769530719
1177.0614469702996	1173.757333304294
1520.0214776974171	1520.9161879646763
1518.9162580399425	1516.771472828073
1561.0666742125177	1560.5256789172993
1018.7594048237952	1016.4324997199597
1338.448420715722	1342.218098496062
966.7044891031692	970.6229616928323
1407.1247290954343	1407.3351237261368
1229.211491206137	1225.2585654393026
1444.9455241294927	1445.9898972425892
792.0390872919525	789.5380282701088
1440.4823180895182	1439.6785200966365
1463.3590367377328	1461.2214390909908
960.9060430240061	961.818873738249
1544.544674867182	1545.2535996334948
1195.1379027269722	1200.9621314863718
1429.014530338638	1430.338463036161
1495.8329671605898	1493.1910730434656
1119.3807160719298	1119.4426575337604
985.2097641717119	986.0543802461624
1215.3492363162222	1213.8306040911207
1081.9990486386232	1080.8709874211067
958.939387434395	953.7037227269991
1188.5586815117567	1186.643793207533
1139.991914948827	1135.4257875530902
1129.4503249108093	1134.2342354481173
1063.1110241800488	1071.7929143246101
1312.9267302638036	1317.8660458001646
1344.068608598638	1348.2953920875607
600.8000391023379	610.4450398841581
1371.430164036632	1376.5386390342003
1220.8352768972109	1222.2695036549474
1501.033902441006	1499.9500318648047
1366.512949154334	1367.8478037313216
1099.0295029221452	1096.8858832201065
886.4463303667726	883.6277721893418
1284.2895694421022	1280.6318029366944
1352.2683169998345	1356.3412680972722
1734.2988086401892	1733.7387888103078
1126.0416126162454	1121.8863551007885
1219.9775189995416	1230.0831578235354
1332.736403946299	1300.8572460069863
1610.307240856142	1613.906994075457
820.1786395964737	813.015445614128
1369.1188475629606	1368.3895319597998
1840.362455851311	1840.6616153442837
1239.6685975750152	1241.4048641649013
892.4491873670486	892.5847821348442
1498.4390997035662	1501.549190389322
959.1761338095821	969.4286526728226
996.5698625651421	993.7536629133509
1407.5117234342906	1403.3294733544953
1435.1612212725158	1435.854467811208
1278.4714009207964	1276.6464912629629
980.3948834822513	983.2592789475608
1098.0441687709244	1098.6478729288701
1203.724517567607	1206.847520578791
1084.9210139077622	1088.0411656135022
1061.334181393613	1059.8195976578572
1060.3841672439012	1060.5559157003277
1240.0850199041597	1237.7410198716284
1186.505867148895	1179.087400722214
1213.4008749199857	1211.6597071107158
1411.0548761172686	1407.1516036468058
1478.9386618499702	1480.4475204309667
1343.3883557231165	1340.6754426983775
1225.1074910178722	1226.8940410573796
877.8540451721346	875.4792541777102
1388.1145565733023	1390.8125915138119
1497.5824426318577	1498.7099932853134
1041.458632295893	1045.784610569172
1246.797017052595	1247.5497527603195
1167.772924540419	1164.6916338463557
1327.3935449351848	1327.7908107047235
1313.4255261722428	1313.3836340762537
878.7575787648675	872.9500061466684
1221.1889694313868	1221.0788821480514
1318.5629335520207	1321.8251626238682
1273.2869482102979	1272.7869462928593
1123.3675007578277	1126.3729515615587
1376.5897371882165	1377.4613745000177
1454.2818203702918	1454.17760624783
1178.944148534676	1180.3315541390443
1155.0133115015924	1151.8239888936573
1042.5570717825904	1042.7401972047005
1330.4420823491528	1325.9930973575115
1250.6989717517572	1247.4523621581375
1220.0686566684744	1217.8726684810056
1378.2086304147088	1377.5931796204047
1341.0640799169196	1334.4334741916834
1118.150878785149	1119.5603609354175
1235.2328220287745	1237.9298800201464
893.3120812205889	890.5102959689484
1101.9406448848895	1104.2672334415738
1092.5924719857285	1096.9002023587784
1344.3874544237915	1348.1912663405196
893.1258557636902	889.414843556299
1441.5815469099034	1441.4152218458107
1378.7308695154788	1381.103478990241
1256.1154838792863	1256.9284002052004
1443.4085393623973	1442.2199333148171
1259.866528711369	1262.9994649852342
1276.1565904200543	1275.6081390530471
1356.962425986625	1356.3023389572702
1441.3436314696446	1441.0331366639493
1396.3773228545324	1393.6108454755995
1315.696358252666	1317.7973686223008
1333.696210717375	1334.954125368861
1026.9732385813259	1027.079559710571
1335.869323389983	1331.2627678508732
878.1618444787746	883.4135674534666
1573.5828766125778	1573.0075517609562
1380.4490547174355	1384.0793945871999
1464.1943621578102	1458.4650319709467
1337.6967100530746	1335.9969656693936
1382.6419261647388	1382.931216890415
1116.9614674439945	1115.8626798237742
1517.6989755571412	1515.3054201684351
1591.5048082373687	1587.249239062151
1589.3913010183314	1593.022384899586
1398.715106135758	1395.0806790955394
1646.3721985153097	1643.2930279635918
1340.749785864522	1336.9806155072386
1582.7784883244021	1582.0079725584085
1191.8985343907552	1191.72336302476
1194.949784171884	1200.3700271464534
1282.2809517861751	1280.054728027271
1375.8318567847018	1384.0554594658859
1267.364180690376	1267.5142560407685
938.6625168625033	940.7463929176125
1076.418647106766	1080.962154089643
910.0552984505775	904.8598705146269
1131.9123916741519	1132.6916935437466
1519.3581032827497	1518.5864204096044
779.6247313483909	781.5168836917161
1477.202706384036	1477.3200577355788
997.5309815691726	997.452936984311
1608.279031751037	1611.8712674824915
1437.264919577021	1438.8224442668777
1218.2452048347914	1226.5268631329245
1557.742134255357	1554.6153388837838
1161.1737859838177	1161.931451696085
1203.0882282564417	1208.712721846329
1370.1152862085146	1369.948989757428
1455.6656511691108	1450.3697349332042
1012.164914313762	1006.6509320320658
1055.1335355335614	1055.1294569266101
952.0525529890438	954.6517557104474
1275.5193746661535	1275.733467204404
1430.714123679325	1430.7543380190584
854.8104135325993	851.5544300911992
1023.3733041647938	1022.5356145632817
1451.4154296125052	1458.0999029768884
1261.7151967817917	1257.7509237136633
1155.1467559502344	1155.9124735728699
1204.8399769199314	1204.5609241208563
1447.8977667239087	1447.5772054318454
1239.298867417121	1242.691455117775
967.6132077963266	966.614829183339
1224.3970260759816	1214.8277627288314
1493.7769816132495	1495.2776799541264
1424.386174915795	1415.0449771250067
1430.198067955469	1429.5517348658677
1318.2438635776343	1311.4347682817393
1305.5750102406892	1306.602396797255
1252.0358786114084	1248.7317654558742
1226.5639402816014	1223.554159429966
1201.3063853399071	1196.7873108696092
1151.9896158181655	1152.3167108505452
1734.796728273417	1733.1755431203392
1022.4191900518199	1021.8645999917492
1440.9761132001295	1434.6737906133496
1166.7496497801912	1173.1862074113405
1321.7848786631948	1330.9810187784765
1502.3348442899296	1501.2835857129826
1507.5330596738204	1508.3957914974112
1234.2196690240526	1232.22940515442
1641.2754320495296	1640.445429904103
1302.658482555271	1309.159646200127
1175.8174536287552	1177.0593663909806
1158.6839032856224	1157.706503581412
1210.2851941449335	1208.5380451788672
1094.640819137363	1092.3624541712727
927.5376394317427	935.966703218975
320.07632849752554	322.17719999532187
1327.405939479795	1334.8544100459076
1171.4851607033052	1167.064194249328
1629.292399903381	1630.7165978609387
1186.6939864492451	1187.9935767506972
1323.6111821192608	1326.7616513478547
1302.3885379259882	1308.1723741434316
1196.5342623469187	1196.958930562895
1537.8734952224477	1536.0849115215108
1246.5054935635999	1252.8100531958212
908.858364284999	903.8895215913645
1400.5100312438444	1395.1332127712453
1389.646241084789	1390.432662369188
1350.811269994767	1348.5392289371614
1313.391388380027	1307.3343218099992
1150.1062322974321	1149.0022208923576
1306.0570881547173	1309.0795738143934
992.0238636852882	985.7381763867111
1455.4857379568857	1454.0364495203823
1096.72068008699	1095.6151933015901
1103.7833398615767	1107.009357816122
1322.619454552565	1319.5694053312266
1510.4191730951134	1509.4580774939918
1331.2566785284143	1331.4731690900949
1153.8180384608859	1167.5503993696916
811.6724026117008	812.6292424455893
1289.0599828051345	1289.0998161970163
1202.6079035034345	1201.2803186178971
1168.0109453633195	1160.843512088206
1239.8367380388954	1237.8477992093797
1508.74614900272	1512.504328930322
1621.2728905848053	1622.251817983122
704.2980361693772	704.5202879694167
1145.7076968217443	1146.0619104345162
1146.635856410663	1155.9220658251024
1284.4190582806186	1280.0082293699643
1332.1190504700353	1332.8638118927352
1621.0200986484997	1621.8095874096107
1382.7443952871836	1382.8656025745972
1193.2516983470123	1197.2068272770769
1235.0331541018677	1235.8242432957206
971.2332667083538	969.2780553682107
1622.8882349114574	1622.1234465133025
1373.5838689587254	1367.729616004531
1329.892682628415	1329.8043587804016
565.3556809416041	562.5620169619796
1020.6870710698422	1021.2870440511116
1379.3778998380003	1381.9524826621455
1540.9883361246902	1544.5735047451647
1137.6612118032062	1144.0018715918713
1494.104744818731	1496.321634915951
1631.87252807591	1632.1141239421918
1390.8726476283919	1388.3595240902612
1493.4658109682496	1493.445498737029
787.6793067250401	795.1475792380588
1230.7381259866816	1234.799767737563
1442.5779291242652	1444.4809072510113
1269.9540037801198	1265.9672636659634
1276.697223350493	1275.6925170925786
1291.3282680498087	1293.7356655682972
1325.331006984692	1327.1267914357215
1553.8684219559364	1553.9902538883155
1258.4782142844342	1256.3835734421964
1550.8494238536514	1549.6640874007292
1130.4233475459332	1130.8720676209273
1209.22691906002	1207.5821873050916
1308.6578886176867	1308.7741890876514
1141.9266386752424	1147.2385356912446
1174.5971762703266	1169.3207147995104
1401.8187744859606	1396.680242203277
1154.3934916918224	1149.4330592130195
954.4046853908221	957.8951021763482
1013.3447956305172	1015.1554453319628
867.0918195326085	848.5954107334409
1258.8651394396147	1258.3239642667295
1124.2441177213623	1122.9019098612475
1139.5640207827382	1138.972842914531
1173.6532870835217	1173.9350330363766
1402.890296477999	1406.607079543002
973.7779478621669	971.357619928925
1335.8540612118086	1333.1527747244977
1279.1832715022028	1274.2027728982412
1471.929315480491	1477.0697503449637
971.4573652629624	974.2345492570698
1431.8723592995375	1434.2984383570615
1280.276164773124	1279.4437539309765
1132.8009135000175	1134.4284633788561
1836.7523071652395	1827.0154296872877
1335.8264989786258	1335.823069739259
1014.1976975364378	1010.2859907436199
1320.7215436623374	1320.2284753355427
1145.1497065284057	1151.320786919284
1285.5392767256417	1286.42711035531
1337.2896194914938	1336.0890662448062
1332.3756463124591	1330.6991884142806
1365.1137916404696	1364.1331651492092
1574.0639317713503	1576.5290443433341
1349.6244822260924	1351.6064651484764
1448.764134950412	1457.4426556604
1216.2368318422814	1212.8958818818548
1102.9073496707715	1102.7897780669884
1242.8731162139156	1243.3907398482042
1368.3976044842857	1368.893222559368
1402.457301501825	1407.4967167354123
966.8280272931443	961.4911603221121
1502.4134534611658	1498.5474423513374
1047.0909826346033	1047.9010994270852
1247.8329403501994	1245.3063245286692
1418.3743262926582	1421.99961277773
1382.880084093078	1383.1605530152408
996.085602127685	991.1104224037392
1275.4005419989408	1276.9300959017548
1381.803098814009	1383.808866395332
1514.8136334313604	1513.095308961493
1377.1729232471262	1378.6749946511845
1188.4852621134487	1188.6850875914195
1170.8553192884137	1172.8047553894462
1281.0050095604092	1284.1363882480032
1572.6648434169765	1568.558303651416
1151.091256302083	1151.0101651551943
1245.1057340806874	1251.9149190862115
1181.2997843226767	1177.8727296002287
1501.9943936662748	1500.5089773615764
1262.2961115130747	1263.6980810904777
1108.0740842921077	1104.9780677635993
1245.8152468910266	1245.8796310043203
1113.8860569382668	1111.3336996259586
1536.8893208803493	1537.7163752356867
1296.0715205244778	1296.9088008008139
1332.6418992921535	1326.633082091879
970.3294475211296	967.8154053563109
999.2048579667753	999.1963340235247
1093.0307550502475	1088.0202578115982
1115.7683632238477	1126.7810852203738
1282.7805769411789	1281.2790198577127
1298.4176351478964	1297.2491269705906
1744.3293067716877	1745.779333935228
1048.798613427818	1047.4525927699447
1323.5746089398745	1325.2503342285404
1191.6820710865723	1195.9919219889543
985.1905110742664	979.1271223268589
1350.9858290927368	1355.588725224544
1151.5960814931896	1158.1669648755162
1419.8972686693887	1414.7195403238397
1365.6999567049497	1364.488312737218
1466.6088323771255	1464.7316098334666
1300.9772942403797	1292.8412612057718
1104.6861843762745	1103.9686472188912
1141.1310441692767	1139.9547104490766
1457.8799203927047	1455.18881342583
1173.9195239068358	1175.5491988322842
1048.385386443697	1046.0279480181146
1437.8954687268415	1439.462653321571
1192.582038615481	1187.5727473428879
976.1292814226763	980.7368206541277
1242.1180094848678	1241.8780762921197
1131.13336128011	1131.1384872547405
1227.6043120005634	1228.2663951118382
1193.2905706193415	1195.437569356541
1210.3364470554807	1207.9229125708616
1376.711862613418	1382.4683797651091
1011.1863594252209	1012.1365082753615
1120.2948248266766	1123.72256025949
1028.4487346539972	1032.1344901814532
1272.6091198374052	1273.4696271690873
1269.4761872784002	1269.5428833950325
1410.2270392332575	1415.707801942231
1226.9222424663021	1226.0021021355628
1454.0250666973006	1458.231851210772
1382.455209011503	1376.2302931913307
1086.1495810973865	1085.5970389549066
923.8854339243553	923.1005999943368
1267.4643754660792	1267.9436323258205
1434.3956832155527	1434.1482776876921
1007.6358389877132	1003.0145878659217
1324.8970245492528	1324.1626605180934
920.3472061917419	926.7845250791015
1038.794356059807	1042.9724205213918
1064.3476137006073	1066.2426706134547
1296.3356127313164	1295.3036586507883
1099.9831387448066	1088.6768602652671
1391.2528948745166	1397.396909437441
1335.2484371123428	1336.0888812418677
1597.1839929912821	1595.7896417067423
1167.7607615348825	1177.3631859719949
1248.4911333583877	1248.2323413038423
1264.8429757250124	1256.1082846722186
855.5156212273287	857.9978147575578
1298.1068840051012	1292.2017348347115
1374.0113720527443	1370.8774995500635
1120.9571736994549	1120.3332779425189
858.4583401242271	852.5812000709926
1270.9840220646001	1274.0431403381988
1516.749034378503	1520.7098549906018
1068.642449910054	1064.117229815468
1134.7282144979981	1135.0327340146819
1538.3904199365643	1537.0115594111476
1130.7905279277475	1129.7547253236708
1401.9150388010312	1404.0062858318684
1176.0541212917014	1176.69070190575
1262.8975719323498	1261.7563431623448
1543.8062994248467	1546.0881989799907
1067.5232026127342	1064.2725603023662
1183.1924564072688	1185.0341481655942
1145.4722577489447	1144.9907749044385
1095.2709258293908	1092.2875691820489
1321.5198739724292	1321.666330252232
1218.1587607748515	1220.95787003393
1054.9996194353735	1056.6819365171643
1015.6564629168133	1005.2003605062969
955.2042946545116	953.9762749282503
1036.7898553183186	1033.6289691341617
1215.6095534350607	1214.2896630786724
1359.4502573225473	1350.7723857303286
1179.302731905831	1175.9982623392877
1279.249346467288	1283.4111234972918
1194.0702821091982	1196.2639554924506
1004.0135265706631	1015.5808111041048
880.5812796087121	879.9872227521286
1143.067534457252	1139.9616204317042
1424.7837003493041	1422.5010041441242
1197.2150247617392	1194.6101888299704
961.2053263437992	961.6836673904957
1275.6800236090785	1275.1756775065621
1202.0027786422288	1193.022188203976
850.4823576931376	846.1541358759622
1384.2923687093426	1381.2547170896119
1064.524814460252	1069.5401402844052
1100.9449725220911	1103.5341710240261
1295.5014087065647	1293.7052735783404
1369.8934193426394	1369.9064314959035
1377.9794096361438	1384.0292897658555
1243.4131009727134	1241.6322291762992
1512.0620615707885	1510.130068514528
1449.4775838031492	1448.8678131001752
1098.1386395959125	1092.9951870023299
1755.7906924080162	1757.2992463791213
1378.6420490698074	1379.4395977851339
1329.1503112915088	1326.501324568232
1538.6402909337485	1538.4687457639352
999.2322629413975	1000.8864054986448
1227.2528038606106	1218.9909876315714
1670.5595300947316	1667.1021328837812
1394.3816248485527	1394.9734103582555
1427.7975370414497	1422.865027055082
1154.669162183156	1149.855116836558
1364.5210199569701	1363.022236323523
1380.4314892673574	1381.8570040379877
606.2566182487062	606.4768714290955
1117.0851319287613	1111.786783877418
1430.634693684493	1426.2984165124535
1149.5422741810034	1155.3004517721133
1492.2400682799635	1499.5893828630903
1629.0415056456113	1626.7636577582928
1417.4182210901927	1420.4568705259037
1361.912297998817	1357.6885550341262
1073.9337053851632	1076.9471926584963
1633.0003464502224	1629.6765794934295
1165.8508194376482	1164.0043820168962
1143.9474545366247	1142.6886928167007
1372.4917055146361	1370.1454875181587
1615.9379810596874	1616.6408720819065
1229.4570111839275	1230.978123181094
1337.62569501088	1335.9661521961484
991.7302471427538	990.8329963407534
1130.18748032031	1131.2624642731034
1301.4358333376003	1300.4072049277622
1421.9170135880413	1416.4657725767
992.2603343270603	993.4980611526872
1562.9408771699527	1564.971136383315
1156.6292088128685	1154.2684009730108
1055.3901928968553	1056.0784020217789
1329.0397138496337	1326.7637237371437
915.9747494378826	926.6419478604483
1185.6776475750958	1184.1984920202851
1368.138644961844	1370.259978474431
1469.2078911931894	1471.2278116686343
1759.9560215444362	1759.4353290423787
1015.3753231122973	1021.5317637924911
835.9445894350938	838.1191722046615
1475.4784588454058	1477.9576688510779
1529.1931376498542	1530.1653899974879
1103.137518061878	1103.5507698905026
734.9061270856764	735.7999926052353
1161.0498713047418	1160.3371398243105
1423.6728598435293	1430.7627042738552
1362.737667928508	1371.1217728417564
1294.6460042776307	1288.1662115294744
1476.728103152418	1477.9258864648373
1431.4810809293995	1437.3288424824882
1448.3963797278993	1450.2765500578573
1112.8137418078259	1119.312384393356
1486.5795490940218	1486.37953490768
1292.848976624402	1282.5795922003335
1296.8207768637221	1296.5717863253662
1335.6305651791918	1342.149229431384
1403.6044451793423	1404.7615304328633
799.3564552441239	803.4519275239669
1375.4162444630347	1372.6569078444422
1441.1032038746634	1441.7204153266607
1248.789570036024	1251.986749593003
1568.6294341188623	1569.2773842139904
1391.7489395977173	1394.8285145484324
837.4153360586497	832.1014476536873
1626.7909661534068	1631.0057241917216
1365.564184782008	1368.0191026297136
1171.5796839851828	1177.72762327939
1431.4012947187293	1430.5530233354687
1646.4268271893961	1647.4098289655137
1574.6101659031992	1572.408554902957
1287.618913965067	1287.9627289644714
1058.013901600003	1064.4172055762674
1068.3952932023676	1074.7925815286812
1607.444188474561	1607.9598289090181
1219.2241740050958	1217.0532962126542
1247.8213633253472	1247.6247308287975
1124.8761179591238	1126.139302212716
1019.4460936972464	1017.7052102651476
705.6203609162767	711.6600835026622
1568.9240757634107	1568.4020897444686
1136.174146466743	1141.8543332685979
1470.1014012153028	1475.001159137278
1150.7464291996148	1157.0805805973387
1030.895028584171	1029.6189786477132
1195.8225420544622	1194.1921240522602
727.2981586876849	729.3784232011274
1073.051130986947	1070.2058899155936
1294.9996463150019	1297.6362287213701
1248.3976283726515	1244.7988490710063
1427.6100539927138	1426.496335487214
1740.2185086372483	1741.212687434285
1196.6599760070385	1208.6106846991659
1182.4049759664922	1184.674092909758
1178.236248945439	1185.3036397915575
990.8780910161731	988.5680209862905
1295.222027282056	1295.101605050103
985.0611367576057	980.9010397524295
1507.799828385294	1506.363624458213
1172.8848359558324	1173.3878249444192
1117.3796101647022	1112.78086847867
1152.5241535257665	1154.774215700157
1675.190202754835	1674.4227258201417
1543.9556443153415	1537.2620095208222
1035.3366238990857	1035.9307932092738
1524.679681767564	1522.963253066811
1098.2770604071848	1100.2432371278644
1282.5485883794317	1277.9876717929362
1147.1642302764812	1151.3194760765036
970.6479591161769	962.8365481646573
775.1624984063092	785.29032384522
1462.6407656009833	1460.7327351833403
1437.2585368851724	1437.6320672690642
1362.0293694129214	1364.8135433031919
979.7865354492387	982.2476485720059
1434.5187896685384	1434.341170335335
1098.7003444770526	1102.4663230686547
1436.805294887803	1433.0842392659492
1242.4945282296685	1241.1078309687716
1084.678643666848	1082.6372439147087
1519.8959559356153	1521.3708555444862
1189.9768092584272	1185.6938235600367
1068.2543010252411	1064.1882954892603
1291.0628626563994	1288.3484131081086
1628.1471716825326	1635.717965419512
954.7957659270323	955.1188481430039
1554.1296415220131	1557.021066845864
1538.6710669201857	1540.8547806145368
1048.2089752830798	1048.0698117737948
1326.233430320921	1320.9206828304218
1113.737431706948	1111.9388223834796
1057.7877873007674	1056.787806675103
990.4752430330846	989.7140080397055
908.6226697648963	904.8971599774784
1318.0275525036268	1309.7538914850027
1246.9372941468027	1248.1038854776498
1249.402970559575	1248.2474540003122
1257.2036074971838	1249.3630712288873
1569.4242437107314	1572.1868782058539
1032.060539125203	1034.2178706610714
1267.8795417615038	1267.9553531508623
1321.2779957383755	1321.444139127737
1082.7755711515492	1079.8712542467476
1568.9809139608697	1564.6703340694933
1367.0834036955494	1371.2499399927815
1148.6996387591062	1147.8394141189226
1423.5300506305066	1423.8743074370461
1103.2093716324598	1097.5323380124642
1171.8501290750282	1170.7673028414602
1308.9709722952975	1306.6039606707823
1488.4179234949115	1494.8653219679627
1486.5637595978042	1486.0659954882276
1322.0630812355375	1325.8710827814105
1353.984189438488	1355.9014434844885
1087.7299925821717	1086.4900567696648
1454.8861976455082	1461.0632960782414
1157.3758437922806	1168.345337679031
1338.6053416068607	1341.8472445973018
1409.5299806102412	1409.3763064865598
1194.2853691436176	1187.624301168993
1032.7120199435158	1033.7518827408283
1294.9931052736356	1295.367308062853
1423.7813776303083	1424.8603821589168
1381.2893341635936	1382.5626519852256
1374.6249527197797	1375.4380828176156
1156.8806590582826	1157.5470895149651
1232.6258348867123	1228.2142055408137
1256.4186611342302	1252.218076328276
1291.325522967527	1292.873416477808
1602.110121865233	1602.5176357653336
1384.40707407039	1385.4235131014914
1146.3268271840643	1145.3107653168229
1218.6083922247053	1219.553049467592
1108.0505394939682	1106.3630222724316
1324.9992028563865	1326.965507462569
1049.5342649482773	1048.5671988237473
917.2867003180436	917.4920919450445
1019.2732708269032	1017.5999049160203
945.7154875937267	943.3695051025998
1630.825579398661	1631.1869876423373
1186.5396518144698	1184.7000832066858
1143.3046906400705	1141.5637427873864
1077.413668263558	1078.8071216454787
1271.3576003999624	1274.8542171921674
1272.6191398845112	1275.0380721152098
1668.5980043650488	1669.2899529160793
1263.4266210704227	1261.630545981756
1452.758082990651	1459.467432442772
975.6697485631448	976.2423897810382
1084.6120506336156	1084.0476054373507
1191.9636458212917	1191.18070630823
1438.103111848497	1439.6654023914584
1415.8482340970659	1416.6664806524882
1120.4114785583806	1120.8317835452274
1051.8181862821511	1056.6794126796035
1329.1277503715537	1328.4543195929798
1500.2928822379326	1496.6235443278404
1196.7908502029604	1190.4767802216106
1178.7344760392152	1178.0389139144838
1098.1799812852987	1095.6129097015078
1252.363281396014	1244.9022962474628
683.7291469574411	679.9413885862112
1197.5240244946326	1195.919288368526
1344.3615045785555	1339.8036778824528
1232.759988692589	1223.0245927099104
1225.004049570969	1214.358233609964
1130.2578395333258	1131.92191107719
1373.173080839828	1372.6891262970328
1397.743877851608	1397.1321095437438
1153.1096799656516	1154.9123557390828
1414.144514000218	1416.2222990643172
1258.0476159417303	1262.4331081380565
1549.8765903880412	1548.5999147703278
1565.051943399798	1567.1169968711047
1011.3511818264378	1007.8292958764105
1282.7788025034824	1280.8518899156948
1242.8951333481236	1244.2703327781114
778.2338399862638	778.9904643007551
1106.851440497092	1103.1597990278824
1493.1831638222502	1497.9020549679099
1407.6317007986945	1410.6822838998298
1385.6445302320644	1387.1889866365302
1436.524279970501	1438.8550076217923
1399.9520629462204	1402.0901546168234
1205.148505684425	1208.1517175535016
1001.2140023469401	1009.5344857636525
1045.6483081859478	1048.9848614792254
1257.0756991724193	1259.4029598733905
1518.1198286631843	1518.8774438397807
945.0448527981061	946.9435159406902
1457.433716820873	1457.481417187959
973.1288229972706	976.2707495455752
1517.9812418888614	1517.5727508873651
1443.4793918853102	1447.8998844699427
1126.5903886928863	1125.1863151782604
1093.5518358953996	1090.8443195779382
1273.8588170512812	1282.458139203753
1208.7807667340676	1205.146613034201
1212.6202271401417	1211.3420332711594
1222.1480073155253	1222.0334116569773
1764.2168737405736	1765.0446724921192
955.5023872316233	952.8272275781122
1171.6770480758278	1176.5221497837078
1314.2810661985131	1313.7206034309736
1323.8240692492109	1318.8548452465368
841.6264263355406	842.1711467590223
1339.9613221096224	1339.4558035064363
1078.2415686913882	1078.3156711370407
1208.9271730874898	1213.7593538934277
1428.3181135967316	1432.62409804776
1219.5236242073588	1217.2091578460024
1259.5599629326316	1243.8366363518298
1345.0011826262344	1345.4133237165368
1619.3053202840674	1618.116736918822
1626.7945286644972	1622.4542200244791
1721.5700172934448	1721.7775587251904
1146.445388742286	1149.6349798556894
1618.114655160898	1621.2948812278944
1458.4012992417847	1458.157074173784
1424.90815275762	1428.7567875153388
1415.708378498559	1416.2526046970772
1054.9231770877086	1058.4240356584817
1209.696086422773	1206.3755679054475
837.157590003917	835.5915440921902
864.2033079334069	860.491383908493
960.4843609639502	962.3663572676395
1203.1973050986126	1209.1923300147648
1748.164695147716	1750.9638115939963
876.8338803022925	873.1957907948386
1049.263994323701	1048.9319741244196
1241.1073115173785	1241.5102371394973
1108.6990982901189	1112.6054329569863
1487.4866223108547	1494.4558618267856
1729.5117139637296	1731.4213722122315
1748.5805590809614	1747.555408791587
961.2163030276424	960.976842853159
1615.3762005864992	1612.102035693408
1555.4502834445739	1555.9303884362664
1018.4623117011215	1017.3545233926153
1378.1640218637767	1379.5393412389726
1094.5290020514803	1087.978733205747
1267.451812188956	1266.6345812589361
1268.4998184483557	1265.290423039334
1143.1720644145971	1138.2172329179025
1745.5605667103082	1746.706756038445
1596.8396207465557	1596.7242188490889
1305.2017277939885	1308.826742817797
1195.3848833831144	1198.0293210872155
1602.9739302057715	1600.9367250470807
1001.659212702536	1001.4499238623599
1385.6918599752826	1378.9454989152805
983.8505501296604	985.6651297588425
1391.2039001939702	1389.226578753441
775.3887267011305	776.4881857370757
1733.702145323652	1735.193869284806
1141.8536535609455	1144.496878085578
1361.8399642334844	1360.7751072898513
944.0743857256602	941.2157455970822
1508.3023359047656	1507.867420341911
1425.4647140622837	1421.2051528234383
1102.7928784824035	1107.5859157131417
888.4661713500973	885.7929674477374
1392.213591581094	1391.2034798523273
578.4313893647632	574.0907202990289
1554.7799960574775	1555.5623243432603
1247.99612296524	1246.9629586910755
837.2315152556985	841.2704526078645
1031.7410539548437	1027.939754028902
1144.0823072650237	1142.6830300494478
1246.3717306874169	1248.1661732939565
1491.3253945160832	1490.7072281130568
994.8213513071532	987.0625606477564
883.5498198290006	880.654409476693
1123.716383148363	1124.6594407103782
1176.7867939392454	1165.282571153218
1427.553433411318	1429.5175954979873
1070.4945540293702	1069.4328148551713
1241.0541401459777	1247.8102189183521
1248.458242730616	1247.518921883233
1145.0089768525504	1144.2428793859633
1292.8890267651586	1289.2767696862518
1351.3980530256813	1350.1645836323137
1106.2661545641022	1099.21427641685
982.4117316728225	990.3635378957699
1513.0465200446488	1507.5929119352734
1621.736209652765	1622.8399531827545
1221.051110751665	1212.2733770783148
1191.5197256098618	1182.1858487167758
1478.8498188788944	1489.6619109932374
1376.1380502096144	1379.9158879839263
1119.2439058729215	1122.156270276719
1423.7604396770475	1422.4501514833441
1233.0416220381449	1228.7762977884524
1537.101558615308	1535.5482812469745
1265.317349091405	1264.8102789105235
1099.7548597590066	1098.9717867549743
1210.8919579676585	1198.098712460943
1255.1910963975824	1257.1196723222358
1508.0473897964694	1511.0610755545076
1274.9734396835556	1271.5699230195162
1219.2822381465812	1217.9463131650377
1552.8328329972574	1551.564876845177
1323.6198484273918	1324.1395393284088
1463.5193826361792	1463.117482874868
854.5590800947102	853.7217447844764
1105.6079996949702	1108.4451449258736
1361.5618876593653	1362.1416715951918
1455.9554817716707	1459.9978620836073
1083.3252518326917	1081.3362500409476
1288.276587783068	1288.1895220163644
1167.588311745174	1166.7025667186076
1404.718849032768	1401.8479906551088
1418.2169087269576	1423.6720541474822
1531.2045061100798	1536.7371585569488
1378.4068849351315	1383.3709776052142
1067.2754713774193	1063.9898171959105
1046.8691651655536	1052.61876703794
997.833433247928	1006.9853292338233
1214.5021557791624	1210.0952607907263
905.0846534374723	904.9008369990211
1516.199556025298	1516.1542804055841
1312.957897399203	1311.0708125838205
1106.9414147473872	1110.8933686576636
1479.026510980184	1475.5736819271042
1188.0875929470349	1181.4860031420606
1097.3482814320305	1097.0422459154001
1089.2944494256808	1092.2040535146448
896.5254780030227	896.2655697167133
832.1127981538593	826.1708521339148
1362.4473497809668	1355.5902019289545
1117.4265527989483	1118.518939698596
1116.0362905554066	1110.6512602449466
1442.181089905731	1438.2892383611447
1166.289579337492	1163.0430579989934
1014.3932805083459	1015.2621916516041
1193.6941207773343	1196.870039075573
1135.7908845110796	1143.5872549236674
1427.1406722609536	1432.9506814611088
1395.7044634344638	1399.085850566225
1435.6413913855213	1439.0346256236967
1243.518636300665	1245.2678947730842
1290.212856036349	1288.9350947838238
1253.4424215851177	1257.9007205162404
1208.108606275433	1208.906597643697
1332.9911826524185	1335.8763884638824
1404.0589442054625	1404.9173831055248
1051.8835286861868	1053.6680200368958
1552.6249674450082	1550.6236352666301
1536.4098968729377	1542.206194145787
1501.7263022791012	1503.1292901747686
1346.2395222978375	1336.0727000624559
1175.6709357014333	1176.957537350696
1081.5234669756028	1081.3331093106426
1529.0948942442774	1527.329005178513
1571.6538430661312	1573.4828184445375
985.0088078953559	987.8806358825275
1333.503588216874	1333.9787252719184
1324.5028810335207	1314.915986463451
1283.4648664513952	1281.0314776925031
1308.3166301094752	1311.1247913360971
1365.8220346716407	1368.10999393005
1014.2230280912481	1012.9987036983343
1243.0499189361872	1242.1346146201693
1282.0276855545526	1284.7106339826387
1138.4334526119346	1133.4595632204605
1190.5883829395461	1187.9621868052186
1255.7441542837187	1255.146568775945
1175.0168146016076	1174.8067602324475
1282.6531392766337	1285.7599717886872
1307.909677607735	1301.3952527695574
1194.6642821789428	1200.1323328423098
1443.1999851529836	1439.4380659805388
1552.460311464034	1552.3367449321815
1319.336869634164	1324.1654596034493
1121.5116431654315	1121.2288162890047
1237.6918616017792	1234.3844655253724
1178.9071074077801	1180.517773242736
1260.945200518443	1259.5739205377592
1242.4865900143632	1239.4965783140528
1249.2488934993453	1249.8914480907347
1496.4320959288161	1495.9965235374304
1013.3048126710928	1017.7991520130317
1077.4300810687419	1077.2019151465738
1515.960731540661	1517.0750026745714
949.5869498386746	948.0971142183258
1241.9099772199988	1240.7938290567015
1245.0240913119633	1242.0300926126095
1284.2353008917125	1282.5007005565024
813.1626124600007	816.079622190643
1339.112562669441	1340.9079178573415
1359.7113896011433	1355.4901901604521
1617.7008054843463	1618.5169209644664
1359.1788608969946	1362.7276679883635
929.0593201183656	930.3144053777473
1375.6549871998432	1370.807036121319
1250.020599391166	1254.948606874596
1448.496082527854	1444.7572328564079
1420.738393424137	1422.2058057683803
1152.276331246976	1153.918941969626
1482.1477005880442	1488.3255060971796
1489.3326678069716	1488.0423105080542
1352.2200099796464	1353.9463868772752
949.5022242803243	944.9582104782614
1238.3282215260551	1238.4389743296435
1531.9592645984085	1526.7228421467817
1620.0613564940868	1623.3368611625883
1317.9681736747443	1320.574721884956
1465.1578334525693	1469.3907477275252
1203.2979028221162	1203.9951854463388
1133.1269138453645	1131.068751644546
1228.9912412100239	1230.8867844090773
1334.757671281026	1329.624277443498
1633.2377230230195	1632.6409902025414
1492.107662407885	1494.4860044635145
1453.003989351273	1453.431296782856
1509.5077140767535	1508.956711890623
1438.6969186609494	1435.902429156186
1031.8889168048627	1042.010085071538
1025.2251114585088	1026.9669644924786
1093.4380833304604	1098.5167015747463
1269.915798022208	1270.7221674780578
1098.5896201449505	1098.2232744986782
1048.9039946841076	1005.572179276809
1306.6845280686684	1300.8011813670064
1387.6965635901433	1385.7180440266895
1434.0543232135242	1434.7916250642331
1446.6212655557028	1445.8190572779306
1221.794730209047	1220.2840841379618
1385.1448492913332	1386.9980857350986
1386.6279618857952	1383.8417356222594
1074.7845021525573	1077.8912074133261
1338.2665089913644	1340.184147325563
1391.6932794787863	1391.153121728494
1120.6299303282576	1119.2190028771665
901.3737314869068	906.2316307251073
1344.7502415916824	1345.2650672199777
1302.8122875906702	1300.414021113042
1378.5871501707297	1378.525810479005
1452.3295630538196	1451.7821595361531
1206.8077186640585	1207.9054284610893
1224.5114250687766	1221.449302726487
1240.782299689803	1243.2945204702182
1638.3378656618297	1637.7014134366973
1089.0467451578297	1086.7937025132585
1619.0550038001093	1618.8010999705025
1526.6350335245952	1528.8082817747886
1475.6127933725948	1477.9532517953971
1460.4622802234953	1459.758042775152
1103.5054653458646	1099.1630200743264
1255.2036079693644	1254.036263372116
1293.79767751068	1286.3614158598414
1225.2474683854089	1226.6621758929311
1425.4547104412632	1428.3281672587852
1340.4599152911396	1341.5373152099774
1388.5770860175253	1391.6211202441953
1479.0230716893566	1482.0628376846785
1048.4281740032893	1045.4621043421832
812.8326999994752	811.7832732514564
1623.2773187024286	1624.6615864774335
1142.339376820426	1140.5621839567052
1260.370731701405	1264.955691567205
1613.068917243887	1611.0725293089658
1133.1388847299386	1128.608483318796
1300.8357302057266	1298.7166982760941
1544.5088260337652	1542.4175676521286
1025.5274303618935	1022.4090443595982
1441.0606326602865	1432.6853621711418
1757.0052016462141	1755.6103712578313
1536.1314061934245	1536.2199570820396
1172.5244050420588	1167.3011302128639
1057.837859860767	1060.3881494320117
1348.7883935562859	1346.063480082373
1004.4984258773911	1001.889311417263
1519.6434327607858	1516.8518273011196
1332.1628953925974	1334.2621006054676
1383.9850355566887	1385.1399371820683
1368.6134066729282	1368.9489812726258
1459.0573194018216	1459.187170158776
1228.6330150809372	1232.9851034433086
1476.916318928328	1481.3872224613633
950.8205114117882	951.7207886323445
965.857024622208	963.429065206982
1352.5128297873307	1351.1316315832908
1358.1402615374245	1356.6599703866634
1630.6165459439799	1627.3567146091848
1530.6738315974071	1530.8086101460663
1118.6962911371375	1117.493780790159
1260.0267337312107	1256.341964645345
1341.9473000372527	1340.9505111299202
896.7554349042475	899.6562786420274
1271.9023754430818	1269.2330060695224
985.7566364737868	981.7125704010766
1243.6618614086765	1246.7695720358477
1269.8711392918194	1264.6214819590093
1401.2605038012553	1395.6008526460635
1462.2774652545631	1458.405622105417
1230.5025450206595	1231.3419586473901
1102.0236316867522	1108.2384170803136
1454.3468460768054	1456.176969115172
1622.0558501159248	1619.1970952683207
1287.2955836220644	1285.1911329346713
1381.5567547817482	1378.6657653688944
999.4854602991836	999.7391267194255
1443.6242292989045	1443.1312716140815
1279.7326374964323	1281.3399803702534
1096.6555611480144	1093.730407000131
856.1750516142638	853.5928940346445
1038.7568728320184	1028.1403942413813
1096.7109330203675	1096.8601188663495
1374.2655684701167	1370.7666131192084
1248.188728930836	1244.3504952127037
1096.809829297912	1094.770210899633
1300.2147695957392	1304.4401559578278
1124.244004899927	1122.6221138133988
1251.7653098237352	1247.8368771758044
1156.171802734927	1153.7622087562142
1101.9552292922453	1098.6782007192276
1318.6143788722402	1320.222684977152
1249.0393469416886	1240.8296492597926
1629.7960059045872	1640.17328058813
1425.5273317153915	1426.456611631385
1449.14926054448	1449.194744095846
1368.3254327368923	1372.0555260783897
1260.6146835533727	1262.3580392355614
1049.8040792252577	1043.8790634076154
1255.7402366281021	1255.9189516933625
1209.5031922322523	1216.7361730681785
1440.8992987888632	1440.316377189546
1266.0705628430587	1268.2686558801952
1259.9585685750644	1260.9898588217786
1208.714651501563	1211.5528487270158
1437.7539062198484	1441.0553774076036
1582.8463890869753	1583.1037164158924
1138.3921728277055	1135.9905562564243
1369.0654459529324	1365.355200631989
1363.5393880383053	1371.674698054889
1476.8287213079457	1473.5661660465798
1226.9335920462618	1223.8429616283145
1360.5070598486636	1361.3369169100094
1387.6453062046203	1388.5082601037366
745.915529879363	750.1410917109484
820.8110167035484	817.4901634360074
1391.2912711058452	1392.3824832669561
1441.2117465301126	1443.8684929970673
1236.7989883249975	1234.3937654126548
1286.8053125478036	1287.7474386179074
725.9054278059048	725.9062559517834
1427.0110125618812	1429.1031570857626
1381.3254602185334	1379.7159462026575
1499.6962754543056	1494.6459936833187
984.4010812643974	988.9693306980016
1313.3473783346417	1313.8367238886642
438.74467065576755	439.05437299641653
1122.349990375602	1120.1132793974773
1229.966033554374	1231.5843434513602
1232.2140012820018	1234.2020076489819
797.5702619339572	794.5293575690221
1309.3937892673712	1309.7924518552747
1303.3332717099402	1309.7759690998796
1226.5546926548705	1225.1161837083387
1264.9068701304204	1266.848544115628
1232.547578182508	1231.6997650675646
1342.5062862268533	1341.4680431354536
997.9530396787741	996.0743786026186
1363.464381446247	1368.3939973445588
1185.9257968729362	1183.1587778842706
1232.2050093337602	1229.2134261317142
964.462251748424	965.9482139996826
1154.0756238161703	1155.9629482731918
1481.9232554104237	1482.6279943233005
1648.717627507809	1647.7776401293181
1428.3631224812416	1426.0911149301426
1314.4175334918837	1312.705354933204
1380.2519026736263	1379.6600162891511
1238.867761499685	1239.862804520114
1649.2616303229588	1646.4597922416192
1275.3200064921984	1281.3293601289229
1097.5127329751267	1091.9223733556657
1279.8309143739752	1283.342896334132
1271.6141238156997	1268.1629223619425
1394.1183890791435	1393.1821641391343
1315.4203987055807	1316.4254373872038
1369.6436319981876	1366.2848041462912
1624.7595474107657	1624.774659317429
1392.4499565716833	1386.1229491720756
1329.231987833191	1328.0583862271767
