1.710543644228940252e+02 5.030075997165315727e+00 1.000000000000000000e+00 1.000000000000000000e+06
1.708272232195596985e+02 5.028045585818193608e+00 1.000000000000000000e+00 3.162277660168379080e+05
1.701148111054667993e+02 5.021554607490878119e+00 1.000000000000000000e+00 1.000000000000000000e+05
1.679116637789631170e+02 5.000007621210039055e+00 1.000000000000000000e+00 3.162277660168379589e+04
1.614214114169741947e+02 4.925866563071310544e+00 1.000000000000000000e+00 1.000000000000000000e+04
1.447459949592783346e+02 4.690484185143516171e+00 1.000000000000000000e+00 3.162277660168379043e+03
1.447371866684025576e+02 4.677110655201450307e+00 3.162277660168379394e-03 1.000000000000000000e+06
1.135000935927340890e+02 4.140165429464829572e+00 1.000000000000000000e+00 1.000000000000000000e+03
1.134628550835814167e+02 4.127373162930755512e+00 3.162277660168379394e-03 3.162277660168379080e+05
7.754003103082033022e+01 3.213856095241992339e+00 1.000000000000000000e+00 3.162277660168379043e+02
7.741134064177633434e+01 3.196712154463855260e+00 3.162277660168379394e-03 1.000000000000000000e+05
5.034907712254530310e+01 2.582180463821708294e+00 1.000000000000000000e+00 1.000000000000000000e+02
5.001103597044738081e+01 2.555843423029208861e+00 3.162277660168379394e-03 3.162277660168379589e+04
3.220189822054486939e+01 1.752935513828553171e+00 1.000000000000000000e+00 3.162277660168379612e+01
3.139352859682253438e+01 1.719730791060585906e+00 3.162277660168379394e-03 1.000000000000000000e+04
2.083427159177796995e+01 1.079609554571314689e+00 1.000000000000000000e+00 1.000000000000000000e+01
1.923896879135217830e+01 1.024414846217140740e+00 3.162277660168379394e-03 3.162277660168379043e+03
1.923431355971978363e+01 1.024231865810504294e+00 9.999999999999999124e-06 1.000000000000000000e+06
1.447733524098406122e+01 6.657080031027801104e-01 1.000000000000000000e+00 3.162277660168379079e+00
1.367304484068874615e+01 4.275744120410423510e-01 1.000000000000000000e+00 1.000000000000000000e+00
1.153044945432460722e+01 6.165621713863671527e-01 3.162277660168379394e-03 1.000000000000000000e+03
1.152372349013828057e+01 6.164209137768896785e-01 9.999999999999999124e-06 3.162277660168379080e+05
7.525296733666067439e+00 3.925796288010249269e-01 3.162277660168379394e-03 3.162277660168379043e+02
7.518639298880856359e+00 3.933731346702901699e-01 9.999999999999999124e-06 1.000000000000000000e+05
5.653139314378191393e+00 2.877558681735171708e-01 3.162277660168379394e-03 1.000000000000000000e+02
5.653136425128931108e+00 2.887558811389233093e-01 9.999999999999999124e-06 3.162277660168379589e+04
4.625779838636129959e+00 2.245014274177563884e-01 9.999999999999999124e-06 1.000000000000000000e+04
4.612687741412149656e+00 2.217057044012779865e-01 3.162277660168379394e-03 3.162277660168379612e+01
4.498227220174906726e+00 2.124040776389379270e-01 3.162277660168379394e-03 1.000000000000000000e+00
4.405701322824005395e+00 2.069451133009372334e-01 9.999999999999999124e-06 1.000000000000000000e+00
4.405395199570562248e+00 2.069253460651304666e-01 3.162277660168379191e-08 1.000000000000000000e+00
4.405394231152286899e+00 2.069252835139685220e-01 9.999999999999999072e-11 1.000000000000000000e+00
3.989304836932226372e+00 1.866483565549184320e-01 3.162277660168379191e-08 1.000000000000000000e+06
3.988752927980335095e+00 1.866127930166530668e-01 9.999999999999999124e-06 3.162277660168379043e+03
3.975245102598517377e+00 1.777791150370268136e-01 3.162277660168379394e-03 1.000000000000000000e+01
3.781249657654122132e+00 1.532414937101242436e-01 3.162277660168379394e-03 3.162277660168379079e+00
3.650607374643061398e+00 1.622774392763421392e-01 3.162277660168379191e-08 3.162277660168379080e+05
3.648408769487097025e+00 1.620916653565114551e-01 9.999999999999999124e-06 1.000000000000000000e+03
3.553901615542502945e+00 1.394261957770009941e-01 9.999999999999999124e-06 3.162277660168379079e+00
3.553087013495637159e+00 1.393510650031565268e-01 3.162277660168379191e-08 3.162277660168379079e+00
3.553084436177774030e+00 1.393508260048552105e-01 9.999999999999999072e-11 3.162277660168379079e+00
3.513832219136286739e+00 1.465800464569767536e-01 3.162277660168379191e-08 1.000000000000000000e+05
3.506483114708783599e+00 1.460879969589275740e-01 9.999999999999999124e-06 3.162277660168379043e+02
3.469750848488367012e+00 1.371529177662249299e-01 3.162277660168379191e-08 3.162277660168379589e+04
3.456558492075183953e+00 1.332202639530788990e-01 3.162277660168379191e-08 1.000000000000000000e+04
3.452880472355668307e+00 1.318544485981631709e-01 9.999999999999999072e-11 1.000000000000000000e+06
3.451841353902362464e+00 1.319409359221203615e-01 3.162277660168379191e-08 3.162277660168379043e+03
3.451639613967079079e+00 1.314357019842566088e-01 9.999999999999999072e-11 3.162277660168379080e+05
3.451234591052197764e+00 1.312958122784448622e-01 9.999999999999999072e-11 1.000000000000000000e+05
3.451042631566890062e+00 1.312568832179121792e-01 9.999999999999999072e-11 3.162277660168379589e+04
3.450777129393562070e+00 1.312641103853433300e-01 9.999999999999999072e-11 1.000000000000000000e+04
3.450051846309159398e+00 1.313205701905962031e-01 9.999999999999999072e-11 3.162277660168379043e+03
3.449860871337359303e+00 1.353947657925369807e-01 9.999999999999999124e-06 1.000000000000000000e+02
3.448462445029625290e+00 1.316817689154144433e-01 3.162277660168379191e-08 1.000000000000000000e+03
3.447908205922305402e+00 1.314844720402955913e-01 9.999999999999999072e-11 1.000000000000000000e+03
3.442229560376984576e+00 1.316119301648620288e-01 3.162277660168379191e-08 3.162277660168379043e+02
3.442047195559319483e+00 1.315516684706430350e-01 9.999999999999999072e-11 3.162277660168379043e+02
3.429283512656841282e+00 1.300810767841606153e-01 3.162277660168379191e-08 1.000000000000000000e+02
3.429220768998425761e+00 1.300617293827720233e-01 9.999999999999999072e-11 1.000000000000000000e+02
3.418111569467783717e+00 1.276807247653494737e-01 9.999999999999999124e-06 3.162277660168379612e+01
3.414320049724016481e+00 1.251109807793165662e-01 9.999999999999999124e-06 1.000000000000000000e+01
3.412128767276990882e+00 1.246772262688947974e-01 3.162277660168379191e-08 1.000000000000000000e+01
3.412121820096543079e+00 1.246758562180584895e-01 9.999999999999999072e-11 1.000000000000000000e+01
3.411436871962524098e+00 1.259202227721791245e-01 3.162277660168379191e-08 3.162277660168379612e+01
3.411415831413647570e+00 1.259146723217511588e-01 9.999999999999999072e-11 3.162277660168379612e+01
