1.708361096859661643e+02 2.568932349883751964e+00 1.000000000000000000e+00 1.000000000000000000e+06
1.706120947117219657e+02 2.569094669162724998e+00 1.000000000000000000e+00 3.162277660168379080e+05
1.699086384147506692e+02 2.569493177685199470e+00 1.000000000000000000e+00 1.000000000000000000e+05
1.677332803118209483e+02 2.572683011083374716e+00 1.000000000000000000e+00 3.162277660168379589e+04
1.613169504569746664e+02 2.593750071473529317e+00 1.000000000000000000e+00 1.000000000000000000e+04
1.448665046269663321e+02 2.609645178630637830e+00 1.000000000000000000e+00 3.162277660168379043e+03
1.448567472816889961e+02 2.606699394992296082e+00 3.162277660168379394e-03 1.000000000000000000e+06
1.139329590968594204e+02 2.580363066774319147e+00 1.000000000000000000e+00 1.000000000000000000e+03
1.138980081479358404e+02 2.575029103212219006e+00 3.162277660168379394e-03 3.162277660168379080e+05
7.797125550631082547e+01 2.335260231683217835e+00 1.000000000000000000e+00 3.162277660168379043e+02
7.784208475843500707e+01 2.337095180074742373e+00 3.162277660168379394e-03 1.000000000000000000e+05
5.044485331131763672e+01 1.466762327150618717e+00 1.000000000000000000e+00 1.000000000000000000e+02
5.010223201346504851e+01 1.472497643291969416e+00 3.162277660168379394e-03 3.162277660168379589e+04
3.218980315393546476e+01 8.415173332649418247e-01 1.000000000000000000e+00 3.162277660168379612e+01
3.137561924354183063e+01 8.391718498034645979e-01 3.162277660168379394e-03 1.000000000000000000e+04
2.079830475255883826e+01 4.673358913983258200e-01 1.000000000000000000e+00 1.000000000000000000e+01
1.919806443015911412e+01 4.536671244080436316e-01 3.162277660168379394e-03 3.162277660168379043e+03
1.919336566861726467e+01 4.536010831938364074e-01 9.999999999999999124e-06 1.000000000000000000e+06
1.449229439215955395e+01 3.008317452111978207e-01 1.000000000000000000e+00 3.162277660168379079e+00
1.372537843532690260e+01 4.925186093921455344e-01 1.000000000000000000e+00 1.000000000000000000e+00
1.153925590175360405e+01 2.591863711354668309e-01 3.162277660168379394e-03 1.000000000000000000e+03
1.153251496502116424e+01 2.590280068637606514e-01 9.999999999999999124e-06 3.162277660168379080e+05
7.533967536754562211e+00 2.009881635654915677e-01 3.162277660168379394e-03 3.162277660168379043e+02
7.527554783189782661e+00 2.005059548459492136e-01 9.999999999999999124e-06 1.000000000000000000e+05
5.653244128620771747e+00 1.911873294765487341e-01 3.162277660168379394e-03 1.000000000000000000e+02
5.650969861395746641e+00 1.913716629879291531e-01 9.999999999999999124e-06 3.162277660168379589e+04
4.588380321343436208e+00 1.928007601722301900e-01 9.999999999999999124e-06 1.000000000000000000e+04
4.579965306984614237e+00 1.935047001307143855e-01 3.162277660168379394e-03 3.162277660168379612e+01
4.533216339137300821e+00 1.548879406703845829e-01 3.162277660168379394e-03 1.000000000000000000e+00
4.440102955273451890e+00 1.525455642291849712e-01 9.999999999999999124e-06 1.000000000000000000e+00
4.439794100864283166e+00 1.525400578462024759e-01 3.162277660168379191e-08 1.000000000000000000e+00
4.439793124942212899e+00 1.525400413057294846e-01 9.999999999999999072e-11 1.000000000000000000e+00
3.945729718719364509e+00 2.022612352685319304e-01 3.162277660168379394e-03 1.000000000000000000e+01
3.943285691739620180e+00 1.968726990891100093e-01 3.162277660168379191e-08 1.000000000000000000e+06
3.942708971739615542e+00 1.969021782087614081e-01 9.999999999999999124e-06 3.162277660168379043e+03
3.760980414572282715e+00 1.726006916831205329e-01 3.162277660168379394e-03 3.162277660168379079e+00
3.605188894223579243e+00 1.794688044251667169e-01 3.162277660168379191e-08 3.162277660168379080e+05
3.602952668012316728e+00 1.795050919178550475e-01 9.999999999999999124e-06 1.000000000000000000e+03
3.532032202101014207e+00 1.590231593386481346e-01 9.999999999999999124e-06 3.162277660168379079e+00
3.531195981258382854e+00 1.590040893189147153e-01 3.162277660168379191e-08 3.162277660168379079e+00
3.531193336299904839e+00 1.590040236940373775e-01 9.999999999999999072e-11 3.162277660168379079e+00
3.465751806867646501e+00 1.714189705221222659e-01 3.162277660168379191e-08 1.000000000000000000e+05
3.458194960343503599e+00 1.713413818827835278e-01 9.999999999999999124e-06 3.162277660168379043e+02
3.418671411359291312e+00 1.676241810156435807e-01 3.162277660168379191e-08 3.162277660168379589e+04
3.403681300982936531e+00 1.661089798573053833e-01 3.162277660168379191e-08 1.000000000000000000e+04
3.399584255744787953e+00 1.674647739450123851e-01 9.999999999999999124e-06 1.000000000000000000e+02
3.399514081974153612e+00 1.655542373720227944e-01 9.999999999999999072e-11 1.000000000000000000e+06
3.398507374513732859e+00 1.655324636216578826e-01 3.162277660168379191e-08 3.162277660168379043e+03
3.398101517775229841e+00 1.653788691043158454e-01 9.999999999999999072e-11 3.162277660168379080e+05
3.397631977836736983e+00 1.653224252978117703e-01 9.999999999999999072e-11 1.000000000000000000e+05
3.397420603365193248e+00 1.653029140064652402e-01 9.999999999999999072e-11 3.162277660168379589e+04
3.397155531164323783e+00 1.652920819339440406e-01 9.999999999999999072e-11 1.000000000000000000e+04
3.396453895179848192e+00 1.652731975251429952e-01 9.999999999999999072e-11 3.162277660168379043e+03
3.395045692200324261e+00 1.653173056333386848e-01 3.162277660168379191e-08 1.000000000000000000e+03
3.394382506002172839e+00 1.652317975507783254e-01 9.999999999999999072e-11 1.000000000000000000e+03
3.389089292742414550e+00 1.652649747913650380e-01 3.162277660168379191e-08 3.162277660168379043e+02
3.388878472368094030e+00 1.652436139601361487e-01 9.999999999999999072e-11 3.162277660168379043e+02
3.377391222863359133e+00 1.657478377084448673e-01 3.162277660168379191e-08 1.000000000000000000e+02
3.377322857817877555e+00 1.657408035728712425e-01 9.999999999999999072e-11 1.000000000000000000e+02
3.372917928205397153e+00 1.689582264446565230e-01 9.999999999999999124e-06 1.000000000000000000e+01
3.370370478924160640e+00 1.689349108721336090e-01 3.162277660168379191e-08 1.000000000000000000e+01
3.370362408773541318e+00 1.689348488682209937e-01 9.999999999999999072e-11 1.000000000000000000e+01
3.369156461602026642e+00 1.672885197517695044e-01 9.999999999999999124e-06 3.162277660168379612e+01
3.361698355417606088e+00 1.670103184016359099e-01 3.162277660168379191e-08 3.162277660168379612e+01
3.361674838101923690e+00 1.670093220826432967e-01 9.999999999999999072e-11 3.162277660168379612e+01
