1.639419868419724480e-01 2.051171833573716199e-03 1.000000000000000000e+00 1.000000000000000000e+06
1.563797056361181104e-01 2.001855949105402210e-03 1.000000000000000000e+00 3.162277660168379080e+05
1.371808894563713854e-01 1.871115838722276327e-03 1.000000000000000000e+00 1.000000000000000000e+05
1.032310270418380221e-01 1.505053340094431903e-03 1.000000000000000000e+00 3.162277660168379225e+04
7.060722534203568712e-02 8.908562773263606436e-04 1.000000000000000000e+00 1.000000000000000000e+04
5.383918061730964821e-02 6.219931711736564591e-04 1.000000000000000000e+00 3.162277660168379498e+03
5.382791481940698425e-02 6.218657220848220401e-04 3.162277660168379394e-03 1.000000000000000000e+06
4.491237602140287638e-02 5.223817458691488178e-04 1.000000000000000000e+00 1.000000000000000000e+03
4.490041164476277907e-02 5.220823920656399294e-04 3.162277660168379394e-03 3.162277660168379080e+05
3.900779532494051682e-02 5.001316454456245864e-04 3.162277660168379394e-03 1.000000000000000000e+05
3.900291762874077278e-02 5.007136436059613470e-04 1.000000000000000000e+00 3.162277660168379043e+02
3.416861312604847767e-02 4.919273846204002751e-04 3.162277660168379394e-03 3.162277660168379225e+04
3.404503472244928969e-02 4.948982337824460020e-04 1.000000000000000000e+00 1.000000000000000000e+02
2.953920634096557363e-02 4.437413693019494191e-04 3.162277660168379394e-03 1.000000000000000000e+04
2.907317180294428580e-02 4.611553574439043756e-04 1.000000000000000000e+00 3.162277660168379256e+01
2.554587420235722786e-02 4.111762288260800680e-04 9.999999999999999124e-06 1.000000000000000000e+06
2.553330240123097283e-02 4.117617207164824965e-04 3.162277660168379394e-03 3.162277660168379498e+03
2.470709594435967563e-02 4.276175141689570673e-04 1.000000000000000000e+00 1.000000000000000000e+01
2.238240838200702271e-02 4.090808180287532222e-04 9.999999999999999124e-06 3.162277660168379080e+05
2.231661636302657847e-02 4.132475760092215442e-04 3.162277660168379394e-03 1.000000000000000000e+03
2.133225724585056243e-02 3.841921487025985716e-04 1.000000000000000000e+00 3.162277660168379523e+00
1.976956317995906195e-02 3.979390018443402588e-04 9.999999999999999124e-06 1.000000000000000000e+05
1.956053787422682225e-02 4.114950811696057079e-04 3.162277660168379394e-03 3.162277660168379043e+02
1.918634099518880601e-02 3.765425727754436120e-04 1.000000000000000000e+00 1.000000000000000000e+00
1.767689202155953848e-02 3.303362923839113833e-04 9.999999999999999124e-06 3.162277660168379225e+04
1.723669851439487213e-02 3.365041067804160546e-04 3.162277660168379394e-03 1.000000000000000000e+02
1.681327421021255181e-02 2.600558169926305333e-04 1.000000000000000036e-10 1.000000000000000000e+05
1.680943231848967476e-02 2.600438312115952713e-04 1.000000000000000036e-10 3.162277660168379080e+05
1.679964526509974618e-02 2.604804087529054919e-04 1.000000000000000036e-10 3.162277660168379225e+04
1.678221269865635273e-02 2.604925315803292060e-04 1.000000000000000036e-10 1.000000000000000000e+06
1.675658445009284986e-02 2.612427148839476291e-04 1.000000000000000036e-10 1.000000000000000000e+04
1.666268363730961932e-02 2.620310094277621452e-04 1.000000000000000036e-10 3.162277660168379498e+03
1.663145047967665852e-02 2.628391554056980846e-04 3.162277660168379191e-08 1.000000000000000000e+04
1.662084677850673292e-02 2.624491158605258656e-04 3.162277660168379191e-08 3.162277660168379498e+03
1.648928204705038536e-02 2.676982877815598915e-04 1.000000000000000036e-10 1.000000000000000000e+03
1.647588038241970532e-02 2.680066483420803758e-04 3.162277660168379191e-08 1.000000000000000000e+03
1.646236535830201270e-02 2.654236865727746899e-04 3.162277660168379191e-08 3.162277660168379225e+04
1.626226419862328992e-02 2.668890824900853180e-04 9.999999999999999124e-06 1.000000000000000000e+04
1.617876935405380620e-02 2.773104880399677725e-04 1.000000000000000036e-10 3.162277660168379043e+02
1.617465008001115270e-02 2.775385748078261451e-04 3.162277660168379191e-08 3.162277660168379043e+02
1.607929947762093068e-02 2.668210005787502491e-04 3.162277660168379191e-08 1.000000000000000000e+05
1.567471332603167372e-02 2.789770773534798725e-04 1.000000000000000036e-10 1.000000000000000000e+02
1.567378674747176709e-02 2.490750157385308904e-04 3.162277660168379191e-08 3.162277660168379080e+05
1.567346510985533417e-02 2.790070160486928723e-04 3.162277660168379191e-08 1.000000000000000000e+02
1.564163269582051138e-02 2.353635278466021915e-04 3.162277660168379191e-08 1.000000000000000000e+06
1.555948947328065698e-02 2.404622802316226183e-04 9.999999999999999124e-06 3.162277660168379498e+03
1.555186064691464753e-02 2.898740288535729833e-04 9.999999999999999124e-06 3.162277660168379043e+02
1.544036051054996014e-02 2.608936023101299912e-04 9.999999999999999124e-06 1.000000000000000000e+03
1.542950366947622685e-02 2.876629144932665925e-04 9.999999999999999124e-06 1.000000000000000000e+02
1.540343980220928652e-02 2.724952095977343364e-04 3.162277660168379394e-03 3.162277660168379256e+01
1.494395426171759092e-02 2.675719307602727050e-04 1.000000000000000036e-10 3.162277660168379256e+01
1.494355459741276114e-02 2.676256473710984731e-04 3.162277660168379191e-08 3.162277660168379256e+01
1.487672744494698308e-02 2.700879173779785047e-04 9.999999999999999124e-06 3.162277660168379256e+01
1.409057116934911945e-02 2.448169213578408471e-04 1.000000000000000036e-10 1.000000000000000000e+01
1.409044697584610137e-02 2.448258547026605902e-04 3.162277660168379191e-08 1.000000000000000000e+01
1.407562543935212199e-02 2.450247080055957104e-04 9.999999999999999124e-06 1.000000000000000000e+01
1.404796479376945427e-02 2.518300869826831882e-04 3.162277660168379394e-03 1.000000000000000000e+01
1.362735432187739404e-02 2.584672988942455802e-04 1.000000000000000036e-10 1.000000000000000000e+00
1.362734697399251883e-02 2.584691170899537757e-04 3.162277660168379191e-08 1.000000000000000000e+00
1.362631699485424529e-02 2.586199961357982767e-04 9.999999999999999124e-06 1.000000000000000000e+00
1.361184153579286793e-02 2.532442085315472443e-04 3.162277660168379394e-03 1.000000000000000000e+00
1.345472450771701897e-02 2.350107807184507861e-04 1.000000000000000036e-10 3.162277660168379523e+00
1.345469338484281061e-02 2.350131530531440055e-04 3.162277660168379191e-08 3.162277660168379523e+00
1.345173425604536885e-02 2.352129049343832572e-04 9.999999999999999124e-06 3.162277660168379523e+00
1.336386416015719267e-02 2.524894296307110542e-04 3.162277660168379394e-03 3.162277660168379523e+00
