1.676550900014334433e-01 2.072940022020700046e-03 1.000000000000000000e+00 1.000000000000000000e+06
1.674542835481137026e-01 2.070323052942339096e-03 1.000000000000000000e+00 3.162277660168379080e+05
1.668238535280009149e-01 2.062085177433343151e-03 1.000000000000000000e+00 1.000000000000000000e+05
1.648745741661120368e-01 2.035721516799115539e-03 1.000000000000000000e+00 3.162277660168379225e+04
1.591092412158062464e-01 1.948676836907019694e-03 1.000000000000000000e+00 1.000000000000000000e+04
1.440502010520414156e-01 1.723286801219630444e-03 1.000000000000000000e+00 3.162277660168379498e+03
1.440492217514651729e-01 1.723271693261783444e-03 3.162277660168379394e-03 1.000000000000000000e+06
1.145666622896109599e-01 1.265537752066939929e-03 1.000000000000000000e+00 1.000000000000000000e+03
1.145603092148392566e-01 1.265395844300738369e-03 3.162277660168379394e-03 3.162277660168379080e+05
7.684147013010998728e-02 8.028627413377841275e-04 1.000000000000000000e+00 3.162277660168379043e+02
7.682089799338506775e-02 8.023657486027981111e-04 3.162277660168379394e-03 1.000000000000000000e+05
4.667026610049977708e-02 5.469834477286987517e-04 1.000000000000000000e+00 1.000000000000000000e+02
4.663535375645749131e-02 5.458002127146655827e-04 3.162277660168379394e-03 3.162277660168379225e+04
3.069876615261376077e-02 4.689621128750651028e-04 1.000000000000000000e+00 3.162277660168379256e+01
3.068524091634335788e-02 4.690362450874055434e-04 3.162277660168379394e-03 1.000000000000000000e+04
2.408767775600708511e-02 4.085279834344163674e-04 9.999999999999999124e-06 1.000000000000000000e+06
2.408717814494557019e-02 4.085025364367641902e-04 3.162277660168379394e-03 3.162277660168379498e+03
2.395008925542024131e-02 4.016812640193282965e-04 1.000000000000000000e+00 1.000000000000000000e+01
2.112768992979374011e-02 3.638920567979598273e-04 9.999999999999999124e-06 3.162277660168379080e+05
2.112433814892633252e-02 3.638366962934866584e-04 3.162277660168379394e-03 1.000000000000000000e+03
2.045653693922002553e-02 3.448693035110207672e-04 1.000000000000000000e+00 3.162277660168379523e+00
1.953660471844208615e-02 2.105171014437781727e-04 1.000000000000000036e-10 3.162277660168379225e+04
1.947803581665059208e-02 2.141683668245160344e-04 1.000000000000000036e-10 1.000000000000000000e+04
1.941668723042713068e-02 2.105312120783445445e-04 1.000000000000000036e-10 1.000000000000000000e+05
1.928402551379565857e-02 3.754444420935999609e-04 9.999999999999999124e-06 1.000000000000000000e+05
1.926504680879057713e-02 3.753466972449849277e-04 3.162277660168379394e-03 3.162277660168379043e+02
1.921749234811925139e-02 2.201871249989819203e-04 1.000000000000000036e-10 3.162277660168379498e+03
1.903604033333497134e-02 2.134881695825489444e-04 1.000000000000000036e-10 3.162277660168379080e+05
1.871227029894276944e-02 2.264397290075288141e-04 1.000000000000000036e-10 1.000000000000000000e+03
1.827304948045479355e-02 2.218643593428546823e-04 1.000000000000000036e-10 1.000000000000000000e+06
1.817310345463638704e-02 2.319270393878832990e-04 3.162277660168379191e-08 1.000000000000000000e+03
1.798398980759995797e-02 2.327813037584768605e-04 1.000000000000000036e-10 3.162277660168379043e+02
1.794680657373370902e-02 2.311274315096629333e-04 3.162277660168379191e-08 3.162277660168379498e+03
1.785116897227425128e-02 3.576833069886344073e-04 9.999999999999999124e-06 3.162277660168379225e+04
1.779190664491435078e-02 2.332704812153746983e-04 3.162277660168379191e-08 3.162277660168379043e+02
1.774022810267020245e-02 3.563653511194139062e-04 3.162277660168379394e-03 1.000000000000000000e+02
1.754653584365468630e-02 3.218031404380733971e-04 1.000000000000000000e+00 1.000000000000000000e+00
1.711366319438478029e-02 2.370734374820974489e-04 3.162277660168379191e-08 1.000000000000000000e+04
1.699403883114159602e-02 2.229409979436787871e-04 1.000000000000000036e-10 1.000000000000000000e+02
1.693505156087293101e-02 2.230939451817199736e-04 3.162277660168379191e-08 1.000000000000000000e+02
1.672024322730461879e-02 3.381934532899416395e-04 9.999999999999999124e-06 1.000000000000000000e+04
1.616784240774277875e-02 3.237914778206800264e-04 3.162277660168379394e-03 3.162277660168379256e+01
1.611601767596252538e-02 2.414002191293378435e-04 3.162277660168379191e-08 3.162277660168379225e+04
1.588414759079632282e-02 3.031007351306329572e-04 3.162277660168379191e-08 1.000000000000000000e+06
1.586697267525228466e-02 3.028503132154439399e-04 9.999999999999999124e-06 3.162277660168379498e+03
1.575443938131589755e-02 2.174013169599833936e-04 1.000000000000000036e-10 3.162277660168379256e+01
1.573818195584985452e-02 2.174969959702363165e-04 3.162277660168379191e-08 3.162277660168379256e+01
1.550082202398098477e-02 2.341828211432338822e-04 3.162277660168379191e-08 1.000000000000000000e+05
1.544381857884280160e-02 2.512298767223079821e-04 3.162277660168379191e-08 3.162277660168379080e+05
1.533453664477394188e-02 2.481132662606887369e-04 9.999999999999999124e-06 1.000000000000000000e+03
1.499405397971306786e-02 2.213147496621656937e-04 9.999999999999999124e-06 3.162277660168379043e+02
1.469787471731349125e-02 2.235346756880687879e-04 9.999999999999999124e-06 1.000000000000000000e+02
1.435422919298899244e-02 2.261301210534516373e-04 1.000000000000000036e-10 1.000000000000000000e+01
1.434995271379100809e-02 2.262430824946529498e-04 3.162277660168379191e-08 1.000000000000000000e+01
1.433766367862977439e-02 2.334744307554343951e-04 9.999999999999999124e-06 3.162277660168379256e+01
1.421444070611254870e-02 2.530563839608087153e-04 3.162277660168379394e-03 1.000000000000000000e+01
1.370812627267636516e-02 2.295204081768584541e-04 9.999999999999999124e-06 1.000000000000000000e+01
1.297986840909442184e-02 2.259449191799056960e-04 1.000000000000000036e-10 3.162277660168379523e+00
1.297878504541738129e-02 2.260255031940757678e-04 3.162277660168379191e-08 3.162277660168379523e+00
1.276496900488966260e-02 2.260574577186092924e-04 9.999999999999999124e-06 3.162277660168379523e+00
1.234918428603628063e-02 2.088743643723219804e-04 3.162277660168379394e-03 3.162277660168379523e+00
1.176934449864546969e-02 2.107415349367669684e-04 1.000000000000000036e-10 1.000000000000000000e+00
1.176909523783813832e-02 2.107722554667916764e-04 3.162277660168379191e-08 1.000000000000000000e+00
1.171509613855044839e-02 2.119223846009304435e-04 9.999999999999999124e-06 1.000000000000000000e+00
1.099917334221112673e-02 2.356568129862914279e-04 3.162277660168379394e-03 1.000000000000000000e+00
