1.687435825507668241e-01 1.962196713102872143e-03 1.000000000000000000e+00 1.000000000000000000e+06
1.684725692180834011e-01 1.960903167599247366e-03 1.000000000000000000e+00 3.162277660168379080e+05
1.676219997466353306e-01 1.956736935870074731e-03 1.000000000000000000e+00 1.000000000000000000e+05
1.649969994553624197e-01 1.944443436897387535e-03 1.000000000000000000e+00 3.162277660168379225e+04
1.572899697238616112e-01 1.908514387960055835e-03 1.000000000000000000e+00 1.000000000000000000e+04
1.375968653158685662e-01 1.797448562086656834e-03 1.000000000000000000e+00 3.162277660168379498e+03
1.375956523906852191e-01 1.797451592153385177e-03 3.162277660168379394e-03 1.000000000000000000e+06
1.012366990165052549e-01 1.484637182103959322e-03 1.000000000000000000e+00 1.000000000000000000e+03
1.012306893086249993e-01 1.484567524489246743e-03 3.162277660168379394e-03 3.162277660168379080e+05
6.261742982443416206e-02 9.721755233643717331e-04 1.000000000000000000e+00 3.162277660168379043e+02
6.260328102109015413e-02 9.718840092284447302e-04 3.162277660168379394e-03 1.000000000000000000e+05
4.071498592674112349e-02 5.769389604368453271e-04 1.000000000000000000e+00 1.000000000000000000e+02
4.069719110794444566e-02 5.768431236155876617e-04 3.162277660168379394e-03 3.162277660168379225e+04
3.158331636681593890e-02 4.354433414901954266e-04 1.000000000000000000e+00 3.162277660168379256e+01
3.158113563279959374e-02 4.388936561747128055e-04 3.162277660168379394e-03 1.000000000000000000e+04
2.665619055387461953e-02 4.206504149205441637e-04 9.999999999999999124e-06 1.000000000000000000e+06
2.665600662615211225e-02 4.206316681719494965e-04 3.162277660168379394e-03 3.162277660168379498e+03
2.661112587528470866e-02 4.143654469369053802e-04 1.000000000000000000e+00 1.000000000000000000e+01
2.291487092806518411e-02 4.096002878705333277e-04 9.999999999999999124e-06 3.162277660168379080e+05
2.291389856202491471e-02 4.095277515127017029e-04 3.162277660168379394e-03 1.000000000000000000e+03
2.276611278999712135e-02 3.960637873815516614e-04 1.000000000000000000e+00 3.162277660168379523e+00
1.980431546860373510e-02 3.804791636571387583e-04 9.999999999999999124e-06 1.000000000000000000e+05
1.979989627340005692e-02 3.802453336922124549e-04 3.162277660168379394e-03 3.162277660168379043e+02
1.951386216453553785e-02 3.640439640756794066e-04 1.000000000000000000e+00 1.000000000000000000e+00
1.717164400002787680e-02 3.152844061848475150e-04 9.999999999999999124e-06 3.162277660168379225e+04
1.715080532302954916e-02 3.138533439110526902e-04 3.162277660168379394e-03 1.000000000000000000e+02
1.489033803231112375e-02 2.382598903788093884e-04 9.999999999999999124e-06 1.000000000000000000e+04
1.481822518145186653e-02 2.306896053385422722e-04 3.162277660168379394e-03 3.162277660168379256e+01
1.305153097642595440e-02 1.777661909958447013e-04 3.162277660168379191e-08 1.000000000000000000e+06
1.304937822416058803e-02 1.776636758402465289e-04 9.999999999999999124e-06 3.162277660168379498e+03
1.288920449606150397e-02 1.627921132714942173e-04 3.162277660168379394e-03 1.000000000000000000e+01
1.260270689253980073e-02 2.107974688913075709e-04 1.000000000000000036e-10 3.162277660168379498e+03
1.259801944207113687e-02 2.110909031409419830e-04 1.000000000000000036e-10 1.000000000000000000e+04
1.259455226281848070e-02 2.104183967286390392e-04 1.000000000000000036e-10 1.000000000000000000e+03
1.257466545045215524e-02 2.113964210201815341e-04 1.000000000000000036e-10 3.162277660168379225e+04
1.256610152050682827e-02 2.109258398608454652e-04 1.000000000000000036e-10 3.162277660168379043e+02
1.250758536927967790e-02 2.119489775461049603e-04 1.000000000000000036e-10 1.000000000000000000e+05
1.249662061394987353e-02 2.133887125322136080e-04 1.000000000000000036e-10 1.000000000000000000e+02
1.246328564021133636e-02 2.118566831021112930e-04 3.162277660168379191e-08 3.162277660168379043e+02
1.246006566569942721e-02 2.137672300447813079e-04 3.162277660168379191e-08 1.000000000000000000e+02
1.234079439903746842e-02 2.150032827355681270e-04 1.000000000000000036e-10 3.162277660168379256e+01
1.233462473973102186e-02 2.135819422138133866e-04 1.000000000000000036e-10 3.162277660168379080e+05
1.232836806610421512e-02 2.152341976802343165e-04 3.162277660168379191e-08 3.162277660168379256e+01
1.231947233381242360e-02 2.130067032271561807e-04 3.162277660168379191e-08 1.000000000000000000e+03
1.202399996353526249e-02 2.091782301313336082e-04 1.000000000000000036e-10 1.000000000000000000e+01
1.202000320950171244e-02 2.093358882534699370e-04 3.162277660168379191e-08 1.000000000000000000e+01
1.197014660888428943e-02 2.147047117166462531e-04 1.000000000000000036e-10 1.000000000000000000e+06
1.196539554805745378e-02 2.143015465043616693e-04 3.162277660168379191e-08 3.162277660168379498e+03
1.180980567381177161e-02 1.559263617575754176e-04 3.162277660168379191e-08 3.162277660168379080e+05
1.180219407164844782e-02 1.550677250102144053e-04 9.999999999999999124e-06 1.000000000000000000e+03
1.147543546332883621e-02 2.154432074897843369e-04 9.999999999999999124e-06 1.000000000000000000e+01
1.147482259448370442e-02 1.962089667950033911e-04 1.000000000000000036e-10 3.162277660168379523e+00
1.147362492133825740e-02 1.962460486215717663e-04 3.162277660168379191e-08 3.162277660168379523e+00
1.145499899462782203e-02 2.125132448769321300e-04 3.162277660168379191e-08 1.000000000000000000e+04
1.142189808176902535e-02 1.406586309335128944e-04 3.162277660168379394e-03 3.162277660168379523e+00
1.127066344436673632e-02 2.122951260478371657e-04 9.999999999999999124e-06 3.162277660168379256e+01
1.126732418794081439e-02 2.029612434066579041e-04 9.999999999999999124e-06 3.162277660168379523e+00
1.114902305766878564e-02 1.595776356168942894e-04 3.162277660168379191e-08 1.000000000000000000e+05
1.113027474458864845e-02 1.576293997953049123e-04 9.999999999999999124e-06 3.162277660168379043e+02
1.107292297707582543e-02 1.895704620390106646e-04 3.162277660168379191e-08 3.162277660168379225e+04
1.101509200735772964e-02 1.892195257220201084e-04 9.999999999999999124e-06 1.000000000000000000e+02
1.068695824579330399e-02 1.673860927376388027e-04 1.000000000000000036e-10 1.000000000000000000e+00
1.068663182463378512e-02 1.673969661272379931e-04 3.162277660168379191e-08 1.000000000000000000e+00
1.062469629679089513e-02 1.693271380634783611e-04 9.999999999999999124e-06 1.000000000000000000e+00
1.024532591916576738e-02 1.465153186637771986e-04 3.162277660168379394e-03 1.000000000000000000e+00
