4.334640527444332675e-02 1.880400640701581369e-04 1.000000000000000000e+00 1.000000000000000000e+06
4.331357711234833097e-02 1.879978371873369748e-04 1.000000000000000000e+00 3.162277660168379080e+05
4.321027949309432653e-02 1.878626958058060776e-04 1.000000000000000000e+00 1.000000000000000000e+05
4.288857611067419667e-02 1.874856489253385521e-04 1.000000000000000000e+00 3.162277660168379225e+04
4.191764017979535822e-02 1.859731683078307831e-04 1.000000000000000000e+00 1.000000000000000000e+04
3.925262189074366775e-02 1.793450530163284132e-04 3.162277660168379394e-03 1.000000000000000000e+06
3.925101646891726581e-02 1.793857553707330359e-04 1.000000000000000000e+00 3.162277660168379498e+03
3.352088206728316699e-02 1.483205204498746468e-04 3.162277660168379394e-03 3.162277660168379080e+05
3.352042280515127315e-02 1.483585382057955957e-04 1.000000000000000000e+00 1.000000000000000000e+03
2.581129716421385820e-02 1.242328096360614538e-04 1.000000000000000000e+00 3.162277660168379043e+02
2.580961002438985144e-02 1.241825127780293186e-04 3.162277660168379394e-03 1.000000000000000000e+05
1.997183797914662065e-02 1.132568684841838487e-04 1.000000000000000000e+00 1.000000000000000000e+02
1.996817944688666913e-02 1.132401493453333210e-04 3.162277660168379394e-03 3.162277660168379225e+04
1.610233556466008492e-02 9.550005578266288939e-05 1.000000000000000000e+00 3.162277660168379256e+01
1.609746882520664626e-02 9.544050705712201941e-05 3.162277660168379394e-03 1.000000000000000000e+04
1.286842560603546071e-02 6.416406214251292801e-05 1.000000000000000000e+00 1.000000000000000000e+01
1.286296960243269935e-02 6.401982535195966718e-05 3.162277660168379394e-03 3.162277660168379498e+03
1.286295238979256496e-02 6.401934734175050690e-05 9.999999999999999124e-06 1.000000000000000000e+06
1.075773062285989914e-02 5.277615564003543697e-05 1.000000000000000000e+00 3.162277660168379523e+00
1.075243931421442437e-02 5.241139462915285225e-05 3.162277660168379394e-03 1.000000000000000000e+03
1.075242290827138972e-02 5.241024943349649614e-05 9.999999999999999124e-06 3.162277660168379080e+05
9.657561966168348722e-03 5.036480510714083463e-05 1.000000000000000000e+00 1.000000000000000000e+00
9.656959676319912950e-03 4.955609289806386632e-05 9.999999999999999124e-06 1.000000000000000000e+05
9.656959088281317702e-03 4.955861739725455928e-05 3.162277660168379394e-03 3.162277660168379043e+02
8.844680461753684497e-03 4.452867366849659511e-05 9.999999999999999124e-06 3.162277660168379225e+04
8.844578605805970134e-03 4.453284417350226678e-05 3.162277660168379394e-03 1.000000000000000000e+02
8.123665766815354669e-03 4.768845530958623196e-05 9.999999999999999124e-06 1.000000000000000000e+04
8.123034547198667785e-03 4.769316500659030625e-05 3.162277660168379394e-03 3.162277660168379256e+01
7.488671355095691262e-03 5.214912738096028375e-05 3.162277660168379191e-08 1.000000000000000000e+06
7.488659281645153321e-03 5.214923277370780503e-05 9.999999999999999124e-06 3.162277660168379498e+03
7.485185322684499883e-03 5.226563137422356875e-05 3.162277660168379394e-03 1.000000000000000000e+01
6.931167795812263541e-03 5.176084606546519105e-05 3.162277660168379191e-08 3.162277660168379080e+05
6.931100856642347270e-03 5.176120330094153952e-05 9.999999999999999124e-06 1.000000000000000000e+03
6.914341517873625990e-03 5.175918990417938771e-05 3.162277660168379394e-03 3.162277660168379523e+00
6.550402776058355907e-03 3.301469212516994038e-05 1.000000000000000036e-10 3.162277660168379043e+02
6.549509094536123954e-03 3.308179016527255868e-05 1.000000000000000036e-10 1.000000000000000000e+03
6.541498807698560569e-03 3.272841128566404342e-05 1.000000000000000036e-10 1.000000000000000000e+02
6.536441493833919543e-03 3.282582458980976199e-05 1.000000000000000036e-10 3.162277660168379498e+03
6.517103950338125687e-03 3.201120209578993436e-05 1.000000000000000036e-10 3.162277660168379256e+01
6.495901123661942771e-03 3.186216688787332687e-05 1.000000000000000036e-10 1.000000000000000000e+04
6.464109153386109370e-03 3.070849337649701066e-05 1.000000000000000036e-10 1.000000000000000000e+01
6.460282609367375486e-03 4.420311617213999944e-05 3.162277660168379191e-08 1.000000000000000000e+05
6.459930694394946937e-03 4.420402227367582938e-05 9.999999999999999124e-06 3.162277660168379043e+02
6.456115498992600829e-03 3.080738462147373369e-05 3.162277660168379191e-08 3.162277660168379256e+01
6.443585064070745175e-03 3.046981984419596916e-05 3.162277660168379191e-08 1.000000000000000000e+01
6.399914375673438141e-03 4.543279221973682086e-05 3.162277660168379394e-03 1.000000000000000000e+00
6.392977587781453926e-03 2.930088327446757511e-05 1.000000000000000036e-10 3.162277660168379225e+04
6.378423129187247957e-03 2.883245023117286424e-05 3.162277660168379191e-08 1.000000000000000000e+02
6.364922727305794004e-03 2.887492520144826564e-05 1.000000000000000036e-10 3.162277660168379523e+00
6.358382922725086539e-03 2.885524167676011749e-05 3.162277660168379191e-08 3.162277660168379523e+00
6.199834678507111160e-03 2.590462345337881555e-05 1.000000000000000036e-10 1.000000000000000000e+05
6.197332831303975151e-03 2.610169331341148617e-05 1.000000000000000036e-10 1.000000000000000000e+00
6.195583160770861200e-03 2.594864757904603365e-05 3.162277660168379191e-08 3.162277660168379043e+02
6.195290113823194791e-03 2.612246445233814952e-05 3.162277660168379191e-08 1.000000000000000000e+00
6.111320468544100167e-03 3.400603822739700269e-05 3.162277660168379191e-08 3.162277660168379225e+04
6.109631875789614357e-03 3.407207094671853352e-05 9.999999999999999124e-06 1.000000000000000000e+02
5.979266013129975847e-03 2.280318638419191925e-05 1.000000000000000036e-10 3.162277660168379080e+05
5.978383609893849274e-03 2.287003847311279398e-05 3.162277660168379191e-08 1.000000000000000000e+03
5.926703796818912247e-03 2.388166769988205545e-05 9.999999999999999124e-06 1.000000000000000000e+00
5.904517227186946958e-03 2.155236239119591549e-05 3.162277660168379191e-08 1.000000000000000000e+04
5.896544021206726570e-03 2.189925754576420685e-05 9.999999999999999124e-06 3.162277660168379256e+01
5.868645385419419928e-03 2.591570393673275528e-05 9.999999999999999124e-06 3.162277660168379523e+00
5.861187305062730626e-03 1.614161819580913564e-05 1.000000000000000036e-10 1.000000000000000000e+06
5.861011649711536479e-03 1.622001996259350573e-05 3.162277660168379191e-08 3.162277660168379498e+03
5.827450951992457599e-03 1.934780681000112867e-05 9.999999999999999124e-06 1.000000000000000000e+01
