4.359125346251187944e-02 3.654895031070622331e-04 1.000000000000000000e+00 1.000000000000000000e+06
4.354743916702751710e-02 3.654348841363437117e-04 1.000000000000000000e+00 3.162277660168379080e+05
4.340974546832935405e-02 3.652557023675141235e-04 1.000000000000000000e+00 1.000000000000000000e+05
4.298274725114425987e-02 3.646391102221418416e-04 1.000000000000000000e+00 3.162277660168379225e+04
4.171182147344281582e-02 3.629386333100797124e-04 1.000000000000000000e+00 1.000000000000000000e+04
3.834807403094252221e-02 3.569233482278485591e-04 3.162277660168379394e-03 1.000000000000000000e+06
3.834698787107579387e-02 3.569899617066958804e-04 1.000000000000000000e+00 3.162277660168379498e+03
3.164896360502873762e-02 3.229983207958939855e-04 1.000000000000000000e+00 1.000000000000000000e+03
3.164803933648167866e-02 3.229176520782186090e-04 3.162277660168379394e-03 3.162277660168379080e+05
2.357286732312348712e-02 2.367352762857973707e-04 1.000000000000000000e+00 3.162277660168379043e+02
2.356893566379355404e-02 2.365874443492059389e-04 3.162277660168379394e-03 1.000000000000000000e+05
1.805522766162856105e-02 1.434193867511316528e-04 1.000000000000000000e+00 1.000000000000000000e+02
1.804950451293318298e-02 1.433222146624329107e-04 3.162277660168379394e-03 3.162277660168379225e+04
1.517404090224955607e-02 8.278674533604254884e-05 1.000000000000000000e+00 3.162277660168379256e+01
1.516955741700861185e-02 8.286788352585618697e-05 3.162277660168379394e-03 1.000000000000000000e+04
1.347663346723093972e-02 6.818069062457655753e-05 1.000000000000000000e+00 1.000000000000000000e+01
1.347556153548500578e-02 6.875947947811839305e-05 3.162277660168379394e-03 3.162277660168379498e+03
1.347555831855442102e-02 6.876127094571790285e-05 9.999999999999999124e-06 1.000000000000000000e+06
1.212698543777838631e-02 6.925219725337546518e-05 9.999999999999999124e-06 3.162277660168379080e+05
1.212694989210136819e-02 6.925146679181400165e-05 3.162277660168379394e-03 1.000000000000000000e+03
1.211634170572238774e-02 6.883569362157293927e-05 1.000000000000000000e+00 3.162277660168379523e+00
1.096236345063819791e-02 5.686396595843882753e-05 9.999999999999999124e-06 1.000000000000000000e+05
1.096207853458555301e-02 5.686760881442079577e-05 3.162277660168379394e-03 3.162277660168379043e+02
1.088384139772678554e-02 5.763783969136845669e-05 1.000000000000000000e+00 1.000000000000000000e+00
9.962076880669456028e-03 5.447132278202360383e-05 9.999999999999999124e-06 3.162277660168379225e+04
9.960246412281322653e-03 5.450077064431782016e-05 3.162277660168379394e-03 1.000000000000000000e+02
9.127145631726072197e-03 4.996427948420777468e-05 9.999999999999999124e-06 1.000000000000000000e+04
9.116382882877178614e-03 5.020164216575338258e-05 3.162277660168379394e-03 3.162277660168379256e+01
8.840347881305896452e-03 8.521737906733463093e-05 1.000000000000000036e-10 3.162277660168379498e+03
8.837303720590583209e-03 8.482840165147865932e-05 1.000000000000000036e-10 1.000000000000000000e+03
8.728550293755184958e-03 8.378128979998342499e-05 1.000000000000000036e-10 3.162277660168379043e+02
8.698489631882131909e-03 8.591847589511003493e-05 1.000000000000000036e-10 1.000000000000000000e+04
8.538366915897075554e-03 8.007542534601064569e-05 1.000000000000000036e-10 1.000000000000000000e+02
8.460950240003772133e-03 5.471647770341179655e-05 3.162277660168379191e-08 1.000000000000000000e+06
8.460745296773819479e-03 5.471966229018879175e-05 9.999999999999999124e-06 3.162277660168379498e+03
8.402409390827730862e-03 5.574898886082663304e-05 3.162277660168379394e-03 1.000000000000000000e+01
8.369583340805527780e-03 8.503815088565772247e-05 1.000000000000000036e-10 3.162277660168379225e+04
8.274013011544591872e-03 7.485827686853720512e-05 1.000000000000000036e-10 3.162277660168379256e+01
8.047154014785649206e-03 7.326049608722194726e-05 3.162277660168379191e-08 3.162277660168379256e+01
8.006448136114422895e-03 7.666889417823521795e-05 3.162277660168379191e-08 1.000000000000000000e+02
7.933473847273955770e-03 6.197927334067853940e-05 3.162277660168379191e-08 3.162277660168379080e+05
7.932206061302243469e-03 6.198288443131127264e-05 9.999999999999999124e-06 1.000000000000000000e+03
7.930688958980927628e-03 6.879155776066516793e-05 1.000000000000000036e-10 1.000000000000000000e+01
7.903762349355735253e-03 7.933084160241602725e-05 1.000000000000000036e-10 1.000000000000000000e+05
7.852474766104513074e-03 6.841419779675076568e-05 3.162277660168379191e-08 1.000000000000000000e+01
7.753230917912508000e-03 7.462859373387465117e-05 3.162277660168379191e-08 3.162277660168379043e+02
7.695861149292421328e-03 6.590496004076328842e-05 3.162277660168379394e-03 3.162277660168379523e+00
7.515738446092113008e-03 5.965715799820658775e-05 1.000000000000000036e-10 3.162277660168379523e+00
7.505933634541263506e-03 6.540201374930553553e-05 3.162277660168379191e-08 1.000000000000000000e+05
7.498087027071910320e-03 6.539748757905786863e-05 9.999999999999999124e-06 3.162277660168379043e+02
7.492391833496436955e-03 5.938538464880408163e-05 3.162277660168379191e-08 3.162277660168379523e+00
7.462187726600307165e-03 6.613532443206139198e-05 1.000000000000000036e-10 3.162277660168379080e+05
7.422574970861408987e-03 6.471949408479280193e-05 3.162277660168379191e-08 1.000000000000000000e+03
7.206090440383445053e-03 6.511428664285941886e-05 3.162277660168379191e-08 3.162277660168379225e+04
7.171784749040684137e-03 5.725492326600489242e-05 1.000000000000000036e-10 1.000000000000000000e+06
7.164699037185381578e-03 5.700902053639177641e-05 3.162277660168379191e-08 3.162277660168379498e+03
7.161857829370852149e-03 6.512111099467636987e-05 9.999999999999999124e-06 1.000000000000000000e+02
7.085365984103188415e-03 5.966104756496436770e-05 3.162277660168379191e-08 1.000000000000000000e+04
7.048864081115446996e-03 5.785664973626847995e-05 1.000000000000000036e-10 1.000000000000000000e+00
7.042673204697050271e-03 5.770820291841097341e-05 3.162277660168379191e-08 1.000000000000000000e+00
6.917353512195042672e-03 6.964077058252418563e-05 3.162277660168379394e-03 1.000000000000000000e+00
6.904992545671451154e-03 5.890703223438383310e-05 9.999999999999999124e-06 3.162277660168379256e+01
6.696447687126283292e-03 5.186548393693264701e-05 9.999999999999999124e-06 1.000000000000000000e+01
6.547480935845635848e-03 5.424030089458711475e-05 9.999999999999999124e-06 3.162277660168379523e+00
6.434926235139343427e-03 4.549765242868205169e-05 9.999999999999999124e-06 1.000000000000000000e+00
