1.676241541968327142e-01 2.072977597043567950e-03 1.000000000000000000e+00 1.000000000000000000e+06
1.673566687944011699e-01 2.070456503918304252e-03 1.000000000000000000e+00 3.162277660168379080e+05
1.665173601627232824e-01 2.062433974083585295e-03 1.000000000000000000e+00 1.000000000000000000e+05
1.639269886217929739e-01 2.037044991530311856e-03 1.000000000000000000e+00 3.162277660168379225e+04
1.563184778424225041e-01 1.954074701323959933e-03 1.000000000000000000e+00 1.000000000000000000e+04
1.368582542866390583e-01 1.717646997472083853e-03 1.000000000000000000e+00 3.162277660168379498e+03
1.368570556003846084e-01 1.717627896088877795e-03 3.162277660168379394e-03 1.000000000000000000e+06
1.009193069951869609e-01 1.226572549851837664e-03 1.000000000000000000e+00 1.000000000000000000e+03
1.009133557089629402e-01 1.226455800621024115e-03 3.162277660168379394e-03 3.162277660168379080e+05
6.258681716224195890e-02 6.466640885428937479e-04 1.000000000000000000e+00 3.162277660168379043e+02
6.257263637404567036e-02 6.462486032665156095e-04 3.162277660168379394e-03 1.000000000000000000e+05
4.068703233073955178e-02 4.959568806170675274e-04 1.000000000000000000e+00 1.000000000000000000e+02
4.066930028864639002e-02 4.954873789685188597e-04 3.162277660168379394e-03 3.162277660168379225e+04
3.156013307368463888e-02 4.755714954655867349e-04 1.000000000000000000e+00 3.162277660168379256e+01
3.155659993738628433e-02 4.760819281119022168e-04 3.162277660168379394e-03 1.000000000000000000e+04
2.661347191293312459e-02 4.680803639054615414e-04 9.999999999999999124e-06 1.000000000000000000e+06
2.661329767875377297e-02 4.680633469982349495e-04 3.162277660168379394e-03 3.162277660168379498e+03
2.657104514628227249e-02 4.628401785734492747e-04 1.000000000000000000e+00 1.000000000000000000e+01
2.286159934679809352e-02 4.546334569296776569e-04 9.999999999999999124e-06 3.162277660168379080e+05
2.286066274669973017e-02 4.545230233185143000e-04 3.162277660168379394e-03 1.000000000000000000e+03
2.271912019670924848e-02 4.319962478269250808e-04 1.000000000000000000e+00 3.162277660168379523e+00
1.975725579237591276e-02 4.229372903784397379e-04 9.999999999999999124e-06 1.000000000000000000e+05
1.975265307936531489e-02 4.225033464935359744e-04 3.162277660168379394e-03 3.162277660168379043e+02
1.945439968623153409e-02 3.926123640315859909e-04 1.000000000000000000e+00 1.000000000000000000e+00
1.713389517126904377e-02 3.873207927883892156e-04 9.999999999999999124e-06 3.162277660168379225e+04
1.711131034337731727e-02 3.858799573864850818e-04 3.162277660168379394e-03 1.000000000000000000e+02
1.487754242639495808e-02 3.284979307392271947e-04 9.999999999999999124e-06 1.000000000000000000e+04
1.479649656348714162e-02 3.291447520473078018e-04 3.162277660168379394e-03 3.162277660168379256e+01
1.307823066651806962e-02 2.845185355868989842e-04 3.162277660168379191e-08 1.000000000000000000e+06
1.307581629298300296e-02 2.846204724251586403e-04 9.999999999999999124e-06 3.162277660168379498e+03
1.289871367649528602e-02 2.928702106015321238e-04 3.162277660168379394e-03 1.000000000000000000e+01
1.256989106233934519e-02 1.056028740947447420e-04 1.000000000000000036e-10 3.162277660168379498e+03
1.256449165964849610e-02 1.049176330527182364e-04 1.000000000000000036e-10 1.000000000000000000e+04
1.256087504337980235e-02 1.077043832210757739e-04 1.000000000000000036e-10 1.000000000000000000e+03
1.253899755390908664e-02 1.055127976333180125e-04 1.000000000000000036e-10 3.162277660168379225e+04
1.253066057573658590e-02 1.113425038509547926e-04 1.000000000000000036e-10 3.162277660168379043e+02
1.246758139996962701e-02 1.085076257439213695e-04 1.000000000000000036e-10 1.000000000000000000e+05
1.245726630124776267e-02 1.158593197731671095e-04 1.000000000000000036e-10 1.000000000000000000e+02
1.241881407775155717e-02 1.157683113563074019e-04 3.162277660168379191e-08 3.162277660168379043e+02
1.241670246259633965e-02 1.168195256470480858e-04 3.162277660168379191e-08 1.000000000000000000e+02
1.230013893250487406e-02 1.179081816772729944e-04 1.000000000000000036e-10 3.162277660168379256e+01
1.228759127272501320e-02 1.170546309576067266e-04 1.000000000000000036e-10 3.162277660168379080e+05
1.228630377014420377e-02 1.182252918621761378e-04 3.162277660168379191e-08 3.162277660168379256e+01
1.226941959941705608e-02 1.212870225836696681e-04 3.162277660168379191e-08 1.000000000000000000e+03
1.198564299738531271e-02 1.185468652199015295e-04 1.000000000000000036e-10 1.000000000000000000e+01
1.198132880391639642e-02 1.186337913288105172e-04 3.162277660168379191e-08 1.000000000000000000e+01
1.191934268844884945e-02 1.320675057882318888e-04 1.000000000000000036e-10 1.000000000000000000e+06
1.191339532570082245e-02 1.340952386554694468e-04 3.162277660168379191e-08 3.162277660168379498e+03
1.184904626520126569e-02 2.374073849175101095e-04 3.162277660168379191e-08 3.162277660168379080e+05
1.184068288419967523e-02 2.385069092982727281e-04 9.999999999999999124e-06 1.000000000000000000e+03
1.144278459313432389e-02 1.188748999623657799e-04 1.000000000000000036e-10 3.162277660168379523e+00
1.144160264974345559e-02 1.189158105270756008e-04 3.162277660168379191e-08 3.162277660168379523e+00
1.142975268833383920e-02 2.468058616508465994e-04 3.162277660168379394e-03 3.162277660168379523e+00
1.141824565157206067e-02 1.526105737415827442e-04 3.162277660168379191e-08 1.000000000000000000e+04
1.141734164564500026e-02 1.432515473286378441e-04 9.999999999999999124e-06 1.000000000000000000e+01
1.122955063285886734e-02 1.292878992406000440e-04 9.999999999999999124e-06 3.162277660168379523e+00
1.122148422398653103e-02 1.638435099301872920e-04 9.999999999999999124e-06 3.162277660168379256e+01
1.117563249125454010e-02 1.997232446912381766e-04 3.162277660168379191e-08 1.000000000000000000e+05
1.115219606686193576e-02 2.034423124220341471e-04 9.999999999999999124e-06 3.162277660168379043e+02
1.107712168822668972e-02 1.687361526364189717e-04 3.162277660168379191e-08 3.162277660168379225e+04
1.100939879787212437e-02 1.755857295456958748e-04 9.999999999999999124e-06 1.000000000000000000e+02
1.066289359396389164e-02 1.145163365508542012e-04 1.000000000000000036e-10 1.000000000000000000e+00
1.066258446375690713e-02 1.145185009062634385e-04 3.162277660168379191e-08 1.000000000000000000e+00
1.059976630149834717e-02 1.175590822128813769e-04 9.999999999999999124e-06 1.000000000000000000e+00
1.023821008942676913e-02 2.084242586595454378e-04 3.162277660168379394e-03 1.000000000000000000e+00
