1.679133093165222912e-01 1.145861115237972131e-03 1.000000000000000000e+00 1.000000000000000000e+06
1.677113261653922494e-01 1.144706008951580905e-03 1.000000000000000000e+00 3.162277660168379080e+05
1.670769403609946857e-01 1.141156081209827649e-03 1.000000000000000000e+00 1.000000000000000000e+05
1.651151001087160786e-01 1.128521492737175448e-03 1.000000000000000000e+00 3.162277660168379225e+04
1.593146542653888775e-01 1.086979079314778773e-03 1.000000000000000000e+00 1.000000000000000000e+04
1.441717661988344834e-01 9.604374429218530233e-04 1.000000000000000000e+00 3.162277660168379498e+03
1.441707840334279511e-01 9.604266537443313569e-04 3.162277660168379394e-03 1.000000000000000000e+06
1.145311699732301652e-01 6.384601803146045928e-04 1.000000000000000000e+00 1.000000000000000000e+03
1.145248033088018397e-01 6.383804284382614547e-04 3.162277660168379394e-03 3.162277660168379080e+05
7.668716256509493234e-02 4.375147054930226837e-04 1.000000000000000000e+00 3.162277660168379043e+02
7.666660455839173494e-02 4.375550708329416791e-04 3.162277660168379394e-03 1.000000000000000000e+05
4.656644859289300886e-02 4.062564804457503170e-04 1.000000000000000000e+00 1.000000000000000000e+02
4.653158122795956336e-02 4.064262354082568947e-04 3.162277660168379394e-03 3.162277660168379225e+04
3.068075801951566928e-02 3.330082041163347087e-04 1.000000000000000000e+00 3.162277660168379256e+01
3.066566649908815043e-02 3.330034899921437662e-04 3.162277660168379394e-03 1.000000000000000000e+04
2.411503814203634632e-02 2.991943415091450958e-04 9.999999999999999124e-06 1.000000000000000000e+06
2.411457304920315917e-02 2.992040553594302733e-04 3.162277660168379394e-03 3.162277660168379498e+03
2.398796744670749631e-02 3.016285518407326349e-04 1.000000000000000000e+00 1.000000000000000000e+01
2.113905354177418941e-02 2.722317322584533118e-04 9.999999999999999124e-06 3.162277660168379080e+05
2.113578714430927943e-02 2.721965157473358373e-04 3.162277660168379394e-03 1.000000000000000000e+03
2.048277871195566119e-02 2.697816097158839800e-04 1.000000000000000000e+00 3.162277660168379523e+00
1.927788361841250089e-02 2.420109954369486312e-04 9.999999999999999124e-06 1.000000000000000000e+05
1.925920857848441997e-02 2.416018401573414632e-04 3.162277660168379394e-03 3.162277660168379043e+02
1.911113546727152487e-02 4.019838997491000711e-05 1.000000000000000036e-10 3.162277660168379225e+04
1.905290672365551191e-02 3.919368000115653450e-05 1.000000000000000036e-10 1.000000000000000000e+04
1.900330128214329853e-02 4.422706010597309776e-05 1.000000000000000036e-10 1.000000000000000000e+05
1.880590253118671548e-02 4.121911703295782120e-05 1.000000000000000036e-10 3.162277660168379498e+03
1.865203418546614034e-02 5.620739216300000971e-05 1.000000000000000036e-10 3.162277660168379080e+05
1.832715312402339453e-02 4.483168468004641491e-05 1.000000000000000036e-10 1.000000000000000000e+03
1.795096037609392528e-02 7.395701657945026608e-05 1.000000000000000036e-10 1.000000000000000000e+06
1.783622553078637388e-02 1.937325689342421194e-04 9.999999999999999124e-06 3.162277660168379225e+04
1.783504023182216555e-02 5.260300037771994090e-05 3.162277660168379191e-08 1.000000000000000000e+03
1.772645016121157657e-02 1.894456077509459500e-04 3.162277660168379394e-03 1.000000000000000000e+02
1.764301277969366338e-02 6.930953400637461146e-05 3.162277660168379191e-08 3.162277660168379498e+03
1.763737891684330483e-02 5.822119274289146845e-05 1.000000000000000036e-10 3.162277660168379043e+02
1.755462484214323493e-02 2.371302271759998827e-04 1.000000000000000000e+00 1.000000000000000000e+00
1.746097023585162569e-02 5.635639940712492102e-05 3.162277660168379191e-08 3.162277660168379043e+02
1.688688944548780851e-02 8.823028128784148993e-05 3.162277660168379191e-08 1.000000000000000000e+04
1.673062899621284225e-02 1.603073425929999439e-04 9.999999999999999124e-06 1.000000000000000000e+04
1.670477138533557268e-02 6.943775980937468473e-05 1.000000000000000036e-10 1.000000000000000000e+02
1.665009395381616270e-02 6.784388864096779835e-05 3.162277660168379191e-08 1.000000000000000000e+02
1.617970487548555866e-02 1.469804325362065371e-04 3.162277660168379394e-03 3.162277660168379256e+01
1.603114982437586072e-02 9.735457634661125452e-05 3.162277660168379191e-08 3.162277660168379225e+04
1.591880192641178041e-02 1.414319583227904213e-04 3.162277660168379191e-08 1.000000000000000000e+06
1.590175874840617579e-02 1.410636008955350998e-04 9.999999999999999124e-06 3.162277660168379498e+03
1.551573885234869277e-02 6.177370532207027316e-05 1.000000000000000036e-10 3.162277660168379256e+01
1.551519261227215195e-02 1.214228594166280091e-04 3.162277660168379191e-08 1.000000000000000000e+05
1.550046665869518961e-02 6.132898839622741901e-05 3.162277660168379191e-08 3.162277660168379256e+01
1.548081074936995261e-02 1.384679248621493769e-04 3.162277660168379191e-08 3.162277660168379080e+05
1.537246022002965694e-02 1.383370198917490421e-04 9.999999999999999124e-06 1.000000000000000000e+03
1.501160201726533562e-02 1.153663558785775764e-04 9.999999999999999124e-06 3.162277660168379043e+02
1.465883353962922284e-02 7.994446924797597167e-05 9.999999999999999124e-06 1.000000000000000000e+02
1.428088862839942998e-02 1.540760077469220343e-04 3.162277660168379394e-03 1.000000000000000000e+01
1.423753800122047261e-02 7.377258698590479934e-05 9.999999999999999124e-06 3.162277660168379256e+01
1.419207412540427968e-02 7.515986378645919252e-05 1.000000000000000036e-10 1.000000000000000000e+01
1.418808341950066054e-02 7.535426439000672473e-05 3.162277660168379191e-08 1.000000000000000000e+01
1.360298714536783450e-02 7.753869005471298475e-05 9.999999999999999124e-06 1.000000000000000000e+01
1.288940165557596676e-02 1.204757032095236528e-04 1.000000000000000036e-10 3.162277660168379523e+00
1.288844575031489539e-02 1.205585303028085627e-04 3.162277660168379191e-08 3.162277660168379523e+00
1.269855419606245005e-02 1.297303532849334456e-04 9.999999999999999124e-06 3.162277660168379523e+00
1.241546596276843495e-02 1.774010861788770138e-04 3.162277660168379394e-03 3.162277660168379523e+00
1.172620417320596568e-02 1.352823867390679858e-04 1.000000000000000036e-10 1.000000000000000000e+00
1.172598903138778390e-02 1.352841166771339657e-04 3.162277660168379191e-08 1.000000000000000000e+00
1.167970413516560002e-02 1.362329756621996515e-04 9.999999999999999124e-06 1.000000000000000000e+00
1.104937801337157674e-02 1.704144413532565931e-04 3.162277660168379394e-03 1.000000000000000000e+00
