1.641913728439721720e-01 1.334124234095729680e-03 1.000000000000000000e+00 1.000000000000000000e+06
1.566153613430847913e-01 1.296029416015591525e-03 1.000000000000000000e+00 3.162277660168379080e+05
1.373875834592987455e-01 1.175705230260327928e-03 1.000000000000000000e+00 1.000000000000000000e+05
1.033219069535770140e-01 9.033124641634585105e-04 1.000000000000000000e+00 3.162277660168379225e+04
7.055679249229737660e-02 6.327080792736545362e-04 1.000000000000000000e+00 1.000000000000000000e+04
5.370892487326918430e-02 5.082976151014077446e-04 1.000000000000000000e+00 3.162277660168379498e+03
5.369763480403547812e-02 5.081557909651779467e-04 3.162277660168379394e-03 1.000000000000000000e+06
4.479216707225731203e-02 4.009305912473644070e-04 1.000000000000000000e+00 1.000000000000000000e+03
4.478020941110845421e-02 4.007465225899450607e-04 3.162277660168379394e-03 3.162277660168379080e+05
3.886417466126967923e-02 2.864291750864962367e-04 3.162277660168379394e-03 1.000000000000000000e+05
3.885876942216748287e-02 2.863248579844728751e-04 1.000000000000000000e+00 3.162277660168379043e+02
3.399711027697510657e-02 2.947239804509432966e-04 3.162277660168379394e-03 3.162277660168379225e+04
3.386984666101280905e-02 2.931785338267639930e-04 1.000000000000000000e+00 1.000000000000000000e+02
2.939030855125019520e-02 3.108284105699347390e-04 3.162277660168379394e-03 1.000000000000000000e+04
2.890788599299342482e-02 3.055166483626726125e-04 1.000000000000000000e+00 3.162277660168379256e+01
2.540172913094078735e-02 2.615368365918533940e-04 9.999999999999999124e-06 1.000000000000000000e+06
2.538806554241068714e-02 2.623947876763753459e-04 3.162277660168379394e-03 3.162277660168379498e+03
2.454453932253554752e-02 3.214688275201842051e-04 1.000000000000000000e+00 1.000000000000000000e+01
2.223633509579218612e-02 2.414722892176529004e-04 9.999999999999999124e-06 3.162277660168379080e+05
2.216250218280156614e-02 2.482495710026935611e-04 3.162277660168379394e-03 1.000000000000000000e+03
2.114580021078353925e-02 3.122991197079218921e-04 1.000000000000000000e+00 3.162277660168379523e+00
1.962351672414947013e-02 2.174090389756317819e-04 9.999999999999999124e-06 1.000000000000000000e+05
1.938646749830983188e-02 2.383344449761972317e-04 3.162277660168379394e-03 3.162277660168379043e+02
1.897027418630840151e-02 2.578754290641462662e-04 1.000000000000000000e+00 1.000000000000000000e+00
1.751008130299801929e-02 2.317170771254571345e-04 9.999999999999999124e-06 3.162277660168379225e+04
1.704692938227122048e-02 2.400513461674393817e-04 3.162277660168379394e-03 1.000000000000000000e+02
1.654916249195278327e-02 1.964443279198680359e-04 1.000000000000000036e-10 1.000000000000000000e+05
1.654666896079814639e-02 1.968508575735404879e-04 1.000000000000000036e-10 3.162277660168379080e+05
1.653251370583246754e-02 1.958774645488187464e-04 1.000000000000000036e-10 3.162277660168379225e+04
1.652069301037411078e-02 1.975181905197127331e-04 1.000000000000000036e-10 1.000000000000000000e+06
1.648357233156231422e-02 1.945166481859866479e-04 1.000000000000000036e-10 1.000000000000000000e+04
1.638187052206665356e-02 1.913760632279028315e-04 1.000000000000000036e-10 3.162277660168379498e+03
1.636251935930014417e-02 1.986675318176677038e-04 3.162277660168379191e-08 1.000000000000000000e+04
1.634126621584727768e-02 1.930431746888736652e-04 3.162277660168379191e-08 3.162277660168379498e+03
1.620786899583601809e-02 2.073361544809866727e-04 3.162277660168379191e-08 3.162277660168379225e+04
1.620095475934165558e-02 1.842787743299817936e-04 1.000000000000000036e-10 1.000000000000000000e+03
1.618769583466719494e-02 1.852957621743897977e-04 3.162277660168379191e-08 1.000000000000000000e+03
1.608547486695626610e-02 2.532936940774337402e-04 9.999999999999999124e-06 1.000000000000000000e+04
1.588611253613807922e-02 1.746526313822667758e-04 1.000000000000000036e-10 3.162277660168379043e+02
1.588203251936175925e-02 1.750220291226112430e-04 3.162277660168379191e-08 3.162277660168379043e+02
1.585056689656324375e-02 2.203530572405282988e-04 3.162277660168379191e-08 1.000000000000000000e+05
1.547156902519853695e-02 2.587152576926369965e-04 3.162277660168379191e-08 1.000000000000000000e+06
1.546788311683586735e-02 2.405932326303756750e-04 3.162277660168379191e-08 3.162277660168379080e+05
1.538676064965924586e-02 1.808902597440910744e-04 1.000000000000000036e-10 1.000000000000000000e+02
1.538536171899741213e-02 1.809955618835921824e-04 3.162277660168379191e-08 1.000000000000000000e+02
1.537127688623404417e-02 2.586074890312749469e-04 9.999999999999999124e-06 3.162277660168379498e+03
1.527850061381455515e-02 2.001310394896680853e-04 9.999999999999999124e-06 3.162277660168379043e+02
1.519739482121824047e-02 2.304153833391520156e-04 9.999999999999999124e-06 1.000000000000000000e+03
1.518880976768133273e-02 2.361575038533657365e-04 3.162277660168379394e-03 3.162277660168379256e+01
1.514466101551203980e-02 1.859604232115045391e-04 9.999999999999999124e-06 1.000000000000000000e+02
1.467550962736894130e-02 1.870754135809851130e-04 1.000000000000000036e-10 3.162277660168379256e+01
1.467509619363194760e-02 1.871636671155852772e-04 3.162277660168379191e-08 3.162277660168379256e+01
1.460946679873487142e-02 1.879870033436673309e-04 9.999999999999999124e-06 3.162277660168379256e+01
1.385810081639635150e-02 1.853863216767801870e-04 1.000000000000000036e-10 1.000000000000000000e+01
1.385798809208905677e-02 1.854141458860522184e-04 3.162277660168379191e-08 1.000000000000000000e+01
1.384466010540948665e-02 1.858695685002160786e-04 9.999999999999999124e-06 1.000000000000000000e+01
1.383728166319650801e-02 2.094043131751812661e-04 3.162277660168379394e-03 1.000000000000000000e+01
1.349102921987713546e-02 2.172950540344417692e-04 1.000000000000000036e-10 1.000000000000000000e+00
1.349102542320346557e-02 2.172976024603653444e-04 3.162277660168379191e-08 1.000000000000000000e+00
1.349068219661306300e-02 2.174726287419691544e-04 9.999999999999999124e-06 1.000000000000000000e+00
1.347649367329106264e-02 2.214470890742471060e-04 3.162277660168379394e-03 1.000000000000000000e+00
1.325737709199750237e-02 1.895919921130623253e-04 1.000000000000000036e-10 3.162277660168379523e+00
1.325734988811926376e-02 1.896090989450245168e-04 3.162277660168379191e-08 3.162277660168379523e+00
1.325469741639323171e-02 1.903518665517517491e-04 9.999999999999999124e-06 3.162277660168379523e+00
1.319581631173584804e-02 1.980027280280437403e-04 3.162277660168379394e-03 3.162277660168379523e+00
