4.354650996835452564e-02 5.251280723578595358e-04 1.000000000000000000e+00 1.000000000000000000e+06
4.350299244173457675e-02 5.248623162430691297e-04 1.000000000000000000e+00 3.162277660168379080e+05
4.336622177190815192e-02 5.240059896111794830e-04 1.000000000000000000e+00 1.000000000000000000e+05
4.294213592539797980e-02 5.211604555413516067e-04 1.000000000000000000e+00 3.162277660168379225e+04
4.167979113864857948e-02 5.119795145085707022e-04 1.000000000000000000e+00 1.000000000000000000e+04
3.833440400823272948e-02 4.830104694185966300e-04 3.162277660168379394e-03 1.000000000000000000e+06
3.833331879306307866e-02 4.830119153186051856e-04 1.000000000000000000e+00 3.162277660168379498e+03
3.166222341866892220e-02 4.088554310406454116e-04 1.000000000000000000e+00 1.000000000000000000e+03
3.166130221482969798e-02 4.088413223421517883e-04 3.162277660168379394e-03 3.162277660168379080e+05
2.361036966186545738e-02 2.808603190679918806e-04 1.000000000000000000e+00 3.162277660168379043e+02
2.360645398126596378e-02 2.807923677592414941e-04 3.162277660168379394e-03 1.000000000000000000e+05
1.810007553188593826e-02 1.462047260476284161e-04 1.000000000000000000e+00 1.000000000000000000e+02
1.809437900942380273e-02 1.460499022545032983e-04 3.162277660168379394e-03 3.162277660168379225e+04
1.521960336685309126e-02 8.244062631074220468e-05 1.000000000000000000e+00 3.162277660168379256e+01
1.521510486568295774e-02 8.220109583429809259e-05 3.162277660168379394e-03 1.000000000000000000e+04
1.352337677984991916e-02 6.898257014429113806e-05 1.000000000000000000e+00 1.000000000000000000e+01
1.352239705149179197e-02 6.899704176084424379e-05 3.162277660168379394e-03 3.162277660168379498e+03
1.352239426499858913e-02 6.899712714336075762e-05 9.999999999999999124e-06 1.000000000000000000e+06
1.217844350964743944e-02 6.970596863091267257e-05 9.999999999999999124e-06 3.162277660168379080e+05
1.217840716155268142e-02 6.970693931939970047e-05 3.162277660168379394e-03 1.000000000000000000e+03
1.216748677002832749e-02 7.006183326394064095e-05 1.000000000000000000e+00 3.162277660168379523e+00
1.101018806228824636e-02 5.654704650573978973e-05 9.999999999999999124e-06 1.000000000000000000e+05
1.100990482229554680e-02 5.654712448751183048e-05 3.162277660168379394e-03 3.162277660168379043e+02
1.093188291666929469e-02 5.667275035441149438e-05 1.000000000000000000e+00 1.000000000000000000e+00
1.000118306323100059e-02 5.516849878244264632e-05 9.999999999999999124e-06 3.162277660168379225e+04
9.999375287549476868e-03 5.515936260779963335e-05 3.162277660168379394e-03 1.000000000000000000e+02
9.161360572105698222e-03 6.448246325391814656e-05 9.999999999999999124e-06 1.000000000000000000e+04
9.150525926859217479e-03 6.420593793214153966e-05 3.162277660168379394e-03 3.162277660168379256e+01
8.811488726004110261e-03 7.553364549783455598e-05 1.000000000000000036e-10 3.162277660168379498e+03
8.808256258054255466e-03 7.630288349746033340e-05 1.000000000000000036e-10 1.000000000000000000e+03
8.700899081333420687e-03 7.776176845500082097e-05 1.000000000000000036e-10 3.162277660168379043e+02
8.669615733003035313e-03 7.583613178451482982e-05 1.000000000000000036e-10 1.000000000000000000e+04
8.518313085000766421e-03 7.601000222238494055e-05 1.000000000000000036e-10 1.000000000000000000e+02
8.486426205621386276e-03 6.372665696399659686e-05 3.162277660168379191e-08 1.000000000000000000e+06
8.486217915155950045e-03 6.372267644714111018e-05 9.999999999999999124e-06 3.162277660168379498e+03
8.427139847896700925e-03 6.248362678507341926e-05 3.162277660168379394e-03 1.000000000000000000e+01
8.343644948486318019e-03 7.576323587193953333e-05 1.000000000000000036e-10 3.162277660168379225e+04
8.264913492158887029e-03 7.025573799613170508e-05 1.000000000000000036e-10 3.162277660168379256e+01
8.030324616003526109e-03 7.226028032367609903e-05 3.162277660168379191e-08 3.162277660168379256e+01
7.976934586353814222e-03 7.684203439557110184e-05 3.162277660168379191e-08 1.000000000000000000e+02
7.947815839255542233e-03 6.307039140139599864e-05 3.162277660168379191e-08 3.162277660168379080e+05
7.946524800954229972e-03 6.304490175678586204e-05 9.999999999999999124e-06 1.000000000000000000e+03
7.929272115329332252e-03 6.290748629113473316e-05 1.000000000000000036e-10 1.000000000000000000e+01
7.886093041087515604e-03 6.928890046424883789e-05 1.000000000000000036e-10 1.000000000000000000e+05
7.847768266374077067e-03 6.421629561557041686e-05 3.162277660168379191e-08 1.000000000000000000e+01
7.729108067944788843e-03 7.056508350549921358e-05 3.162277660168379191e-08 3.162277660168379043e+02
7.707920275150663587e-03 5.736147262246890009e-05 3.162277660168379394e-03 3.162277660168379523e+00
7.512005841736865523e-03 6.179308941939033175e-05 3.162277660168379191e-08 1.000000000000000000e+05
7.509886387808245925e-03 6.631040749411812709e-05 1.000000000000000036e-10 3.162277660168379523e+00
7.503960622871935944e-03 6.155793599227639521e-05 9.999999999999999124e-06 3.162277660168379043e+02
7.485372853114966377e-03 6.684060787439824144e-05 3.162277660168379191e-08 3.162277660168379523e+00
7.455962823830951380e-03 5.982422756378475304e-05 1.000000000000000036e-10 3.162277660168379080e+05
7.413944458146588812e-03 6.056352060445284691e-05 3.162277660168379191e-08 1.000000000000000000e+03
7.208184439744592595e-03 5.705186402343460634e-05 3.162277660168379191e-08 3.162277660168379225e+04
7.173929884469344882e-03 5.675906218769779783e-05 1.000000000000000036e-10 1.000000000000000000e+06
7.166388163576398185e-03 5.682579414422153950e-05 3.162277660168379191e-08 3.162277660168379498e+03
7.162224053164275954e-03 5.543482290279527433e-05 9.999999999999999124e-06 1.000000000000000000e+02
7.086623921429545739e-03 5.181711831917935315e-05 3.162277660168379191e-08 1.000000000000000000e+04
7.023819256005456139e-03 6.922483320236653059e-05 1.000000000000000036e-10 1.000000000000000000e+00
7.017210096269928081e-03 6.934817309807149465e-05 3.162277660168379191e-08 1.000000000000000000e+00
6.924070026999166842e-03 5.355501815284155297e-05 3.162277660168379394e-03 1.000000000000000000e+00
6.903549578980330836e-03 4.805413906512422768e-05 9.999999999999999124e-06 3.162277660168379256e+01
6.689875924344550195e-03 5.243975969094172263e-05 9.999999999999999124e-06 1.000000000000000000e+01
6.527624209096491090e-03 6.772435205578229017e-05 9.999999999999999124e-06 3.162277660168379523e+00
6.402220968281760460e-03 7.892159682148321056e-05 9.999999999999999124e-06 1.000000000000000000e+00
