1.678823851330757400e-01 1.145847426865288961e-03 1.000000000000000000e+00 1.000000000000000000e+06
1.676137722170993050e-01 1.144655068167979572e-03 1.000000000000000000e+00 3.162277660168379080e+05
1.667706796154593829e-01 1.140925819660551987e-03 1.000000000000000000e+00 1.000000000000000000e+05
1.641686980387659089e-01 1.127962933349003919e-03 1.000000000000000000e+00 3.162277660168379225e+04
1.565277890022206408e-01 1.086129517233947210e-03 1.000000000000000000e+00 1.000000000000000000e+04
1.369884139747953866e-01 9.717983972029132014e-04 1.000000000000000000e+00 3.162277660168379498e+03
1.369872130569546043e-01 9.717975080766670486e-04 3.162277660168379394e-03 1.000000000000000000e+06
1.008967159254166301e-01 7.362883629349625553e-04 1.000000000000000000e+00 1.000000000000000000e+03
1.008907521432077514e-01 7.362367608153558415e-04 3.162277660168379394e-03 3.162277660168379080e+05
6.245188570147439805e-02 4.477682007353946418e-04 1.000000000000000000e+00 3.162277660168379043e+02
6.243773722664971298e-02 4.476053933760440408e-04 3.162277660168379394e-03 1.000000000000000000e+05
4.061155757966035396e-02 2.793382639944857375e-04 1.000000000000000000e+00 1.000000000000000000e+02
4.059370712536827103e-02 2.792490995596078138e-04 3.162277660168379394e-03 3.162277660168379225e+04
3.153919903573604300e-02 2.057668102388167896e-04 1.000000000000000000e+00 3.162277660168379256e+01
3.153583150683362396e-02 2.070313223510543681e-04 3.162277660168379394e-03 1.000000000000000000e+04
2.663980531782100813e-02 2.454015286333693555e-04 9.999999999999999124e-06 1.000000000000000000e+06
2.663963323080867363e-02 2.454002591123909420e-04 3.162277660168379394e-03 3.162277660168379498e+03
2.659867491161874153e-02 2.439924172518802953e-04 1.000000000000000000e+00 1.000000000000000000e+01
2.292450045683089993e-02 2.407018977830529356e-04 9.999999999999999124e-06 3.162277660168379080e+05
2.292360469694539743e-02 2.407408849134634718e-04 3.162277660168379394e-03 1.000000000000000000e+03
2.278770050006979561e-02 2.487646366618717197e-04 1.000000000000000000e+00 3.162277660168379523e+00
1.981760352683231002e-02 2.716969133801559961e-04 9.999999999999999124e-06 1.000000000000000000e+05
1.981333359157372992e-02 2.720769869078634847e-04 3.162277660168379394e-03 3.162277660168379043e+02
1.953538778406150797e-02 2.939386840424141733e-04 1.000000000000000000e+00 1.000000000000000000e+00
1.715485633551366851e-02 2.930074340718363314e-04 9.999999999999999124e-06 3.162277660168379225e+04
1.713384427231469387e-02 2.947760197980134464e-04 3.162277660168379394e-03 1.000000000000000000e+02
1.484214786759362713e-02 2.752435272767042259e-04 9.999999999999999124e-06 1.000000000000000000e+04
1.476583308128989747e-02 2.753587100630324760e-04 3.162277660168379394e-03 3.162277660168379256e+01
1.300272920033099244e-02 2.171976873984361332e-04 3.162277660168379191e-08 1.000000000000000000e+06
1.300056132749588013e-02 2.170980868892016314e-04 9.999999999999999124e-06 3.162277660168379498e+03
1.282886017484599628e-02 2.200900702960519810e-04 3.162277660168379394e-03 1.000000000000000000e+01
1.245805408724448039e-02 1.279967914297799869e-04 1.000000000000000036e-10 3.162277660168379498e+03
1.245354120805010692e-02 1.270557855064952937e-04 1.000000000000000036e-10 1.000000000000000000e+04
1.244995858019517544e-02 1.291337001564779325e-04 1.000000000000000036e-10 1.000000000000000000e+03
1.243178653446630130e-02 1.253556967385399451e-04 1.000000000000000036e-10 3.162277660168379225e+04
1.242055747340458684e-02 1.313912160664229892e-04 1.000000000000000036e-10 3.162277660168379043e+02
1.236766041051504464e-02 1.228526335719970670e-04 1.000000000000000036e-10 1.000000000000000000e+05
1.234481033951559045e-02 1.346048309705209366e-04 1.000000000000000036e-10 1.000000000000000000e+02
1.232183285464115950e-02 1.273511568514863019e-04 3.162277660168379191e-08 3.162277660168379043e+02
1.231000111567796471e-02 1.330899173655807153e-04 3.162277660168379191e-08 1.000000000000000000e+02
1.220004395617936901e-02 1.188953044810550533e-04 1.000000000000000036e-10 3.162277660168379080e+05
1.218396368427599255e-02 1.209260308076177422e-04 3.162277660168379191e-08 1.000000000000000000e+03
1.217946976469127737e-02 1.397096886364655190e-04 1.000000000000000036e-10 3.162277660168379256e+01
1.216723811996252812e-02 1.393760820712436831e-04 3.162277660168379191e-08 3.162277660168379256e+01
1.186096272814984344e-02 1.498548316795797431e-04 1.000000000000000036e-10 1.000000000000000000e+01
1.185689137383824296e-02 1.496859259358745379e-04 3.162277660168379191e-08 1.000000000000000000e+01
1.184868071294235478e-02 1.156092028451866625e-04 1.000000000000000036e-10 1.000000000000000000e+06
1.184332733396645937e-02 1.163264761829369643e-04 3.162277660168379191e-08 3.162277660168379498e+03
1.177238402785212371e-02 1.443176771841761193e-04 3.162277660168379191e-08 3.162277660168379080e+05
1.176446191835636181e-02 1.444779753879894585e-04 9.999999999999999124e-06 1.000000000000000000e+03
1.136215236551685326e-02 1.712925603165616482e-04 3.162277660168379394e-03 3.162277660168379523e+00
1.135978138471905631e-02 1.041090480072042932e-04 3.162277660168379191e-08 1.000000000000000000e+04
1.133544773650856444e-02 1.411434193091814929e-04 9.999999999999999124e-06 1.000000000000000000e+01
1.132137019867929251e-02 1.654218958548074245e-04 1.000000000000000036e-10 3.162277660168379523e+00
1.132010621857747548e-02 1.654032904398609655e-04 3.162277660168379191e-08 3.162277660168379523e+00
1.115922794528628401e-02 1.180231396652321025e-04 9.999999999999999124e-06 3.162277660168379256e+01
1.112351907443341267e-02 1.593649324352372856e-04 9.999999999999999124e-06 3.162277660168379523e+00
1.111941166706074090e-02 9.284184655836992799e-05 3.162277660168379191e-08 1.000000000000000000e+05
1.109581733367575110e-02 9.480606738411846734e-05 9.999999999999999124e-06 3.162277660168379043e+02
1.101682654362290056e-02 8.909535283979465379e-05 3.162277660168379191e-08 3.162277660168379225e+04
1.094722579003666249e-02 9.449862021726185529e-05 9.999999999999999124e-06 1.000000000000000000e+02
1.056908353779656591e-02 1.743474150647508151e-04 1.000000000000000036e-10 1.000000000000000000e+00
1.056875190719061205e-02 1.743415219846568363e-04 3.162277660168379191e-08 1.000000000000000000e+00
1.051221278637765391e-02 1.715597884540046155e-04 9.999999999999999124e-06 1.000000000000000000e+00
1.019496926169162314e-02 1.261137211579801108e-04 3.162277660168379394e-03 1.000000000000000000e+00
