1.679102433324564381e-01 1.350784459851946074e-03 1.000000000000000000e+00 1.000000000000000000e+06
1.677090229116864895e-01 1.349992178918037883e-03 1.000000000000000000e+00 3.162277660168379080e+05
1.670770845269912985e-01 1.347457506689151178e-03 1.000000000000000000e+00 1.000000000000000000e+05
1.651229983881008501e-01 1.339497039359557103e-03 1.000000000000000000e+00 3.162277660168379225e+04
1.593464031270603876e-01 1.311377820039379789e-03 1.000000000000000000e+00 1.000000000000000000e+04
1.442651575255665952e-01 1.229550374379523737e-03 1.000000000000000000e+00 3.162277660168379498e+03
1.442641855600527712e-01 1.229545488911768999e-03 3.162277660168379394e-03 1.000000000000000000e+06
1.147427280331771576e-01 1.023610432280527664e-03 1.000000000000000000e+00 1.000000000000000000e+03
1.147364097718865661e-01 1.023574851125300849e-03 3.162277660168379394e-03 3.162277660168379080e+05
7.691971706243797002e-02 7.503996545141449316e-04 1.000000000000000000e+00 3.162277660168379043e+02
7.689919992138294358e-02 7.502460001033833250e-04 3.162277660168379394e-03 1.000000000000000000e+05
4.667588537933449466e-02 4.660314833256507124e-04 1.000000000000000000e+00 1.000000000000000000e+02
4.664101339020672310e-02 4.658860253956466227e-04 3.162277660168379394e-03 3.162277660168379225e+04
3.064547628328053580e-02 3.281251558298120194e-04 1.000000000000000000e+00 3.162277660168379256e+01
3.063113897360027899e-02 3.283769548002523860e-04 3.162277660168379394e-03 1.000000000000000000e+04
2.402125214044722318e-02 3.119335946905300253e-04 9.999999999999999124e-06 1.000000000000000000e+06
2.402077469568417861e-02 3.119402507173506061e-04 3.162277660168379394e-03 3.162277660168379498e+03
2.388971866602395203e-02 3.156638259606222609e-04 1.000000000000000000e+00 1.000000000000000000e+01
2.107024378522328115e-02 3.249361945539565029e-04 9.999999999999999124e-06 3.162277660168379080e+05
2.106697820410578098e-02 3.249342269896932393e-04 3.162277660168379394e-03 1.000000000000000000e+03
2.040558027657185525e-02 3.274055864234424800e-04 1.000000000000000000e+00 3.162277660168379523e+00
1.928307090863433035e-02 1.819022239803366183e-04 1.000000000000000036e-10 3.162277660168379225e+04
1.923455087902691332e-02 3.077284103689421207e-04 9.999999999999999124e-06 1.000000000000000000e+05
1.923004999063859105e-02 1.862522585817284629e-04 1.000000000000000036e-10 1.000000000000000000e+04
1.921577165655071959e-02 3.075102945382405194e-04 3.162277660168379394e-03 3.162277660168379043e+02
1.917242089310305930e-02 1.760491415010507392e-04 1.000000000000000036e-10 1.000000000000000000e+05
1.899207444911792803e-02 1.920227467149225326e-04 1.000000000000000036e-10 3.162277660168379498e+03
1.881247223474757577e-02 1.632047167612330396e-04 1.000000000000000036e-10 3.162277660168379080e+05
1.853141283507406256e-02 1.991012159592850991e-04 1.000000000000000036e-10 1.000000000000000000e+03
1.808402825049593848e-02 1.417728763486107821e-04 1.000000000000000036e-10 1.000000000000000000e+06
1.803112020017755973e-02 1.809493985876910020e-04 3.162277660168379191e-08 1.000000000000000000e+03
1.784043682702254885e-02 1.947649588691995027e-04 1.000000000000000036e-10 3.162277660168379043e+02
1.779441833603077547e-02 2.683491053704177153e-04 9.999999999999999124e-06 3.162277660168379225e+04
1.779111440423879545e-02 1.521528341642644803e-04 3.162277660168379191e-08 3.162277660168379498e+03
1.768533787973661925e-02 2.654839877681651732e-04 3.162277660168379394e-03 1.000000000000000000e+02
1.766515210384517892e-02 1.866820297998411963e-04 3.162277660168379191e-08 3.162277660168379043e+02
1.749703171602132179e-02 2.861086970986124285e-04 1.000000000000000000e+00 1.000000000000000000e+00
1.696418393951702741e-02 1.285972860962698188e-04 3.162277660168379191e-08 1.000000000000000000e+04
1.689667188711558785e-02 1.800392024657810946e-04 1.000000000000000036e-10 1.000000000000000000e+02
1.684133534852795544e-02 1.770275023140808579e-04 3.162277660168379191e-08 1.000000000000000000e+02
1.667055309938071661e-02 2.527289165394630012e-04 9.999999999999999124e-06 1.000000000000000000e+04
1.612561709375464475e-02 2.370437716599851376e-04 3.162277660168379394e-03 3.162277660168379256e+01
1.603097582675648211e-02 1.476844241878959405e-04 3.162277660168379191e-08 3.162277660168379225e+04
1.585872083690039944e-02 2.352852406946801510e-04 3.162277660168379191e-08 1.000000000000000000e+06
1.584194589294503006e-02 2.349221721546196188e-04 9.999999999999999124e-06 3.162277660168379498e+03
1.569581008162503413e-02 1.544480344077042071e-04 1.000000000000000036e-10 3.162277660168379256e+01
1.567992136670252890e-02 1.533371842838766506e-04 3.162277660168379191e-08 3.162277660168379256e+01
1.546943315264588149e-02 1.807414620351989964e-04 3.162277660168379191e-08 1.000000000000000000e+05
1.542774303136656110e-02 2.093194287035204297e-04 3.162277660168379191e-08 3.162277660168379080e+05
1.532247277491643675e-02 2.068586961559442826e-04 9.999999999999999124e-06 1.000000000000000000e+03
1.498302163636365536e-02 1.743877160086819195e-04 9.999999999999999124e-06 3.162277660168379043e+02
1.466939385709221076e-02 1.305802824122320141e-04 9.999999999999999124e-06 1.000000000000000000e+02
1.431641586093365150e-02 1.144913956194602996e-04 9.999999999999999124e-06 3.162277660168379256e+01
1.429503528258230238e-02 1.386513720976836634e-04 1.000000000000000036e-10 1.000000000000000000e+01
1.429099509242665912e-02 1.383775530834446235e-04 3.162277660168379191e-08 1.000000000000000000e+01
1.422433495258860689e-02 1.810459846787108688e-04 3.162277660168379394e-03 1.000000000000000000e+01
1.368378820286491812e-02 1.239760926262042126e-04 9.999999999999999124e-06 1.000000000000000000e+01
1.288934527159346644e-02 1.179865212740727670e-04 1.000000000000000036e-10 3.162277660168379523e+00
1.288838400444007951e-02 1.179622779326415212e-04 3.162277660168379191e-08 3.162277660168379523e+00
1.269212813203330313e-02 1.128722284533521282e-04 9.999999999999999124e-06 3.162277660168379523e+00
1.233619718684735543e-02 1.516650170528342344e-04 3.162277660168379394e-03 3.162277660168379523e+00
1.160489785369015446e-02 1.201566167976909856e-04 1.000000000000000036e-10 1.000000000000000000e+00
1.160467766420865410e-02 1.201526041586400653e-04 3.162277660168379191e-08 1.000000000000000000e+00
1.155773441216289589e-02 1.161166166482931487e-04 9.999999999999999124e-06 1.000000000000000000e+00
1.093205002684857242e-02 1.348282262399521779e-04 3.162277660168379394e-03 1.000000000000000000e+00
