1.679478761184375057e-01 1.375631910459496413e-03 1.000000000000000000e+00 1.000000000000000000e+06
1.677462856310313055e-01 1.374870992043773560e-03 1.000000000000000000e+00 3.162277660168379080e+05
1.671132967190301355e-01 1.372484274947270667e-03 1.000000000000000000e+00 1.000000000000000000e+05
1.651544251892170523e-01 1.364253291730389362e-03 1.000000000000000000e+00 3.162277660168379225e+04
1.593600525645222088e-01 1.331836133496097077e-03 1.000000000000000000e+00 1.000000000000000000e+04
1.442266234997386931e-01 1.249711220508175225e-03 1.000000000000000000e+00 3.162277660168379498e+03
1.442256320067522579e-01 1.249710404919450631e-03 3.162277660168379394e-03 1.000000000000000000e+06
1.145732373909515989e-01 9.966371407214996442e-04 1.000000000000000000e+00 1.000000000000000000e+03
1.145668142564451875e-01 9.966021227191736599e-04 3.162277660168379394e-03 3.162277660168379080e+05
7.667388444484325716e-02 6.568872064058233016e-04 1.000000000000000000e+00 3.162277660168379043e+02
7.665316339554283098e-02 6.566067187570846743e-04 3.162277660168379394e-03 1.000000000000000000e+05
4.655227875243818370e-02 3.055145772118831649e-04 1.000000000000000000e+00 1.000000000000000000e+02
4.651722281820371008e-02 3.046359101794928500e-04 3.162277660168379394e-03 3.162277660168379225e+04
3.066880422325476280e-02 2.972274107380621657e-04 1.000000000000000000e+00 3.162277660168379256e+01
3.065435259207264715e-02 2.960556560930731372e-04 3.162277660168379394e-03 1.000000000000000000e+04
2.411686864537399694e-02 3.497509566254334537e-04 9.999999999999999124e-06 1.000000000000000000e+06
2.411638403914648926e-02 3.497632684458069300e-04 3.162277660168379394e-03 3.162277660168379498e+03
2.398335300268273837e-02 3.518951050931842816e-04 1.000000000000000000e+00 1.000000000000000000e+01
2.116729875095758537e-02 3.077971038381833394e-04 9.999999999999999124e-06 3.162277660168379080e+05
2.116395061080309642e-02 3.078358217679987648e-04 3.162277660168379394e-03 1.000000000000000000e+03
2.049913045879481199e-02 3.134380961854580120e-04 1.000000000000000000e+00 3.162277660168379523e+00
1.939683779967269275e-02 3.201462204857620205e-04 1.000000000000000036e-10 3.162277660168379225e+04
1.933733180778539687e-02 3.237574079497591351e-04 1.000000000000000036e-10 1.000000000000000000e+04
1.931807396654510248e-02 2.564610512197900024e-04 9.999999999999999124e-06 1.000000000000000000e+05
1.929922636142267223e-02 2.568660342231451140e-04 3.162277660168379394e-03 3.162277660168379043e+02
1.928791227488283258e-02 3.164077862894416459e-04 1.000000000000000036e-10 1.000000000000000000e+05
1.908371423812463274e-02 3.280177491635247276e-04 1.000000000000000036e-10 3.162277660168379498e+03
1.893104039145180467e-02 3.128193370046746967e-04 1.000000000000000036e-10 3.162277660168379080e+05
1.859476500725406808e-02 3.286517731003620567e-04 1.000000000000000036e-10 1.000000000000000000e+03
1.819627431212638910e-02 3.043547535267933780e-04 1.000000000000000036e-10 1.000000000000000000e+06
1.809313366846374352e-02 3.101817483787129809e-04 3.162277660168379191e-08 1.000000000000000000e+03
1.789299028693535840e-02 2.256609706657340198e-04 9.999999999999999124e-06 3.162277660168379225e+04
1.787958789095896520e-02 3.016319669428725722e-04 3.162277660168379191e-08 3.162277660168379498e+03
1.787238410558151386e-02 3.200299365107606457e-04 1.000000000000000036e-10 3.162277660168379043e+02
1.778610607139552435e-02 2.269992428720661538e-04 3.162277660168379394e-03 1.000000000000000000e+02
1.769578374659608669e-02 3.106125076117344794e-04 3.162277660168379191e-08 3.162277660168379043e+02
1.761137101740926567e-02 2.754527993823073962e-04 1.000000000000000000e+00 1.000000000000000000e+00
1.705750279092468208e-02 2.950685656987151405e-04 3.162277660168379191e-08 1.000000000000000000e+04
1.689584043007620606e-02 3.133505235121221075e-04 1.000000000000000036e-10 1.000000000000000000e+02
1.684203310246429330e-02 3.095216198155442602e-04 3.162277660168379191e-08 1.000000000000000000e+02
1.679186907257246633e-02 2.172234304591390947e-04 9.999999999999999124e-06 1.000000000000000000e+04
1.625826439608862861e-02 2.150875604105760000e-04 3.162277660168379394e-03 3.162277660168379256e+01
1.609286152044258483e-02 2.973444995597400962e-04 3.162277660168379191e-08 3.162277660168379225e+04
1.597961492157307789e-02 2.121002477866913987e-04 3.162277660168379191e-08 1.000000000000000000e+06
1.596332042813428803e-02 2.118755743200906848e-04 9.999999999999999124e-06 3.162277660168379498e+03
1.568739844550633492e-02 3.077456562382447909e-04 1.000000000000000036e-10 3.162277660168379256e+01
1.567262791813654396e-02 3.067085463228262708e-04 3.162277660168379191e-08 3.162277660168379256e+01
1.552541494315228844e-02 2.400805101239768518e-04 3.162277660168379191e-08 3.162277660168379080e+05
1.552427117043191952e-02 2.812474899648628301e-04 3.162277660168379191e-08 1.000000000000000000e+05
1.542142705785932641e-02 2.381869610453064183e-04 9.999999999999999124e-06 1.000000000000000000e+03
1.504089746085519007e-02 2.716574538718566747e-04 9.999999999999999124e-06 3.162277660168379043e+02
1.470418658613114118e-02 2.709032556362747537e-04 9.999999999999999124e-06 1.000000000000000000e+02
1.436073439963198028e-02 1.938702837621190662e-04 3.162277660168379394e-03 1.000000000000000000e+01
1.435014990963517402e-02 3.022204658588982409e-04 1.000000000000000036e-10 1.000000000000000000e+01
1.434643559483343364e-02 3.021085191481328366e-04 3.162277660168379191e-08 1.000000000000000000e+01
1.433896510388260603e-02 2.633118959652894957e-04 9.999999999999999124e-06 3.162277660168379256e+01
1.373502773443729952e-02 2.746124862523548205e-04 9.999999999999999124e-06 1.000000000000000000e+01
1.303051942780649244e-02 2.636779460081110156e-04 1.000000000000000036e-10 3.162277660168379523e+00
1.302964863589874990e-02 2.636061840696961138e-04 3.162277660168379191e-08 3.162277660168379523e+00
1.282413484955870556e-02 2.534824789729226541e-04 9.999999999999999124e-06 3.162277660168379523e+00
1.246485867643830348e-02 2.338848416030548912e-04 3.162277660168379394e-03 3.162277660168379523e+00
1.183949387853872395e-02 2.447170427606427186e-04 1.000000000000000036e-10 1.000000000000000000e+00
1.183928211692039656e-02 2.447017483588842480e-04 3.162277660168379191e-08 1.000000000000000000e+00
1.178502748039617597e-02 2.418138439155251187e-04 9.999999999999999124e-06 1.000000000000000000e+00
1.108760145828371034e-02 2.520475457975674414e-04 3.162277660168379394e-03 1.000000000000000000e+00
