4.340124982714894247e-02 2.887981584853052241e-04 1.000000000000000000e+00 1.000000000000000000e+06
4.336811578747807455e-02 2.886474154880723357e-04 1.000000000000000000e+00 3.162277660168379080e+05
4.326385191051360102e-02 2.881615804990229771e-04 1.000000000000000000e+00 1.000000000000000000e+05
4.293914400268897258e-02 2.866690032135948388e-04 1.000000000000000000e+00 3.162277660168379225e+04
4.195993713749231885e-02 2.817211323168735174e-04 1.000000000000000000e+00 1.000000000000000000e+04
3.927182486934661931e-02 2.639681540803848485e-04 3.162277660168379394e-03 1.000000000000000000e+06
3.927020844420030243e-02 2.639621043930616504e-04 1.000000000000000000e+00 3.162277660168379498e+03
3.349841815217190211e-02 2.077335382564496498e-04 3.162277660168379394e-03 3.162277660168379080e+05
3.349795386264173974e-02 2.077285960343480036e-04 1.000000000000000000e+00 1.000000000000000000e+03
2.575287514339292747e-02 1.058947814373090797e-04 1.000000000000000000e+00 3.162277660168379043e+02
2.575119259058790064e-02 1.058782586299490593e-04 3.162277660168379394e-03 1.000000000000000000e+05
1.990424079016820877e-02 2.704618666942477532e-05 1.000000000000000000e+00 1.000000000000000000e+02
1.990057428520162347e-02 2.702148738973260501e-05 3.162277660168379394e-03 3.162277660168379225e+04
1.604179172285056382e-02 3.987131263104397576e-05 1.000000000000000000e+00 3.162277660168379256e+01
1.603688057167486011e-02 3.982859739307656786e-05 3.162277660168379394e-03 1.000000000000000000e+04
1.281073022098062550e-02 4.005838105526121271e-05 1.000000000000000000e+00 1.000000000000000000e+01
1.280517046626008029e-02 4.014975073800776173e-05 3.162277660168379394e-03 3.162277660168379498e+03
1.280515295069363860e-02 4.015003223227494114e-05 9.999999999999999124e-06 1.000000000000000000e+06
1.069917422091760245e-02 3.813006171393066023e-05 1.000000000000000000e+00 3.162277660168379523e+00
1.069378934868596941e-02 3.808386070157750896e-05 3.162277660168379394e-03 1.000000000000000000e+03
1.069377253910928048e-02 3.808367607913808867e-05 9.999999999999999124e-06 3.162277660168379080e+05
9.606695059286969596e-03 3.593638485975020498e-05 1.000000000000000000e+00 1.000000000000000000e+00
9.605918621833284265e-03 3.553995450166280777e-05 9.999999999999999124e-06 1.000000000000000000e+05
9.605918397436644107e-03 3.554105660841345651e-05 3.162277660168379394e-03 3.162277660168379043e+02
8.806269988712086411e-03 3.802322830321603183e-05 9.999999999999999124e-06 3.162277660168379225e+04
8.806167128642180403e-03 3.802778899860372914e-05 3.162277660168379394e-03 1.000000000000000000e+02
8.100334467311891273e-03 4.012109354698866148e-05 9.999999999999999124e-06 1.000000000000000000e+04
8.099657119155870624e-03 4.011298579712615153e-05 3.162277660168379394e-03 3.162277660168379256e+01
7.475833830273601044e-03 3.734210228054032243e-05 3.162277660168379191e-08 1.000000000000000000e+06
7.475820971101401757e-03 3.734194163000362563e-05 9.999999999999999124e-06 3.162277660168379498e+03
7.472257197821049850e-03 3.730154237820920655e-05 3.162277660168379394e-03 1.000000000000000000e+01
6.926151652676242228e-03 3.792163708259913696e-05 3.162277660168379191e-08 3.162277660168379080e+05
6.926083716680675288e-03 3.791883840725268634e-05 9.999999999999999124e-06 1.000000000000000000e+03
6.909344656162127660e-03 3.739688477251712506e-05 3.162277660168379394e-03 3.162277660168379523e+00
6.596690075587563658e-03 4.779150195061769140e-05 1.000000000000000036e-10 3.162277660168379043e+02
6.595997013228988362e-03 4.758786518669676447e-05 1.000000000000000036e-10 1.000000000000000000e+03
6.588148413836478375e-03 4.782637115926125643e-05 1.000000000000000036e-10 1.000000000000000000e+02
6.583651499930527791e-03 4.724768242712001172e-05 1.000000000000000036e-10 3.162277660168379498e+03
6.564874280040949688e-03 4.694434418441245318e-05 1.000000000000000036e-10 3.162277660168379256e+01
6.544638227148709755e-03 4.671140069866910383e-05 1.000000000000000036e-10 1.000000000000000000e+04
6.513151389857023410e-03 4.465991973564284386e-05 1.000000000000000036e-10 1.000000000000000000e+01
6.506354917032775020e-03 4.589895336357454074e-05 3.162277660168379191e-08 3.162277660168379256e+01
6.493717091168653768e-03 4.426619378182476699e-05 3.162277660168379191e-08 1.000000000000000000e+01
6.463539522837745237e-03 3.713456036663581827e-05 3.162277660168379191e-08 1.000000000000000000e+05
6.463185599165350778e-03 3.710423383190050701e-05 9.999999999999999124e-06 3.162277660168379043e+02
6.444220452001126268e-03 4.596623014356724209e-05 1.000000000000000036e-10 3.162277660168379225e+04
6.429962524947104019e-03 4.618860951217364176e-05 3.162277660168379191e-08 1.000000000000000000e+02
6.411442228869189061e-03 4.007523887729289036e-05 1.000000000000000036e-10 3.162277660168379523e+00
6.405273541502212384e-03 4.009390788154942290e-05 3.162277660168379191e-08 3.162277660168379523e+00
6.403882012474354513e-03 3.450893461404651698e-05 3.162277660168379394e-03 1.000000000000000000e+00
6.252765239834106106e-03 4.271908594833115694e-05 1.000000000000000036e-10 1.000000000000000000e+05
6.248615852358719962e-03 4.300537031251590049e-05 3.162277660168379191e-08 3.162277660168379043e+02
6.237930446440466230e-03 3.581973656061275118e-05 1.000000000000000036e-10 1.000000000000000000e+00
6.236078494040552325e-03 3.590601120329662996e-05 3.162277660168379191e-08 1.000000000000000000e+00
6.122392105407589713e-03 3.832816152261286056e-05 3.162277660168379191e-08 3.162277660168379225e+04
6.120621592074623404e-03 3.821704727581340811e-05 9.999999999999999124e-06 1.000000000000000000e+02
6.029576392855615259e-03 4.120483804354756934e-05 1.000000000000000036e-10 3.162277660168379080e+05
6.028666157459732985e-03 4.129552127903038839e-05 3.162277660168379191e-08 1.000000000000000000e+03
5.973413190681111859e-03 3.678489508833958729e-05 9.999999999999999124e-06 1.000000000000000000e+00
5.930441013086326998e-03 3.850017608455655012e-05 3.162277660168379191e-08 1.000000000000000000e+04
5.922150157772394265e-03 3.841547635233559852e-05 9.999999999999999124e-06 3.162277660168379256e+01
5.916955943328118528e-03 4.054777012900794551e-05 9.999999999999999124e-06 3.162277660168379523e+00
5.904100521665062509e-03 3.746236886010364967e-05 1.000000000000000036e-10 1.000000000000000000e+06
5.903940197491189951e-03 3.743071198129929478e-05 3.162277660168379191e-08 3.162277660168379498e+03
5.867981354869464088e-03 3.774066541090943881e-05 9.999999999999999124e-06 1.000000000000000000e+01
