4.350268190011818970e-02 1.036111211944354903e-04 1.000000000000000000e+00 1.000000000000000000e+06
4.345936297944077292e-02 1.036224598402705891e-04 1.000000000000000000e+00 3.162277660168379080e+05
4.332320103224147900e-02 1.036556111875765516e-04 1.000000000000000000e+00 1.000000000000000000e+05
4.290105636714786758e-02 1.039719055193191391e-04 1.000000000000000000e+00 3.162277660168379225e+04
4.164422193645648390e-02 1.052480982155889881e-04 1.000000000000000000e+00 1.000000000000000000e+04
3.831476371103743894e-02 1.110227719006910929e-04 3.162277660168379394e-03 1.000000000000000000e+06
3.831368057549085909e-02 1.110077975178551033e-04 1.000000000000000000e+00 3.162277660168379498e+03
3.166464492630415711e-02 1.267117935416919383e-04 1.000000000000000000e+00 1.000000000000000000e+03
3.166372149531252594e-02 1.267399700026519390e-04 3.162277660168379394e-03 3.162277660168379080e+05
2.361251849811598497e-02 1.596507748276076782e-04 1.000000000000000000e+00 3.162277660168379043e+02
2.360859499187346541e-02 1.597051196478835365e-04 3.162277660168379394e-03 1.000000000000000000e+05
1.810534991239143993e-02 1.561397848061580392e-04 1.000000000000000000e+00 1.000000000000000000e+02
1.809965569889414663e-02 1.561745569985818597e-04 3.162277660168379394e-03 3.162277660168379225e+04
1.523477113127491567e-02 1.111883314558797039e-04 1.000000000000000000e+00 3.162277660168379256e+01
1.523021892185270898e-02 1.110667092499379517e-04 3.162277660168379394e-03 1.000000000000000000e+04
1.353555151074610496e-02 7.793393130241965021e-05 1.000000000000000000e+00 1.000000000000000000e+01
1.353460371090981981e-02 7.773589959827239410e-05 3.162277660168379394e-03 3.162277660168379498e+03
1.353460089522526798e-02 7.773528358154798768e-05 9.999999999999999124e-06 1.000000000000000000e+06
1.217796917404116545e-02 5.806168442206319176e-05 9.999999999999999124e-06 3.162277660168379080e+05
1.217793226714878121e-02 5.806197802806470934e-05 3.162277660168379394e-03 1.000000000000000000e+03
1.216692227532422711e-02 5.819091588402328926e-05 1.000000000000000000e+00 3.162277660168379523e+00
1.100240754464862011e-02 3.605362693813074542e-05 9.999999999999999124e-06 1.000000000000000000e+05
1.100212104490903495e-02 3.605922801765075567e-05 3.162277660168379394e-03 3.162277660168379043e+02
1.092362612855049021e-02 3.802653922221829334e-05 1.000000000000000000e+00 1.000000000000000000e+00
9.998391983189660465e-03 4.614221248454279830e-05 9.999999999999999124e-06 3.162277660168379225e+04
9.996548805498311346e-03 4.621813427296540361e-05 3.162277660168379394e-03 1.000000000000000000e+02
9.163727567077917593e-03 5.569423340254492355e-05 9.999999999999999124e-06 1.000000000000000000e+04
9.152865937647197345e-03 5.604981676722396174e-05 3.162277660168379394e-03 3.162277660168379256e+01
8.841478063349070618e-03 9.176790123587855923e-05 1.000000000000000036e-10 1.000000000000000000e+03
8.841238749215567586e-03 9.077081433587363577e-05 1.000000000000000036e-10 3.162277660168379498e+03
8.735451122356322970e-03 8.983854383720864050e-05 1.000000000000000036e-10 3.162277660168379043e+02
8.695653539131230347e-03 8.754881325359514560e-05 1.000000000000000036e-10 1.000000000000000000e+04
8.551507518667511576e-03 8.685429435908458462e-05 1.000000000000000036e-10 1.000000000000000000e+02
8.497193660501466128e-03 5.901674191300934548e-05 3.162277660168379191e-08 1.000000000000000000e+06
8.496984909252169177e-03 5.902134437221269486e-05 9.999999999999999124e-06 3.162277660168379498e+03
8.438177851714981359e-03 6.056530883131342813e-05 3.162277660168379394e-03 1.000000000000000000e+01
8.369123407851352531e-03 8.408001419117783627e-05 1.000000000000000036e-10 3.162277660168379225e+04
8.291646159566967017e-03 8.146813485999032179e-05 1.000000000000000036e-10 3.162277660168379256e+01
8.056635022050789505e-03 7.720542200305288087e-05 3.162277660168379191e-08 3.162277660168379256e+01
8.010871330754574041e-03 7.937122279164161745e-05 3.162277660168379191e-08 1.000000000000000000e+02
7.967765250271995753e-03 5.673243606389108293e-05 3.162277660168379191e-08 3.162277660168379080e+05
7.966478514217308418e-03 5.677167378114021131e-05 9.999999999999999124e-06 1.000000000000000000e+03
7.945857389684233413e-03 7.367259219952374861e-05 1.000000000000000036e-10 1.000000000000000000e+01
7.914381743026485672e-03 8.093250462849971641e-05 1.000000000000000036e-10 1.000000000000000000e+05
7.863821975095724656e-03 7.203744460077911359e-05 3.162277660168379191e-08 1.000000000000000000e+01
7.764199068153771095e-03 7.940996474756145879e-05 3.162277660168379191e-08 3.162277660168379043e+02
7.726766123796612214e-03 6.597201909792430323e-05 3.162277660168379394e-03 3.162277660168379523e+00
7.538044826886886041e-03 5.597412624305489237e-05 3.162277660168379191e-08 1.000000000000000000e+05
7.530102057697152067e-03 5.608991835305966560e-05 9.999999999999999124e-06 3.162277660168379043e+02
7.519318059753951448e-03 6.282705599270542668e-05 1.000000000000000036e-10 3.162277660168379523e+00
7.494531737629641852e-03 6.254411265011604489e-05 3.162277660168379191e-08 3.162277660168379523e+00
7.491366236081438423e-03 7.111139275259932731e-05 1.000000000000000036e-10 3.162277660168379080e+05
7.451667027731960317e-03 7.094506276439487013e-05 3.162277660168379191e-08 1.000000000000000000e+03
7.238252929163665854e-03 5.136786716191716105e-05 3.162277660168379191e-08 3.162277660168379225e+04
7.213485746987974463e-03 6.463304644109301225e-05 1.000000000000000036e-10 1.000000000000000000e+06
7.206507188200972185e-03 6.483439360791195280e-05 3.162277660168379191e-08 3.162277660168379498e+03
7.192697315579948958e-03 5.201387649388251042e-05 9.999999999999999124e-06 1.000000000000000000e+02
7.120223265181133306e-03 5.372445735825042958e-05 3.162277660168379191e-08 1.000000000000000000e+04
7.034191269462759799e-03 6.638737688312991534e-05 1.000000000000000036e-10 1.000000000000000000e+00
7.027521541766204929e-03 6.635263182311663022e-05 3.162277660168379191e-08 1.000000000000000000e+00
6.937727743550401241e-03 7.221770275443671855e-05 3.162277660168379394e-03 1.000000000000000000e+00
6.935508194112380634e-03 5.843262513350938256e-05 9.999999999999999124e-06 3.162277660168379256e+01
6.719529421660186061e-03 6.308857203693827448e-05 9.999999999999999124e-06 1.000000000000000000e+01
6.547442029106199761e-03 6.386128343839530337e-05 9.999999999999999124e-06 3.162277660168379523e+00
6.417272200800088269e-03 6.320636502064587523e-05 9.999999999999999124e-06 1.000000000000000000e+00
