4.334183922991728666e-02 1.880535074151997116e-04 1.000000000000000000e+00 1.000000000000000000e+06
4.329917146866837929e-02 1.880388221975272563e-04 1.000000000000000000e+00 3.162277660168379080e+05
4.316508039750288628e-02 1.879902448200501317e-04 1.000000000000000000e+00 1.000000000000000000e+05
4.274911963334741133e-02 1.878683469470620606e-04 1.000000000000000000e+00 3.162277660168379225e+04
4.150968657072118262e-02 1.877152073412353278e-04 1.000000000000000000e+00 1.000000000000000000e+04
3.821919668379443469e-02 1.846544229101529399e-04 3.162277660168379394e-03 1.000000000000000000e+06
3.821811841959370237e-02 1.846981276674279388e-04 1.000000000000000000e+00 3.162277660168379498e+03
3.162176692480144630e-02 1.692329094182430584e-04 1.000000000000000000e+00 1.000000000000000000e+03
3.162083915775517479e-02 1.691960330543361890e-04 3.162277660168379394e-03 3.162277660168379080e+05
2.360314006212629531e-02 1.453741733870433646e-04 1.000000000000000000e+00 3.162277660168379043e+02
2.359920725502643452e-02 1.453322802022266526e-04 3.162277660168379394e-03 1.000000000000000000e+05
1.808841228406352086e-02 1.257580028213702917e-04 1.000000000000000000e+00 1.000000000000000000e+02
1.808270229028674514e-02 1.257327818240884694e-04 3.162277660168379394e-03 3.162277660168379225e+04
1.521587558808521791e-02 1.059018954679381369e-04 1.000000000000000000e+00 3.162277660168379256e+01
1.521136776887457853e-02 1.058800749249193192e-04 3.162277660168379394e-03 1.000000000000000000e+04
1.351937513922028822e-02 9.976261929541621620e-05 1.000000000000000000e+00 1.000000000000000000e+01
1.351839957833732807e-02 1.000096772631732886e-04 3.162277660168379394e-03 3.162277660168379498e+03
1.351839675244114782e-02 1.000104607356714433e-04 9.999999999999999124e-06 1.000000000000000000e+06
1.216878011299451015e-02 9.794719157427586825e-05 9.999999999999999124e-06 3.162277660168379080e+05
1.216874380709115702e-02 9.794683630240052737e-05 3.162277660168379394e-03 1.000000000000000000e+03
1.215793510915748679e-02 9.776789269788614006e-05 1.000000000000000000e+00 3.162277660168379523e+00
1.100040598786878807e-02 8.132784346321451766e-05 9.999999999999999124e-06 1.000000000000000000e+05
1.100012020526635811e-02 8.133019150151067590e-05 3.162277660168379394e-03 3.162277660168379043e+02
1.092159110315880574e-02 8.215214539960172366e-05 1.000000000000000000e+00 1.000000000000000000e+00
9.991953641905198732e-03 5.499667033562779909e-05 9.999999999999999124e-06 3.162277660168379225e+04
9.990117645478179334e-03 5.501552807262284845e-05 3.162277660168379394e-03 1.000000000000000000e+02
9.158615007983572295e-03 3.795026005459215988e-05 9.999999999999999124e-06 1.000000000000000000e+04
9.147698986847103281e-03 3.792687177077049682e-05 3.162277660168379394e-03 3.162277660168379256e+01
8.876643326818636423e-03 4.340288860882305527e-05 1.000000000000000036e-10 3.162277660168379498e+03
8.874964089175683274e-03 4.271660631555885835e-05 1.000000000000000036e-10 1.000000000000000000e+03
8.767308874683823333e-03 4.155499233875109734e-05 1.000000000000000036e-10 3.162277660168379043e+02
8.731869609848733754e-03 4.180948406866782566e-05 1.000000000000000036e-10 1.000000000000000000e+04
8.582920260385970557e-03 4.165612057563866178e-05 1.000000000000000036e-10 1.000000000000000000e+02
8.496450947645995538e-03 3.130877674207706274e-05 3.162277660168379191e-08 1.000000000000000000e+06
8.496241483179348825e-03 3.130686806092957612e-05 9.999999999999999124e-06 3.162277660168379498e+03
8.436567230960185723e-03 3.069334084909077902e-05 3.162277660168379394e-03 1.000000000000000000e+01
8.402929248482283314e-03 3.839048075572823324e-05 1.000000000000000036e-10 3.162277660168379225e+04
8.324805665017531719e-03 4.420064542812837969e-05 1.000000000000000036e-10 3.162277660168379256e+01
8.087478305810096371e-03 3.944303601341018508e-05 3.162277660168379191e-08 3.162277660168379256e+01
8.037493968344005396e-03 3.320842567092484364e-05 3.162277660168379191e-08 1.000000000000000000e+02
7.979056891718201011e-03 4.999998623213912081e-05 1.000000000000000036e-10 1.000000000000000000e+01
7.973996379825340139e-03 3.116031514420215662e-05 3.162277660168379191e-08 3.162277660168379080e+05
7.972705734399261959e-03 3.112750710230334056e-05 9.999999999999999124e-06 1.000000000000000000e+03
7.941534442922863410e-03 3.311839088476067281e-05 1.000000000000000036e-10 1.000000000000000000e+05
7.896018081821505608e-03 4.762735555499670985e-05 3.162277660168379191e-08 1.000000000000000000e+01
7.788328625062719210e-03 2.795793983590779845e-05 3.162277660168379191e-08 3.162277660168379043e+02
7.733273621174735490e-03 2.495666934816219966e-05 3.162277660168379394e-03 3.162277660168379523e+00
7.557300191239080429e-03 5.326410392367064386e-05 1.000000000000000036e-10 3.162277660168379523e+00
7.553682626712148254e-03 3.626487770913090406e-05 3.162277660168379191e-08 1.000000000000000000e+05
7.545668955315482269e-03 3.604000048676155797e-05 9.999999999999999124e-06 3.162277660168379043e+02
7.532242877543508970e-03 5.299955290118079753e-05 3.162277660168379191e-08 3.162277660168379523e+00
7.500768006989339334e-03 3.925530922622454447e-05 1.000000000000000036e-10 3.162277660168379080e+05
7.460669939121536247e-03 3.707632925030430955e-05 3.162277660168379191e-08 1.000000000000000000e+03
7.257946032576898139e-03 4.499459583634463571e-05 3.162277660168379191e-08 3.162277660168379225e+04
7.213727241013887306e-03 5.184348291361608966e-05 1.000000000000000036e-10 1.000000000000000000e+06
7.212110128905551039e-03 4.278184985388298905e-05 9.999999999999999124e-06 1.000000000000000000e+02
7.206531834670117272e-03 5.147318061398562731e-05 3.162277660168379191e-08 3.162277660168379498e+03
7.132717245222200408e-03 5.397877407225348367e-05 3.162277660168379191e-08 1.000000000000000000e+04
7.086792780567263347e-03 4.556562144384705367e-05 1.000000000000000036e-10 1.000000000000000000e+00
7.080044262657407723e-03 4.555064503936663583e-05 3.162277660168379191e-08 1.000000000000000000e+00
6.952897960110530559e-03 2.687639708144689096e-05 3.162277660168379394e-03 1.000000000000000000e+00
6.948103654481588461e-03 4.630643695927651486e-05 9.999999999999999124e-06 3.162277660168379256e+01
6.727936401836010112e-03 3.592429716598820441e-05 9.999999999999999124e-06 1.000000000000000000e+01
6.564854773888443955e-03 2.560365127162395678e-05 9.999999999999999124e-06 3.162277660168379523e+00
6.452176122163836777e-03 3.563730851926114811e-05 9.999999999999999124e-06 1.000000000000000000e+00
