-0.17778948231123692
7.09628086308406
-0.26156019952328347
7.175346646692531
0.031403687689337545
6.82783310171631
-0.14346388674021693
6.784036210660568
-0.17743385126040145
6.864904870542618
-0.22799504055994024
7.154756926368657
-0.30143190679272713
7.009920486629486
-0.0673615444516642
6.999923957611122
0.009543881639702434
6.905397612817004
-0.2901816482263735
7.163094576914328
-0.011788022946878307
6.996987600678923
-0.16629017959712833
7.202235433740348
-0.07432416175749346
6.820770029884161
-0.03188997779381175
6.773387907222961
-0.4199492920050396
-1.4317840791512495
-0.35274388326993034
-1.5632980411389035
-0.2917981102334055
-1.5797648662023978
0.04710674985177121
7.240918307241925
-0.3159724823771537
7.083252271945632
-0.1380564904115973
6.673107296133087
-0.017333813025940614
7.27371682661964
-0.41404321685237555
-1.5626314646918775
0.0032980667934463526
6.742034385784793
0.002600473124260816
7.3381589126241265
-0.2897215578257839
6.640142051869174
-0.0026377357024109926
7.246051772299261
0.0336012717226124
6.954597692306361
-0.48319632060305473
7.0108022486646835
-0.2662459558639334
7.1169045007172445
-0.45329993730080886
6.881755450245833
-0.16543156183293917
7.0343442200164175
-0.45028195305811636
6.99892513468579
0.06869730017614462
7.013918319736435
-0.17684729803923904
6.762730540814389
-0.03152182583939478
6.628436380475549
-0.19409215286952453
6.673376114970916
-0.22921366913114127
6.781527069209298
-0.2867332109716001
7.018110523436757
-0.048651710922609226
7.264501826891727
-0.4705993390551857
-1.4262206938916364
-0.3986301174865954
-1.192858018917427
-0.36105033172528955
-1.553080562693701
-0.33528460039065067
-1.566157675482856
-0.38613862178143066
-0.8140771990138003
-0.3871055255212337
-0.13620723059352535
-0.3358287886456228
-0.1609074548032492
-0.18564988489027634
7.057483801157574
-0.17741770107949328
7.056361257181151
-0.15875447923450636
7.050373912148648
-0.23095485349248257
7.029521522220686
-0.2685702184804688
6.999005545122294
-0.08574801631415419
6.853413921588132
-0.011162086537226834
7.015145476400106
0.011560876047999713
7.000415161551946
-0.26942843596569066
6.921112261989329
-0.28051659448009136
7.228673378189398
-0.18160942481460118
6.997728987523448
-0.3299277456741905
0.4482686277938761
-0.22940360315067565
6.821944398783489
-0.4564319689634715
7.051015692797983
-0.18834318749572532
7.2024449459107425
-0.2736262341975575
7.160099371004473
-0.0916353239164085
7.167214049774966
-0.17489894770275605
7.033758894261978
-0.28781367872928065
6.867462130725282
-0.44584734254856073
7.170331331210902
-0.23089619843896259
7.029959982973063
-0.32070382321438196
6.972128130628951
-0.28514715786772804
7.1104741254975385
-0.31232473113865034
7.017219526561797
-0.22709677181025256
6.986392267424087
-0.1937631376532476
6.994189615015218
-0.4125825981008413
7.016022797908672
-0.11078967498758274
7.0141234710697296
-0.43104889422470904
6.955393346678236
-0.12188672570256731
7.017420890668841
-0.34422445619791997
6.998949970350901
-0.30645699754135514
7.169112872446338
-0.07111323618961762
7.000746433317815
-0.35813111092919936
7.017345810747076
-0.05792737872088338
6.962628476283383
-0.2874639266318324
6.998296646056507
-0.06393341788761919
7.011429856747853
-0.1697537465244352
6.991369133110095
-0.08942484938416406
7.198318806669285
-0.16677055537736152
7.200576939062896
-0.3811905184022377
6.837943670027713
-0.3104292557020436
6.842125539575837
-0.04517354047279731
7.141985180735076
-0.0649828050669381
6.852354518730895
-0.24094289471854324
6.778490365966534
-0.17748192126111562
6.790522128956491
-0.16098897861264305
6.790219499652927
-0.15598385982782137
6.790659147862111
-0.1432448497713752
-0.22507098541790338
6.783615152029775
6.996357207143808
-0.43915185324461703
-1.1492004947799987
-0.3154611780312724
-1.500312151977571
-0.10839722167722154
-5.493293674992332
-0.177293431321222
-0.21132148542271256
-5.514320889730037
6.817121180806463
-0.40747859827013855
-1.5810773081961873
-0.3712253249428654
-1.5975875777297865
-0.3963005523216854
-0.1631759470669918
-0.13744886189756222
6.975654357330422
-0.19212533162746492
6.828175379842513
-0.2731963496875611
-0.2479221705949275
7.068666598986953
6.9550628848775915
-0.1181718501477409
-0.14149401293952124
7.083058768383579
6.97467916009754
-0.3013335227193785
7.03222701882184
-0.17077348668922632
7.239471337915525
-0.19839815143603978
7.296717487761655
-0.2673066798796526
7.165231214156386
-0.12408687105888738
7.130262705701899
-0.27760523650837143
7.091690968508777
-0.18921248386563683
7.105515981055513
-0.29821044557108856
6.85641482888863
-0.1899551899277485
6.808510189090918
-0.07116763298709472
6.896831804552568
-0.18838092539936913
6.974330123696654
-0.26860844677954177
-0.2966361262768542
7.071229289538036
6.852043032152743
0.0009432290176416558
0.0019460667668829146
6.9433429859114515
6.75591724034458
-0.052446700926854106
-0.06638280679966702
6.963513345968445
6.788584823364947
-0.0568242053358512
7.009673884597678
-0.19116753236023598
-0.19118326714785994
6.809298808864096
6.892278536559741
-0.3555014374371126
-0.35592303238764966
7.1141650901082105
6.775247415212356
-0.19423971042462362
-0.1884560889223259
6.758093231354338
6.759085784813758
-0.3049003312751015
-0.19971129592459036
7.049463608170772
6.853154092700322
-0.15267065794829282
-0.021508195296609856
6.989132300482024
7.106669547998513
-0.10836263898938903
-0.1359552903406307
7.109052081390866
6.935376001216755
-0.36587605581130234
-0.36626754297932784
7.081871355275168
6.976500553983959
-0.20973692835572244
6.834997117057215
-0.18532451896865965
6.958457799609515
-0.17677861635959768
-0.4737827004213937
6.80725603808607
7.137058709192375
-0.2436025913308839
-0.13446935533986348
6.963601472978942
7.030458349979921
-0.12753074568774814
-0.12671154852610123
6.721549778166476
6.8074342259475
-0.3669280192354645
7.00653907708152
-0.4654662783979653
7.051510691756029
-0.15452150579904078
6.993790720724033
-0.41678225303311756
6.999313514707181
-0.48449567032594487
7.037379679633461
-0.4722301222339311
7.047022162261283
-0.19382187225605918
7.232194124160941
-0.19905028413520842
7.195025197398483
-0.20972502705475726
7.20451785959705
-0.33209285408759115
7.091449601747266
-0.08309183612020021
7.192279482900633
-0.11939399319247457
7.187419677385093
-0.17539907447567327
6.973054701262706
-0.1788933668592545
7.030825922109772
-0.2408264561488771
7.048307362884605
-0.16754657271712503
7.017840932595495
-0.42875164546235034
6.985448242836468
-0.3270868968803704
6.956027867137366
-0.10268928412265943
-0.12451322680966914
7.223650511373959
6.954843329341813
-0.13700207301727652
-0.10934224552456051
6.984427123035925
6.927501154791149
-0.19315014128781094
-0.2956296451051168
6.9018433215569095
7.005091300363324
-0.05866095634816482
-0.09870207586152446
6.922547406122473
7.055550674049785
-0.19479467191430366
7.037009292797296
-0.5028111925413139
-0.5082594007682086
6.935623016999147
7.0452082032528605
-0.34165324706742783
6.960863596302132
-0.06907641859926983
6.98180859576277
-0.2999834791568077
-0.27608542878235554
7.0850575406703085
7.094579771979775
-0.48228706370223406
-0.34703978034828253
6.960633222210009
7.165598455680003
-0.22095532187275246
-0.2704812777932357
6.964209174728734
6.962612756879857
-0.32252182288525333
-0.32503295883741856
7.028686856884998
7.082714126123682
-0.03510560847714039
-0.03616923731737742
7.120136585223715
7.120163518095237
-0.1421114205204299
-0.10687348163410171
6.98493292678845
7.098845029124415
-0.03935839757675019
-0.03818573146294302
7.0182261315597625
7.018508412170361
-0.1070199930266984
-0.13785143539707967
6.924705013986074
6.981912813853643
-0.17276640967446966
-0.1710766400627275
6.950439650404545
7.067761299859028
-0.3081922018255714
6.861573261401815
-0.3604249068257994
6.886420185059087
-0.3130208548827387
6.874215499386652
-0.3873182043621757
-0.4573206883411842
6.889562691576266
6.99611010855881
-0.2667193041926552
-0.18716402965765688
6.879743635898586
6.997932497162953
-0.293449940138494
-0.5655780322464832
7.023864649861109
7.006108575197057
-0.529938701729324
-0.5184169332281758
7.09980508039793
7.0527318243575285
-0.4453088180412834
7.1653516762005784
-0.23286467309102754
7.177597212383569
-0.23763869129242288
-0.2963597634914832
7.202024617002339
7.112921874705189
-0.3281838670008099
-0.3322342627971224
7.198406791760098
7.096081101022352
-0.4357668901411813
-0.4269041828152149
7.160521928884067
7.012692550061873
-0.1583333462089236
-0.12819565589995108
7.201638069293397
6.982371907225048
-0.05413108362380026
-0.03338107414920266
7.2039087619730315
7.013165307234115
-0.4689233492474765
6.957576331707959
-0.19228834650861337
6.999647288232175
-0.19379285447202843
6.940148754700356
-0.18106990134513534
7.031918604456682
-0.26960946612797265
7.01133140070567
-0.09047055198835352
7.01079109719271
-0.17289884902285024
7.00369333604476
-0.1828593216348544
6.9890764806283965
-0.1747286941869861
7.049956792635424
-0.28686724451473644
6.969093830516764
-0.4584646092677289
6.936845963161401
-0.2324297731904723
7.0106489428457905
-0.27309411871044276
7.02729018452476
-0.2208938580462032
6.909557006348645
-0.3591701010758275
7.004577488432122
-0.4039959261537778
6.961585774052531
-0.23239365400184475
7.005421423903968
-0.3319558424216513
7.053774274056254
-0.31493685912414904
7.01205764721055
-0.16388029095392742
6.990097281174392
-0.16502592640675573
7.007329455899163
-0.19862840100262602
6.971156202362897
-0.11286203230896596
6.99633604705287
-0.28061374866512967
6.998499087666635
-0.14310843580067178
6.969865084789615
-0.09162250899175994
6.954817257738786
-0.2779771420664181
6.969430797551081
-0.4595414608393513
7.0084794770576755
-0.5234574814578759
7.012118683941228
-0.14818221803384368
7.015669110137069
-0.4206516948393997
7.017925551860597
-0.2516775969986833
7.000961721974206
-0.4504363358346337
6.997681142204551
-0.25719951832236987
6.960187963373737
-0.26134319921690885
7.000036140498848
-0.3274806317819472
6.980929804556411
-0.4429436536213167
7.016896157839554
-0.14508037392905848
7.001904640305406
-0.3947206700015249
6.993501363130156
-0.15809145540808256
7.001900168545896
-0.3790276541050144
6.986034283713056
-0.263165429184804
7.005853971702236
-0.20947293638415587
6.996390055129555
-0.4358559442026415
6.977111948785991
-0.36497714569268513
7.014916827465361
-0.2318612020834987
6.995322164713553
-0.4123434187251407
6.988493698130791
-0.11827075410031274
7.001121521051312
-0.44023850601683634
6.998450789206861
-0.1348875416790758
6.973827270958647
-0.36250733552815717
6.991894612961194
-0.3124335672888927
7.000061128140638
-0.16365104569013056
7.014191208356802
-0.37388706785885617
7.001588399008118
-0.08269077549053172
6.996500922495825
-0.2995637622192877
7.005458775467858
-0.1649166806643656
7.026644469838229
-0.18132240101571995
6.99091007873499
-0.11954728206290355
-0.2726572797902236
7.022280833888982
7.006613340304952
-0.47240764513596645
-0.3023554597452627
7.010072806984673
6.969225641382359
-0.11472485332920623
-0.26902570785300917
6.987099372506121
7.028508315982074
-0.4782167945426341
-0.3193227714594986
6.952632336360381
7.079611997715197
-0.12861139738826388
-0.27252346932668203
7.290732798096504
7.0152666528393235
-0.10410710416931757
-0.2762166358691047
6.958945194636951
7.057893176911717
-0.4735184131453618
-0.30176145903829266
6.927306231309771
7.008172060217492
-0.09566877228882831
-0.2528980218834782
7.045017666031282
6.984730220288663
-0.46111507514879335
-0.2849172095511925
7.00419305161717
6.974059481336156
-0.13013870864970656
-0.2857812668333439
6.9636001687124125
7.059563177401289
-0.1018423200026799
-0.27382939556888175
6.996429208522831
7.007575085156648
-0.46979542507516037
-0.3033021919465799
7.0132873398185
6.982381696009205
-0.09556599308962177
6.99518842412993
-0.08560690065151455
6.968502954754633
-0.08490831100047735
7.012215323115854
-0.10132134229315248
7.1955544250356605
-0.18503934745668715
6.9899727553543025
-0.3194466282854531
6.838294228751298
-0.30782353100403803
6.844657463915142
-0.05647946436173967
7.137527677002759
-0.4368765719689378
7.019008392958628
-0.37268780302775006
7.008268531951721
-0.3324551365590702
6.924938170463985
-0.3404261597450695
6.91252501510879
-0.3463530191700954
6.91974824235613
-0.08577117121899391
-0.0900455925766046
6.9885697198214185
6.9868148888066095
-0.20437842091320846
-0.34451679937793944
6.964799968491991
7.0110996847923905
-0.27115010703823383
-0.4195428212647343
6.9576988109103866
7.002421846737109
-0.2809803828511175
-0.4157364732275015
7.060691448733902
7.008722299103562
-0.4169140819424202
-0.19093359042703995
7.010558897207682
7.016529877568551
-0.5382357978055801
-0.5042255580950936
7.149248621124988
6.9849025385205925
-0.20758868953990461
-0.33316737092915716
7.1441412772755095
6.97837370586649
-0.09453451777098998
-0.09936140219807754
6.994249336341783
6.995806312743055
-0.5457013053654727
-0.43362164175542794
7.025918778153602
7.004538616090868
-0.5210706809908814
-0.5010239594585766
6.913544685223274
7.004078869553528
-0.21537198210829267
-0.3422477473104433
7.0055584340409025
6.99709493278729
-0.09369933976844891
-0.05334766122421719
6.9790313087468805
7.026317886795472
-0.1278643573742606
-0.09699420159819461
6.9594145421583615
7.030478375249223
-0.11476369104374129
-0.06158228237458907
7.261611242179837
6.98942024263675
-0.13959792142311933
-0.1058691700166765
7.198821463501214
6.9824837207628185
-0.13307886564662752
-0.13654168267707334
6.938877926065948
6.9594751015268095
-0.0824886891406118
-0.05883852253098709
6.956520831912186
7.015059160692102
-0.35212976045519895
-0.23552243217393887
6.978755249395355
7.013224554494151
-0.1289623782107716
-0.09872678997862927
6.98068672996377
7.036152910712532
-0.1003593768101334
7.2033992741462995
-0.07974272406405092
7.170294377891835
-0.25232713044494837
7.20309818291643
-0.3286749808160927
6.849277046685798
-0.42577522776261034
-0.406655601675074
6.85824874070126
7.014735486907516
-0.4506054107842088
6.837705423793819
-0.4235264380628223
6.85604697621629
-0.3030173054235661
6.847550526422717
-0.06549333426518267
7.123322907738051
-0.18854011431130324
7.187670995542384
-0.18335329481458018
7.203993687941879
-0.17148519167047027
7.2057275787075135
-0.1803704425861543
-0.6122094041759727
7.206112200013823
6.98799991424751
-0.4484303097354738
-0.5450230364910134
6.859887102469601
7.0255433676599415
-0.4277626985890963
-0.19275382665844631
7.079791955344075
7.002111076009002
-0.527504748268905
-0.5245742885765257
6.883693572564894
7.064537284120319
-0.07907814447964334
-0.3419244838759763
7.01559418271862
6.99668676159703
-0.3027950829110049
-0.3107078184876553
7.1254460145725576
6.967328154125501
-0.15654313059753022
-0.23292378905790656
7.199225914024478
7.005642165232618
-0.20718127488119187
-0.3214063654719972
7.242891071826754
7.008883279508885
-0.0009666191050010653
-0.13971183416162525
7.1302859441046
7.03507818175494
-0.11952853326450885
-0.05507125374025712
7.243970307848581
6.985747869786523
-0.3443638758303642
-0.16350706601643505
6.7672946371524585
7.23012797196676
-0.08576871196548108
-0.0857687681051793
7.24477839520413
6.979920683558053
-0.17159522253628445
0.004412369064892729
7.26358874957139
6.966817485377667
-0.4508178127400351
-0.2588327448375729
6.743439601580409
7.0749490589283885
-0.10409016017193196
-0.2529921636974173
6.8140234873696
7.074262928833759
-0.09563900401937708
6.814360269656117
-0.08114227073543923
6.837892899238287
-0.10155393569692794
6.8295681068990355
-0.17954952020981185
-0.5404323875997168
6.83847009652947
7.029547367212138
-0.06914602643500167
-0.21639500707134918
6.825318445057917
6.984379175447928
-0.18440702710937185
6.605167511471893
-0.06515455854256391
6.780738536374595
-0.07831572902971207
6.771373976769647
-0.029246325582692023
-0.1884150425370148
6.566217802648221
7.294626965668511
0.02166157719103179
-0.15948402509387005
6.662521653233551
7.265085472751734
-0.16559816364739355
-0.31818844776668875
6.605500048707763
7.132169218989547
-0.0763479278160002
-0.6166827001397195
6.836921639422003
6.995751431836097
-0.11872455245362268
-0.23202623462861283
6.627641745342704
7.114730251037735
-0.2958172053016881
6.781660011469569
-0.3489746234165638
-0.507569567788325
6.7825617568688745
6.9437596565268205
-0.21364294693839092
6.797119588103222
-0.2691255353900237
6.782048345957219
-0.329319661181362
-0.3297757022762653
6.797366692722691
6.970048019333791
-0.16255035429061415
6.795427787883591
-0.09311091632838675
6.770400368095095
-0.16209450570922357
-0.4681484891336609
6.797077105535507
7.026280649529974
-0.04424071942060337
6.783745499897451
-0.052432075672737
6.782425751836075
-0.17794201182849978
6.75668755232589
-0.18520547277737887
6.761794024506617
-0.16605569962173394
6.7940438806764964
-0.21092492067480428
6.79124436188298
-0.1754363951819773
6.78470579125506
-0.21057794250569373
6.782465238420188
-0.16597957968062893
6.79350396496059
-0.1915006704560538
6.7900357068911505
-0.17323067868052178
6.787935603909948
-0.26305374449898977
-0.5549876831150309
6.790545792553339
7.0091394133613205
-0.11958101920576247
-0.413728283847302
6.627940030783955
7.097015453648358
-0.14226197793804918
-0.5562170558738115
6.783446676537346
7.006275837530912
-0.07259221395105264
-0.39026960193804694
6.634663511155216
7.120828526378398
-0.042053860187986736
-0.2431632505971102
6.782847174271674
6.992611553923417
-0.2602694059449311
-0.17815854829391853
6.66672896295996
7.010795462769614
-0.18541230819304388
-0.6061146205403176
6.789943939136138
6.9791018916675345
-0.149152223900348
-0.23786124830328692
6.792625854952975
7.000200444386477
-0.17306706146472273
-0.6186313110310913
6.7939723124444695
6.986788511715219
-0.15941739111099196
-0.27863944505218363
6.7827716887901985
7.002910152097719
-0.345076955399108
-0.33536942481179377
6.79888991377341
7.050484319426953
-0.2535208260692139
-0.26462214140151197
6.677859117261307
6.889599361003185
-0.2440620986283193
-0.16601300394649776
6.968707174247862
6.920022654660345
-0.2558341826803687
-0.08535244543672693
6.943648545863002
6.937097296100964
-0.3024102427322397
-0.24036169097132642
6.9682258297631074
6.932281415593289
-0.3085563421469306
-0.3063950149466743
6.676602497471607
6.850235070139882
-0.2204738004281861
-0.31943851170835913
6.683028822744369
6.90302599363976
-0.12608900382391752
-0.027676321400411652
7.041484801895403
7.343882648719313
-0.14761478745176504
-0.11974618812421589
7.031056784892529
7.293158628617429
-0.04014023708779213
-0.06875133512109954
7.053765305263946
7.381804086106687
-0.09830109844845403
-0.12536981391155688
6.988525043474183
7.234754062495178
-0.13285581280979208
-0.15975628759806249
6.743398302181887
7.305356797732687
-0.10807919779835196
-0.13940970720143842
6.737957699246001
7.294408823069722
-0.09626411138564261
-0.10843120109932158
6.749846765905196
7.292953494409494
-0.44173136010022596
-1.4618374492019512
-0.4296905723846711
-1.4501201979428018
-0.49891232208705105
-0.5055118882884502
-1.1815388806730098
7.027719065675654
-0.34071618948632754
-1.4004448979568966
-0.5027621272305378
-1.505166646481042
-0.45277387849752593
-1.4626507904171806
-0.4007707855824876
-1.4409400163152348
-0.2870170310602713
-0.3339086992717597
-3.2911183767253096
7.124731795281714
-0.33971903630040856
-0.09185676652553099
-3.431548825861455
7.410169221659093
-0.42539962838486467
-0.2839735936835659
-3.330806846053939
7.098206727420156
-0.48178380087502326
-0.36447936237629364
-0.009774848519038315
7.189879663821939
-0.6275213373756507
-0.17855350399984893
-1.416154333531665
6.958055880277391
-0.4475565252462257
-0.5775387331155937
-1.1708572241255801
6.974825526503521
-0.4565856537575934
-0.31157363678331684
0.013175563664557188
6.867517861396629
-0.3174444619314123
-0.28827294234273815
-3.3355624356469065
7.157499075711884
-0.6020529194183251
-0.474183866746257
-1.481363910584232
6.914358539570462
-0.354098296273504
-1.5236626919447396
-0.19151544814382948
-5.510276613642441
-0.5142987078027978
-0.3410639109305018
-1.5588370805445777
6.978751593264602
-0.2245958619923769
-0.1708632101432439
-5.516546024502251
6.877369671930898
-0.6230159090157574
-0.1790625169812703
-1.5292084104535029
6.996350868808393
-0.2583818621808369
-0.16633272758404694
-5.504970680268425
6.884836567904006
-0.6148285617867346
-0.45828034438525656
-1.5618435107865647
6.851008985893776
-0.38433881438406825
-1.5713031876213215
-0.2511941230494985
-5.4495328220380586
-0.3552357067753764
-0.4453489719408097
-1.5546257586583607
7.023884287584001
-0.2643669094314296
-0.19547405003091622
-5.496993839021522
7.09123514286877
-0.3776671929713089
-1.4872221417478073
-0.36980556053906355
-1.5177005822751273
-0.3188822592829421
-1.5168690366611735
-0.6130591285702129
-1.5260565483311552
-0.4798437720734672
-1.5357281061931456
-0.4670602971535125
-1.4969300221706767
-0.4181675545123582
-1.5404990905446265
-0.4763981641541353
-1.5825470296756166
-0.40213700990379664
-1.5685138147800757
-0.3663199877096801
-1.5556710858133407
-0.3521053179735789
-1.5742364157380315
-0.4734400433527046
-0.47302572012037913
-1.5495784133694883
6.989890861868329
-0.08925646667707277
-0.08925646674531507
-5.464428259645677
7.021457195577386
-0.03170688594433724
-0.03170400418560604
-5.658160543544533
7.051735328313093
-0.1025418839910417
-0.10233442771089774
-5.463169813637968
7.0119873895686355
-0.49737995302725224
-0.4989787786454132
-1.560948625591866
7.001077583226867
-0.4214467723491744
-0.5463038206974069
-1.4652753006921326
6.963317446861944
-0.3765669821773212
-0.6112285899592393
-1.568826741068122
7.000625560528113
-0.5228585794004008
-0.2104431922070944
-1.6094279204295958
6.970834194265298
-0.24006529985173408
-0.07831683409528978
-5.465704776576182
6.900961027687262
-0.49891644041877203
-0.5313135859520965
-1.3319001810592042
6.86142604217174
-0.4925540424708359
-0.5151951612280872
-1.3360907561524265
6.863964685109925
-0.36873881339882963
-0.09739966868959904
-3.006214047964505
7.189153020878652
-0.41151391548433125
-0.24602333769630214
-3.1401411681162905
7.229395231090015
-0.46900203245620276
-0.29065016585195913
-0.5565008794611304
6.526910234998418
-0.32847987428505476
-0.22526242596710855
-2.9348504310158496
7.206130370612926
-0.45990594922153427
-0.29893809205417377
-0.7121234849728868
6.524480822733448
-0.4525392732917872
-0.28478456347998105
-0.4548485075989692
6.52266969009632
-0.3128032861267904
0.01891743459029449
-1.6304401668988486
5.910666207457065
-0.2619714816808738
-0.13853783860448132
-1.3492941138356453
6.637251928712339
-0.27272168592774015
-0.1003347440379736
-1.368763566702615
6.615547061417517
-0.2597421138127931
-0.0972802022348489
-1.3074136377047196
6.627539925454838
-0.012432140185779872
6.970127847606165
-0.2638736681710725
6.77274052270409
0.03183363752764379
6.971500367742581
-0.24918764630088575
7.086836601443461
-0.17043230832570622
6.805504330584843
-0.2721283040871265
7.128641375298625
-0.004162602781960345
6.831661770475581
-0.0012606501544958348
7.035798763098078
-0.00885719704308574
6.96726540154811
0.031066987599650986
7.201142792918985
-0.33993639055902847
7.123826185218586
-0.09763463249751858
7.181354543143708
-0.46331090987737156
6.936517602136905
-0.35541198425245213
6.96316614182213
-0.29499196872633426
7.015724316681218
-0.3978640456702607
6.95933573252365
-0.050788398236756294
7.0503882118100325
-0.317951118893669
7.219258609337397
-0.26688691917839336
7.162012755793459
0.009043978695173038
7.0908466628180085
-0.005847960364021354
6.9864540415966445
-0.300360925414223
6.9058373915220646
-0.2769474207571978
6.879214924550796
-0.19354949236154795
7.017337977459504
-0.47198957715683676
7.104412812334405
-0.19419456738821772
6.975219762679879
-0.2981492356938027
7.150649242279103
-0.4375023106767113
7.15778742440975
-0.026056630051529694
7.181488549090239
-0.28779151307167794
6.999085756739434
-0.12888485792983317
7.004688349896164
-0.4456780145999346
7.0228270513856
-0.5028667562286309
7.0451611388409745
-0.18662773268477295
6.99766444106059
-0.030779736338562458
7.019323884797019
-0.4918287352750905
7.004817238761812
-0.04667015000354713
6.996620373827108
-0.49861657165651074
6.987381590567502
-0.03368216364398968
7.264478206188419
0.027160479172287033
6.951272307057105
-0.4875511802129662
6.99987885242527
-0.017872972288576428
7.038881936499364
-0.47438401617337433
7.015914022325852
-0.0016816042147151933
6.947120234432074
0.03672602831065497
6.988031133571905
-0.48195469401060276
7.0035672761240475
-0.2838477153921186
6.961390717853963
-0.2937985192657049
7.057556906568517
-0.4102500665117361
6.998111097146055
-0.5029096809092923
6.889088069138481
-0.19751684464981167
7.116294324834532
-0.3418881857527687
7.025915014123883
-0.45585359207120746
6.938126938124452
-0.2113211481887749
6.993230300073235
0.011090065393546844
6.96191809471982
-0.08321308360459945
6.978292649880566
-0.18121258454401712
6.959917663413784
-0.19055094162706787
6.998062402170468
-0.4812398062341874
6.993290132829385
-0.18470132249207438
6.998113520097201
-0.21723859685418923
7.000738485146051
-0.10302529125325144
6.9776002341304855
-0.447600234941234
7.02074380911481
-0.17767831239179177
7.014762949235777
0.059168891768852205
7.008795565149409
0.06121403081530019
6.988001353278867
-0.15570775106613688
6.995900836839725
0.0627733825338943
7.0369977554727114
-0.36314912977219826
6.851119800512927
-0.16412246317986146
7.179606858345219
-0.3188288915385611
6.925447235682472
-0.4342557353059151
7.057081151296885
-0.505988693608959
6.894358503144011
-0.04267901139987096
7.0167873414082615
-0.1833884119546969
7.026038579131336
-0.24422004003126396
7.202617165913202
-0.012757060700531397
6.826320508547706
-0.338187887113806
6.945748101340309
-0.278991511174814
7.015985873266064
-0.29347963648936926
6.995706818610478
-0.22451721823379245
7.004056970612518
-0.4028370194869506
7.007508921979145
-0.2140779684793621
6.9531340479648085
-0.32840043240574524
6.980691854237617
-0.20833603417569968
7.005577054830802
-0.11063320509302699
6.921997338937761
-0.299688686908798
7.154941505562977
0.020327126654130723
7.014198532474092
-0.10805613983435602
6.8350143144641455
-0.11368420931318468
6.832074279664728
-0.06226019473012734
6.6447843785325835
-0.062337370873789766
6.821736154249397
-0.06315302299357484
6.834331100227982
-0.3246923027774873
6.78187666999623
-0.20983128661379347
6.796222869850386
-0.18329640273362635
6.790869494593361
-0.17140468194508962
6.755932264967573
-0.1239022189880501
6.610669751900971
-0.0364018933368504
6.784088216577518
-0.04023022603995585
6.6289464629407995
-0.0723906470438056
6.783308225056633
-0.252210874134815
6.668132271225432
-0.1767983073195687
6.775883842679466
-0.24327976542116492
6.774588004634139
-0.17286421637157012
6.7832534024538615
-0.1818844216987232
6.7880069034341455
-0.15898107926017957
6.7953433844322735
-0.1535292780883708
6.684294899095403
-0.13966998894337834
6.671452888817788
-0.1445394708449843
7.058443404554171
0.06490492549919402
7.048259109418045
-0.48393155604128957
6.93504216976536
-0.1803876123451431
6.965842334620908
-0.24995907675110374
7.041791121808067
-0.3736841426399593
6.988022864334857
-0.4595125851061663
7.000775392062778
-0.1498648206725468
7.015024095442482
-0.15010868067061
7.002836678158621
-0.28254620522060847
7.016318298253254
-0.20138110211887117
6.989642104002536
-0.2925750252494339
7.026114765445148
-0.2738227332900607
7.00439360475844
-0.039502744298102854
7.266622192339282
-0.03394861055753218
7.26377307857091
-0.01803839431449905
7.2638544508110785
-0.44938732016320415
-1.432107957717399
-0.47830076593301296
-1.1697606079794554
-0.4545817101692382
-0.29433666888791876
-0.44406905442402067
-0.0016917358236963054
-0.44153385469547146
-1.4445972406437768
-0.3871848328016556
-1.1487633793092016
-0.46678384368479975
-1.2071646613160585
-0.48545595380960904
-1.4389754558658776
-0.48832539758917726
-1.4963411849347619
-0.4512522892145485
-1.5437659108599462
-0.1916923843851368
-5.53075293839775
-0.3739387929398337
-1.5180639654262738
-0.23995459583659784
-5.513454007515858
-0.37107613796670336
-1.5791626059178778
-0.37831420001840677
-1.5787017920930122
-0.23538110875583307
-5.433861638069297
-0.449321292995311
-0.6770435009845803
-0.414897775637046
-1.5539224469376194
-0.46117466364768234
-1.4539651617863054
-0.3538911974084922
-1.5819424724381577
-0.5058832367362935
-1.1309540127299744
-0.465296311510464
-1.5340897150699941
-0.49001258497166233
-1.2829396636828
-0.47185542373223655
-1.276456738170964
-0.49921503010851254
-1.6366345111840204
-0.47811410220231654
-0.1492823961200216
-0.5157552749899299
-0.26380016903422465
-0.48810195539723367
-0.26888618569311795
-0.1896473471354554
6.988334783468103
-0.3506173207174861
7.136966065722067
-0.1058653603371793
7.328640590713412
-0.2916205692308065
7.144564837032178
-0.34100349700557864
7.203815136688262
-0.17297266323313032
6.967213755508143
-0.24146507865807543
6.968438145071616
-0.17292301153197798
7.025282894504038
-0.30407535407393027
6.915002102676418
-0.3217904377142826
7.138637461490308
-0.20174532119458544
6.958820719371802
-0.2566794720001422
6.975619839419208
-0.1762554285815625
6.9863129890499565
-0.170266969358579
6.951578780987896
-0.222341935962298
7.008481686361337
-0.21691584317714163
7.007874701502012
-0.09360415953680068
7.016587666803186
-0.08297821945023998
7.018642080115163
-0.02575105339379391
6.997889695121959
-0.2537060273714671
6.984643044623442
-0.20430464367223067
6.9779488347018965
-0.17593817128555767
6.972712592110923
-0.13455707641198522
6.998010593751612
-0.16136811286688335
6.966502794445429
-0.0989286923700794
6.983726766931153
-0.08190327560864041
6.938609394893668
-0.1214761614399329
6.955951038738768
-0.06968396648633401
7.150150575199463
-0.28376948361853227
7.160079423166248
-0.2318769935213627
7.1514068741903944
-0.012490591439507703
6.3261471084639425
-0.05026633571672079
7.01548050256145
-0.06400715345179364
7.008382153714359
-0.048360986092417235
7.007316807895103
-0.1997663354371486
7.081465288461092
-0.30898701242205195
7.236203542124542
-0.3037657232201614
7.015714887662065
-0.2683606849493003
7.037464138011242
-0.32632295061132677
7.212883439997276
-0.3054163586254761
7.218400280783195
-0.44904369602090455
-0.24169560020825376
-0.4346365127676073
-0.025510433434417834
-0.2486981528082408
6.961817628715532
-0.3219175945149919
6.988935654144298
-0.4475119661015805
7.003721920089162
-0.14835170339912107
7.000076286149299
-0.40316395275049466
7.001155199562492
-0.20720638172935857
7.018331408750835
-0.38890974138827783
6.991812600679486
-0.21839296705532796
7.013333168035061
-0.36035891061194736
7.009313640998356
-0.19289531471540933
6.959857778811825
-0.3679891393041341
6.994764831865933
-0.2334100409208011
6.989156963906907
-0.41172746718042585
7.0054551554598525
-0.14311444575275
7.004850207638711
-0.4530272331043914
7.008334500799312
-0.15188767701899053
7.009741113182336
-0.3649232051655771
7.004707858677524
-0.31670502316606175
7.000381984652093
-0.18663594736727518
7.00076413085478
-0.37279119627540513
6.992975322736935
-0.29897352520991305
7.008282833811391
-0.23941226959989237
7.005667238785615
-0.1726725343991813
7.010194975877002
-0.21130747117109827
6.9873791393167775
-0.20923017921926146
7.009252457112474
-0.1793271779052663
7.00005277501344
-0.175369847543295
6.994915987151242
-0.16650521693056852
6.995400080455168
-0.18961207438427152
7.003738592306558
-0.13142170131189435
-0.2837083826689861
7.0065254192122
7.004100863557743
-0.47608649986824236
-0.3278680004493726
7.000383426771609
6.9634674901311895
-0.13944080030710282
-0.28766507036685685
7.029091170518685
6.99783613599282
-0.10101874424032253
-0.2720073429082923
6.992256332384664
7.000852729889795
-0.4668149339211132
-0.315636230389444
6.997696957305118
7.007928718766175
-0.14349240518395057
-0.2871442008915972
6.928692242146519
7.0432289924103495
-0.14705433823897351
-0.28837599329898467
7.004832323083148
7.00897847450024
-0.10857319053213921
-0.2744928992452822
6.966231231316973
7.060899595741911
-0.4760689364928661
-0.309573042014196
6.971880323837372
6.936877556381444
-0.1287472591959311
-0.2857759466612828
7.0285475065441245
7.0137241427113395
-0.48472392256966135
-0.32231475242661745
7.0052964116982785
6.97711719331833
-0.10292552626964735
-0.2784620916049949
6.945521640898287
7.058416151351214
-0.4778263821020383
-0.30564489975880527
6.972880985064678
6.952067371738099
-0.1250097960439227
-0.2891177457372791
6.926918932354077
6.961712601279669
-0.10538694832973583
-0.2748553193561172
6.983381851434895
6.964836696401882
-0.47448885339705527
-0.29632625040849625
7.017276739924189
6.942389977744108
-0.4596785885348016
-0.29674921265101073
7.053002662037138
7.007485904865142
-0.12081172139874319
-0.28879976037602173
7.2675697875188
7.011948499912014
-0.1260829612768557
-0.27363607375770016
7.262821326305813
7.001686076629534
-0.1263619397409954
-0.26976740542758115
7.04878499653186
6.990680477735587
-0.0942964859872717
-0.26564334268278067
6.990798256418521
6.997012625866676
-0.46299952653030463
-0.3020830618951553
7.0025315059915405
6.99494079103706
-0.12418435776105685
-0.268863869096128
6.997222100094923
7.020042968162067
-0.4837169088955946
-0.30746075738974366
7.01169826774936
7.017222058048741
-0.1163983619603366
-0.263428043002099
7.033853238459724
7.010992457757117
-0.4678453418910511
-0.3081072886752576
7.0181386380424
6.97012015271484
-0.12808153143994438
-0.2732723553262222
6.970228765522705
7.052370597802629
-0.09834951534039504
-0.2743515234883933
6.9831410669502185
6.963200120487871
-0.47070415880510197
-0.3027875083828331
6.995574110570531
6.974997649429574
-0.12292043857936452
-0.2924408791191304
6.935279364621176
6.948315622561121
-0.09816767241479596
-0.26161970675904733
7.005646389519267
7.003914065555758
-0.4609832595621919
-0.295390174829226
7.006016407525181
7.027764758111991
-0.12546028498647388
-0.28262002812988474
7.021010841753821
7.016586641024038
-0.10445146094020519
-0.2718224228775128
7.001950781493777
6.991254694485856
-0.4716896514938753
-0.2925967699191183
6.99079320168108
7.016513520969423
-0.09198452326618511
7.021488880410149
-0.10803189606142194
7.025851680493015
-0.09613044618676625
6.926933038853897
-0.0863372598993406
7.015510309109414
-0.11014173372316804
7.025220590077489
-0.09362707191718656
7.208850621047271
-0.08882923595256642
6.9772027436897215
-0.1009988622208482
7.2008002390701895
-0.09976252358859572
7.190056495381893
-0.09572954478845297
7.019671452521746
-0.10093432498130372
6.996505949859102
-0.1818911017389695
7.028427735453464
-0.2713677584210483
6.982053256606201
-0.588858112081029
6.978068555542809
-0.4799988912968951
7.015190868194655
-0.42885132900081135
7.018776435967668
-0.41926401053039264
7.016060543239192
-0.04678570460633402
7.0139902512376215
-0.41078235582878797
7.071693201207396
-0.43035707734337336
6.924798755115124
-0.1567750881389811
6.989889894095249
-0.47359297753810914
7.025525945935007
-0.0617339408009272
7.118251903587109
-0.46995572678500963
7.0206796315095295
-0.45970325824114155
7.002605880723214
-0.42522569163925183
7.074024621095751
-0.40158774174791567
6.918624491098014
-0.0527439010837929
6.9611872324449635
-0.04674629938827746
7.108162314714092
-0.28018489065934205
6.95609965102987
-0.28217513729558785
7.010972413549309
-0.3772057912164275
7.017990101141256
-0.3464579668947483
6.973217459068588
-0.38284334982666657
6.971945067853774
-0.3809704519315087
6.9715125585400415
-0.052348420018942576
7.023407320890129
-0.3522227611544535
7.084142638382848
-0.3770965000015245
6.926334909764662
-0.3760939965720844
6.924010606245229
-0.05739975457762014
7.042305377432732
-0.5290251030762025
6.973462299608503
-0.44079161551209367
7.001142829207439
-0.4090207542403288
7.005870419510991
-0.32654952862781883
6.9917505865391245
-0.3718480706984142
6.979342617447286
-0.352465743745773
6.981470075747454
-0.0502261606510217
7.020738052058524
-0.24759695721347175
-0.10191576863954843
6.982730907988678
6.992853081677133
-0.298573736721794
-0.43992205940768603
7.012059504822709
6.981661993081755
-0.3043113656980214
-0.43187493576934166
7.044702425404111
7.000915702888305
-0.22606870518161326
-0.1731849521891391
6.97314253884011
6.990205582768779
-0.20970001210122113
-0.34168496978911733
7.019549871871498
6.9891771400302645
-0.18207683736981028
-0.17660225106096128
7.0077915076969735
7.007649131962294
-0.3039441980713953
-0.4285955674712927
6.9583237465927
7.020855171040714
-0.13952175751547813
-0.12346489994637189
6.977101908378162
7.0112859719962906
-0.5493253857615521
-0.4287815575290512
7.00600095445736
7.002940466871257
-0.41547425325741916
-0.624925177964899
6.9857981534101965
7.003262204157281
-0.2453476180673677
-0.324984960066546
7.015647245813102
6.998857865514733
-0.4413062979834006
-0.6225133518451038
6.935103319283599
7.004186414683071
-0.220764865302419
-0.363164868602599
6.971995525783162
6.9981770975041
-0.10898111680391942
-0.12069012499420317
6.986387921314099
7.01179693865333
-0.2815730065473421
-0.43296576681882293
6.963375722899298
7.001741596600088
-0.21591891465265167
-0.35098765364206574
7.133010036815154
7.003894529535768
-0.12419437286064738
-0.12699454900132956
6.995822824912971
6.998280052377334
-0.5492022988027454
-0.43849330913023365
7.025226638913561
7.000233030976116
-0.522164908804065
-0.5019269093607654
6.916624452986783
6.991559543288412
-0.21447344980706173
-0.36451352804935766
7.004024687696631
6.99463207301195
-0.12706120644047036
-0.14567742762893054
7.012907265170769
7.007656081345291
-0.4386911253066632
-0.42573514831269943
6.976361495968781
7.017064128952591
-0.21294950890557374
-0.3379206317318655
7.007971747363505
7.001914631250049
-0.2665899986330871
-0.4183017721760276
7.015749566647049
7.012139460567351
-0.290946698472176
-0.41757712200627495
6.999891509932996
6.9901980722778285
-0.41673464267813465
-0.19202292701405543
7.055863061875763
6.97070002427122
-0.5441241531922625
-0.5087530763254318
6.917746930606997
6.9990783337371685
-0.2482172859409868
-0.2991366756844229
6.999091444605459
6.992750528471573
-0.15249962163880149
-0.14745356238809926
6.963462338643432
7.012245124808533
-0.5409753507078134
-0.440117775594576
6.995500150972394
7.0374903489226295
-0.5118280667798523
-0.4988125455384118
6.992304843535901
7.005817098493653
-0.20727551548811896
-0.34478209992550557
7.020080829633641
7.024141033618194
-0.08448401607155631
-0.05136339548630087
7.0429738390989405
6.988241156165325
-0.13416148401963746
-0.10547844004515916
7.012658396602091
6.999936849594299
-0.10748993966264386
-0.055633542167919714
7.021934611537481
7.00540562751938
-0.12502894318108382
-0.10310160220842146
7.02379056728172
7.010905917760125
-0.10252387922056982
-0.05019599961469012
7.063544574231561
7.036057384936659
-0.12459695714081587
-0.09451707294917888
6.996085708727977
7.032667082960189
-0.1085844858520364
-0.059478435094618476
7.272772201893397
6.979739852681933
-0.14454425180151986
-0.11319533537461623
7.207651632765239
6.97081270491939
-0.08468157643055463
-0.057441280433597974
6.949104543593023
7.018520006065361
-0.11848326541219478
-0.10110752992470129
7.015729559547483
7.01803656903278
-0.12264796729186145
-0.09889160245980833
7.011275297796931
6.9779513390051475
-0.16528805076967235
-0.139161113625625
6.970104087732436
7.06639772895098
-0.1136564740495487
-0.06175725612597294
6.953139031719425
7.014659384299749
-0.13846712800353878
-0.10337469620671413
6.996558208354463
7.012738238681251
-0.525685182752829
-0.332695275181349
7.000846973687099
7.0357246516228376
-0.08394637994642107
-0.06440137332636198
6.987640076407774
6.985208677596105
-0.3122938650249649
-0.3076235763745121
6.974720214440127
7.0027923206691725
-0.12443955891603053
-0.10160227826879975
7.030472364397324
7.008094624791542
-0.09231535711260808
6.989979867115964
-0.11642642611056964
7.197034061063368
-0.07976394539389275
6.9893819774248
-0.07761502772094708
6.974846323643448
-0.08646851866954108
7.027977055226627
-0.08857288855101508
7.168394102945447
-0.24640814513113796
6.987815822201779
-0.2581069101424056
6.963906976966807
-0.19948266084914934
6.994033904986041
-0.23983382268739906
6.978391070218881
-0.25606621477330904
7.198075218200386
-0.3143736084343658
6.852020182584284
-0.2520654545854386
7.0122099795114305
-0.4090045488712697
7.020210148047085
-0.3305643939357079
7.077647207541352
-0.2591235671936367
-0.1633710476353425
6.991891959416403
6.992894695104579
-0.4273404225197419
-0.42137695642252027
6.865613523625342
6.986356770249493
-0.27735051905180086
-0.1879942599819442
7.006800805616981
7.02962618557966
-0.5679122167612176
-0.38340579158474863
7.025266561438939
7.008661498479163
-0.3348941966942647
-0.4792308256421638
7.073642488562105
6.9882687873950795
-0.18291434386764927
6.988294165330088
-0.1878946877542802
6.966099519963718
-0.1743182967439001
6.9591860390116524
-0.15322237881898726
6.979483131369729
-0.44240374944462957
6.8611117395533485
-0.314356624181106
6.847027843060805
-0.19293308733738357
7.214098312564852
-0.19028848075112847
7.20034721969547
-0.18376535974359065
7.2006395005189825
-0.2673498355909665
6.996214727657158
-0.6142297873092453
7.021071144292462
-0.5994309923930778
6.978363893843967
-0.4594278874544928
7.012832677659347
-0.3731594618421603
7.021540717424773
-0.34758144994063933
7.0267063124810765
-0.4185191271082438
7.078048097990487
-0.3352524731323214
7.074351349433125
-0.41932627751533325
7.075404408474187
-0.38918358846500745
6.9202005160679985
-0.42934217876331715
6.913176592272756
-0.3548063386952762
6.915679509100601
-0.19088239513432015
6.978368715464652
-0.1740480880182238
6.984174053769516
-0.19405805422442324
6.983930977615694
-0.1786705293181523
6.990624014118827
-0.16808132005715315
6.989911698965283
-0.18599158102886193
-0.6103360530729462
6.9928749011100955
6.987982028311377
-0.2120549757363328
-0.248472019774578
6.965611685073814
7.001196056597037
-0.1547995019578563
-0.23456766511780192
6.982820523627581
7.0044213454918625
-0.13365045138115228
-0.4291573517779481
6.947385927520623
7.007444057412278
-0.283279031364458
-0.4549945632215664
6.957632236612589
7.004359989414745
-0.31292604877468655
-0.4569436806725484
7.048794308636235
6.870348657824191
-0.19983392185238902
-0.6157580369497131
7.208741273932995
6.986740177640476
-0.4483069923044152
-0.5474820864744903
6.860992873976859
7.021766224943052
-0.09462074361537098
-0.3455511582140307
7.04079232129701
6.976829146575056
-0.30475564768645924
-0.3142410801100599
6.982127185937669
6.989751912870158
-0.1845429712395692
-0.24233859954906567
7.202284489520509
7.00620884886696
-0.4434668473578611
-0.568539135374051
6.989399219208454
6.995490221423232
-0.617960165073967
-0.4617210044707267
7.013843800151518
7.011715346688589
-0.45287281655170375
-0.5418935406170569
6.92269320994325
7.008845240647286
-0.42469423188607536
-0.20338164312263718
6.95133892432232
7.000584420689539
-0.5240248014970277
-0.5230388036099871
6.919439139713253
7.005631018952418
-0.16194436742772833
-0.24433517858074616
6.9852896502253925
6.958535514258739
-0.0831633895262236
-0.3445822757968582
6.975420339475723
7.0144616260059065
-0.2953074264064002
-0.3281353326096861
7.016872584948159
6.987650193797747
-0.1659483164492741
-0.2354576207546346
6.990300355642031
6.998448349076035
-0.25813587981000374
-0.31038295242659064
6.957753589531942
6.968717192216054
-0.004663166951347719
-0.14032256190853598
7.128945733495804
7.04298929252224
-0.5281235862990323
-0.31953244401564174
6.918814238981549
7.012700127733485
-0.3398704448701988
-0.22620551947428247
7.011703072723241
6.966776317382745
-0.26329518802857876
-0.23047507917929622
7.030010188535465
7.006500327431275
-0.0025995431871965735
-0.1369500704033051
6.967522783499325
7.022558313292103
-0.22692070438660217
-0.5148185276587522
-0.5111609662470329
7.015276667411984
7.012752642818952
7.010409581333096
-0.26709921213005305
-0.44792829621002284
-0.288888146355756
6.998688641309515
7.0438740764698755
6.997294004354581
-0.13127767528009127
-0.05819560749238839
6.9720716493541355
7.024180214912122
-0.34270637571782103
-0.17071465183644285
7.120646317539118
7.041481747599447
-0.10917529687637462
-0.04503325534951763
7.034979207179375
6.966409929954717
-0.14145796449986925
-0.05424403979792913
7.263666167678638
6.992905470852913
-0.2514221188876711
-0.07965036792498559
7.011319106527408
7.197456078239142
-0.5228909135307447
-0.25577769037743003
7.015754231349784
7.213984969561268
-0.11853699374758264
-0.04798405467813183
6.955608224446494
7.01809073029988
-0.343965320824287
-0.16425433072619278
6.985386211957488
6.9790492747933754
-0.09605869460520111
-0.26474607821165463
7.085667490775663
7.015266927460575
-0.2548519917192671
-0.04765911983623017
6.99984689567213
7.121995227477943
-0.08660681068795917
-0.08806291946168265
6.956947276516297
7.014874609436676
-0.16871536764029038
0.0010196312726957757
6.970215703512943
7.044651105803878
-0.3856288781884665
-0.07974298961147763
6.980487337582159
7.001186733382926
-0.46690095979851876
-0.24809551927974205
6.985544003065314
6.994503037916622
-0.10993745446351966
-0.253219191306604
7.014235017411383
7.078877207779119
-0.08783138270197455
-0.15748043364021136
6.978631120796149
7.038858847656607
-0.10840224180095959
7.22606964013515
-0.09886595640906748
7.218335884520057
-0.10478372958700177
7.205453597583822
-0.18106169218448276
-0.5608735460809591
7.221253400109951
6.999570767567062
-0.08481261729451184
-0.22729288240104495
7.201729526695664
7.003978266252165
-0.09987866438649462
7.172518127975958
-0.10637726386941004
7.192066924626386
-0.18356227722915808
7.045223982377935
-0.16687789298644695
7.080209469731645
-0.07339107284868795
7.144290893979423
-0.08925452855888949
7.156229425116091
-0.07281184826133202
7.168302416644384
-0.03257480849414307
-0.19375320177357036
7.038983876144492
6.985856538038977
-0.014796774652355182
-0.24803023555488934
7.061743047194158
7.039014816397744
0.017646989225097442
-0.17871279010374064
7.149022164043903
6.989831830299148
-0.1831278525875284
-0.3217004774102179
7.04525162166693
6.993697019297818
-0.14619234259976022
-0.32477018638353705
7.0818418918292805
7.028369977654953
-0.12874217543041588
-0.2729961910517007
7.069657307584871
7.023570110864472
-0.08504065155649876
-0.6370571709213486
7.166330754918517
7.009850936515249
-0.12637662441689557
-0.23303699301617442
7.120844490657318
6.962786507187643
-0.29678652974244457
7.203246834588116
-0.34334314133043087
6.850658040414729
-0.34796535615905455
-0.505852286081586
7.204464195456761
7.010059215950989
-0.6364354294088006
-0.4452746888707395
6.8514864517343925
6.957874260008597
-0.21424482457839567
7.192272203746421
-0.3755502649163649
6.851143172518798
-0.3501700137190831
6.847529947303982
-0.27704369941334317
7.205361329806157
-0.5411725610950171
-0.36422770520180947
6.859866955943156
6.990587019573115
-0.4625895949968726
-0.4163504990454818
6.85419701577545
7.006422098149239
-0.5160510161822511
-0.23075416648102642
6.859715829712043
6.995796600339232
-0.33312331118684035
-0.3320153521743787
7.188675609014553
7.008023535556429
-0.625117417618327
-0.18608901495366403
6.85347143301422
7.00449546977115
-0.47669718048364906
-0.3592749558791315
6.84364215705048
6.972280583322076
-0.49958055527994993
-0.519977251061924
6.857610447040391
6.962838738788481
-0.1665912937564844
7.204492253914421
-0.40617695611443505
6.856197927665289
-0.10602098912780633
7.132159800995781
-0.17176074603279723
-0.46884799835271274
7.208287427374505
6.999904368149279
-0.4990166207091713
-0.33131222254761994
6.846805046209066
7.009159728706299
-0.4128748091941299
7.1483522933054315
-0.3436521503939085
7.166576192251123
-0.3431404113334775
7.168484065946214
-0.45250037966189893
6.840352171824767
-0.3935022154826697
6.8498362319071875
-0.4554621040873936
6.871270358265027
-0.4185767109668639
6.875576119056898
-0.4804202046561201
6.865764394271595
-0.4387336255598342
6.856157864881327
-0.3662002958713977
6.847633220611171
-0.44308891983336984
6.842333267123558
-0.3874355169426327
6.839371793253832
-0.4535301174037869
6.857956540935754
-0.3666185385481908
6.857480253063074
-0.33963470665673157
6.8591004345210305
-0.06552227711299885
7.118751789188287
-0.04507220345629381
7.123106773498567
-0.0680177152531165
7.146955531126235
-0.19473009968791732
7.1879176206002695
-0.19248444220059113
7.205642090384862
-0.19626253339832367
7.205383726135009
-0.1704203405922673
7.196606294360947
-0.21466010739730912
7.204303013886891
-0.19276454454578662
7.19875661311082
-0.2200326560396224
7.206540160175792
-0.1731521628345698
7.2076055440920515
-0.20081323397737094
7.201701947093249
-0.18163627244524605
7.20057007828132
-0.24111515074687695
-0.5999906856537791
7.200871448325118
7.00516909792949
-0.11233752710745648
-0.41271717481910564
7.067169349011242
7.016101485050163
-0.588559310843829
-0.44317550039372655
6.852256475986743
7.000382565966047
-0.4367489614087896
-0.22142627016876926
7.088989038370642
7.001004957427238
-0.43902748311634454
-0.6260015721301242
6.8369095348442555
7.005019796430132
-0.43578801305404546
-0.545199829440322
6.863846690445962
7.007387495332107
-0.4487005988442885
-0.5440126910949861
6.867060536528111
7.019991574569844
-0.5347260944543937
-0.5496718298357015
7.132676567988034
6.993001773161686
-0.3818373055716089
-0.615277154082051
6.839969064512578
7.0020270922139725
-0.49405626308343287
-0.49576969793699455
6.852193207061576
6.985698889209318
-0.12047554991984377
-0.413626218791733
7.035874587268956
6.987255549838649
-0.13191740382212647
-0.5716812060595986
7.123721936112491
7.006502473725399
-0.13692611586503567
-0.335319859046872
7.022903904006924
6.9786733055891075
-0.042480521334102406
-0.24562286774577036
7.1251603632343725
6.997509283118897
-0.09166092006053628
-0.3484805393564576
7.043461983719887
6.986501239224971
-0.2647308098984542
-0.18637836074663738
7.017418694352069
6.998268532690325
-0.1925763409600183
-0.6076927298239276
7.194888366564709
6.985215687456525
-0.16512892695793724
-0.24515620758968737
7.1943148259543275
7.005514732931262
-0.1805789662563475
-0.6228019642147764
7.2077820199223614
6.990651508539673
-0.16577093827928113
-0.2793306996021556
7.1966813826110805
6.999920144141717
-0.23617591840287488
-0.3421196756993936
7.253914101203417
7.005550710087313
-0.09190519140633402
-0.2497593241610856
7.001477961375414
6.988209141392788
-0.00661863568934784
-0.13666418372663092
7.1375025928601
7.038874201948024
-0.5387897939303272
-0.23535680720129193
6.8591484433338366
7.036430264175333
-0.2484996154274235
-0.17237994688308067
7.230311584995306
7.001441670868061
-0.29078687522017965
-0.41642348956956443
7.02715180867912
7.007489642403581
-0.27645057520349603
-0.4390052279066836
7.117197155710175
7.001422617578766
-0.24736738868602615
-0.42518167628579384
7.1161298507271065
6.9965852065793825
-0.5517180078097974
-0.5005199159915605
7.15312042938063
7.017236413844578
-0.3228132876231369
-0.608216382823568
7.215622992570359
6.993373534174742
-0.5036348910411927
-0.5450167022590762
6.874625348802516
7.06849135949817
-0.4847332031812046
-0.5184830035833947
6.851658652737096
6.924547277323161
-0.5638678518753695
-0.1466912284499058
6.858463939855148
7.039932779998935
-0.27555188563382416
-0.30455957507798903
6.998201628332231
6.99585814463917
-0.21716782943376067
-0.3380283513937563
7.0101201251616585
6.991341137703795
-0.25422392234620617
-0.08527668668339938
7.242174939730443
7.010015268052679
-0.31186736337297205
-0.2450955344629504
7.245398231985862
7.013689462656814
-0.0030110035924364453
-0.1738717945505046
7.129344008063443
7.03735252444852
-0.316362826717711
-0.21253447902776124
7.147447972951573
7.013614670789444
-0.31472552719628943
-0.3097964646370084
7.139926362048092
6.972188135778137
-0.31855999472173924
-0.3092639074207204
7.1541953896634665
6.980932543662051
-0.22237303172921408
-0.3240758360398015
7.147870797315561
6.985609493445956
-0.2533955839523774
-0.38711170165296593
-0.18767648961346595
7.0288306783477426
7.009480333170127
7.009896224988243
-0.25837841733247835
-0.39257315485327915
-0.20923154066183436
7.116713423045829
6.997800897799302
7.0062968898676825
-0.30090484387510585
-0.26103235437677696
-0.2528844394665022
7.008957379132656
6.994529430610197
6.998670358798578
-0.12656767231451127
-0.0651359062579191
7.24313417673305
6.984669430135546
-0.15058604282386945
-0.03323059580704246
7.256122840866922
6.965962460595888
-0.3818047856611413
-0.12408977615820849
6.75150348729993
7.143982033524234
-0.1745657209832867
-0.11743246634477522
7.250362111380227
7.001783479590283
-0.43691636630720154
-0.2539314468484033
6.773160417427011
7.082965667278316
-0.17263202743812212
-0.2814484902328136
6.8346162830258015
7.0738191569835704
-0.09691746269125012
-0.11116205061939866
7.2397084855623
6.97380944748607
-0.08315177180621092
-0.0948911423923926
7.24483609557185
6.979144592885473
-0.07797444019380784
-0.07136701256605704
7.245000776720868
6.9826705302218715
-0.13870470779053878
-0.14903706180041265
7.252569649533167
6.991889962830564
-0.16058715018058223
-0.08847554354207965
7.256530973698675
6.992831820623022
-0.1600288635160645
-0.08679174259746514
7.257729885584714
6.992863908912005
-0.31637051878228384
-0.3072619706430917
6.745424315449687
7.125629673047637
-0.31315676817302585
-0.3065386621595865
6.738891666353033
7.1296857322019065
-0.09266923694558038
-0.05416061313542109
6.82957926423569
7.041161834991842
-0.13973873236829526
-0.10268171976888141
7.098765932464762
7.0366519099900895
-0.1326546167171987
-0.10114214815038469
7.103893986797023
7.036152965317073
-0.14242735392195272
-0.14411808983293817
7.1983760726524
7.00521154919743
-0.14317511478971134
-0.1619601133320323
7.194675408349033
7.001147310749013
-0.11379565712274609
-0.13497813858937313
7.193756334389453
7.001620939568001
-0.09441827924752744
-0.11274062159098541
7.193808760547703
7.006088523285021
-0.06220977485893364
-0.05083225840161809
-0.18191741625347468
7.243362783932774
6.986288228382937
7.00421536346196
-0.12931128465414954
-0.1362657348684948
-0.2509482614822094
7.256310605678545
6.9937570998492165
7.003118845213302
-0.2961497295206721
-0.3215630127594409
-0.25656174030660495
6.746986657147862
7.1254100320382046
7.010652510307755
-0.07943674576734061
-0.04019870245484469
-0.18586106368750777
6.846257946424929
7.03893730627435
7.011407807999156
-0.1306375757832896
-0.09482738411434966
-0.24882291175914428
7.113258356691409
7.033154389802283
7.0014378492741445
-0.06672294487486496
-0.10184356315520304
-0.15975117309419584
7.195168691766089
7.017354130980558
7.005090551214032
-0.10945705578562137
6.8477013497402455
-0.10021062271011338
6.798925921212876
-0.12447412306373451
6.797108438301168
-0.11185301089983479
6.787617864617989
-0.2064235421182392
-0.33705840593538916
6.801288436734701
6.947628663094148
-0.07895043595200324
6.839199070773415
-0.14498698894628426
-0.4432342099647846
6.845135549220437
7.044049644366818
-0.09138223907896936
6.835194659396849
-0.09171512199841025
6.836730271011046
-0.0956279879755666
6.827510662349949
-0.23875617340200073
-0.5633905586311254
6.842453526458294
6.997116560217406
-0.19210411823573104
-0.5625219769835645
6.8292429714514
7.0101701205209155
-0.08662043638922867
-0.2753788340636758
6.8255986673791735
7.002192725765629
-0.091149660585784
6.763726659092378
-0.0666597416408532
6.765462824292004
-0.052345222894381926
-0.4684357319476913
6.772911336770257
6.982871727885311
-0.06622813787200599
6.835342533816198
-0.0656284653913719
6.842274495078857
-0.09341540639685242
6.822944737393815
-0.07571752591763747
6.860985431687689
-0.07942867927111674
6.845565735437908
-0.15162848326868605
-0.5679674243223172
6.8626063371465635
7.032989837889993
-0.06295225410587246
-0.2758695638288877
6.833303952212661
6.990912343798889
-0.06799875637280817
-0.24411685296787144
6.8331971797437685
6.96248473284873
-0.11465366977474645
6.754781489160379
-0.22629889365549083
-0.49017032028061003
6.606373140148387
7.016196996195864
-0.1319792923710823
-0.44737791574797825
6.5811564031553305
6.981552484026298
-0.15818522286345704
-0.31912264878956975
6.618786907218638
6.901019370034788
-0.08764127944504896
-0.3778972456753351
6.601408107854824
6.913237829407808
-0.07266559972223785
6.744109374393971
-0.07277952084094785
6.770605694617105
-0.06608550570039284
6.83630326260237
-0.058145615710362364
6.735197257955409
-0.06452086577066041
6.775024133843537
0.00546096234474458
-0.15124559400410043
6.658406432935047
7.297612194471361
-0.0017973343219832572
-0.14243076593045956
6.65002935196859
7.240752220943128
0.008816431648311251
-0.19470699610618514
6.665216718170026
7.2555600136078295
0.022513976115456913
-0.17955907141409
6.663118934271153
7.295786984333658
-0.17278723728979983
-0.46644886667165597
6.602120061366045
7.006056964747669
-0.13088873414129942
-0.30105945687551916
6.602248231920555
7.104064747662988
-0.07291759554926536
-0.6306154291982056
6.836186094031651
6.996267384762942
-0.07487885270286743
-0.6279487923541716
6.8463001296803725
6.978656757905569
-0.06270856705452221
-0.6266472312043678
6.7712631101838285
6.9482667405622776
-0.14438487430156943
-0.22601501168360993
6.616514898424145
7.089709357913423
-0.14159892503738014
-0.2623349271596531
6.6191266998700335
7.118889252313032
-0.1852368018666697
-0.38404983246988955
6.759797209755796
6.956408419482093
-0.12623570091531988
-0.25532915184488836
6.6252693969694745
7.081155038713768
-0.14817726809684295
-0.29613110725369296
6.575440818192049
7.104271735857971
0.015869195205747033
-0.17782168264619713
6.6647711034916295
7.237011792897318
-0.3258098504336626
6.7740261768288175
-0.2837265474472819
6.784657772086948
-0.27539099555651614
6.779215403756116
-0.29177103721767494
-0.6147181425827357
6.7793549614248665
7.016007825435764
-0.35283312044607484
-0.5246384240350084
6.776667012810887
6.940826788600272
-0.26970978247408883
-0.26726946606184665
6.7796940023128025
7.001969179768371
-0.34505605991268773
-0.3549530359715982
6.785633535592251
7.005778992204664
-0.24593594575287892
6.798822066544746
-0.3203353154479318
6.781716132542883
-0.3195496427231239
6.774382937625967
-0.34489171494575643
-0.507826911027605
6.795333895109038
6.982710655430013
-0.36779319026301316
-0.5165408481839986
6.781635664209885
6.951166870390449
-0.34162566940171857
-0.5133519883213289
6.777465568456377
6.946582848579062
-0.18783778182601374
6.788941237080413
-0.221474402815236
6.767794883678597
-0.27801948336218807
6.786990722627259
-0.1824103080312547
6.789412096837025
-0.21294844959366888
6.798628758576383
-0.20067905377891826
6.794100818747593
-0.2140214032912926
-0.34386684905514997
6.939393094778409
6.965170461349787
-0.29845804067729986
-0.28794194300734155
6.933568504996245
7.041497301113157
-0.3307651213224583
-0.372656697444814
6.6968150968702185
7.034692352034766
-0.4776983345339989
-0.1787867992558958
6.78493379328642
6.981947361514131
-0.3034460254712066
-0.4120248463465028
6.772972451679066
6.966282574959477
-0.2498176687663758
-0.5880355910854735
6.7966321934279055
7.006135095376815
-0.29679112904547544
-0.3160711311395481
6.687222513553259
7.016308935937497
-0.2896357667655227
-0.39899851504363504
6.80300780434058
6.967984169083281
-0.2672562583449265
-0.6040538987783339
6.762708037583912
6.966232791109845
-0.4827103746698578
-0.07057166537124449
6.798119434391424
6.972057189559612
-0.22570219439529282
-0.34576833673597296
6.936619461345536
6.965406043608526
-0.1823298083694862
6.793148919278561
-0.3837496220806731
-0.5093420715715169
6.795996585638312
7.018996190684982
-0.19715112894175135
-0.5124275006685508
6.777842031365183
6.943810330542949
-0.18313857273896517
6.791469937666724
-0.05557563892361195
6.8092560164353015
-0.10926659058707067
6.75292402055165
-0.16690525679750046
6.78551869751957
-0.3445063101342374
-0.3885234237214492
6.768964082680374
6.977427743594491
-0.22283883467526167
-0.47161778510783314
6.7907167922990554
7.0250685559272545
-0.17365589875750587
-0.3355971331796912
6.7995814116578215
7.044724084417726
-0.32029677174248317
-0.3573451317802192
6.791636333633042
7.001797403003588
-0.10456317857433373
-0.4469654337002176
6.805302357448647
6.979158153236144
-0.4643246027930221
-0.27327545295968836
6.769021448402798
7.029774319290638
-0.46954158030350435
-0.4480884180336444
6.779718726757009
7.045857574192369
-0.1862534673107712
6.793894378744273
-0.049433256375238877
6.7929703109111355
-0.17693706971944323
6.789716437000903
-0.387279304592818
-0.3728716891156978
6.7932727510966755
7.008165416151136
-0.05528868558043598
-0.4697013688956204
6.798245576732702
7.026299534657148
-0.17753340947348484
-0.4755979634365337
6.787537830462813
7.013815608735909
-0.06746795840143882
6.755151664210639
-0.046257548905166423
6.787900424502122
-0.050098153029975556
6.783240000372599
-0.04334891658332296
6.779792783294864
-0.17760675476341703
6.790455472867854
-0.17497486807307272
6.790782005488624
-0.1944195147986516
6.7567159381067725
-0.21844307992039091
6.786169284193787
-0.19348956551161933
6.773572760009214
-0.22519593634678614
6.758115678721079
-0.17723457459951053
6.79766586778814
-0.20582899918291986
6.761626984931343
-0.18904855214529626
6.783370276468027
-0.16662539425165868
6.778722888443285
-0.2445243891149289
6.791995273916122
-0.2876708649919735
6.790990174676389
-0.24421787885546298
6.790182877266717
-0.17992811246666562
6.783536190678227
-0.2496160304359556
6.785311429978183
-0.19187920263259173
6.780235035903
-0.21410781477666774
6.786019571820766
-0.19180584883082208
6.785357337603878
-0.1878594801835467
6.789664721825785
-0.1643808212602007
6.7858302717111485
-0.23387698934167567
6.784904172824195
-0.17961650953116326
6.790106551764961
-0.21768026330992107
6.792991377938802
-0.20786997285364084
6.790329339522622
-0.1777102466775169
6.789591590633122
-0.18057943258986597
6.788787690146274
-0.17503769440218697
-0.6246798748281588
6.79559165262905
6.997908373653145
-0.13317418228560474
-0.4568815207639947
6.631470178775831
7.100406889122784
-0.06350996966564182
-0.6154319638816705
6.7908892505408796
7.002699047622826
-0.11857815616299128
-0.19094611527978422
6.629831894088033
7.013822068378474
-0.03755560513447698
-0.27693148926698896
6.777811766685804
7.000782684113466
-0.08846210705206481
-0.3396451280529771
6.603973076743202
6.832256819398145
-0.08653851627609477
-0.323559500645656
6.617492958631379
6.842224503136905
-0.27760539688862806
-0.2058202504576041
6.667189934862505
7.013001155522823
-0.17108115550262148
-0.23274697363310537
6.766346572831064
6.965145255182001
-0.2536664483497164
-0.5999688935997298
6.788912833949475
7.006605925950286
-0.28751384202172225
-0.20235489049622046
6.664607169241595
7.003025653066247
-0.191930692065438
-0.6090219980751943
6.7627722961059185
6.981650507897957
-0.16047020919345556
-0.25608839319522847
6.7501751070820895
7.002852886568494
-0.18921728365503654
-0.6101720974406426
6.784139219108143
6.986259698787067
-0.16918322132100272
-0.28240282706307873
6.782981012840598
7.000852245258151
-0.15011801862895524
-0.22403511940766663
6.777431958032551
7.00142529076948
-0.2187948159062989
-0.6294588955769491
6.794573903519362
6.997323347101715
-0.15173730905181593
-0.2632447180488171
6.782680602200033
7.003179902829885
-0.18088415940091274
-0.5730960441071513
6.796851491682048
6.950659109943772
-0.1594806751918103
-0.2877137573441422
6.774894367462036
7.009279699333862
-0.32096417354973017
-0.5500724401493855
6.7882156041192605
6.988464486811399
-0.18076401543122333
-0.62122845410377
6.7906500283191535
6.981139298028648
-0.15622641178653218
-0.27513084816421074
6.782711183848566
6.999968597729565
-0.16452881905667915
-0.629086734833928
6.7895476552854115
6.997370466311617
-0.152560163846438
-0.2173453996506023
6.782051779536426
7.004257452521455
-0.28064079877134596
-0.5425022987915913
6.796718123403454
7.0169658771542665
-0.15531081521958967
-0.3299557250461769
6.77865455777418
7.007555872518369
-0.34141931594413144
-0.329290393177029
6.7917758583096575
6.999016463892212
0.0024683235844760176
-0.13896870109788395
6.732939935932959
7.259852139599601
0.012257668086443907
-0.1265205352547376
6.744914292720154
7.264768299705452
-0.32459956503374965
-0.22428160480396198
6.680529176233139
7.044885915084439
-0.3495410500322915
-0.3544152044902642
6.798856892255949
7.040082599699165
-0.3330054667382729
-0.2725520044183014
6.794271398061945
7.050301790287617
-0.22261240602210464
-0.2462671338759863
6.8880251148967995
7.0594354403754584
-0.26087879641442147
-0.11758562476421996
6.885869472046425
6.941100061129127
-0.3250543115551441
-0.2595539421383073
6.907983417091274
6.929082822370572
-0.09234187250115689
-0.3680811398319772
6.6536918154722215
6.849274908959599
-0.10596362127002834
-0.3250800765023829
6.627092756889732
6.905105838653397
-0.36193135839265
-0.5025614452159441
6.7852736751965335
7.006491445260134
-0.33519833422173395
-0.49502346925557283
6.776950091241812
7.014545943196512
-0.3389279897061197
-0.5483937922376736
6.798240575356755
6.953394466739349
-0.17371239894148083
-0.6108421195266853
6.770160809488246
7.024991373515574
-0.36820833127468067
-0.16374695698766573
6.7955404888934705
7.039462719413655
-0.05851314474535663
-0.3285255552084081
-0.20489340048136384
6.622311324816319
6.920949512904207
7.00676436661697
-0.06847762303200788
-0.23975610242988843
-0.3322126900174691
6.621536387317394
6.972387979950882
6.842742091894036
-0.1368858642829478
-0.2075269533309605
-0.19206945315809953
6.7815972731752785
6.969067273605447
7.001370152870619
0.012121957971217512
-0.24684344077468978
-0.12154629300098918
6.749625320434659
6.9606403147393525
7.216562289303774
-0.2414399082011327
-0.17606184832515925
6.999561316569604
6.9309077936834385
-0.2611799941049924
-0.12730510521974736
6.962130769926414
6.969780302002493
-0.2781116960459231
-0.22803545226958022
6.961979642688306
6.94653785094478
-0.09300693673564187
-0.39455808625833555
6.640568746375151
7.1086976745310455
-0.29880000009025487
-0.3270329824042406
6.681127313586692
6.871994650491301
-0.2991979487666949
-0.10463104572039406
6.923690730259037
6.930180182022808
-0.24725494660495784
-0.23680322402701037
6.947448824263595
6.938333540606011
-0.30100367727063126
-0.26644883095929295
6.972203617136864
6.92770658923818
-0.2384268943776071
-0.2532116029803433
6.948452870741603
6.969023668691647
-0.23022321638518584
-0.2572054651720812
6.921867061699353
6.965819366365331
-0.15245367132907361
-0.42340522162423166
6.622485649295891
7.08779377944865
0.0011974374981127411
-0.1915949639536958
6.752648435329853
7.244745043933167
0.024901766666347136
-0.169605881116194
6.761631023811984
7.2697212670256395
0.03791483989365396
-0.1429252482082406
6.765224006255749
7.254135389011272
-0.31118043681139973
-0.3146866093821288
6.681682270750617
6.855114556355231
-0.31124238647932234
-0.31297032561086713
6.679549459769011
6.8783109858468965
-0.31339985300019
-0.3020989115296091
6.673782813849178
6.857711352301682
-0.23896700535480697
-0.32194392640474945
6.684718475560322
6.908443595721145
-0.3088857017801576
-0.3097716804508588
6.671661938436223
6.854695107024061
-0.23641743548971128
-0.34306715498248685
6.675922969064872
6.868948169696238
-0.2492069570743265
-0.24085699115496872
6.681161272150138
6.9859398269285675
-0.18922400042059184
-0.3245809140064271
-0.25675868772339516
6.908736141068925
6.966280288640143
7.0015373336808056
0.05963371933289885
-0.13545574592049547
-0.16797156066512997
6.763398911832943
7.237126809796136
7.009809192806997
-0.21545593695648613
-0.3373787810271356
-0.2831353976215709
6.672509599683225
6.8656605125306
7.000612420165865
-0.22870024366851638
-0.23103929876029738
-0.19686766170792502
6.6823938917025965
6.991318559310893
7.002783707303194
-0.3489909562409492
-0.5206022740659879
-0.21007916936054016
6.6898242697127
7.0571796979483405
7.012324268295296
-0.08787988710703853
-0.04990070613882125
6.958906369331247
7.387124313628426
-0.07499973688398054
-0.04931500150359014
-0.22575780550624192
6.950079710017279
7.38009104998622
7.000765378293321
-0.33102067842240857
-0.09290954250939087
6.7550834466495004
7.054320100619443
-0.20557986186802957
-0.07980577584214288
6.894540715048273
7.084383510020373
-0.1349078153740324
0.003971212264461954
7.035701879681929
7.275706949250718
-0.13634658733199423
0.005495146693183628
7.027162036357233
7.251729597909392
-0.10876303996089298
-0.11955046125991942
6.9775586512471905
7.188913239554723
-0.09872035109273902
-0.12800504781552657
7.007248148567165
7.233673269837114
-0.054425068693266354
-0.11091138405936185
7.057762145089432
7.3806020209394
0.00433237783037832
-0.12830093487194372
6.777564535388889
7.262103197442002
-0.11800063872373556
-0.1605582250300026
6.740952622062018
7.295656859214613
-0.04856777092107123
-0.08277397585281676
7.053061933772239
7.38215316813791
-0.10547774356702799
-0.13231368249023667
6.961055823196676
7.222474185180969
-0.12561438191825935
-0.15129244702636058
6.736141124449457
7.305184713164063
-0.11514871261321158
-0.1343025231392918
6.742307890292243
7.301597345012649
-0.12481696353313865
-0.15102255820845567
6.7419402317056845
7.297065390044183
-0.13162304107962797
-0.13408324036988173
6.7390837552763685
7.296757332898602
-0.12025850757799272
-0.14176832058915423
6.7585939497848235
7.276451400087193
-0.1076549734107175
-0.12228464428870733
6.7544941793355555
7.29436493395149
-0.13487372155174704
-0.142184650806235
6.740751337918449
7.295216740350404
-0.12758572215640562
-0.129172931400638
6.734273763745039
7.296506259058086
-0.04262274653358755
-0.08048233076245026
-0.26883072522737805
7.044856399759452
7.37895977039551
6.99961722163247
-0.2000248262254818
-0.14090249064474136
-0.17912241285587882
6.900753370710051
7.1399959780331175
6.994394510076505
-0.10192581413458779
-0.12818680361133694
-0.2832786789331374
6.943526901014948
7.21716284103627
6.995683952268998
-0.08073718120498441
-0.12248076880534597
-0.17865207343716882
6.755170310862266
7.287672506061897
7.011939791545658
-0.12127035782298456
-0.13214814581377965
-0.27056885895736826
6.736844586264888
7.290832613587664
6.99928821406747
-0.2642795757006562
-1.449997496554344
-0.3058385466086193
-2.2796396693334025
-0.4678550909086656
-1.23389589532826
-0.44344885173209736
-1.422961667719754
-0.43529823008102575
-1.5042751698133152
-0.4401446176599775
-1.2173211469826768
-0.5115957552047821
-0.368187560468086
-1.4586885530870273
6.98043207071123
-0.5557380880428324
-0.13323112029750384
-1.2572347707725875
7.089826766674008
-0.4642499480581197
-0.480626709998381
-1.5357231634537456
6.951096657448699
-0.6133389024074667
-0.2102398639019354
-1.208063655948198
7.012018636454409
-0.4148040820018135
-1.035258573264798
-0.41406805971878846
-0.9856834018278677
-0.4705354508601767
-0.2930566571607969
-1.0208007963750418
7.127832619032953
-0.4749088691820287
-1.212816262304159
-0.45457016012364715
-1.2797297504790421
-0.5178397130740784
-0.36447478101994246
-1.2515473740186138
7.036913159175588
-0.5695284367025266
-0.2856655467830844
-0.9914685032505641
7.067780881744879
-0.5130833453929657
-0.26934461635090834
-1.203356326663279
6.993450709957834
-0.45112207291038153
-0.3984454186860731
-1.0954964411646753
7.184137044635056
-0.474651387029807
-1.4389604113250165
-0.4707595112555474
-1.434399900212851
-0.46904419633693983
-0.46479401871542514
-1.419169798004562
7.006095372480334
-0.45515995206698534
-0.46638731931737976
-1.8011515251680041
7.157630694524558
-0.43588413619347044
-1.4441211936080567
-0.45272610305259775
-1.420069390970518
-0.5030334613623886
-0.27449410449241185
-1.5063976071220786
6.966025820146237
-0.34760703038728114
-1.3518790924416884
-0.4999642215724709
-0.29506865254215864
-1.3967359190523272
7.030424643008283
-0.37099120486932335
-1.404172952824366
-0.41735483788553474
-0.2746751908868177
-3.3156270355246136
7.125221736505727
-0.6186836666932063
-0.11961699044597829
-1.416523880251411
6.969396623534765
-0.5199976251409124
-0.36598371044693057
-1.4132166071157357
7.003195159236571
-0.4513337521690932
-1.1933107120536555
-0.4282104651570915
-1.180372308489158
-0.4077329231585498
-1.1843553318085043
-0.40739403263134033
-1.1842303865738586
-0.4058098902058198
-1.158613192929547
-0.41887033811959995
-1.1834264356239785
-0.354036007177994
-1.2797775930582382
-0.48072664934452547
-1.360460847869014
-0.4027682287557246
-0.1390683105144106
-3.4191922268062562
7.263918271144173
-0.3489201544475442
-0.23311047321878053
-3.4696603295368575
7.292048784612757
-0.3290804803790355
-0.4787153198690852
-1.3147078738359337
7.058300555534359
-0.5154801271260183
-0.34693151213308226
-1.486310269284985
6.999248980830253
-0.47557728393489285
-1.5363408237223304
-0.6123548290535892
-1.497262788645827
-0.40828012049302664
-1.460861909752257
-0.516633294339095
-0.524355799774959
-1.3986413895918126
6.950215027372592
-0.5138911868868687
-0.5134499148817522
-1.4709372900831852
7.052552040118895
-0.43803233680167253
-0.9788932305408302
-0.31901473601149277
-1.2356146658599343
-0.47889516909109986
-1.5067695487622892
-0.5949043129372988
-1.464251693862062
-0.5914673013428473
-1.4453027669886147
-0.42450805509313483
-1.447309425439034
-0.6252407741059525
-1.442276571964964
-0.4186609682064546
-1.4327388787758881
-0.4224721360528534
-0.35549627254638505
-1.274394287014939
7.5985805458175415
-0.35239154608717094
-0.247342821394696
-3.2201365201186753
7.107053965179678
-0.3448515084986692
-0.23394516431649137
-3.2224367705808703
7.127052637606643
-0.4592349206708528
-0.26624586098764347
-3.207197336020048
7.283277893890729
-0.4283829761067093
-0.30469785935569504
-0.9735755638438803
7.042232799769909
-0.548737453489414
-0.3303890586477696
-1.2715592382048708
7.042287548778314
-0.5034309562097903
-0.495079706008287
-1.42615742913042
6.935943192474786
-0.5634877316092313
-0.16647933068002985
-1.3013915438353596
7.103545063635948
-0.4046846480736246
-0.26261292057279917
-0.9594832212848559
6.904744639132968
-0.6049040368753413
-0.22509073576144978
-1.2681368313182908
7.016663509605808
-0.5164851522562515
-0.4991759131421265
-1.4173960609754843
6.964064761942407
-0.5019211654536608
-0.201612315556428
-1.3934041149590861
7.041162390727633
-0.5692769449759592
-0.2841754850299676
-1.2576617442812896
7.0173545974364036
-0.5062641264485803
-0.5049195304413203
-1.2863517231421966
6.88123427460497
-0.5034273313878099
-0.5036242767989787
-1.2953562896410027
6.880408541795777
-0.5512174243762349
-0.3071575561827746
-1.1802556157969235
7.0457678601368565
-0.4808037327721948
-0.3434881209623821
-1.2259626489679434
7.043363065912804
-0.6293457143876644
-0.2683818821650066
-1.3014823909069833
6.927281186774684
-0.5060908787805651
-0.35058488976392965
-1.4799415143119319
7.0059896068614265
-0.5274228794698121
-0.3382028028549655
-1.4501302113340895
7.0213256296204785
-0.3453284485973498
-0.25543099874349995
-3.3705659435131174
7.1290230194219015
-0.29702701338996995
-0.3317581862294787
-3.1664684167182706
7.208675624490742
-0.33364733859443874
-0.2657351853362879
-3.2860522632099105
7.120282275649047
-0.3562553549648495
-1.5585810995611595
-0.4403931961077623
-1.4918081035216382
-0.6180948891722569
-0.37420310204697227
-1.5516192811549185
7.007450861554549
-0.13793854930739435
-0.13078534576286316
-5.50596956579116
7.010912191165295
-0.5265318823780794
-0.49412654394965116
-1.520850075379677
6.929108097024389
-0.3281131487652935
-1.4556842119021027
-0.170484654218078
-5.441627084394831
-0.1558738120575116
-5.425966521732661
-0.17647568153688198
-5.426000513360435
-0.19180864781688278
-5.433644247438439
-0.23117173948334457
-5.448402083390572
-0.2729893605011835
-5.438997487473005
-0.25602370639329664
-5.438010554875639
-0.5529937959644418
-1.576827639309478
-0.6307960011863702
-1.5716527237555233
-0.6279120179470343
-1.6105971112452142
-0.6354022171380329
-1.5204272053991197
-0.4299638753699986
-1.4774996841909633
-0.4740197526177159
-1.4649544544280815
-0.5274171346065515
-0.3407113364421974
-1.4975502623164196
6.9739577128394314
-0.2351155674732608
-0.1707268602264378
-5.447797182892263
6.874003841957469
-0.15226282715562078
-0.3136829836003088
-5.502850989155483
6.942287705417847
-0.6232342701321194
-0.3458002848166757
-1.4869339803440873
6.956940059233128
-0.6309407704585537
-0.17480567313304363
-1.4557482217032476
7.005466267168792
-0.269653952152912
-0.17243708844547712
-5.45018757141437
6.968129681106555
-0.24347264221111864
-0.21714804405637267
-5.43507048473543
7.005517843929686
-0.6258874130500391
-0.23863511266672077
-1.5488977084302107
6.948332707958714
-0.6241905902952478
-0.4567033022025395
-1.49436219490895
7.013899484755093
-0.20138697154825458
-0.32004898937265835
-5.500303609428144
7.002845029579428
-0.6127157270157539
-0.3290361312349974
-1.5368640607354092
7.0019078965828445
-0.127042999448423
-0.059641091308352046
-0.10788697301001271
-5.5273134672637525
6.82143835179509
7.012711550208821
-0.22699547828528033
-0.11121114932892873
-0.09576660787623581
-5.460142123326012
6.9827052884520775
7.0653994262383035
-0.20295850485174505
-0.2772091024770251
-5.402446056035615
7.002498776063577
-0.5501105005088478
-0.43856874363542264
-1.4241127206630022
7.042981375208853
-0.23313703181810563
-0.20020514612453066
-0.2599332042220768
-5.460968282316411
6.980334040978341
7.040702973684858
-0.14438724334288366
-0.29503841859841184
-0.30394366083987734
-5.531931179254077
6.982518391915554
6.801643656981739
-0.2118676478891821
-0.02253393829355499
-0.02106275074497166
-5.488148643529861
6.968771688931352
6.968633328412062
-0.24613735260233582
-0.08852040069493139
-0.11516441318105741
-5.4588339619167385
7.010212862159077
6.981000683806937
-0.12894864837633158
-0.16248616568616114
-0.1552817527338064
-5.512705087463402
7.00007360466238
6.9136548241073115
-0.6137311149306246
-0.3382860293540615
-1.333501973053039
6.893672408148242
-0.6172467391532566
-0.30762601759699937
-1.3389049713965981
6.89586189588624
-0.14065850605125618
-0.24706271161576865
-0.14995453760284327
-5.533126270781974
7.07806126215717
7.007274615533623
-0.23058722259752074
-0.20242373658824064
-5.448238332447936
6.837943485024691
-0.6139983735020245
-0.41461523390594746
-1.6295196565957522
7.035848842168126
-0.5167858792810787
-0.38220976876760737
-1.5340475410882455
6.93722015874422
-0.16752548496646202
-0.2103433999892701
-0.26373936550354227
-5.548631167808608
6.784184459028312
6.940647108428731
-0.13188000722372628
-0.28699746284153616
-0.3059931556153659
-5.55026437932861
6.776362488135005
6.920839585743697
-0.16607710986544522
-0.09596153976510724
-0.1044557066019447
-5.523992157267919
6.8140689187821755
7.009975136688938
-0.15680789997171551
-0.035882844143389825
0.015347282638137116
-5.54755143523273
6.809646824605402
6.917964579089715
-0.6326443759786233
-0.4685273837459487
-1.5618683112995697
7.003090713804968
-0.33788431283258635
-1.5621915373744706
-0.279665113563766
-5.491619793094461
-0.5872782371029066
-0.25493217342454066
-1.555070185731207
7.038676043388384
-0.2765715432456535
-0.18619074241483258
-5.487019906164713
7.096242925067386
-0.630910568700715
-0.1808157782570312
-1.5397817193741723
7.0297818377942765
-0.3011519574089796
-0.176835682777309
-5.493791829660271
7.016145936818802
-0.626047862346109
-0.462292277772117
-1.5967464569053291
7.047031190882515
-0.3417728174890833
-1.5412886230136742
-0.2876269165570875
-5.5071860789169715
-0.17843669315230315
-5.4823714591979105
-0.1285218254204974
-5.600115831472346
-0.3186711254478176
-1.4690873084537337
-0.31815875251469006
-1.464185339811836
-0.4661632857520388
-1.553421083721755
-0.6191209545171361
-1.4972674130345816
-0.4804438349384341
-1.5875170083741192
-0.3920776508050352
-0.42680813497396475
-1.5569226025781866
7.010192449693069
-0.288884604500101
-0.21330793298700446
-5.492615350514594
7.0087626021376215
-0.2059486728964366
-0.3290395344109349
-5.48865601052643
6.993240955825517
-0.17145986440174
-0.2829276139963586
-5.600423997521144
6.929824386435443
-0.6150765701671226
-0.38222545108646155
-1.561739913487287
6.988618429313798
-0.6109276100054153
-0.3977471987733381
-1.5081779591812285
7.041472005061079
-0.4139785176568287
-0.447219145661391
-1.5668332315892997
7.019195594195608
-0.43472035764824746
-1.501777628572821
-0.4619868478131721
-1.5318422532014786
-0.42949862228948543
-1.5289731449865904
-0.4274443507788739
-1.5458965750899978
-0.43636729385765793
-1.5309958678335889
-0.39956682216721884
-1.5414098028348828
-0.40668443920325625
-1.4735075300422196
-0.36743334195426236
-1.5187509351038386
-0.4326596132123175
-1.6183738238285237
-0.40626478529579124
-1.656773859389311
-0.399961864781158
-1.5514472533520944
-0.36181442523062657
-1.5875346035852935
-0.3479471193026402
-1.5952397037177768
-0.5310550256064523
-1.5790686231861617
-0.4884162470480131
-1.5797906433624433
-0.4887596508132308
-1.5931171012923286
-0.4302730129803951
-1.595214323033371
-0.4983888008319015
-1.5873376272339037
-0.453688956008369
-1.595802599238386
-0.32859498738741877
-1.5523556612777583
-0.30946542003691135
-1.5427466546848798
-0.4909906684165595
-0.48948815224594533
-1.5510760122738745
7.011085879432953
-0.2315478312689523
-0.09086910125140868
-5.5174252767723075
6.993025366165217
-0.2190463655404038
-0.03915198764545913
-5.477380388444196
7.004683310560074
-0.42556267907647793
-0.2311171689362128
-0.8512287256636366
6.9844761090843726
-0.4057646812275326
-0.20388191839161962
-0.20068054854004558
6.975178970687293
-0.45440983413717717
-0.19576031921140036
-0.9039159790792608
6.985538973229246
-0.563213667007405
-0.48426703258210146
-1.5613052489640236
7.013576202326068
-0.5594668471878457
-0.43536587687037276
-1.622127890147734
6.996705297974287
-0.4481581973587865
-0.6131461562264828
-1.5998373307678015
6.993883455773008
-0.5473328277656595
-0.2451504175933792
-1.581072426228964
7.039994728023042
-0.28333179389152363
-0.21878724203068955
-3.361403033127763
7.396748188970264
-0.27586650968923365
-0.08916312669126647
-5.500280306892087
7.10168720877227
-0.18454788116010867
-0.18293794095732796
-5.432180688690366
7.06898647876517
-0.42487829869138505
-0.18556836761136353
-0.14310644936131034
7.029256830883275
-0.43723985888960204
-0.5400771065895977
-1.4298509989903074
6.948104900247786
-0.440541529937196
-0.5373779888678323
-1.4559964610894447
6.95506278229018
-0.4917112284596197
-0.493692916170442
-1.5641781227202785
6.950316315223268
-0.46809946239744704
-0.5002204672111326
-1.5297574831732383
6.9522035167694085
-0.3780814530208456
-0.1798206452149813
-0.16120619804411973
-0.19458351479049618
7.029700040897334
6.968519298620944
-0.3983876192606264
-0.16146850552226422
-0.16227029999130593
-0.1829930097058705
7.025612632977208
7.030898258787201
-0.5575170789740067
-0.16643555268675136
-1.6030169442938735
6.951878057614973
-0.24434745691721282
-0.07337878002026166
-5.546690464685518
6.906358469766539
-0.5725450713906346
-0.2726672373507677
-1.6064874470665416
6.939083978832209
-0.2654217777873651
-0.2824183487745948
-5.524952964600285
6.91671520295594
-0.5081327686094035
-0.5264634157147476
-1.3315813538051273
6.86268755355014
-0.5054388456879195
-0.5176100521105029
-1.3266358460783927
6.851738226026146
-0.49455488135949466
-0.5125853236603675
-1.3141208694632311
6.841793094575207
-0.5225508656769957
-0.3216295987528657
-1.5762887114519764
6.957688925363127
-0.6064942220156997
-0.1749722101034683
-1.6094488084385628
7.055808406024118
-0.2158660739844347
-0.13799294149270658
-0.21560726138015074
-5.534744997992137
6.915557467668767
6.994510421328594
-0.28713922024919647
-0.1902994931430566
-0.15241278858344565
-3.40881733361139
7.032171541240841
7.397049362850642
-0.1837508239637824
-0.08192716546511214
-0.035137094802855984
-5.551183458581752
6.844312373685154
7.051770120929525
-0.3438646144850299
-0.141520883854529
-3.352762954960209
7.444637085336643
-0.3157411516841737
-0.1273394667746155
-0.22941508718311443
-3.3470906641410103
7.448833797905893
7.022458041734592
-0.46670071643095135
-0.18800455264533866
-3.0009565111393517
7.277619509036169
-0.37556218761373117
-0.08831531242676505
-2.9604917409380356
7.271940071479871
-0.3954277232929275
-0.08653968081937435
-2.9661391374078168
7.270498033600461
-0.4539651131078326
-0.14547286692772854
-3.015063351514133
7.241678629092155
-0.36574487915711273
-0.21345953050534483
-3.1510402572990586
7.191466263800706
-0.4684407143287075
-0.3005401113431727
-0.4905452763046174
6.51467320697385
-0.3411439129718028
-0.20027029159852194
-3.1446438825801337
7.22573412694182
-0.4740929697283516
-0.2974700281191103
-0.5105495791878472
6.509877113575152
-0.4518298833567709
-0.28062992763389083
-3.1602632791083174
7.293174001222663
-0.3437136274589454
-0.20834112691898987
-2.8410171935925455
7.19177956215621
-0.5234731981366689
-0.34346001440861684
-0.6561382084819556
6.519326135428897
-0.4978111223410977
-0.34445091071792255
-0.6146360363254679
6.531639595989757
-0.47595634313483615
-0.31268120704556956
-0.7205996570118289
6.558767568827136
-0.4614007417007393
-0.29394188765363616
-0.7081976589046253
6.5455661608399165
-0.4936334523556347
-0.3226649414342324
-0.06503466340134256
6.484828947066356
-0.45950634170726445
-0.30094271662419114
-0.06360088445273782
6.486282454217461
-0.4642634000732109
-0.2970950189140815
-0.5185386264223695
6.4919370388042505
-0.46483602640916644
-0.2870874833513888
-0.5312169615627838
6.491320449397098
-0.4303233190008786
-0.2561507055235692
-0.1804770624623373
-3.1763831179690882
7.299026644823833
6.99368955791235
-0.3197619464789323
-0.20871583477630828
-0.2849990337439845
-2.7138825117558625
7.1995553481976575
6.99313613508702
-0.4696594227658082
-0.2974990420305579
-0.2245275434630063
-0.5721760548522159
6.543607578447476
7.019147214964434
-0.4525552939136652
-0.27377634916789795
-0.2477697583448908
-0.6338308832343289
6.556637205805608
6.96229009004993
-0.40674163436153066
-0.2686379653790105
-0.17194935775482456
-0.06412987014247573
6.490208619787394
7.01101953562118
-0.4585824348281822
-0.29337857454139815
-0.3133007143262727
-0.5912123481193987
6.524335506393532
6.998384580574687
-0.27805415764045005
-0.12481229366081692
-1.2477607364868888
6.593752587737075
-0.27879300762521453
-0.14270812295359825
-1.2482188332407134
6.601572170379761
-0.2724709377409411
-0.10424637849075946
-1.368440147709146
6.588150862759352
-0.27538444843903953
-0.1036327272774038
-1.349738082695481
6.622370098637547
-0.26995060084358613
-0.13460318093179868
-1.2064609940374105
6.523627981635673
-0.2590407228848157
-0.10364513775640027
-1.2652714728375116
6.525582341491375
-0.23679905835380666
-0.08681350063271331
-0.13456190065850926
6.5288907680143184
-0.2876492490951854
-0.12028570180988041
-1.3206840467163943
6.652465408276953
-0.27828647078063806
-0.10920522703987956
-1.3372842301351753
6.62819947684973
-0.28145135487468664
-0.12311135943159357
-1.3469627638184178
6.583043921732314
-0.27101117753519155
-0.11830989575828799
-1.337889268719863
6.5733906413012
-0.2741573176590766
-0.09964341697692713
-1.2327247942311708
6.692236995142856
-0.2597161082897461
-0.09061049881223049
-0.096178916874198
6.649526651678305
-0.2732438454966717
-0.10451536235778658
-1.3270522360943104
6.632114051161345
-0.2654167320757166
-0.09941654386835452
-1.3471369554672705
6.6163314292852995
