-0.27055334297138955
7.9688237412200555
-0.024034305117165644
7.963794845732777
-0.08369101377718913
8.0079285288133
0.03699640006815841
8.331473151039393
-0.08442466347891298
7.888863189503611
0.00011746231051290579
7.987333040832379
-0.3401830798819834
8.08132616208563
-0.2333763626344858
8.117754423114096
-0.2792807361294436
7.956980642329634
-0.07205349797676774
7.94912621087838
-0.0673018499279241
8.046599390668263
-0.08542990800541972
8.127300569189266
-0.22177943134755118
8.009422854692037
-0.37779930485347357
-1.4007268868052236
-0.26836032582540525
-2.7533209931772973
-0.45159406124645507
-1.4216601656492287
-0.3943741919507211
-1.4564128555947065
-0.17624962690733526
8.05539245499339
-0.17983590817312134
7.932866259999441
-0.27949773826979474
8.135261747481398
-0.0357661069585653
8.025925217918006
-0.4326507242656419
8.122021630684388
-0.37909087770012206
8.068562737374416
-0.10918968739542478
7.983696997847483
-0.07959798514536942
8.025282365742354
-0.15340648444384186
8.029662353742713
-0.12078956613926906
8.130482606480824
-0.21739613120260337
8.13495017920794
-0.2801187898870907
7.951965400464973
-0.033815005495053896
7.975299204484765
-0.37038675247211117
7.9959386494116345
-0.37942077455464585
8.00760906385489
-0.22111407908812808
8.128688597378105
-0.24383878753274502
8.013519761552548
-0.13770437293965188
8.00692903965031
-0.25555567671387003
7.972340663036538
-0.2844700462106573
8.01294267062943
-0.21300019049047592
8.015318788093044
-0.3841595192066034
-1.5398814883316074
-0.15991940757139744
-2.773758434493425
-0.5081128970255406
-1.402701368885678
-0.24374574972954477
-2.7265229865911493
-0.18923402320695004
-2.75188033119956
-0.42974215860326126
-1.3758813660684162
-0.5365069938023446
-1.4576717671778354
-0.04856935530558282
8.081255528796447
-0.11593207151583229
-1.0674503709842007
-0.22652628804578967
-0.946416947247215
-0.206427013892581
8.033442360373183
-0.17705502146773355
8.004212187312811
-0.11189219178336174
8.01841100987802
-0.3393374756795726
7.9773151782668155
-0.4482478917313699
8.06214650471159
-0.30974016737068055
7.977943783133987
-0.4544232890333575
8.090592962091947
-0.08366998580984308
8.125762071759391
-0.5406693213400597
8.038470730567855
-0.3105693819060473
8.10066777459065
-0.23047523500262912
8.115494523671943
-0.2819907985060546
7.982353383273101
-0.40212799368609353
8.004747464791885
-0.06589466193431726
8.031555155885949
-0.41180570004899053
8.002297585217567
-0.3726341445054082
8.089575031120082
-0.30114128171523546
8.188938752338602
-0.5091757120246534
8.053920859607633
-0.3249889426513164
8.001688265315444
-0.46714776720755324
7.976613229962471
-0.16415562425602204
7.961236930078123
-0.20108862016971152
-2.7594198577523272
-0.520771143146959
-1.5743980693422817
-0.3286286633678621
-2.773247223128152
-0.5285573495763902
-1.422094006367658
-0.2654111956384444
-2.7266831617710388
-0.30673552311075625
-2.6010714865167923
-0.22479496367763474
-1.572729556289021
-0.2029179944687023
-1.5889464261005024
-0.22237329710096887
8.009219669087907
-0.24392965227188057
-0.8435120026694101
-0.10045091455906885
7.872263615549572
-0.26138340225823065
8.02389702692492
-0.3723097573880061
8.006388255108284
-0.10931120564618269
8.082431959383
-0.23244165608664247
7.994971334802461
-0.08935094113255104
8.065406265239103
-0.25066019290814623
8.006752652870865
-0.38494872217959397
8.081257043186316
-0.03500546255088821
8.099329661392337
-0.2913284777023506
8.079211738390917
-0.24897238798762444
8.096517950811144
-0.33486296111202307
8.003118170193888
-0.2599296533695803
8.004960774843992
-0.40378431999687336
8.00965085008792
-0.25874025597802586
8.003060689111065
-0.5011420044674928
7.988426297548574
-0.288418532402936
7.970568011655222
-0.3718521586003334
8.064577253272423
-0.3271254853222274
7.958490188973937
-0.11264537361157778
8.028095297924333
-0.42607750494297036
7.995200974451573
-0.29648221782383644
8.01805358902619
-0.2210343928036309
8.027109104082127
-0.23506717674709066
7.98302550325579
-0.2996993788519191
8.076437421628608
-0.08984759578916268
8.025402145305483
-0.2588173542555783
8.014403140189811
-0.24377601776734004
8.018892051330708
-0.293190093738243
7.986012963787947
-0.3378506489364774
7.996446713872694
-0.17303020887673348
7.920737576856899
-0.21190849096707964
7.9783471735068705
-0.2367858187549814
7.952915341926425
-0.26744222326138356
-0.267451737628722
7.981640139845166
8.017010147466292
-0.25512284677048314
-0.2590028320077771
7.954240911117377
7.9768833826785945
-0.2323127892864072
-0.23187002940008128
8.00790858226169
8.007813672845492
-0.2778403028775678
-0.27880640911603294
8.3271306185245
8.015792271247808
-0.16380018514216488
7.907226176358896
-0.29283823079005344
-0.28581089797588355
7.984962359381375
7.984652194234222
-0.35632885823152805
7.969993013435012
-0.12496797670991455
-0.3619846026811402
8.02471676579417
7.975770934712977
-0.25526133015803154
7.9173061410746275
-0.37255115628734004
-0.24654789583684078
8.037358713730644
7.999520543863697
-0.46704222744055635
7.985072558854519
-0.40806646116659806
8.009018757939414
-0.05819217617979788
7.968924939400774
-0.386535841675272
7.98111200140947
-0.3906669534206131
7.987381334367635
-0.38353260323086147
8.016286669894788
-0.20179658846801019
7.947836526163685
-0.26331073457960485
8.112203273514769
-0.13578691497047224
8.109011811284315
-0.2513776839711799
8.101384932057151
-0.2210162172414485
8.115404048780347
-0.26089002697673713
8.092797321773585
-0.11880410358629412
8.083483212092816
-0.2344132368493259
8.05605455359474
-0.13228140613328598
8.081754219081432
-0.2480399877750905
8.034277036031492
-0.1103113987018407
8.062124715650494
-0.33890937580255454
8.080410817822399
-0.309505218144583
8.046083604310846
-0.09345655399554076
8.064478043362064
-0.1595887174429187
7.938745662752773
-0.38202488346407293
7.956192514946027
-0.07793623501770597
-0.2570230241108753
7.977517069919096
8.063404125747324
-0.11593600885091249
8.073064123131394
-0.3969048153711512
-0.39673493285870265
8.000363974513277
8.01319835161267
-0.2346941958634492
-0.20706140214659285
8.01439767014999
7.9754685708884825
-0.24230448513442226
8.0760472271261
-0.23628678438423734
8.036570916789685
-0.5069053135680637
7.949879330581457
-0.2203997687283472
7.983687777106422
-0.2681816806824422
-0.2554551610467648
8.064489732935137
8.10640548607781
-0.366757898627899
-0.24714435046828065
8.050682107620643
8.109358093958036
-0.254697561926605
-0.2812220927603821
8.019826789949883
8.088169809244466
-0.38966630162509297
-0.2551173178545447
7.93227906638432
8.001189569736377
-0.29187535520366126
8.015700812450437
-0.3421051327908824
8.011422452052804
-0.2802964715052134
8.009638807015168
-0.24454147187593733
-0.3818349758989008
8.011140455216188
7.982290113752482
-0.24905413551340772
-0.1703562985596072
8.0059498387106
8.018954742975133
-0.36207588786404443
-0.5299038782657206
8.08065738788715
7.976223515971522
-0.23611872427822078
-0.2547184974348973
8.070529392121708
7.974090785090521
-0.2796570091832429
8.105285158502028
-0.28640073869209104
8.066075620822621
-0.27958147391150945
-0.27595108140599933
8.087002030988632
8.081205571073799
-0.253081697464685
-0.2545433554074883
8.074582118437336
8.074065458317296
-0.35247643329576306
-0.3375841881376367
8.055683794736527
8.077443200292407
-0.37900224308427966
7.97282500983169
-0.1397307132330603
8.055203943271618
-0.2933790818257016
7.98778172209922
-0.20030974903983179
8.079194934774506
-0.10206735807522094
8.086058502782928
-0.08935677721060387
7.997478757925119
-0.2955639330095856
7.982100101956399
-0.1256139708393338
7.993143107331879
-0.2767133847975387
7.943822190474167
-0.4054458560060539
7.965475495341631
-0.07669854345889959
7.986071357470304
-0.33218185145653933
7.994174517724654
-0.21245787844542896
7.9058056885912515
-0.2981092726421295
7.9923462365423985
-0.385072191043486
8.061168179350334
-0.1712750529255196
8.080192221133885
-0.2810919221823127
8.035868066284374
-0.3521583954681269
8.01452578138459
-0.2904585313927406
8.011040103087286
-0.3497629741049
8.03408889498062
-0.26461080679208493
8.014523388888636
-0.31376541259825075
7.993905404525225
-0.5386294514694949
7.997891695778807
-0.5090684712557056
8.00018386364046
-0.2932614529036375
7.988984689538238
-0.39181632679397893
8.01042922838118
-0.30435804664639754
8.006137783176138
-0.3061197850536814
7.996420833874726
-0.5165740984191842
8.019539817874943
-0.3360543932562017
7.965026618899502
-0.32337796986290357
7.969063590037783
-0.23491057780208635
7.934544055952207
-0.34456051895090667
7.981842804469619
-0.5146445089685763
8.011169422474465
-0.27512520725289846
8.010578910929118
-0.3854088145668406
8.048108324376225
-0.15998140414609807
8.01407790831445
-0.40608066796294473
8.04805243592278
-0.15397529684627642
7.99129266250654
-0.09509754207140908
7.9764371290660145
-0.43307347266190277
7.998346396500011
-0.4429529127448113
7.989304887723372
-0.14035167259827297
8.006907373926751
-0.24327103598589161
7.997107082953125
-0.40518327221956874
8.019220805250274
-0.2641041955697503
8.010845384203975
-0.5040152919817054
8.017815799623897
-0.1478037182988423
7.9840353747790065
-0.373848181533198
7.992494276629477
-0.4158102225280018
8.062061051184067
-0.1300869719046993
7.981568552762046
-0.46826171248025084
8.018595054103825
-0.30790360297331887
8.015794362200223
-0.3824896691290576
8.021814975073013
-0.11540473338440371
8.030270210197475
-0.08974693716690574
8.027144970131632
-0.16678487650682428
8.00682020987992
-0.2390105747699387
7.983493595811648
-0.2571865952467345
7.977843845496172
-0.20224964355910124
7.99390376322389
-0.39431432386199994
-0.25250367162295007
7.99639894277563
8.015392356506203
-0.39273799233745166
-0.2656207148392813
8.044230880409398
7.958709806196202
-0.3731330644667459
-0.1205629805248094
7.950740556339274
8.035413871115306
-0.3857850630888944
-0.18422939970237984
7.986646777293167
8.009476708911507
-0.3623389384343678
-0.05246729823086227
7.976580619572723
8.033447279763973
-0.1573213824293056
8.030872928224133
-0.33710632945549435
8.12887516589574
-0.4173722583706585
7.914892938953343
-0.33049955810304255
8.106564990691332
-0.22325707274318773
7.974866812456863
-0.22651600112231662
8.00626388214904
-0.24439357136948558
8.112710749466785
-0.1981986964707545
8.03493282870023
-0.37501097666795147
7.991108733340636
-0.4027675378425144
8.005152735315585
-0.23848771890332188
8.130749296182033
-0.4277467283617735
8.065448603500556
-0.39321539550818585
8.056577892363418
-0.1341473246767464
7.977077625835033
-0.11157115852976318
7.963001363655417
-0.07026039097972614
7.952468439999735
-0.38774001096983035
7.985385256400258
-0.3617829823505936
7.983132653604348
-0.39385639770890535
7.9784838611340545
-0.22739587787118865
8.01711794466143
-0.1664468422690355
-0.2810066547943517
7.910357976310012
8.114525278547145
-0.2308234028834022
-0.19300159073469914
7.907571288990824
8.01206570089239
-0.3330605500723145
-0.40967504241665864
7.981077796883036
7.989885813228376
-0.26628937858756174
-0.3396316109191062
8.00980774627355
8.01201492856444
-0.28667912078403823
-0.34703166468660385
7.972515274074842
7.958520372980206
-0.2872565155257121
-0.16896063700256114
8.054060270024081
7.961923919824766
-0.4315736553585925
-0.4147372154441875
8.081693931983143
8.036980765430926
-0.4380988236518295
-0.2087253801075235
7.903930326071009
7.946382432641791
-0.2712922849292809
-0.06547098310390176
8.018537245135207
7.975688003249673
-0.36182900949658503
-0.35300874461456644
8.066016075626434
8.056694567314414
-0.4689613172231244
-0.15140894487088374
7.920491003424185
8.010212358307072
-0.2402007323494093
-0.39318096225869503
7.979034655942961
7.980343429819919
-0.22389426897786358
-0.2067602038017533
7.954044015862429
8.019134021920648
-0.415794810184849
-0.409863323907949
7.99195831049356
8.006003987015719
-0.4013688002229685
-0.20837384410959459
7.9481228076537045
7.980424736380451
-0.29054286816842634
-0.3730865666550436
8.041265820844533
7.999680985453059
-0.09846044157352196
-0.27721402809035567
7.96332925618603
8.013613485113416
-0.2895948865411224
8.131970262300966
-0.21057758698296425
8.129886602111041
-0.11046902424583749
7.942068489321859
-0.40448509832200585
7.974702212592291
-0.2103938756704622
-0.2470056889059702
7.942650570332645
7.930437663387183
-0.3935765723671878
-0.2577639987628899
8.083476753848876
8.077734666362542
-0.2161192786570627
7.87593749956692
-0.25875226844386034
7.947483610453657
-0.21026299265892234
7.944161433467726
-0.513561714666988
7.935150381732265
-0.44173511718320313
7.980292581672086
-0.41964661130540115
7.990697972860566
-0.2384723884571791
8.132142904486631
-0.13279813900732762
8.132957944285646
-0.26230579805293885
8.132173424960868
-0.27135801856698194
8.129474187596697
-0.18678596871227526
8.136303863357464
-0.22739143021112973
-0.37063928983670635
7.876255474893819
7.993270364489461
-0.21653032711947517
-0.39020673851001675
7.975164112635971
7.966994432001592
-0.23981612915342154
-0.23874504028460208
7.923055464135176
7.991918344882939
-0.3049825290847501
-0.17372896386099335
7.942323822346783
8.001400559450923
-0.34737488522521076
-0.35963890293933076
7.977297903146706
7.978063044341267
-0.4378394360655413
-0.4240367642062015
7.941236342458771
8.055564025930856
-0.4231025803164812
-0.23747506339253732
7.900457228603102
7.9576033141394795
-0.47177798944762195
-0.14781001912876945
7.9744035006324925
8.010403708271351
-0.2964494083328013
-0.1396827441499191
8.019808616428723
7.980240326078712
-0.23897992933087053
-0.2557318391987735
8.125069711407168
8.008237685327956
-0.20835240343489403
-0.23290329277963018
8.131603326099523
8.011161607574293
-0.34995480713169336
-0.28183032719876344
7.93723957676359
8.117980733358358
-0.28296742406696396
8.013357541775562
-0.28778566387051896
-0.3981521413983362
8.014260687256005
8.01487653749954
-0.2738533220932844
7.998701813844914
-0.28665542960994017
8.006152833392868
-0.24930392546052715
-0.30376637341256796
7.995586557945623
7.963896557320424
-0.32693923436674943
8.023027299647447
-0.22490264974305596
-0.2603253932420877
8.015767925344596
7.987537920660581
-0.25682026862525653
7.998144058397806
-0.25240314783921036
7.973707451417654
-0.2527275340175308
8.005545042585167
-0.2891654226209468
7.949781765780045
-0.25705372917141744
7.972643558079238
-0.27388531781435077
7.97812138490899
-0.16025006902084193
7.986585093350929
-0.22511128914929657
8.008482748127165
-0.20008201726228414
8.012717672206131
-0.3490372363026495
8.014563728706571
-0.2160219141653421
8.011246858131088
-0.3661694029219227
8.006141841530487
-0.29583455730671204
8.01980102797118
-0.2694914771880246
8.011591639193538
-0.2458123497136384
8.016807871522516
-0.31267741841078767
-0.24100628195299478
7.936320161561106
8.026880779656661
-0.24295053098036057
-0.5159248939970311
7.970042282405205
8.005317053502363
-0.21097895389804222
-0.2728572247728671
7.968219315025456
8.005833498896624
-0.25319796006766815
-0.5104329870468476
7.93784192269734
8.021436721909964
-0.2362891850769948
-0.3313331761785463
7.956888902151323
7.95570849071119
-0.2748047834074985
-0.4117615560036505
7.98307780841639
8.026586075191018
-0.26355957345984393
-0.240668141252403
8.0090384638242
8.000721887735024
-0.2775347550495191
-0.23525255835786751
8.010653655561715
8.015433835059895
-0.31814839181518906
-0.17579404715183777
7.9983553848124345
8.00461191786087
-0.2631644366719854
-0.2638978689786793
8.017705031078407
8.0436402096763
-0.25129436596991894
-0.25107030840336364
7.968967548732606
7.993091754902914
-0.2443920404601343
-0.3207599701705952
7.998390939992759
7.954846881601407
-0.2955257683349064
-0.2529660373324347
7.966636252534755
7.91047209933039
-0.27225423971994545
-0.17397948475923997
7.982851341467369
7.903216855617527
-0.351935767376526
-0.2590422238348964
7.9917979682424045
7.989070092786783
-0.22322960902416966
-0.22322291151748885
-0.790933189621164
7.988485617151534
-0.38957174571084785
-1.43960733017909
-0.3567295482358368
-0.3378068357381885
-1.4019660548010613
7.990467231882263
-0.40626067094029494
-0.40476970777687526
-1.58190812823387
8.005004815268254
-0.39914114901318243
-0.2238174467141114
-1.621189025455454
8.018100978872484
-0.3865522875549079
-1.388530630196252
-0.1246366989559533
-2.7551726511581265
-0.3263347963042573
-2.826048728374726
-0.2689774299245613
-2.7862813525693824
-0.28006662450859743
-2.769074632492025
-0.4996103229278255
-1.4247951190276655
-0.5467452513606155
-1.4052551486202667
-0.4749044896529675
-1.3764841289803158
-0.3640206748638217
-0.2659287818671672
-1.3804212719534377
8.176979934512207
-0.06520436066506541
-0.2656077382972164
-2.7963474709837577
8.143046269566122
-0.2951938636560918
-0.23070323103404178
-2.8237720983387717
8.124236592175865
-0.3705610847997356
-0.24628140175316204
-1.3306363071155882
7.995280320367892
-0.40072273061075236
-0.2715341104670408
-1.4231865749272146
8.004350799671807
-0.19782436423740535
-0.27487767227170323
-2.7682487333531824
8.012078716580415
-0.49323443456274774
-0.13938544584904733
-1.555972642777249
7.955768072270483
-0.534590296068636
-0.37391706246235046
-1.5565730335036072
7.952046872026595
-0.5126776837886879
-0.2235319840355725
-1.3788646829785982
7.990911304060892
-0.17417408666732115
-0.24079718000482586
-2.8082972177636343
8.149422652019398
-0.495509538209177
-0.3774255745495516
-1.413991306095502
7.970531882889282
-0.38016225596641817
-1.4026048493246535
-0.20311766052840952
-2.7069671988175052
-0.4063223387232924
-0.26201427804397603
-1.415237774272196
8.067521768073695
-0.2163418289852217
-0.2558125920137613
-2.775530840064663
8.023222239856521
-0.5389148259828183
-0.1050807532832323
-1.41218319281991
7.998155908950826
-0.3076639284910918
-0.16425423078844048
-2.716071625148974
7.971623187515077
-0.5272097931935491
-0.3799874456996406
-1.1933731844174922
7.8520840630579
-0.5519525715947715
-1.3561410078313614
-0.26737950247172826
-2.6536652294641527
-0.4590234142534442
-0.16350126079503724
-1.3656899997812513
7.995832976633786
-0.22941762481207562
-0.20653310842535078
-2.657264359110968
8.002470773440953
-0.02677530760307434
-2.761517197361208
-0.2775461741359315
-2.746922318431988
-0.29440623677789723
-2.754152987465419
-0.23676977728887394
-2.6224417250474836
-0.5205187724029798
-1.2624619658618492
-0.4427611439825405
-1.4193562876798111
-0.4170212203522663
-1.4806886520852771
-0.5232217514895687
-1.406906159238389
-0.5135434815451916
-1.4116543628805545
-0.5398607968727731
-1.277982999432929
-0.5079328448652944
-1.4389615277967103
-0.5021304590112798
-1.4636567375534977
-0.48178145091430835
-1.4672157322437496
-0.4189137809875483
-1.428116098553101
-0.3846178876266819
-1.4420363020471054
-0.49479017602679676
-0.26210842988011507
-0.6858168438257977
7.914572449687103
-0.26675572110958967
-0.11489180453158099
-2.7368895069409085
7.995804359273168
-0.19687875520421727
-0.20326240302721743
-2.7494570486745005
8.04085896019965
-0.31472537406603074
-0.24297684238674044
-2.482767540337319
8.012113520795234
-0.42402054516920806
-0.22657262955442192
-1.5215906974105167
8.05441760167772
-0.4955782001596347
-0.49527524935668055
-1.4049482067436152
8.032244089340553
-0.46210798162541344
-0.28030320418677945
-1.4057726992842667
7.99662178747036
-0.5198533796634823
-0.5028912933647192
-1.2771315269703045
8.012894331284345
-0.474169205390341
-0.3275358453836219
-1.318683749992589
8.006629585133226
-0.4714042715521316
-0.4629687046450819
-1.4836125983659798
8.05470440911246
-0.423017479491989
-0.24940765382043573
-1.451675557330427
8.061338555696029
-0.46835106611355215
-0.31892163453118627
-1.2928122296635607
8.002531936675659
-0.1896990528887308
-0.2093596981655388
-2.7319593468629684
8.014876867943274
-0.41698233855433386
-0.20857113871583266
-1.5101030455844402
8.029889615728507
-0.39219437871967955
-0.23995979436795878
-1.6108253456500456
8.032895161999457
-0.3731464526006967
-0.2240711249151417
-1.595584834347349
8.022230506150247
-0.5509654641704316
-0.3633137359139553
-1.1380349841769544
7.868675311858024
-0.3875221968354463
-0.40989173507418997
-1.4783621246245957
7.922398027359224
-0.5419371858308342
-0.21834630617380846
-1.4687693196885352
7.998911834290396
-0.35049023356460296
-0.2943571361510884
-2.594600990724766
7.904433209045341
-0.38563562475203206
-0.062403101231653935
-1.2883724627501767
7.92559867485002
-0.3889296091477199
-0.2176402111680531
-1.2968045982619003
7.897160657448248
-0.3830158186579773
-0.21493230092422877
-1.2704315193270226
7.890499830344236
-0.08256823187205065
7.977098207837055
-0.33828079282164225
7.985304431086222
-0.07767421253568152
8.022482817117977
-0.2989142065403456
8.049215884158578
-0.37658951009777475
7.9813915756432925
-0.3714445107475388
8.030009920681861
-0.11635582083637885
8.031236348438444
-0.15261224274061647
8.113964116261489
-0.05260331177507993
8.031344921392613
-0.1283175182180898
8.024729079822562
-0.10422442758103045
7.9378957750138746
-0.2981183476014291
8.029889739336928
-0.5127327663416139
8.011428851688438
-0.19870432428831286
7.955836852097115
-0.26250118727895355
8.097136703180892
-0.31236951969023785
8.009913763465168
-0.13246419926461783
8.03887318796105
-0.2324721562527472
8.022609272072176
-0.5505940516993277
7.955581301849945
-0.0887246593770783
8.082331877508619
-0.045149483536135904
7.953266507377382
-0.4693980128381643
7.969779252067752
-0.2887920907210848
8.023532633867081
-0.5069247655410365
7.985772243909682
-0.47106429455057963
8.045835564852714
-0.3211380793790326
7.9538769667419125
-0.25176413096413164
8.091014687007453
-0.34717329658487195
8.076029438893224
-0.06312940682740553
8.032713912262725
-0.39159368697141517
8.005745149383868
-0.25784850369508305
8.009708503752583
-0.33173698475957636
8.079611935853107
-0.440987805087385
8.079662430148456
-0.52428400430769
8.054577710190372
-0.24666742982322276
8.014638848115279
-0.27450317238185207
8.020978038452537
-0.24485148735981355
8.015208117794128
-0.2884007543619518
7.955447636205329
-0.2396650488845502
8.030278955369024
-0.18240537350221508
8.00558379254515
-0.14935950237865114
8.044873292245441
-0.222813531729253
8.000006022509227
-0.2073700660759119
8.009342165731194
-0.21066969829759685
8.000236246909527
-0.18791437740120642
7.988548471915129
-0.12639905740474688
8.039155107923715
-0.353124825241828
8.006532368935149
-0.3518758943321991
8.063772701486565
-0.34126723905166756
7.966446015968911
-0.44041412674774705
8.050678093499487
-0.3179747090019518
7.9975072743865985
-0.5116791319950202
8.070733238508438
-0.44701411624887655
7.983090559575536
-0.33418635991377243
7.986576602068384
-0.0755328178864314
8.010593893171004
-0.277115792976101
8.137980372670558
-0.20384142337518796
8.107975810126879
-0.09517751522522033
8.043756957358996
-0.465131624139719
8.088883095729642
-0.35893341609426344
8.005874380904965
-0.3569184500950193
8.053589785678401
-0.05683554339296748
7.953234849657625
-0.45971321621222216
7.990783962571253
-0.35684749033364227
7.975304865614416
-0.0832500247533492
7.980457020980579
-0.09139704289006723
8.019965472990314
-0.34464289060086273
7.96416197079067
-0.07894919589617189
8.037261008739955
-0.34029013705288946
8.091528236255847
-0.5488950085582545
8.0173933790074
-0.49439968972857784
7.965175789275134
-0.3294508736405426
8.010996468755302
-0.45179681621331724
8.053699904612193
-0.31693916206796224
7.976209285534249
-0.35616616532109724
7.9767370510639415
-0.2886908583956096
8.003322595418082
-0.225323282426519
7.986769413453944
-0.260922992568549
7.935070545177469
-0.46510585291241036
8.088631184648934
-0.41760521958549646
8.131907746964236
-0.22318626451168555
7.882378631749648
-0.33928123240797703
7.949454986362947
-0.0892360301731685
7.943555124172706
-0.4951844855213192
8.006917407127368
-0.12784384613661004
8.119088510519582
-0.32428911468122834
7.9440737706622855
-0.3937232557317678
7.965877350093108
-0.09243090031343115
8.126718005256386
-0.510092831773834
7.9751371639035815
-0.3205843473334937
7.953758398089428
-0.3152973738142908
7.877114020759101
-0.3306340341897176
7.935910475434921
-0.513640876985729
7.973449226733775
-0.42957726696925036
8.015194386833826
-0.38529483273557474
7.976607472746531
-0.3472820334127604
7.979111607599294
-0.5436740358929839
8.023062266715213
-0.3512385424141229
7.89362561505057
-0.5510029774159211
7.964149931661326
-0.3492550265712424
8.08458930771669
-0.37249308493204936
7.963797815372818
-0.3324214194735795
8.020505734479281
-0.5479741164866638
7.943732320018318
-0.32909598112879124
7.975450922232294
-0.5604279951993867
8.029733476046486
-0.3936180489455694
8.02185687092856
-0.41668476548770883
7.982499657383608
-0.36266656604018976
7.896066488898726
-0.30893842037499475
8.125621445739935
-0.18648186609021167
8.190240731359651
-0.07692132822267439
8.1943901059182
-0.3051264146531878
8.016683570331317
-0.3972645841230644
7.99747065227256
-0.3806650497152546
8.023789447012774
-0.3595000115652578
8.008947962929183
-0.27669348487026113
7.972623026643409
-0.22396597024073728
8.000639269216892
-0.22708614470617405
7.975410082901793
-0.41892307071084645
7.994575439777611
-0.10406999235916814
8.007443083809235
-0.42178146099728764
7.996079679854703
-0.09765345294460204
8.008678647891857
-0.09542038500098826
8.004591867493927
-0.10891016736090364
8.031106392474051
-0.09259020057183065
8.027576347395799
-0.5068017355421013
7.96904254392083
-0.4117068217246356
7.97740501788948
-0.2886268158015213
8.227705069504946
-0.2542711722048061
8.021432184216788
-0.3205393487885395
8.03588635883426
-0.5066351075585764
7.89939701209517
-0.5428537199470078
7.80855272651707
-0.2735574068479849
8.012262276898628
-0.41899853985075275
7.9565883164263775
-0.31155251073210977
8.09811942956609
-0.08326969277785068
7.918524552047156
-0.3625178980564172
8.005385335791106
-0.06636734459141103
7.964835217106355
-0.5072772049962886
7.945222255630304
-0.3285101304337079
8.03972933624879
-0.043720550863145746
8.0283923474404
-0.274370039480079
7.859082206254397
-0.5352015727410411
7.9571077791093785
-0.5067078805865073
7.985753550150783
-0.5300704256863931
8.037722640491644
-0.4350486016863542
7.79953607593221
-0.4129903922544038
8.073967617000225
-0.45303324294960845
7.83716905197707
-0.43829259209186233
7.8394716253169054
-0.2856669738196054
7.990703730481485
-0.18952461424327893
7.945427414316327
-0.29307087677521615
7.9466974389625245
-0.2013323600572594
7.940889441093463
-0.3486907183071537
-1.4152057816557857
-0.10664190120018091
-2.795613010285198
-0.2169060607520059
-2.8435198548246507
-0.3597397771673272
-2.7986674123507083
-0.3944781094132743
-1.3547715507084899
-0.5362242625098883
-1.4278443262972704
-0.3223891797260414
-2.779104867560676
-0.19597408939562122
-2.7904594460657624
-0.38066203623027484
-1.3311120267921766
-0.44227978775848875
-2.7973795838675315
-0.5312642302990689
-1.4440943104659247
-0.29824547100259124
-2.786857621525339
-0.5554158461341849
-1.4108401963428339
-0.39006779579807116
-2.7092005955498237
-0.5502831326098239
-1.3557344674136615
-0.3897875899479022
-2.6408623634068444
-0.06367584202123311
-2.7738831742416643
-0.24947677627241838
-2.75417217565699
-0.2459740121675722
-2.772598671885932
-0.06184428407812703
-2.5989408621266854
-0.44977785141258764
-1.4685399470911058
-0.4041189939550236
-1.5231291871106727
-0.4635177873497671
-1.404150690501293
-0.3884448988590652
-1.4443849577772916
-0.41158339754771234
-1.4694061261952438
-0.5333610092842918
-1.467930719671342
-0.34941502599783725
-2.7555460765810498
-0.31484310076363897
-2.701094629837126
-0.3537914498600294
-2.7075980764029453
-0.33380136030917384
-2.6117227601627047
-0.345783471885186
-1.8288079498388399
-0.2411543796220137
-1.575583837246322
-0.2611842656931582
-1.5579461126393035
-0.23873638055679436
-1.5662029541224491
-0.3580527613810922
-0.34086820388919215
7.95984431377869
8.063001794806357
-0.25812639810837723
-0.40968243440307894
7.919803913145908
7.927499447879168
-0.3731719905445505
-0.19851485707324734
7.902448421420658
7.903105183447365
-0.37403742396260853
-1.3560258062276382
-0.37340586135591813
-1.3404400504303915
-0.3229854340882472
-0.323035538271796
-2.575640031869428
7.92020827504156
-0.23892919528889855
7.9594744403407045
-0.2464960559960936
7.951894040248212
-0.21314781975002361
8.000239068510526
-0.2825115924412245
7.981841151664863
-0.2745386686779909
8.053909289515666
-0.22839687558667876
-0.23939343934157797
8.033534480053952
7.9627605824957834
-0.28582358459711976
-0.2806511306123234
8.015458940754861
8.013822075277004
-0.2945340264561267
-0.29004826638082193
7.9907521646410595
7.996480829734952
-0.23912706498030545
8.020555309928504
-0.2328204776932985
-0.23352277838820612
8.036774231986435
8.03692226462407
-0.22937676384842298
8.111787158683908
-0.24810882591157934
-0.25626002290350236
8.093678615076733
8.09356517751875
-0.27467778924216546
8.035745276013945
-0.3444828796630439
7.934334090212236
-0.23330089685945943
8.127284484933137
-0.17949520438177657
7.926955189155777
-0.38547925565588415
8.082655483777911
-0.4175937810072572
7.976548513421539
-0.17745232504724484
7.990041289451242
-0.2970022347672554
8.06224278211604
-0.25787733128015944
7.910773474927355
-0.23722015918901818
8.050798901204868
-0.29440155587123584
-0.18498576868639205
8.317161618292042
8.062894148601652
-0.2591294454725883
8.232364178590949
-0.2584415860412914
8.027860413495652
-0.40401217701683834
8.035960679798608
-0.2462039333383501
7.9783963532391935
-0.32136825315401474
7.9578116881605006
-0.2752966057565569
-0.24488234449978208
7.965315834577667
8.004848476307187
-0.26548764736420694
-0.27384508539627817
7.932220419745618
7.9570509617533665
-0.3038777157294632
-0.3034709811844589
8.238869758412568
8.031490663545574
-0.3523164646065844
8.316195924124603
-0.11252736535195318
8.323830440671983
-0.25779487437967674
7.9727459827890055
-0.22641405217505906
8.095970176471765
-0.21983814785478017
7.964099574350791
-0.2781237810044921
7.930350740114095
-0.2415828075663935
8.044358879906767
-0.12420494935413195
8.014590100939198
-0.22224904693258551
8.001814179723848
-0.25500247186159797
-0.3781646284181228
7.980277698581144
7.9471836726867275
-0.16356367426746843
8.070164941836401
-0.27271319384106363
-0.22731823499513482
8.31519761987932
8.001751411788126
-0.28089632601085945
8.045217815478315
-0.2636926007987057
-0.26729080300072283
7.969017761339298
8.081843613119743
-0.2779813887826439
8.103667067311324
-0.2654064452263931
8.069049011280653
-0.2934706601311081
-0.29987733994012444
8.039179740617517
7.947022349737501
-0.29269124843695593
-0.2941925350231944
8.110746180286501
8.091749101396722
-0.28252000014392564
7.875862564712567
-0.24095621698329595
-0.390576963860255
7.992444601748511
7.9574883768563005
-0.27670333527818514
-0.28569933708721607
8.020073617361428
8.02670912328487
-0.27074865769432854
-0.2712040262955604
8.03896413068417
8.035592622546746
-0.3978058024200024
8.318198719264158
-0.20122555085570326
-0.20063644524289437
7.980488246605958
7.933713009984569
-0.25536005095346503
8.08843799107391
-0.22746843933732208
-0.22913881910159617
8.057017709732472
7.9239909747960695
-0.2572950382535133
7.9037902696029425
-0.2427806705704274
-0.23790694032985016
8.082058981030903
8.003805130036039
-0.2794416442184726
-0.27948562866821725
7.93251359961722
7.932569538655974
-0.24279871721911306
8.124510962262857
-0.35671684200788434
8.109780476020372
-0.33598976126536506
-0.23599326443798851
8.119220026013842
8.014717718598483
-0.2693741474829956
-0.266711217213615
8.067524771584747
7.976761171945473
-0.25189367369103266
-0.24746230343572506
8.121630472393486
8.021121080824903
-0.2539168895534658
-0.3610000601608192
8.080011523227855
7.988164919738802
-0.3126464152014492
-0.18640785950392313
8.317655917786478
8.013958818366204
-0.14499582499847286
8.005575870270716
-0.2930204218033978
-0.24886607013675288
7.918090105783664
7.962475180196641
-0.3721639188849277
-0.279737542083911
8.067096289340071
8.060591586730235
-0.36339321743489705
-0.2890094650405466
8.028724182648142
8.115147943851891
-0.22342304513854572
-0.3934991787553237
8.235966815882332
8.027750160869504
-0.2569011041846512
7.972624528265428
-0.22864960902024478
-0.3430048469000653
7.9153936815852735
7.99769149447315
-0.24498340868443336
7.915727368078238
-0.39238923576718143
8.00104638669242
-0.2878459594001548
-0.2999006136790854
7.97371029374552
7.974261949739386
-0.4037213951016181
-0.40013006641768634
8.012183525018495
8.017877741941783
-0.2593317802189148
-0.24250228574691768
7.927026599215414
7.966349014885499
-0.28246461318918037
8.081993752436306
-0.2486335577171186
8.079085463359977
-0.302752559847951
-0.30153719720008887
8.011465124829837
8.090112114872007
-0.2972580151056974
8.007087354202017
-0.30665526445979197
8.003772430480277
-0.19700848646447255
8.057640152698244
-0.260929645337054
8.103623305621936
-0.22572662346943417
8.056541784380855
-0.2835965369718956
8.025942142570493
-0.38057199690752697
8.009439144595325
-0.16369909041938158
8.058600215217883
-0.27188321207177424
-0.27183064226100484
8.018064939968006
8.00117770109691
-0.32769234751613574
7.940039975179818
-0.27537765066256625
8.002566880495712
-0.23235196837694616
8.022570888420455
-0.32796073265073034
8.010686699212574
-0.33676623621078505
8.094761715522354
-0.25182654468476073
8.011191227970048
-0.2883136581806234
-0.28985527475289885
7.998323091926563
7.997150045572217
-0.3366912474222481
8.00159217223449
-0.3409432803002552
7.967281072666195
-0.5628221175119243
8.030926542291994
-0.5377665593003229
7.974027636205504
-0.11691059921662372
7.963262080798895
-0.3580975191276945
7.999177688894965
-0.4092348037736855
-0.27366929927494965
7.981555241707697
8.009903383424124
-0.22702105411300622
8.044395900972946
-0.4162243896693667
-0.5162496946122523
8.007556698457304
7.966364575818227
-0.3002612928724062
-0.36566541124703633
8.033660583637136
7.987353343834915
-0.2865709458750043
7.971217898274971
-0.3494974318340738
8.048111274400132
-0.27614931440118085
8.003129554368165
-0.27110077699916957
8.031857928018761
-0.24305076226298183
8.11118970140864
-0.27138189882530384
8.071686980910721
-0.25081985281876484
7.9958775908495605
-0.3838197193757935
7.984423907274707
-0.33303729393126247
7.97635643481511
-0.40337189084304015
7.991804961893652
-0.5334473552962571
7.991897057712092
-0.41677524028111534
7.981927228697844
-0.1700353142465154
7.931196108138622
-0.4732527539673903
7.987156708953316
-0.4161085415585397
8.017907588766194
-0.32070471158698055
7.974507664702845
-0.17420021498344695
8.010451355008371
-0.4081552397461401
7.986851572160979
-0.2075033697371449
8.001907465609277
-0.24636882953378958
7.987778244998212
-0.30980153302910907
7.992865874777925
-0.34225538610076534
7.997114866264196
-0.31742930806541025
7.979850599343787
-0.26658184338776536
8.047843726971264
-0.3956171746248742
7.966122814843715
-0.36891906020291465
7.883279894953965
-0.39188324626918813
7.871572427931426
-0.14434369893265675
7.88861590242683
-0.5236209384629475
8.003242438084483
-0.5035023915766459
7.9926634926208155
-0.3287322511143014
7.948284729723529
-0.3298905466598985
7.960537366439519
-0.39395738809304603
7.978175995794937
-0.22401821843247305
7.944916387272163
-0.5221181754872948
8.005980171891569
-0.2703054562299432
7.942017576467275
-0.39594327519628614
8.026842477922878
-0.14300933684657657
7.947067639022789
-0.3894345985316505
7.981211017918406
-0.20388204084673234
7.95005128688276
-0.1731037982860748
7.938699842592437
-0.2854677375599941
8.112606463736144
-0.1996969893845062
7.964007756941931
-0.2638527115137066
8.082550548041588
-0.2568918814139778
8.104108041575143
-0.22490454148937644
8.139246197737455
-0.23446562841153984
8.104055874881942
-0.2729689236612298
8.101732091173467
-0.28896684937168793
8.11027213687026
-0.2834766119234544
8.105797941633947
-0.24472812627474738
8.121731936760069
-0.24120730564581194
8.095326277003524
-0.1504383794447648
8.10846561960183
-0.24561000731755023
8.053977666411491
-0.34211523016869094
7.941734958892999
-0.2798275179370897
8.058529762055631
-0.34736333368362793
8.1173363751948
-0.2433588183101989
8.043094138209254
-0.13089417522885682
8.084846548295491
-0.25237333271575935
8.123198026610478
-0.26551322111895104
8.099808037246495
-0.15137575441919182
8.108143329151039
-0.19674013685786207
7.9814033231749955
-0.2673729853318001
7.990398171999876
-0.26956529974495247
7.9601574906054635
-0.3496304552014813
8.047198877079792
-0.27146500437488896
8.042389983374475
-0.29234764234337973
8.048626190560192
-0.5314102549353272
8.021207740993024
-0.12189416873814451
8.06059494758628
-0.15261003746933
7.929349046448052
-0.3882960497676251
7.937608650151026
-0.3660933527661676
7.9597078427902295
-0.41484297882478316
7.990997860454791
-0.13996462280882938
7.983135251663096
-0.3803548261273946
7.987056181196847
-0.37924783091379766
-0.303763897926256
7.981515490234236
8.10596912629784
-0.31214442429781286
-0.2630244874505614
7.960993452079804
8.098079337537504
-0.3200713131702102
-0.2696367922333245
7.999321411311252
8.085460007979972
-0.09967922675099672
-0.2714040122270802
7.970441004974423
8.061917175528482
-0.4152728553170153
-0.2746460167566944
8.001210192702668
8.06412679974241
-0.07507881821106288
-0.2873088572367273
7.9835242903828885
8.101518174922628
-0.23918566589352785
8.081621513474687
-0.16488320606444873
8.078757115930644
-0.28989931785653056
8.057909252501535
-0.194362685977314
8.079729386555536
-0.2804359617541117
-0.225493833206718
8.05320394902219
7.938340429727296
-0.26998007319289385
-0.2240864093930135
8.078669090989981
8.002543309962142
-0.27188057534133847
8.113851067743
-0.13626742266253444
8.055856012720975
-0.2734563104348382
8.062181592863713
-0.2874847456203149
8.028018769109366
-0.22523864023105133
8.026532107556875
-0.20589788147886878
7.945167227373483
-0.4002688175271416
7.9648672827208005
-0.24799512326116258
8.030607285903994
-0.38002515357034206
-0.2913666572783242
7.987307711671399
8.031423939913022
-0.24594786620075126
-0.30538033935187414
8.067661168571933
7.88474264337396
-0.2832677351581019
-0.22884160342554338
8.072756788264101
7.901278059012196
-0.28175527266034095
-0.2517613653712534
8.030728510803607
7.956207062724163
-0.3869399932948987
-0.5062775049369144
8.002734298270303
7.987930124961011
-0.23798382733036405
-0.23668578441919408
8.01312657579904
7.970762880819064
-0.2331715630282858
-0.3057691119281092
8.027398886757773
7.949091507760598
-0.22594044184608109
-0.4038468757264866
7.943508131401184
7.986897561351975
-0.4077829099869952
-0.4160416953220043
7.964978804291174
7.992316927846016
-0.39201315980310447
-0.21935357240623077
7.959232723749679
7.951262397430771
-0.26053090351378216
-0.12975105690969002
8.036990116806539
7.937992280015523
-0.188270323067659
7.9974300567831325
-0.3162980859428437
7.99657590848021
-0.23193180248108547
7.998509268741967
-0.28278366513889
7.951705199730182
-0.26448254713719876
7.994118942542779
-0.37124133273255566
7.997772498933845
-0.2736402602115149
8.032065924019529
-0.2931253453188418
8.003427260558954
-0.32975951525278546
8.00372307172061
-0.432082487833064
7.9992186452794405
-0.4927355700205318
8.009527330651668
-0.26680371187220686
7.9877784362697355
-0.21984040944096073
7.986356002228503
-0.5559497280165626
8.013242393379324
-0.21918972218862365
8.007359869492404
-0.10633909708184497
7.9732207983435535
-0.45711779016804144
7.952836207057848
-0.23736016197746324
8.009773351011464
-0.4021086117593633
-0.2687863022954353
7.995448540194954
8.121461590924387
-0.24167243539156757
-0.2582891326519636
8.02009489252997
7.969692607138025
-0.37669174144036077
-0.27292199652180393
7.98742751979648
8.099499206938848
-0.368988892092597
-0.24131932569640213
7.951908092085897
8.119921968731788
-0.38045536702473015
-0.27843050200590014
7.98182574364496
8.102623247601125
-0.29041054118683896
-0.2859644635596652
8.019449379809982
8.089539580574002
-0.5101395663894497
-0.2554710684669175
8.018254891938387
8.09226554505582
-0.27325723439419747
-0.25977231388779565
8.054320059631856
8.10905491163337
-0.3577865698039133
-0.2083803547503269
8.014898757805419
8.02299930760513
-0.20703628584322686
-0.29328821274081207
7.983312995700445
8.116769288416315
-0.4000544425340422
-0.2844582969210627
8.005056382998886
8.104386317089526
-0.20384253695758936
-0.27327886033291904
8.00706703282889
8.044768927983432
-0.30254957001442406
8.003140415354274
-0.2843553671278407
-0.33275367921234356
7.997139435080273
7.94025198714425
-0.29044755280569134
8.008752565413879
-0.28725987600004466
7.994562848302333
-0.4017472276402714
7.893434141346383
-0.4071244495776565
8.00678424602803
-0.3709105537355679
7.989424443463555
-0.12502907319466416
8.066574057628495
-0.31716210616424867
8.066135419121135
-0.2603495393294555
8.06520590894746
-0.2689547012042919
-0.41012205457655426
8.061765125766055
7.993711506040056
-0.2600399532373139
-0.38931325036987907
8.002542715357478
7.989440560687025
-0.22903214240149516
-0.23384498593358494
7.949868589390877
7.928316388798105
-0.38388793858126924
-0.5486503806212326
7.999297128532846
7.991708914033242
-0.39959355369653693
-0.420285513641371
7.91353456605215
8.010651767327937
-0.39427454867682954
-0.34009714660700574
8.008879998937505
7.959308218784983
-0.2561047099640561
-0.2236292860371698
8.021676384488856
8.018880508109069
-0.2489547790801403
7.972743245054586
-0.23287150500836518
8.075775666972822
-0.24333915774991333
8.03992710014285
-0.2541592750340662
8.034689933185769
-0.11193110228680858
8.06652306556542
-0.3944160474921752
8.034475475594487
-0.25630958114728486
8.036358884890442
-0.24005419340353384
7.9822269724354245
-0.35150400323657394
8.07104285538279
-0.2474812059156175
-0.39832716694044024
8.030161749345998
7.919714431117273
-0.28358808942249425
-0.3922566154405338
8.075595984175708
7.962681387678626
-0.2838174664171831
-0.21374353992792194
8.042474067128067
7.882767602723571
-0.22836778221942566
-0.5109931641755985
8.035879059157583
7.999190120538969
-0.34485375900645465
-0.3928379489035301
8.079656170044222
7.996121716163953
-0.371317828574373
-0.20915217907753458
8.06762876276514
7.967066328723351
-0.5498938192185072
-0.39137044746096983
7.90028329160747
7.973552579387168
-0.5367534660704152
-0.38993942734086495
7.984186853167778
7.980772413407623
-0.5063365527031163
-0.1951452524854993
7.983366035365345
7.94571385058581
-0.29137908657432554
-0.21120351943897475
8.072591899980361
7.942751811504274
-0.2706022984361738
8.118610294074738
-0.24101537026359132
8.036132895440835
-0.2537388512381362
8.057606160489675
-0.3872249282715252
8.003651202156489
-0.25464090008676266
8.028488035123306
-0.2209286210219794
8.030007377225772
-0.2300932411844041
8.038014000477384
-0.2627061949009697
8.04267901053332
-0.28371054487206493
8.059330828463565
-0.3975218720124918
7.907229838933335
-0.24199796292769093
8.060103387237707
-0.2569360447495619
8.06581862030053
-0.12591446202723233
8.065535480681778
-0.2626674404880518
7.971946167188221
-0.3334544706924234
7.966843874307558
-0.2683253974389075
-0.27917991827137634
7.977626043446418
7.968050093597892
-0.37904261381416404
-0.2608900681344295
8.005664406645474
8.093478759112028
-0.2546836404822237
-0.2431494555300162
8.037351894040206
8.137519946773542
-0.2641464930678161
-0.29232286197559887
8.031755579490882
8.106961615307764
-0.228558722382326
-0.24700466790163844
8.023941529333776
8.122996210574719
-0.29701113089407905
-0.2953225037737006
8.091939745991695
8.075531574206039
-0.26273064924762934
-0.26512475181723616
8.072476458644394
8.072306612598348
-0.4184860564262287
-0.2902878889124345
7.916331276466163
8.086818946492661
-0.2546184427884395
-0.2626596376331065
8.051453610864591
8.125186365415647
-0.28780681830634514
-0.2915689263174137
8.057240597819053
8.108776514665443
-0.26863502456940935
-0.3780767436172372
8.043515271401475
7.997737726022242
-0.2618730763402013
-0.25949380751592166
7.98279040094019
7.981544548008015
-0.23002554287586818
-0.23061676320348923
7.995691696680609
7.995721132501447
-0.31781680250946387
-0.36181080916627906
8.056248497878281
7.959031794460141
-0.25965256679198845
-0.3791548357028205
8.03778126631987
8.021366794245456
-0.24364724725298004
-0.31089418530526913
8.03317713086185
8.002572036322668
-0.46195596412439954
-0.21266340519983373
7.902858932847381
8.041640848107342
-0.26902656694687366
-0.08268862150690914
8.058989338540302
7.980890496153048
-0.30987007083181517
8.01636259826544
-0.24904591677996812
-0.1936210457380092
8.004593013373931
8.005728821997943
-0.3347802231378765
8.015976813787779
-0.33296754635404113
8.0081375080529
-0.2586561696025864
8.003608318144867
-0.16671759404332143
-0.4525710510648917
8.00475464810211
8.001869461885407
-0.27060453731603573
-0.3972284046595256
8.01541830024816
7.976009396026842
-0.29232169354319026
-0.1950390840817846
8.002274829814272
7.986560275618663
-0.20161626803677635
-0.26230457453512557
8.005198557908624
7.992632916319543
-0.17322866977629303
8.079308936603587
-0.26744524075631304
8.064022901160584
-0.30342258962343926
-0.29976920239606386
8.064407973463425
8.064465305905562
-0.30691151914289705
8.077423982911618
-0.31072995341295595
8.08235599652824
-0.25405811216408125
8.078052070698885
-0.11224822656854272
-0.5514533038522558
8.079403314470753
7.998115756045378
-0.4172026470794883
-0.5430692241286881
7.985973278292721
7.9917522895367785
-0.4324345789909252
-0.4339423703208496
8.079770796544787
7.976052676024899
-0.32906836268647943
-0.4023205170052826
8.075548324497234
8.005731611264675
-0.1980258792895473
-0.3189094697590562
8.07742824271431
8.016062405830269
-0.20815386569719507
8.054166710012774
-0.26973023704870513
8.117077489149398
-0.1378708729646725
-0.36479670861080393
8.050070861771164
7.9802189252822915
-0.24997364821490287
-0.3487431008762254
8.116432969987898
8.00605574808298
-0.25417740438469316
8.095946256818172
-0.2342435411558128
8.050260958034217
-0.2625683452601635
8.068601179448073
-0.13925999507515208
8.082074717267
-0.32305202368127084
8.060339538841419
-0.346583685142015
8.097471467034755
-0.41090144318167887
-0.2696806873604025
7.996081994429347
8.105608816539709
-0.31026726857618847
-0.4060405073145432
8.104841513546555
7.966491003787416
-0.20313367290215645
-0.2919706387769736
8.094005477578815
7.891491227435193
-0.23134230108179565
-0.3590676901127523
8.07645741131102
7.900994150190431
-0.4359095393814698
-0.4244520756187491
8.071153128186936
8.039822835330485
-0.4139125137284907
-0.2241935393873593
8.07901940333617
7.9524393818447265
-0.23168261783581556
-0.5068280180127172
8.048369059371005
8.022655456564308
-0.32196619137782534
-0.39153700388505186
8.079722977084009
7.995193017177326
-0.349452383120088
-0.20379385921406445
8.07226650999872
7.976084609154469
-0.30330473411899206
-0.2215866906949131
8.089368884587724
7.944246277915148
-0.2544668335912039
8.120154923083616
-0.2808433358243896
8.101860856972035
-0.2980699835993441
8.105128870979541
-0.41198691142120225
8.092245880610264
-0.5006590333849275
8.08650521776569
-0.535003608826786
8.070704344542678
-0.4815842087850175
8.077333827884196
-0.26576009909996756
8.086008124635754
-0.29453132766886725
8.076496169570632
-0.285839364808929
8.052099407983482
-0.32467648159659035
8.062968943302128
-0.3339623458400105
8.000766255690198
-0.24674704533121172
-0.24482940085722404
7.9813270415091635
7.984030035439044
-0.26868773514691036
-0.289465527010595
8.073160863340362
8.073146570016771
-0.37966817916539597
-0.2621367767013716
8.12648671090978
8.117472225987418
-0.3758804481673792
-0.262450913794833
8.09638857069373
8.092523933284802
-0.42029548126567917
-0.30825265843115446
8.09099946012173
8.06106137702954
-0.462716183835191
-0.16379204529581415
8.060563355160513
7.925327494041377
-0.3601684903642859
-0.5436635128175702
8.06288262323777
7.931984978425038
-0.26723502890531314
-0.2716764093573971
8.108918569988006
8.05247349203928
-0.3089682044583846
-0.3150707050749588
8.093403863018917
8.053789125461448
-0.25130820835328294
-0.212741126486236
8.063442021980325
7.973157382780669
-0.3880662149399363
-0.25262341260062904
8.096373597608995
8.025301595075712
-0.27140711274940443
-0.29456949959553924
8.102507447414022
7.946135719286001
-0.33694542578292186
-0.28286592158061197
8.104757462103377
7.9801145616674845
-0.5154985503588421
-0.22936464308222426
8.063428116035693
8.008978418577529
-0.26955970071540314
-0.1779346338296719
8.081917297036773
7.9932306602728245
-0.38675782711521123
-0.25140325960852294
8.005028287830458
8.025452522424036
-0.474075226201629
7.996607105261758
-0.3888906688464857
8.001294159414053
-0.40863284422602497
7.980081145590047
-0.061181829953467215
8.001625749460969
-0.2763742684378929
8.009077649675415
-0.29018372024245664
8.002933735936448
-0.3888172943062074
8.00130616179123
-0.24838083378835663
8.017333130849046
-0.4062831872606196
8.001590113920384
-0.3913361395334576
7.9739519613599175
-0.20364851040076282
8.00496806273033
-0.2654825944728394
7.972343489747824
-0.2792627357428348
7.985809721009623
-0.24660933071584346
8.054909761431013
-0.13836238591027694
8.041878352390906
-0.2769813401324335
7.993435896433492
-0.2841041798204387
7.99431517351133
-0.23323630355986502
7.993865193353079
-0.1885505396993139
8.04437225002706
-0.26145796393073795
8.07747403311369
-0.2428791982324423
8.00883750763409
-0.26940866443098344
8.01789294021903
-0.24666650876675433
8.01011050275453
-0.2680885888771769
7.976573771837444
-0.18144310900714444
8.047716199358788
-0.1327737432849041
8.079414493969836
-0.24143901581966887
8.041610286643632
-0.13955725306967892
8.053439806066422
-0.24634415933889997
7.982282584482212
-0.24026272232242896
7.983356173955076
-0.23822933256151302
8.041389584672357
-0.10329009406517642
7.979916140377934
-0.2931782388686557
7.98382126638666
-0.3653062376888272
8.024656952544074
-0.19544422617700263
7.960805100805054
-0.2587952909643789
8.015252103576492
-0.34200945423629037
8.039872562504168
-0.3805748590436302
7.983033739876013
-0.32037159432705664
7.99369846215113
-0.09391330958894173
7.998791009721891
-0.16436794264194887
8.012895421565364
-0.37780766487921014
7.995367813541998
-0.35336054759200586
-0.33912279251628163
7.978136747186174
7.990444587207527
-0.08741431203979388
-0.258555693735115
8.01207502241609
8.047660990690416
-0.12366669740639225
7.991257832211853
-0.29478983168674944
7.9519397713837945
-0.2604803614512363
-0.2788150797741764
7.977984434843834
8.006003166941392
-0.4105838122596275
-0.41230654261377
8.006152368147509
7.984705636429937
-0.23434695654495385
-0.22158412724193255
7.99598917134018
7.9984990140257635
-0.2520286861398713
7.989814530414543
-0.22086867113034891
8.002808480238617
-0.2404254441074336
8.049957069652638
-0.2187036980471042
7.998906769520248
-0.2590960865401293
7.990324239018636
-0.2375565370232895
7.980985987095108
-0.5316999815946524
7.969896955790061
-0.2195728336044347
7.982101092046678
-0.27181067938551706
-0.2539993070894173
8.006904595072934
8.038905627101487
-0.27353168144105666
-0.2510801813675556
8.030341816351795
7.9872356382001755
-0.2637447884209223
-0.3048321274219923
7.987343090385475
7.986390441830608
-0.2502893894659888
-0.2653274173287361
7.9667097288759905
8.066392751088582
-0.24961502207928277
-0.283200721823496
8.073364881462929
8.086976206615915
-0.3731247200269756
-0.261815762759225
8.008975173008853
8.0199679544142
-0.24897840943460814
-0.28264868317955205
7.980871833529623
7.966782043107153
-0.39113503246960946
-0.2701619574876979
7.978930822158297
7.961003355560399
-0.2739683434354525
8.084048701564713
-0.3076424696945175
8.080622836695893
-0.29789942814687365
7.9586850318780025
-0.27889501853127285
8.091893346606048
-0.2930425957007099
7.938678036898498
-0.2966879823949089
8.09379446301958
-0.29628204340938247
7.946154459601166
-0.243206537020086
-0.38064539389741014
8.081861188709565
7.993818800535223
-0.28940654287820244
-0.3079329930720167
8.067993654498444
7.999345654888692
-0.24915767669864763
-0.1765175672503254
8.090152260594177
8.001241957706782
-0.1498950578060203
7.984934789116238
-0.42030641764208276
7.966898573413535
-0.34197834105165015
-0.38667998485387045
7.9913850915388425
7.997744427030516
-0.3640191528879022
-0.22182179461628238
7.979374873074158
8.000194796238324
-0.45478656573397913
-0.4132681715780926
7.970560875862215
7.97611275603008
-0.24561906993091398
-0.2552152145218596
7.987254700417265
7.99878589648204
-0.3096842140114653
7.994865866111409
-0.28136273809576906
8.014526546000214
-0.2905224437426739
8.020271304623893
-0.27654624386986093
8.043887434895339
-0.30711979173435466
-0.30838131440850347
8.005349096758835
8.055689694399927
-0.38984114496284406
-0.24785709939251888
8.00348221672233
8.007850537723412
-0.25732839606223123
-0.25226231102113417
7.994633133812373
7.993432951180485
-0.31482839247915706
-0.2817457274259496
8.084033193465498
8.002707701981276
-0.24538175581576382
-0.24657583647359615
8.01573819238465
8.015605648569933
-0.2601163885085924
-0.25953261455935106
8.00707198631956
8.045139254514211
-0.35984837632996225
-0.3400186814950956
7.972437302448631
7.99739617622359
-0.3837507791359904
7.9920000319596065
-0.4000179525210399
7.994544420575027
-0.4000041524486875
7.942893165878973
-0.3823594822834018
7.968863816244468
-0.39122801942458985
8.013448582130447
-0.1520328374048674
7.9983371621523425
-0.26892784739202824
7.994017058076432
-0.22960094595878644
7.919669317654714
-0.36582315835825696
8.005053886743893
-0.3457968961813602
7.9443135384895305
-0.22072252278640114
8.02353646434712
-0.21860670644363012
8.063705170641212
-0.27600355347032846
8.040099099851295
-0.11190760013560919
7.986033438284988
-0.09177488532780131
8.000346531158211
-0.21505213308877913
8.009195676730513
-0.1368186569395764
7.9833887715123835
-0.408933402222166
8.003830097570033
-0.3501699014006743
8.009574345277793
-0.0991883370237403
7.998819594650571
-0.3118225387336082
8.003169499929488
-0.07925933840730437
7.985583358852572
-0.3282228135918537
8.004647816443342
-0.2736149758324995
7.942027961281437
-0.3064551254870853
8.038480419545635
-0.4024305673653661
7.9792187879666825
-0.4017465404960756
8.020095815147627
-0.1013527673101855
8.019186177734001
-0.3362521049398346
8.015860925688338
-0.3375141422147365
8.063273824047569
-0.3323784842540487
8.010465150018872
-0.35942550540949014
8.038978408982858
-0.3207640504858986
8.02765315976491
-0.21763272623103092
8.024083831612506
-0.3224514925223634
7.989994126294505
-0.3013160356661668
8.057908767717429
-0.3801723015666294
8.019143662803726
-0.3353180909313238
7.981064262741525
-0.3838683411946242
8.02877364212754
-0.35110510610963885
8.080239563747128
-0.11793320672694918
7.989647612913429
-0.23354752714636007
8.057723078838078
-0.2659877837933742
8.097312885115496
-0.2848985867750642
7.981417510868114
-0.30079916180084965
8.008280469868591
-0.32119462632766904
7.997339733905731
-0.18379338968905223
8.0315035876269
-0.2898877543258713
8.027917636593513
-0.35134521712207345
8.002606729226548
-0.2856864030679418
8.129522429582435
-0.3967634077186055
8.000189610443966
-0.32321996961248445
7.997136008804731
-0.260371220826638
7.998693775254808
-0.32062602725162037
8.000193753411338
-0.05901872556011867
7.992313453420355
-0.38849587139838704
8.005822994456329
-0.3008616898253713
8.000592995991532
-0.3781930451498532
7.997762745284806
-0.48363338335927253
7.994888515843706
-0.36341810249281536
8.014359357075401
-0.548563651714943
7.994369866458253
-0.5297233212417058
8.000439442853871
-0.3510020835356329
7.989922709888802
-0.3499162170754815
7.995033739952054
-0.5312252311851395
8.007465792530503
-0.30855401387647063
8.006001253324824
-0.5415438330988422
8.015060319400586
-0.36428644277129507
7.997508622389168
-0.484879955637588
7.996463743304649
-0.39738524060893
8.00337782079172
-0.2737329554844212
7.99245864260686
-0.5124885819661422
8.007822687474755
-0.27614974856219376
7.998724535076597
-0.4726376871778655
7.996270886685071
-0.3217728247940066
8.000304224801264
-0.3756742476485666
8.007423305271612
-0.5050463341966136
8.002930730864483
-0.5267096811620497
8.007754167723245
-0.30406991097446046
7.99822456689526
-0.533239041959396
7.992711578331774
-0.3616789482996374
8.006802831161677
-0.5311054228354362
7.984612378191831
-0.5184164210501372
8.018821254558283
-0.2778832688653754
8.01175889629263
-0.3343928009016892
7.968696211780652
-0.37177332605079627
7.985134005657701
-0.5282634395550332
8.013926754537405
-0.2577164955719766
7.931474292592251
-0.35477282425932444
8.000730358887026
-0.5455200304580199
7.993196489686789
-0.5324572270066046
7.9928353945943185
-0.2753964613189268
8.007488334958966
-0.37030111360869
7.993653463635537
-0.23868705618110653
8.068687202174942
-0.3565308220545784
8.021005376912521
-0.1255946090885356
8.026017428012688
-0.49905818582157835
8.019935711216323
-0.2683937172342148
8.013907455463197
-0.5024147647035591
8.011737996669021
-0.16158729346513567
8.007250278815805
-0.3755209892606537
7.982785782274799
-0.43107513489458604
8.035741933138326
-0.144529968433055
8.028168369796632
-0.4743724135347769
8.017113320136115
-0.3097864944014681
8.012779720368425
-0.38490355938794885
8.01367799783756
-0.16341372410406052
8.004936263413004
-0.12002118694729802
8.02711169147785
-0.2352432354917937
7.967356195118924
-0.21865886700722115
7.951502282919875
-0.2483332332528736
8.010337563035618
-0.324769620748107
8.009306606749961
-0.5277888232607282
7.990627502166742
-0.2968049588967183
7.990289766823966
-0.5437224527573292
7.999739577620631
-0.3480868890199389
7.989544364280469
-0.4275177016321745
8.000509663076766
-0.45628595737597877
7.996907824617398
-0.23907322695829336
8.002666345428093
-0.5093518769271341
7.996955605727453
-0.43890840970848366
7.998544199373842
-0.25930040240307584
7.994088468737561
-0.33448428461916
7.993400894464416
-0.5370535153826381
8.003433020407353
-0.2932932766510312
8.017185351309221
-0.4053549417308471
7.983967947204934
-0.3299614684355827
8.001690476329014
-0.3199714499598514
7.992349811690576
-0.5226885151345773
7.984904147245043
-0.43384319175181574
8.016078781856564
-0.1510346309566586
7.977535470085161
-0.33440005390026784
7.996183807798715
-0.13681501011729935
7.995730569936869
-0.25321782687714034
8.024812079124032
-0.34889717652962027
8.001233554468193
-0.2805539141672515
8.009630361830553
-0.3945235185272935
7.980751967603424
-0.16176828464845983
7.9788751759965715
-0.4018359811159762
7.991469770426678
-0.18020053264416624
7.966661097457025
-0.32052816656333505
8.015165381723667
-0.3823871133666348
7.9932302472182295
-0.13697305597301757
7.976448891135589
-0.4458561052869783
7.996747969619942
-0.47467955508961523
8.013969355913716
-0.17226519060364964
8.010870230393346
-0.26245591645534105
7.999028727762485
-0.41132292171558404
8.001158572415733
-0.27089810424318017
8.00706308860319
-0.5038610237992565
8.017078874449716
-0.3465385480391632
8.024193259710849
-0.375724776190399
8.002110850194912
-0.4144604219080108
8.013927884878052
-0.13037464551154088
8.005597539310363
-0.4437706702407329
8.009671891198089
-0.312592336405924
8.002485509303764
-0.385340560626771
8.019211545083005
-0.12178231271422035
8.025646843834263
-0.12667545680796977
8.01053378541568
-0.17282454567432026
8.015841464741959
-0.35350501939378276
7.981332913661482
-0.27742489175365215
7.981499126542672
-0.3675961792789799
7.984402207711191
-0.23233003646383743
7.989059611415252
-0.2614729937361169
8.01275944371519
-0.2565173910620846
7.992223336051561
-0.21628427442450437
7.995324040051137
-0.31356934523881463
8.015063526259619
-0.2339782062841138
7.994007715657352
-0.2602257194034383
8.008890777603128
-0.19909895247636555
8.004527289070504
-0.4100409841573427
-0.3177777122000336
8.010517221673616
8.001634635684075
-0.4403423143056262
-0.4356538367316105
8.017772587455548
8.000597978942189
-0.42952797471978066
-0.40307295208183014
7.999678065913323
7.983427260113192
-0.39104233947844236
-0.2363832831163979
8.046404096732298
7.954692897526997
-0.4037590980817196
-0.3113269378232193
7.976061668554661
8.009209908812556
-0.3740235992468186
-0.18386240694842826
7.95187205288486
8.017247567255115
-0.3835898172079162
-0.3830738790397561
7.993240141383023
7.972601637997399
-0.3855154482121286
-0.23286850073729326
7.999371690700302
7.950239359328268
-0.4069127938059083
-0.29809035268440454
7.994660721831614
7.994152133282616
-0.40088076802666706
-0.2663389681980952
8.006286238949162
8.008905923221606
-0.3945411361389404
-0.2771993511101396
7.99931740468493
7.986670245415865
-0.38419809159801765
-0.3775811879583859
8.005491973107906
7.965437519064142
-0.3936935293493029
-0.2100230943189505
7.993934692110896
8.005960768386245
-0.3668223027353079
-0.05523871440812833
7.99855511407073
8.02746579862142
-0.16069872226380078
8.010377856313244
-0.2980673973434911
8.007263975905436
-0.23796563782891056
8.006672196454124
-0.26516640329153773
7.999404443782414
-0.2594819557527792
8.00005265926043
-0.2277972665472099
8.011146808507243
-0.3435424117332815
8.02856582743239
-0.2493042813119022
7.998879712073872
-0.5253038966195351
8.004131185215112
-0.2392095443564184
8.015143025612339
-0.23643136369019047
8.010812390954682
-0.502658622181098
8.035726966748076
-0.5174578915236019
8.037274436880164
-0.22936927516262884
8.003248504099172
-0.17994671030217724
7.9602310059686925
-0.2839138725193848
7.960372782135163
-0.4253272611207386
7.966312527548996
-0.5189427357355587
7.916062176497063
-0.2302635777425479
7.974820605442368
-0.28856611647754704
8.0477084208061
-0.5191753492793332
8.0280749866497
-0.23748452051934876
7.979866333236965
-0.21349128828508057
7.986709291054189
-0.26333002953690254
8.140790242376555
-0.41216615939950785
8.03259001713559
-0.39525222767117896
8.043767847828391
-0.1810606677319555
7.947930235901534
-0.1569274473016371
7.948202197782014
-0.4222842161387472
7.910027836017618
-0.4023348153505353
7.995548171173226
-0.23805189156686168
7.990388041055301
-0.2143481212866316
8.00987313089131
-0.17926774517342636
8.005211328352104
-0.38994675264467915
8.00501861255438
-0.3716039218969218
7.9859311709063086
-0.14801525529342818
8.002800692162827
-0.16163599933528872
8.007658618512558
-0.49163860075980637
7.9885737637144745
-0.481781142789071
7.988876408503379
-0.22672860972020104
8.038392730240561
-0.22570801532272
8.011840689629421
-0.23690207632749782
7.9621206727201255
-0.20100965702801155
8.027094418882655
-0.42441342914185043
7.974784686210005
-0.4392705669025041
7.917753461106731
-0.4202129125855265
7.980967135449089
-0.24205297639712242
8.011721378061491
-0.519714627588252
7.974954722505988
-0.4259274130456614
7.997397524110066
-0.39505152724287385
7.994167278013384
-0.16895204667730823
7.979896146264151
-0.10995713775257343
8.039542446345079
-0.3398903005547371
8.032851927026568
-0.3888759091887888
8.019509415202648
-0.3604632767396865
8.024772264023943
-0.3879884964649811
8.016873208835836
-0.23125107364019826
8.013630184756565
-0.25976335894787894
-0.3343935384819563
8.04913573950726
8.126156568081383
-0.2862914113387447
-0.3701079605755879
8.002717245623552
8.005497163874482
-0.32224082083480177
-0.3847575947344968
8.003793300127958
7.988169779791059
-0.315355782548675
-0.24191869392691068
7.979373928680413
8.03076347711206
-0.31291966673791194
-0.28139908929132673
8.010927936868185
8.002435490296623
-0.29242504431703864
-0.37864058336266027
7.999328605728956
7.9984976221552335
-0.29490282151412295
-0.1980055090217192
8.045698897335358
8.021768747748332
-0.3013875937609054
-0.3605329709080749
8.010022198989121
8.000472562101443
-0.43030996915238795
-0.5302735607213194
7.989159940667522
8.009380703315488
-0.3789172254974851
-0.19001715210142045
7.993831758926353
7.993044302415523
-0.25817710708035335
-0.40195553740072754
8.011554561840763
7.994297686813918
-0.24641284357490534
-0.2149441706389119
8.017951407366251
8.029350288289987
-0.5211012698016457
-0.503861926964305
8.035298754066485
7.996303918837864
-0.4503009312739614
-0.23935487603519867
7.99769326331284
7.995375227016895
-0.3491155674310278
-0.42270637002947353
8.00338728697372
8.014674753299818
-0.2398686126759877
-0.3983721737241357
7.976178086786078
7.9730399652181525
-0.23711809449994803
-0.20504228696936977
8.04812024824079
7.9824068615339865
-0.468980505426531
-0.44139797023158245
7.99342068503494
7.988881753974732
-0.4570327525100133
-0.2587968564034817
7.946376808450811
7.977336262900278
-0.27472028151993655
-0.2935536784396753
7.998460687987814
7.969154423373094
-0.2790758526338415
-0.35794483674164823
7.983556872700269
8.010642919239443
-0.29815283437536877
-0.189349083733104
7.960025757041403
7.96451407651733
-0.2995547287845568
-0.3839733877782123
7.961824809281763
7.968435294319325
-0.36754287990037326
-0.5352874600681865
8.052087012726343
8.04289969980243
-0.38656122610185406
-0.20981931766106676
8.041974941997907
8.053113885315883
-0.24063660463019332
-0.4087861557759229
7.958656563119699
7.983956954193329
-0.22954135795724184
-0.21229453058138148
7.944597214268372
8.00403035809098
-0.4139033418188358
-0.4196379871718925
7.989135949969251
8.009941998584239
-0.40685301020026365
-0.22046648153370896
8.042728004694261
8.03039212350595
-0.28387904472586456
-0.37118596956143435
8.021335488153891
7.998508947504134
-0.24513270434612267
-0.3173656513839713
7.96273521648301
8.025753856990642
-0.3492897772319594
-0.20173002073723012
7.999440496454884
7.9921435513811065
-0.2331129645252723
-0.40037583598303783
8.00664640430936
8.011315348036016
-0.23927244860599473
-0.2103869933311593
8.004615752220506
7.985953670278298
-0.4384169325662892
-0.40462657601792884
7.990565379254724
8.001292303845593
-0.4413736931840422
-0.23239214960251076
7.987533412962799
8.010033201828332
-0.3374357453059105
-0.4144905739242404
8.025956843345735
7.983579285051446
-0.26794617799596665
-0.34720237770063633
8.013354532224353
7.99876210958422
-0.2877043146946878
-0.3560046803653023
8.006579978276676
8.006090628568442
-0.17190163165059325
-0.29753192802468575
7.97153121561481
7.9878062512570684
-0.4504281341567129
-0.40143912458603026
7.987871100299683
8.02286908855111
-0.4218310065419253
-0.22504421171827715
7.950336317079887
7.975765393720355
-0.29689266560264826
-0.38094956611065456
8.035869063270447
8.003364118245413
-0.3715907007152097
-0.36183901582599276
7.999992243141907
8.016071103880773
-0.48359975679382217
-0.16515050768138195
8.003773280555428
7.983832466579346
-0.2412322426585387
-0.40749346241594964
7.983119331620031
8.011083193141236
-0.2289627503616174
-0.21190671193217447
8.034274932029984
8.03087874224668
-0.4270595095768783
-0.3930301546475441
8.017004905817076
8.007428032620624
-0.4078355484257905
-0.20827770483657737
8.018899248797334
8.005822686688717
-0.41550278175628463
-0.27495152806834255
7.999502253573999
8.033191494458917
-0.09706744800112332
-0.2752506072583003
8.025037248632794
8.00890170907714
-0.27360078329881077
8.027635906977466
-0.2868258179655534
7.984210012295397
-0.3761314920257597
8.125995285899494
-0.1830106334694932
7.915583893409491
-0.27826243187073985
8.059051857559584
-0.23361888939955655
8.018647167226549
-0.25635356198467285
7.897242833978962
-0.23305560472730136
7.9561732508044996
-0.2911777686028785
8.131943827091204
-0.4032289619275371
7.983259799219022
-0.4255608004682152
8.061048533793233
-0.14196810560421902
7.965399414850556
-0.40557277553311444
8.065864370131989
-0.34821608905964396
-0.2788911623418304
8.127911152660037
7.9663175890336415
-0.21444698082675195
-0.2511103352736228
7.903085353866507
8.003011712787252
-0.4239137560808892
-0.27409403973281243
8.086134635130154
8.05102461959011
-0.35618806639511646
-0.3862786612201319
8.058633444135847
8.062685192915508
-0.18833457859501834
-0.29606980389953463
7.957080483422613
8.005665329905208
-0.4085593641788119
-0.2496963778607686
7.981964359530172
7.999590843977042
-0.15002068400917246
8.029981115297733
-0.22882602291107546
7.913872626732341
-0.23897866869875273
7.98175169054664
-0.2780246613806412
7.980234629330996
-0.21995681947731605
8.071714121984753
-0.22700295538394144
8.006652027700232
-0.2650876604305594
8.019196677642402
-0.23779622682608093
8.005507734201363
-0.24281647813209162
8.028022892633553
-0.2431715668334089
8.03103488973691
-0.26115284366551705
8.10139510664201
-0.2741914328586468
8.129884056098057
-0.24714911620428737
8.132585790077377
-0.3180886962876812
7.9477675399232055
-0.3828020672993837
7.98537660000313
-0.3746283683656131
7.998691883972645
-0.14486321739404673
8.013285340964073
-0.2823745524094239
8.023013278228715
-0.25808119765007476
7.986869269363582
-0.16899337129504133
8.138359754749272
-0.5324809466106988
7.983297605516485
-0.5193290711518301
7.983611924732181
-0.5183882269358122
8.073539663393918
-0.4179154550567574
7.989549306254668
-0.3798789137297298
7.991608261335695
-0.32280381874650743
7.965140908303192
-0.1813654633789561
7.971782086632317
-0.35516548189525565
7.974556816318987
-0.35485468795130615
7.951177559018872
-0.26177082425300924
7.964999204742457
-0.21717191528047408
7.966081731380364
-0.5238486588479496
7.979908163663784
-0.4088610654493223
7.992473299818399
-0.43639990596479805
7.986885367994696
-0.4283800326633127
7.978671382071339
-0.44032873657118543
8.064804163977003
-0.40719170210084243
7.97580932975503
-0.28182667508294656
8.016124400235553
-0.23091529439199476
8.02648420127717
-0.17342199729361596
7.99977170165737
-0.24112862927716705
8.01848972432549
-0.14152642223588785
8.026701326729293
-0.26249277642465607
8.018863966614019
-0.2663579104367333
8.03018013135466
-0.19931306836610574
8.031595182064024
-0.3580586843733453
-0.2585843909664707
8.086072064314019
7.992880381035878
-0.31483353301256045
-0.32778499626891744
7.981260108921666
7.997171071241458
-0.25943867587264613
-0.5595352797028923
8.023885501643813
8.004744819953759
-0.2891183433743887
-0.37071651895191593
8.011953625780803
8.015127519050278
-0.24937785884659291
-0.38220955924592914
8.027999247704674
7.995752761718929
-0.27900709711504845
-0.5492622133268252
8.129520009989987
8.00945272032856
-0.30895452032970105
-0.36402985932775067
7.970554098785401
7.965911133489031
-0.2744998732762749
-0.3830758363293505
8.124326391166916
8.009644361370475
-0.19211390250334404
-0.4408596793707762
7.962071079894993
8.00017406838245
-0.19586887863304092
-0.3149011535640973
8.010534221545175
7.942899423076173
-0.24798075955896337
-0.4257025323110355
8.132980799124331
8.006067230342957
-0.35253516643117067
-0.36480411774534005
7.987682063458854
7.984698371498688
-0.47122624723443707
-0.14933182637662057
7.896629575674809
7.996901961524804
-0.2934483147082325
-0.10054570584384237
8.017080421209263
7.978466486366346
-0.25850696582616806
-0.2814985147564677
8.001879981185487
7.982839464089529
-0.3837310241107925
-0.5485083011431584
7.9188858234544846
7.9834060633600075
-0.5181312158679408
-0.517775868094061
7.984889886539938
8.009757021483006
-0.37495775161503175
-0.35795030568807107
7.955710921396268
7.990429391336057
-0.3866319806675822
-0.22260247448747705
8.064753189018708
8.016501463133148
-0.3398617316215926
-0.21612151995068274
8.04873405227463
7.985057037764332
-0.21016172860826288
-0.4053999281525602
7.939162120149581
8.012065840551102
-0.2516999645271145
-0.42855080539195
7.977409429759742
7.987838819005897
-0.2490434300932307
-0.2509561935263349
7.962473195857684
8.020676706536703
-0.30333396723354866
-0.1879830587332023
7.97376367000129
8.000582238744318
-0.35418981104032454
-0.37097689320628113
7.993336203890869
7.9880142824696
-0.43452765535880644
-0.43416850448160105
7.97998219191138
8.017303619828091
-0.4141435595904106
-0.24996975541761657
7.922711043159236
7.967690509468682
-0.46433560977797583
-0.1483444365675055
7.980175819180249
8.004293034753598
-0.2646955226354173
-0.2325230740142743
8.026759806135475
7.9770397550813295
-0.3177416050615278
-0.4073511578855715
8.043359156678934
8.003178640100728
-0.2367358880699335
-0.2617974566529284
8.030721954415457
7.99170021991089
-0.21346234213505255
-0.2402253500059075
8.02408416483878
8.010691976529522
-0.26873765152117635
-0.26064236978331934
7.963122856527426
8.016366048882512
-0.29171727483720744
-0.3323697613399137
8.045050515528965
7.996191032345741
-0.535931012845575
-0.256273678481719
8.06078102591528
8.035116960371397
-0.35330811943957485
-0.2782356964553081
7.960714506796882
8.008426588786296
-0.2872247776943624
8.131238157572495
-0.5469692221997153
7.9765518527577814
-0.3062339157801617
-0.40122607473272964
8.128927054451546
8.005875506048497
-0.43365140708849736
-0.36344755082540736
7.94585528163227
7.997748179756511
-0.5655873719603282
-0.37964760000827624
7.994782442693451
8.002356392069391
-0.24652922251703657
8.137986851302422
-0.24036535937402448
8.132508290101942
-0.1739271601597352
7.952025420263215
-0.39840092856309894
7.948677867227798
-0.5035599745562074
7.95307405450713
-0.29137450679474597
8.134000446036197
-0.24792256057277484
-0.28071400449143624
7.944262781357437
8.007300346490974
-0.4255996767006067
-0.29933345643747344
8.090103965262525
8.028335669490026
-0.4131175712758228
-0.292435331921574
8.087502530771417
8.062492934253688
-0.25827785929475944
-0.31558142871421424
8.135630828385835
8.007644417989244
-0.23801708016658196
-0.39616216906309276
8.132686491742627
8.017520043783618
-0.2850222168602734
-0.2335970194465844
7.95563431874971
8.02359558930723
-0.46067339021614373
-0.21858657814756377
7.9259224000314905
8.003797243160934
-0.4097707318970425
-0.2658881686073773
7.938758053215685
7.957742851960651
-0.5402595891949051
-0.37528104641804916
7.95985566752681
7.953549896882656
-0.19216673116408245
8.129548969967793
-0.2329671367951498
7.875945093328145
-0.2523515556989029
7.932337297822388
-0.4498651949314372
7.969889209060891
-0.22717814363612376
-0.2632507090556082
8.128294305312163
8.003917555922582
-0.22864070043965867
-0.38323900257010024
7.876082497375599
7.998119262039036
-0.21378668936283596
-0.2838325935257693
7.9346414739447395
7.996712708920245
-0.2535757309003497
-0.3833053565812765
8.006041482071387
7.960742417438007
-0.24895392645537484
8.133314921606035
-0.23453397218962024
8.132125867658104
-0.2745010441864508
8.132811733348289
-0.23690518664240656
8.133684513893709
-0.2295459250464873
7.876977947895114
-0.3264718735159242
7.947330433978607
-0.38522630074370845
7.927978381776314
-0.20679415504603682
7.947074465360394
-0.3001108383206912
7.9731030195726476
-0.23731230958914296
7.9750038370916485
-0.3055722967457193
7.938535695323457
-0.21970520633191093
7.939718745423654
-0.5340971624217552
7.981470602148813
-0.4692832968235585
8.031480192445226
-0.41812026897038024
8.008691611333434
-0.5283478129548982
7.943904445030063
-0.5368327619253215
7.987509745497914
-0.4490068377307459
7.987034319572481
-0.5397089436576596
8.061487831802006
-0.548011533945326
7.948434718219844
-0.4135695019553829
7.928555099466574
-0.4214900683261682
7.932192284997665
-0.39944569664589125
7.989454922352899
-0.5179912847268149
8.008240355154093
-0.49402516441895905
7.99919839954819
-0.5231629206869215
7.970266655585258
-0.5001337265620194
7.956711640980562
-0.43241684744332964
7.9501281140602265
-0.24458495011670855
8.134012476561281
-0.2387805906788003
8.127474775112278
-0.2512975737875216
8.134123200082675
-0.2645049044013845
8.129588661515639
-0.26686005677198743
8.131524327915523
-0.264853625255423
8.129251307980773
-0.2686017618426497
8.133751583438464
-0.3106695052285904
8.134460218139052
-0.27564580188566623
8.135822887118968
-0.19303514713151948
8.137938011036532
-0.27891535749448515
8.136600808006737
-0.16254910601237782
8.137674337674667
-0.22835418528212692
8.128378983354834
-0.18040548604791695
8.124833331412177
-0.351210083492127
8.129804611892196
-0.2121153390268944
8.134030234402443
-0.3666202806998289
8.13241621099284
-0.29632611602596803
8.136599772916071
-0.26523918825478887
8.132848742732055
-0.24928353707666417
8.130813204696215
-0.3232175826944257
-0.24013918070355444
8.123366905407599
8.013526804754742
-0.2136893608080861
-0.33683680362219803
8.133959543554427
7.990817722254651
-0.2226738636101011
-0.3684457422760854
8.1324882914187
8.014513327113185
-0.2295325132714332
-0.42064103888944615
7.877154145802471
8.002548723932447
-0.35750338705079976
-0.47106446866341756
7.950125877754866
7.983573376659673
-0.33290970699477995
-0.5061198953427493
7.947543951855877
8.018508701050175
-0.21913696491762735
-0.37694543997591623
7.983653041753474
7.981499598895813
-0.2968545033942718
-0.19732699983181057
7.954503211661685
7.986953113324125
-0.2575240759714177
-0.4426602769579553
7.941679827998998
7.979243917005848
-0.2650344455022662
-0.4925330575020226
7.974149012445337
8.013371902974404
-0.2489824442702524
-0.2568533925811014
7.9340433174709
7.990385927138847
-0.1412391051177
-0.376714865540972
7.949496412561906
7.971811885786804
-0.3992014582451091
-0.508645720128893
7.952782944287193
8.022813888811397
-0.4402632290988322
-0.24024277921683002
8.066160159811318
8.052660879485973
-0.5312864914891762
-0.4958290044379279
7.9562510629828225
7.990255800953443
-0.5430467505910954
-0.05204644996758212
7.959024109697391
7.988683997338285
-0.5116092557101108
-0.414077719932461
8.00578885551107
7.975250062968782
-0.3987627153314577
-0.38867508438890397
8.087751815678905
8.00534114421477
-0.36091753018857453
-0.3662927644117513
7.980210694995489
7.9805611165870385
-0.443083212109876
-0.4381602307838186
7.914835873536515
8.048232330484776
-0.46729791478457017
-0.16891065437013353
7.890678419432682
7.99991888948766
-0.40165239766036365
-0.49054527335628606
8.004688598992562
8.02277446444543
-0.46051702487175916
-0.21169494385497956
7.975096460308584
8.015054393044
-0.3741669895020223
-0.3699610855616058
7.978668022453773
7.981210265415692
-0.3835970472499426
-0.22690586663115653
7.950602767934328
7.958658348097808
-0.3448508868625382
-0.21975895700383674
8.036254325278124
8.00056895610278
-0.23810370998651997
-0.3681296612695544
8.023179929965757
7.96108569203168
-0.24932261391973043
-0.5240661486696077
8.130969037191381
7.99888649528043
-0.2246908801278522
-0.2748218864135623
8.126114422434746
7.9898197875780985
-0.2652326139509231
-0.5124475108425024
8.126992226317618
8.011435981590926
-0.24900795029037148
-0.34342949772520015
8.129090215082849
8.003152564088865
-0.27948004573309504
-0.42026206745354777
8.134314596838893
8.014098213164973
-0.2656435023398416
-0.24530485342429031
8.124378220328886
8.013989627094535
-0.26722721643518454
-0.43591000458222595
8.127349272148319
8.01196561638719
-0.28247494951637186
-0.2403715429600659
8.12850888019128
8.01121797555429
-0.3123557674550739
-0.26733840488365956
8.132145520646606
7.9933681230301605
-0.2714804456684483
-0.27806982969422656
8.129890850562196
7.994653282697797
-0.27142030310518805
-0.2551093172126606
8.13328685736329
8.016478671833825
-0.21999893216280597
-0.24642850526944926
8.133618643738401
8.012955874068174
-0.23571601897357297
-0.22990686750861755
8.132813435076038
8.009168968861628
-0.2956601419643867
-0.3659870756483059
7.954176414698915
8.030727708640734
-0.2761076907480984
-0.37577999210346746
8.122875259776123
8.014353194838634
-0.2538917594340262
-0.34881447343905947
8.122917299220699
8.015540244703827
-0.24181102697524892
-0.3786130221533064
7.862326834561842
8.006816210974257
-0.24092583284854108
-0.26071141820108323
7.923246889325365
7.988396907655956
-0.22929305477044082
-0.23853021490884885
7.899459763288785
7.99442133986479
-0.2717831093589176
-0.42635052528281037
7.955621940502755
8.029580520692248
-0.24253484338362163
-0.41985277559614254
7.925213985343085
7.935562004570704
-0.3755249102738425
-0.25831221300985163
7.940904261466449
8.00826679425773
-0.43195628506611783
-0.21899014502835712
8.0776677101165
8.063863574390277
-0.46607638396828577
-0.4166349232681945
7.972781454872513
7.97500324088857
-0.4425930450441591
-0.40479877079154747
8.011314591353063
8.066586427393162
-0.41515883169320134
-0.2641652846235054
8.062504032480069
7.993516792988371
-0.3995035291511222
-0.24403414846959848
8.041039759853797
7.978032913160094
-0.4279164795009791
-0.4309369294241385
7.980679643855228
8.050574890680652
-0.41021423634200005
-0.42379929614834033
7.951624325521115
8.004255316338734
-0.540222888057869
-0.2560956324461685
8.088077442283257
7.997959590038211
-0.3542884393761625
-0.4261843954685727
8.015632971055382
7.972170405817098
-0.26799512523604463
-0.3694492395843305
8.013205467663962
7.975373929663852
-0.2984289224686343
-0.14808768542647854
8.018039221729635
7.97935379792095
-0.3060090729250433
-0.25950297103656084
8.016984012823801
7.985606643942858
-0.28046095308927477
-0.1746240427808008
8.01619517750709
7.980540505727039
-0.3927246004580809
-0.25460242896531504
8.132316742427756
8.01630833309936
-0.383272725084165
-0.308900179548278
7.927439860112825
8.116294854922995
-0.2986459168715392
-0.2878446805455521
7.939187969921417
8.121082306334726
-0.2898379156889348
8.008790025268487
-0.2791208344739786
8.007771977912226
-0.2723641996226718
8.008332325071578
-0.27215654453493343
-0.4953547125945761
8.008544684283963
8.031819553259608
-0.3025522963524381
-0.4269849376416577
8.005610281137523
8.017828959072915
-0.3669588074713843
-0.2724474838835498
8.00750641423909
8.032244131524838
-0.29460841771014046
-0.2986615683447269
8.010846383184305
7.97929488174187
-0.31023960729302225
-0.3076881240369218
8.010743432773856
7.972030777360072
-0.27267462401811393
8.001678425867576
-0.30540395512693763
8.00691652423871
-0.2835291432913962
7.999729188803773
-0.2875462094409649
-0.4072888608676948
8.00023897777077
7.986720924507718
-0.30734411720176524
-0.4227675572834855
8.006542080464063
7.996234346375063
-0.29809856513346844
-0.40401312112984655
8.00122156352648
7.9725638424496985
-0.28033750020042447
-0.24276353435591247
8.001067035157316
8.012075162661034
-0.20026759463540422
8.013871763670553
-0.26140901153564045
7.996067143178005
-0.2664851271203048
7.998814271571951
-0.27749619755911326
7.9803674803873745
-0.2664404851244626
7.986178297475713
-0.3687396003971717
8.013609492665024
-0.39960839410583304
8.010112315850735
-0.2805307478611656
7.997140797501905
-0.26889898768125775
8.004088865034074
-0.2726085397864395
-0.294794568756803
7.9524754429202895
7.982810514853962
-0.2616229408877295
-0.27420889431046547
8.01966180631629
8.017190478261396
-0.3694712031267642
-0.27448917411599894
8.021193905897531
8.014571936909494
-0.26831557732529276
-0.25040328669424206
7.986279124975777
7.961377458966907
-0.2846140315560781
-0.28487460164769907
8.005772683127024
7.9480408997918355
-0.262201481462391
-0.3684224359268029
7.985311597469593
8.021675461589794
-0.2660638123319998
-0.34454224244177567
7.98500899035035
7.969257851631059
-0.3074654516133464
-0.19674476502942362
7.996315106000332
8.033741674231726
-0.2719134133327774
-0.5302828371900219
7.996598716879247
7.99289557735107
-0.2761463994836717
-0.29729659646129747
8.002571853941497
7.957873365869865
-0.284399102515156
-0.2593978550490199
7.992911680728485
7.9594608643454166
-0.2684393548471782
-0.5179246007806189
7.986392590185887
7.980761064116328
-0.3636574068740721
-0.2350901412210007
7.999767452526617
7.953202558827201
-0.3119141285991809
-0.3066371489011068
8.013662780255236
8.019069846933014
-0.39874722724441014
8.024220851879358
-0.3550560475056397
-0.38459654929318887
8.024795364246431
8.014931544325389
-0.22149107958712833
8.021512899157107
-0.400296394383556
8.017210990075604
-0.2824101206855296
-0.2877792647923041
8.018024147211007
8.016165216214457
-0.25314050976433755
-0.2733511344598245
8.01639728240978
7.990632254297225
-0.30376980532555997
-0.307681854753298
8.01648886869669
8.018042956005022
-0.24165767112725334
-0.2703733897557097
8.013238604171768
7.987032438981169
-0.3946359901263854
-0.37736075384975365
7.983450118620729
8.034404172798538
-0.2611851473821094
8.009579258474979
-0.2623285085220033
7.97494031611555
-0.27637703834385974
7.982095751184527
-0.19281566903966407
8.006661254878539
-0.20146256423805653
-0.29474321385322
8.007945403967206
8.003788650416752
-0.2451814638923615
-0.3255403788020921
7.968992287245932
7.9931364860553735
-0.2684657290698329
-0.35489562168219635
7.966602578809609
7.958872142575748
-0.2596290763189799
-0.2730088622370097
8.00705035330519
8.044280040608555
-0.24938452665466926
7.98727185236681
-0.26384053207995706
7.976209100016982
-0.24274847496450747
7.9736712057707
-0.2599416967009951
7.974909278225474
-0.2601720740830018
8.007796079746477
-0.2591233206007111
7.970961480199538
-0.2468832105731984
7.968903525757694
-0.312263305771479
7.950823491741527
-0.29906763820486226
7.95749830945593
-0.2721398974283993
7.978151412394574
-0.2659013081615331
7.960244725833237
-0.2509030416057776
7.958362434017955
-0.300609366763517
7.950168619568013
-0.26954806521554886
7.948145805627088
-0.2269157324758666
8.008654263406301
-0.21376249505589762
7.992431198584733
-0.28011686732093466
7.96316276132566
-0.28491655506057256
7.961696926841123
-0.27610342219147554
7.970131436363486
-0.23776806940384887
7.994321981890125
-0.22862586613961966
7.985119535161078
-0.26621781001428246
8.010544258099376
-0.26795530544892365
7.99586067487332
-0.37605438115333456
8.00814213963671
-0.28892964864705206
8.0161197913099
-0.28737809901395117
8.003380569652451
-0.26962401995617746
8.006646005652705
-0.17145113416871993
8.005674889767054
-0.38006507291647473
8.015051133239856
-0.3993532527426673
8.013557729925358
-0.3970633216101085
7.99006852630389
-0.41316969468576126
7.998010316312887
-0.4197144965900428
7.994773731737343
-0.3843504559655564
8.009621879488117
-0.2562801536824857
8.00393041653576
-0.2791765403104485
8.012447072427818
-0.2660074076083063
8.008895964441983
-0.3797640271304452
8.01766258706744
-0.34466288174368387
8.013569732244457
-0.4152530378900945
8.01047563716304
-0.17542318931599254
8.024666780272506
-0.3126813245644158
8.018742355120208
-0.40472887723788276
8.019416631676318
-0.2737406098904813
8.019323184615127
-0.22400794268811097
8.018193145099186
-0.2128135465355463
-0.4694561255177625
8.020171539390548
7.981459716004939
-0.24152564931550913
-0.55591341827847
7.967894529018973
7.992070323634164
-0.2683446649082182
-0.5257785756770907
7.988284009304048
8.005649142739166
-0.23489254378883295
-0.3382700821556597
7.9814054732352755
8.016624076990427
-0.246029493869095
-0.46375247655138985
7.973580059430823
8.005665272221393
-0.21706634435402172
-0.31500177742357494
7.968277396204114
8.009226411339302
-0.23375483090209492
-0.39386521203580926
7.964460882708056
7.991165947739692
-0.26431348798555554
-0.5503257258078804
7.9088673452857705
8.013642107417724
-0.26611596485266986
-0.527175203664207
7.932041414586722
8.025012419280236
-0.2554141275629789
-0.35708872625389887
7.952154067092196
7.9675813018829755
-0.28054291401484655
-0.33114001382986125
7.951369170397321
8.005112543942564
-0.24419110730462812
-0.3509901284948107
7.95107639532271
7.9964414606619245
-0.32309061124412963
-0.23388773525837436
7.992113903069027
8.02497106138336
-0.33063020718189406
-0.24376917320216762
7.91820077079686
8.035742834982345
-0.27098349928136933
-0.5290647196135936
7.964088335298398
8.001321524022558
-0.263296668850451
-0.3185422398587434
7.959591796235464
8.000711698827615
-0.3219982700880806
-0.40841387620591085
7.955720839850726
8.034217325821402
-0.28722617481793833
-0.24133686512764285
7.989369392902379
8.002029604302487
-0.297777623913273
-0.4300378731688639
7.978164881808771
8.022386700327965
-0.3005941564611021
-0.24914620232406826
8.009873788944091
8.01300726314868
-0.3182924237895932
-0.25846877751184394
7.991551791044498
8.009515696393954
-0.360427265301686
-0.5065305412244925
8.011631606077625
7.987894777795387
-0.2888364940422292
-0.30604313563497954
8.002727564182782
7.994457057990352
-0.38863997984372567
-0.5139608055248477
7.999197808526366
8.027733416021743
-0.24652067776736608
-0.3040917808973056
7.993592422130843
8.037800260877955
-0.3142979788649569
-0.23394330083063508
7.935851478968066
8.027483990137585
-0.2947906437123393
-0.44688106289125784
7.983395526072169
8.01746122758979
-0.32813971289913724
-0.18690929771817721
8.001208311598432
8.002319482736226
-0.32411173767787815
-0.48853344856781256
8.018789292426884
8.002823216002126
-0.2187259707182232
-0.3201502080973313
8.013601313819196
7.995930326832241
-0.3226730609173103
-0.4056658373402975
8.02136540232312
8.025362281716301
-0.329498419813131
-0.35121833870464947
8.021232872268339
8.02379882571627
-0.3367897536066611
-0.32137364799104695
8.005856486704323
8.028660100887018
-0.3174490504463865
-0.3021115807145929
8.023428987815379
8.022485623512127
-0.2748471147409912
-0.28437353062375337
7.988105170395265
7.980902404499708
-0.2944011887034854
-0.2917814896409716
7.992275345723187
7.958525110129703
-0.39004454667647437
-0.24390602790675153
8.012087182559174
8.006256639676337
-0.4146202468622384
-0.2536083923987036
7.998267238589423
8.03284892809776
-0.2847820029329249
-0.2875992812173358
8.013947473048098
8.043067984195403
-0.2654832488201322
-0.23932567503709734
7.966730411139685
8.022081272053871
-0.29473224912474194
-0.21459286123116605
8.007349868191646
7.982259094214628
-0.3704320916698407
-0.2870446606199444
7.994044324264576
7.9499624655049095
-0.27466986220713885
-0.510611134465794
7.932284242334441
8.02527317488682
-0.32635545760950535
-0.41508875674331236
7.967126174324354
8.03861605416088
-0.3038511606095824
-0.39800680348445994
7.963181027815628
8.040862880275908
-0.2758964096026908
-0.2532995233273745
7.985743409131628
7.982117740925507
-0.23827595069166918
-0.2630162769288624
7.985103060760358
7.965344405677421
-0.29149039533393406
-0.43166938300737456
7.974619431378089
8.031800600781274
-0.26759549421813134
-0.4243926838729415
7.97228438464061
8.03312273468951
-0.4189649299402234
-0.22091974733872277
8.018249030490729
8.044995771942709
-0.38267107507026665
-0.3083615073279411
8.003368522684429
7.954082687629995
-0.2979926763880343
-0.2664369319533133
7.974650189373716
7.917465116590587
-0.3031157950090346
-0.31782918928080583
7.9671787723769265
7.911460361986265
-0.29149854610796133
-0.17826306261440727
7.973281283765125
7.90854381575102
-0.3419111063307163
-0.4008295679067295
7.95498816762981
7.921385200229913
-0.28928968483668527
-0.2574576955304657
7.991742531755723
7.906272192072733
-0.34405066165459
-0.35192685641329646
7.978427886935013
7.910080314869924
-0.31399681621172526
-0.29870744057921783
7.979082518461491
7.911673715364076
-0.3922117141782486
-0.22481935132695519
7.994333865825637
7.965171010142009
-0.36521438104093384
-0.17290116745487794
8.00778160763968
7.95445751020256
-0.36022698750319115
-0.2676207936594128
7.990508607599349
7.99217613944287
-0.24705695371622838
-0.20912250787953113
7.996665569378151
7.94342216725259
-0.3599202174209637
-0.29263512443077566
7.991142286887084
7.987744158153665
-0.3958610616710878
-0.3284146922367377
7.99711287488953
7.9473683795364005
-0.3428823475436502
-0.23188213350525366
7.9982848836491085
7.947943752160127
-0.36583219534928624
-1.3079846090737295
-0.3394756821914786
-2.146484272858686
-0.2595226416987373
-0.4599236959314936
-0.3939903101514233
-1.5781507304021147
-0.3967091115192627
-1.3964938853114877
-0.36238567532679156
-1.4139160357634974
-0.35348608546708604
-1.565039658820229
-0.40480337941807676
-0.2931310060406922
-1.4259778597570314
8.051180354942035
-0.389855306704991
-0.386172461378564
-1.4133907611001
8.015042573961185
-0.48075660044528945
-0.2032477919692557
-1.591948981516632
8.015766346633525
-0.15594980858992535
-2.7735136181033475
-0.35838405453009514
-1.5522601625847692
-0.3837505953769451
-1.4820655538354082
-0.17031069524812814
-2.785073890721012
-0.3765117837559675
-0.36816375333662243
-1.6406686381311921
7.998394136848291
-0.2422777817216364
-0.19723215818876483
-2.7824107469490205
8.067880810615668
-0.39914117477448485
-1.2696502130215777
-0.39358544192720757
-1.4992185461841885
-0.4028520726612541
-0.28088473874689157
-1.443418959831492
8.00664801214658
-0.4775236935967868
-0.22772948724383824
-1.4850470080981069
8.017885293683046
-0.31445289009131905
-0.21963195080128628
-2.8010027062152005
8.024033984235084
-0.38438743488829097
-0.3934365257903245
-1.2359241402717807
7.991898067500533
-0.4580014939157522
-0.26447621511307773
-1.5648175240003752
8.097228205239947
-0.4202162393824391
-0.2830939628549096
-1.460800646599374
8.006689551956574
-0.4091205558394204
-1.4162376519689044
-0.437234037314429
-1.2395035591145458
-0.3952196323665298
-0.3563905683528805
-1.4167893445352409
8.006245284953625
-0.3916604629103517
-0.3616768545593949
-1.4429450217287556
8.019064611167627
-0.3961997215107864
-1.4170941458804371
-0.38902606256943884
-1.41626005369225
-0.3827459302259957
-0.43199846278914933
-1.4508377612627825
8.009177597734523
-0.4126579099574865
-0.2815339949943585
-1.4448633715426134
7.9881834828263205
-0.38373773212073203
-1.3420736602996008
-0.15392660283509052
-2.7998913378193784
-0.4029295472197987
-0.29796968066055385
-1.4247624612411762
7.961250893076389
-0.21053853221022223
-0.28652441224517666
-2.8166853407536507
8.003087600526332
-0.5528722490715179
-1.389003253795762
-0.14580347526319493
-2.7899444703088427
-0.3269349900495566
-0.2612500940141995
-2.791760721018841
8.13366108278236
-0.4537231680513365
-0.21738137470817165
-1.3698349231979812
8.009603194675659
-0.10187945907667739
-0.37945351554205153
-2.7848868364668213
7.967465464189805
-0.14003810467349354
-2.794022356142751
-0.38880403494407645
-1.4818591812178354
-0.4030627731722731
-1.532823033539561
-0.4734975949188467
-1.553605003638399
-0.39001290514380926
-1.5470804732636232
-0.396131797121118
-1.577879733763238
-0.3701371762236114
-1.5800366749667276
-0.43439390928786104
-0.23572751912316825
-1.5455179180701961
8.054148148383375
-0.3840238116461858
-0.4100361550711771
-1.565715932419124
8.010521927387028
-0.3937001657037271
-0.3487437353293128
-1.5575371616377822
7.998285003362116
-0.5396143345475828
-1.3663182058310426
-0.13340507417029812
-2.7698257728411253
-0.13389689283404493
-2.791770033493032
-0.5213481545764722
-1.3973209994563458
-0.33407588276719835
-0.35616360957677173
-1.5330363882909523
8.037365417697758
-0.20482337692717678
-0.265071637847651
-2.7842312458492806
7.976517381076579
-0.1854381330952748
-0.24346916230961568
-2.8115259549487366
7.980175243539835
-0.4845572117985455
-0.2605976934479308
-1.3940902812974478
8.013437924455696
-0.47004026585095815
-1.3989106867082004
-0.5289248858345061
-1.465331963592721
-0.5109637191572993
-1.4162674933820973
-0.40673819474063144
-0.4206290175943739
-1.4644498258714265
7.9940491878322835
-0.20860904853980777
-0.21535520600960822
-2.8140041845631156
8.018150277260165
-0.22156846877478564
-0.2185518182024886
-2.8106852572398537
8.01203610336094
-0.40864787554249915
-0.24850550146863526
-1.4668158187333873
8.000929488170133
-0.42047817789359954
-0.42074222689111807
-1.4200959305127299
8.012187929075258
-0.4040526149683821
-0.24734914971296362
-1.4732575921723097
7.998463395857604
-0.408313766996768
-0.2415694345175794
-1.4723772465455731
8.01281937510898
-0.3683185761786998
-1.3970934003857884
-0.40254246251629056
-1.2806598641931295
-0.14611877011503438
-2.7378782829864043
-0.2697259888365622
-2.7361777698111673
-0.11601347722742972
-2.737494398091627
-0.5263593861603546
-1.388518289988319
-0.5204489222607247
-1.3951447171271667
-0.5466074059755854
-1.4314854614229784
-0.5300170633251682
-1.4051351410290405
-0.42685760289040786
-1.368009865621378
-0.2985125928685761
-0.24567740471066912
-2.7856810446430025
8.169582045263155
-0.09674278240554912
-0.28756541222569787
-2.7827842206040145
8.17001480206993
-0.3036262368087499
-0.3138947292133345
-2.7776661892730807
8.182013351975737
-0.3195118438761497
-0.25482706504574537
-2.7777334057040726
8.175416054753626
-0.4388864797562988
-0.2597998632534093
-1.3969434161756134
8.013510478239946
-0.23849500633760812
-0.27376459162274536
-2.760636372275684
8.008200514146617
-0.2449968120250503
-0.25103083393219805
-2.77717703720705
8.047691830190491
-0.46335837660596013
-0.18286861450713232
-1.373915794838057
8.009807067730152
-0.47881220782855394
-0.3640004204321041
-1.3824800240792001
7.997191993009344
-0.14524419145470446
-0.2537865640433221
-2.7881389874664997
8.089692010439045
-0.5067284732753876
-0.2208158070997257
-1.4320081627037737
8.003011785564034
-0.53311644203378
-0.24891916508810752
-1.427819391980945
8.005959283071443
-0.41036113430978105
-0.2786572866574577
-2.754620167982319
7.977078483812597
-0.5254529265719814
-0.19574204000586093
-1.2932629866151188
8.04657919051576
-0.12399364649489897
-0.38552823186242335
-2.7455032316475503
7.97880442709622
-0.22879816333644598
-0.22699964942478523
-2.790901454038247
8.041598835358075
-0.30509221445726453
-0.2098172222713366
-2.757028764951059
7.970729609463679
-0.5131274052943269
-0.21549667506231884
-1.4196416628355415
7.980605737273325
-0.4959903129317791
-0.13775597334056044
-1.372872451811178
7.969583359536842
-0.4896967454140366
-0.4275556446779234
-1.3697993457727904
7.926878153384714
-0.4980278917247425
-0.2416665876051063
-1.3419450425431343
8.02365577500522
-0.24811370497591057
-0.24510201906536544
-2.780845937215865
8.048042702709457
-0.4149900770093726
-0.24622411433309388
-1.6177722285621527
8.028019625163958
-0.5270938774881131
-0.37041482990105123
-1.1177067099958968
7.900151863758093
-0.5294989324799637
-0.3471228093237375
-1.1156647700098716
7.894239723013138
-0.46068070384664495
-0.28352948349338547
-1.6036779715577705
8.079633933913007
-0.3961031837165869
-0.28354281610246446
-1.601908560071717
8.087584209243008
-0.5373239557962695
-0.2580760982769075
-1.384103033076915
7.985359592981109
-0.2901607798475645
-0.23564164923188713
-2.781615636432768
7.990184404510483
-0.5111930788612415
-0.37782404098986966
-1.4198181362603464
8.056115804713954
-0.36301377197207785
-0.23033275297923517
-2.7703256210467835
8.003518203519373
-0.22164484533117523
-0.2813245137338747
-2.754960129491831
8.008440335268174
-0.5290739159286435
-0.24738003581419932
-1.452399345716648
8.014607745198612
-0.5381923722826691
-0.2606029690907512
-1.4130646001846419
8.044693563122587
-0.3946149254967146
-0.38396841854929775
-1.4388332977664327
8.017588188061701
-0.11839732556801152
-0.2739938588057882
-2.8308135869833944
8.128050619395037
-0.25214593519185513
-0.24286631941357584
-2.7995351924611587
8.093010459660418
-0.10621034790112915
-0.2798041323485574
-2.7995488094697762
8.139081806772122
-0.06441705586201962
-0.29125154273723197
-2.7845005994511904
8.175144267997632
-0.3188971272096275
-2.721172616583429
-0.5002868043112354
-1.419596992327449
-0.49488913851105387
-1.42254705999855
-0.5374771007729144
-0.5034917982844505
-1.2733792492590563
7.963887202397806
-0.2564599905731022
-0.24814796288206864
-2.6073532834749535
8.001681222387614
-0.5487713759294852
-0.08738808416828903
-1.3893039797463747
7.996986154864707
-0.46753477006975963
-0.388242635215013
-1.4144272014896604
7.98858487648897
-0.2744873418198104
-0.228168360431507
-2.774859091077783
7.991303328234868
-0.45575479963837573
-0.217614251609346
-1.4268725034019525
7.981353668584565
