0.49241114305756284
23.247880810587542
0.2712745745041154
23.25458120888365
0.19540821606310566
16.087686949986576
0.3899899571631771
16.071134081858514
0.2292080970316306
16.057238017313722
0.5391970812507552
16.05715836527055
0.2221462300709547
16.078771563694556
0.4539626684496838
16.064906209949974
0.2618233476848921
16.035215051888386
0.2247474183829361
16.052243586332693
0.8965069422877185
16.032353922875235
0.8971143362724749
15.443447863340882
0.948964209195136
15.453757529030563
0.15124578153641366
16.242919108552755
0.2310739097908865
16.17364406700506
0.21037273413972812
16.12767374229441
0.2576481110242881
16.12585356316848
0.8854241192164771
15.042218919759254
