7.056299424976556338e+02 7.460606889686668630e+00 1.000000000000000000e+00 1.000000000000000000e+00
5.411830985180246216e+02 8.748203357884081655e+00 3.162277660168379394e-03 1.000000000000000000e+00
5.404282006328559191e+02 8.757037985087945842e+00 9.999999999999999124e-06 1.000000000000000000e+00
5.404258099013794663e+02 8.757066273909147824e+00 3.162277660168379191e-08 1.000000000000000000e+00
5.404258023411816794e+02 8.757066363367236761e+00 9.999999999999999072e-11 1.000000000000000000e+00
1.553759402028279055e+02 5.659813333961047910e+00 1.000000000000000000e+00 3.162277660168379079e+00
1.438246932098807633e+02 1.548608306059128692e+00 1.000000000000000000e+00 1.000000000000000000e+06
1.313357712044151810e+02 1.021895167785900504e+00 1.000000000000000000e+00 3.162277660168379080e+05
1.211446278056792778e+02 7.296568597382460108e-01 1.000000000000000000e+00 1.000000000000000000e+05
1.097922962981428157e+02 5.933064785165609312e-01 1.000000000000000000e+00 3.162277660168379589e+04
9.583009194562413313e+01 1.331395990146214903e+00 1.000000000000000000e+00 1.000000000000000000e+04
9.258314323037535587e+01 3.846321876126788553e+00 3.162277660168379394e-03 3.162277660168379079e+00
9.231866318720123843e+01 3.835209551340593492e+00 9.999999999999999124e-06 3.162277660168379079e+00
9.231782593130506598e+01 3.835176128015553854e+00 3.162277660168379191e-08 3.162277660168379079e+00
9.231782328364174361e+01 3.835176022323163014e+00 9.999999999999999072e-11 3.162277660168379079e+00
7.750120000836997747e+01 1.782601168014827486e+00 1.000000000000000000e+00 3.162277660168379043e+03
7.402612326206275384e+01 1.806196194573605140e+00 3.162277660168379394e-03 1.000000000000000000e+06
5.925636831947885241e+01 1.878218466028103606e+00 1.000000000000000000e+00 1.000000000000000000e+03
5.359097811123535848e+01 2.771577120253374993e+00 1.000000000000000000e+00 1.000000000000000000e+01
5.031594469721515850e+01 1.589811640110550872e+00 3.162277660168379394e-03 3.162277660168379080e+05
4.889710503451019719e+01 1.805090744470129405e+00 1.000000000000000000e+00 3.162277660168379043e+02
4.442857642530867679e+01 1.544274953934950956e+00 1.000000000000000000e+00 1.000000000000000000e+02
4.125959270430017511e+01 1.430046517910242398e+00 1.000000000000000000e+00 3.162277660168379612e+01
3.281163338819347786e+01 9.560517157566829072e-01 3.162277660168379394e-03 1.000000000000000000e+05
2.512914993303144939e+01 1.189890191745068160e+00 3.162277660168379394e-03 1.000000000000000000e+01
2.494621174057245838e+01 1.184203560546110090e+00 9.999999999999999124e-06 1.000000000000000000e+01
2.494563133009546974e+01 1.184186220453072647e+00 3.162277660168379191e-08 1.000000000000000000e+01
2.494562949456217638e+01 1.184186165625391585e+00 9.999999999999999072e-11 1.000000000000000000e+01
2.225960767502903792e+01 4.615700776455177179e-01 3.162277660168379394e-03 3.162277660168379589e+04
1.602926453123250283e+01 3.180396879432133006e-01 3.162277660168379394e-03 1.000000000000000000e+04
1.571131305675043066e+01 4.407018311622081796e-01 3.162277660168379394e-03 3.162277660168379612e+01
1.534119032939279847e+01 4.493606497106129583e-01 9.999999999999999124e-06 3.162277660168379612e+01
1.533996854827812584e+01 4.494047392475402636e-01 3.162277660168379191e-08 3.162277660168379612e+01
1.533996468324393980e+01 4.494048788405833328e-01 9.999999999999999072e-11 3.162277660168379612e+01
1.290168115807340499e+01 3.566484125517143666e-01 3.162277660168379394e-03 1.000000000000000000e+02
1.257863794641573030e+01 3.002667075851161993e-01 3.162277660168379394e-03 3.162277660168379043e+03
1.198426295895490767e+01 3.632303563797847357e-01 9.999999999999999124e-06 1.000000000000000000e+02
1.198109069835391338e+01 3.632009624094888478e-01 3.162277660168379191e-08 1.000000000000000000e+02
1.198108066124467896e+01 3.632008723166851860e-01 9.999999999999999072e-11 1.000000000000000000e+02
1.181940992064795459e+01 2.857654570667543248e-01 9.999999999999999124e-06 1.000000000000000000e+06
1.095801366229329332e+01 3.545782572296427571e-01 3.162277660168379394e-03 1.000000000000000000e+03
1.094934414315614468e+01 4.148180591230432590e-01 3.162277660168379394e-03 3.162277660168379043e+02
9.366129767904913805e+00 2.149385291117977548e-01 9.999999999999999124e-06 3.162277660168379080e+05
9.254695855459612375e+00 3.696344632916085948e-01 9.999999999999999124e-06 3.162277660168379043e+02
9.248790978752490233e+00 3.688864621382590414e-01 3.162277660168379191e-08 3.162277660168379043e+02
9.248772373685797632e+00 3.688841304710993030e-01 9.999999999999999072e-11 3.162277660168379043e+02
7.879339226383126338e+00 2.961495404036001977e-01 9.999999999999999124e-06 1.000000000000000000e+03
7.865886744802376818e+00 2.934326197228370736e-01 3.162277660168379191e-08 1.000000000000000000e+03
7.865846101556340564e+00 2.934229780441813262e-01 9.999999999999999072e-11 1.000000000000000000e+03
7.830325157754866261e+00 2.477735983307353673e-01 9.999999999999999124e-06 1.000000000000000000e+05
7.182509718787324360e+00 2.611590058874971865e-01 9.999999999999999124e-06 3.162277660168379043e+03
7.141623697889324163e+00 2.556238713940084950e-01 3.162277660168379191e-08 3.162277660168379043e+03
7.141506079254959616e+00 2.556105022522836001e-01 9.999999999999999072e-11 3.162277660168379043e+03
7.072646030896732938e+00 2.534676999383089213e-01 9.999999999999999124e-06 3.162277660168379589e+04
6.907530683898089663e+00 2.509566718977862543e-01 9.999999999999999124e-06 1.000000000000000000e+04
6.774741786231724738e+00 2.335271851103498386e-01 3.162277660168379191e-08 1.000000000000000000e+04
6.774405162918848866e+00 2.334877178010104637e-01 9.999999999999999072e-11 1.000000000000000000e+04
6.709042486469945388e+00 2.303801075330148551e-01 3.162277660168379191e-08 1.000000000000000000e+06
6.677524046744236053e+00 2.233290430515079694e-01 9.999999999999999072e-11 1.000000000000000000e+06
6.656206426982164359e+00 2.234900785119756095e-01 3.162277660168379191e-08 3.162277660168379080e+05
6.647361066012995146e+00 2.218814808075058598e-01 9.999999999999999072e-11 3.162277660168379080e+05
6.644457001876960867e+00 2.205345828382296869e-01 3.162277660168379191e-08 3.162277660168379589e+04
6.643550949824549079e+00 2.204569371586922177e-01 9.999999999999999072e-11 3.162277660168379589e+04
6.629741958671014679e+00 2.209122146528980091e-01 3.162277660168379191e-08 1.000000000000000000e+05
6.626860774833860823e+00 2.204548804095118053e-01 9.999999999999999072e-11 1.000000000000000000e+05
