1358.9004129722307	1359.8694680186293
1128.7446700740838	1131.7655253088044
1620.2677501743892	1623.2368418225858
1385.5542867396725	1377.70620755752
1467.6972615806735	1467.4281897493172
1344.3874544237915	1358.8386646483925
1168.8568800648209	1165.099386685781
1377.1919076877239	1375.7070653830344
1227.8258211488428	1227.8011230979785
1372.1580809263105	1376.6173792921074
1479.9897085487028	1483.8290362604564
964.462251748424	964.7063063759168
1431.4810809293995	1438.4937879194702
946.1801664217783	955.8159836930686
1211.3835684953665	1207.3806089492864
1277.9964810766396	1279.0342357971963
1259.866528711369	1264.8565903293465
1049.939173810737	1045.0675441462436
1551.3788179022667	1559.3736527015724
1203.824466596241	1208.1275350587546
1281.2364016526844	1280.097311286765
1411.0548761172686	1413.5785942336515
1672.8453088199894	1673.6266052204346
1324.4721519955492	1328.9547330552139
1734.2988086401892	1749.794944130944
1515.765301282605	1512.5443120394416
1510.5728149851202	1525.1328882190805
1147.356565741764	1147.3256451821312
1623.725106558908	1633.578018712382
1545.047315628064	1544.1450134914392
1375.4182058594597	1384.5947913265031
1018.7594048237952	1010.4451043988253
1361.3747408986383	1364.0475958673942
1537.8734952224477	1528.5430475465655
1282.516053405474	1278.1638227928036
1613.7699739132659	1612.1806535814958
1091.294401987252	1071.8425853763174
1554.3819469785376	1560.339899202492
1189.9265455518034	1197.9934753818877
1362.5012901139853	1364.2111798490187
1733.702145323652	1727.4439997532297
1317.5639047388686	1329.9153569114872
1336.8341890698648	1338.713052420235
1607.4085484359239	1613.7636843900582
1516.04939988337	1504.4609560024758
1246.7082807833212	1255.725783409919
1666.1762111083954	1673.0524919985705
1404.181180842861	1402.0231413380684
1457.133886058582	1450.7401198296468
1362.8827827870555	1358.5374144366826
1074.062050778215	1080.0388514203107
813.1626124600007	816.161675930993
1625.0444326619618	1616.7587516324984
1325.331006984692	1328.722755888032
1314.1213374025538	1315.0274180455015
1104.0922783798596	1092.13817200789
1103.4380994450767	1091.8939315840641
1628.801000745938	1624.8461189949442
1340.5109237926663	1341.9938865741633
1064.3027781708224	1075.8882437125835
1258.5405295704259	1263.2578160778567
1138.8101969855488	1139.242018160085
1325.6678715476592	1319.1189961863104
1369.206454869709	1370.8209976031148
1172.0185495270707	1172.4927962498014
1641.1610078508384	1629.4371167456384
1439.8902984764427	1439.6211323322184
1007.9477364733757	1011.1508231205631
989.5992208200623	988.4761214651527
852.8592619067931	850.0372532750198
1152.5624184242915	1178.3735953784876
1428.134972022468	1431.056045847265
1425.6060942529293	1415.1616649950088
1176.1592227747606	1175.7627789470646
1043.9761680091033	1039.7738536433933
1014.5900075479876	1005.7871166969545
1240.960145322082	1265.4895535046378
1109.7938964297937	1096.0056602007933
1077.9361305752245	1079.154451305419
1284.6940241724078	1293.0289447282848
1089.2137419329083	1094.5860028267532
1187.630352655804	1194.8785457906013
1379.7534189721337	1366.0217983605216
1098.5225361595221	1093.0386633714202
1130.2695815969491	1140.5204554229106
1620.7070936682867	1624.2305106102935
1503.6939337670046	1510.88419383965
1733.827451589692	1748.8631906765868
873.5458995756344	872.3530523371703
1312.957897399203	1309.1556384448147
1508.3023359047656	1504.1422220660804
1324.9992028563865	1331.7926426064168
892.1523459677701	893.2790658735257
1047.0909826346033	1067.2916408290546
1223.1112156956515	1225.7764902283084
1507.315067328862	1514.0812779071503
696.4964900951891	683.7781720285842
985.7566364737868	980.9552555219238
1620.8535183516215	1620.903963685287
1457.3975813563738	1442.672765448087
1227.8808287832653	1217.4077213776295
914.8279855813016	913.7263390167695
1188.4852621134487	1187.6117336680306
1350.8948245798529	1345.4154235435171
1547.1727524044982	1545.2677757311915
961.2163030276424	969.613439451941
1442.3117255510297	1447.8053195904513
1116.375095136813	1133.130462007698
1485.2376830411959	1471.648645231924
1099.2838414538128	1079.746740954247
1362.619803466223	1372.0921636569005
777.5018869891064	767.646695331661
1308.9709722952975	1305.2466882061517
1461.7621080087556	1454.36340071102
1482.1477005880442	1485.0034354244683
1748.8124411542376	1757.2404477035352
1416.9517088078137	1414.5494583522345
1639.962210146914	1646.7841666233358
1633.0003464502224	1628.4261418467386
1160.6607223454048	1159.4685847482226
1505.4276015343785	1500.4244796597243
1298.0775959650928	1291.9973981211604
908.858364284999	888.403414536524
1168.5792397894547	1183.5364575749097
1059.2863124307187	1052.2714862804214
1501.2293227816117	1502.3500421231865
1314.4826476312592	1316.5687041302035
1435.5873313337797	1437.3403303280998
1294.6460042776307	1289.2907273108744
1319.0387561846	1317.8126507895188
1313.1545026802341	1333.560011099896
1097.0316103242221	1085.6710178433618
748.0333462431881	737.3939063276617
1265.665895849932	1269.5975540139077
1253.4424215851177	1267.835933426768
1183.9384165383526	1172.6004079707268
1442.026613162714	1440.3431847659554
961.2053263437992	964.3527571719379
1430.105612279469	1429.1105070725625
1519.1487657779944	1504.8979560754465
1591.1615947726823	1591.1105421314726
1618.589555349492	1617.114557940257
1277.825042587443	1281.3405226604407
1077.4488736110216	1087.5037596805855
1623.3299974488327	1625.4154821979175
1158.481392226735	1149.5470917582136
994.0418868144043	1001.2937750122228
1489.213251002162	1494.9720506435276
1315.53073259737	1316.456206687629
1221.8005627585517	1229.5237336167088
1254.0367118846916	1257.663869965635
1475.968496362475	1476.0065112092382
852.304556899122	858.8279712048599
1097.1966634363635	1086.0257561760386
1460.2788436384872	1458.7833189081398
989.7275583210285	994.4759166563598
1210.219203724264	1211.9209478985622
1063.7149132722989	1067.6440216855003
978.6720147451852	978.2793363071117
1627.2302111937897	1632.6723616444517
1339.890596989484	1336.0403050136701
1247.8213633253472	1252.9600837020087
1145.2032807299984	1149.6266366301707
1636.1955443426268	1632.737391486348
1043.6375110120862	1047.7060771315355
1126.3730815747695	1121.778366752338
1302.3885379259882	1301.061927357647
1340.5164311087574	1343.276488868573
1252.0358786114084	1256.5491874875775
1535.214251788624	1535.014807288347
1382.880084093078	1379.8799912229733
1273.6535839470162	1262.6073751159302
1641.2754320495296	1641.3379743901248
1001.2140023469401	1020.8493395782425
1118.150878785149	1127.4391703532406
1609.8058482781926	1609.5099553917426
1502.6381823582924	1507.5864543494938
1045.416029462358	1046.555020608026
1291.0628626563994	1300.1511796998113
1617.5999622847012	1609.045087522472
1167.2062705834396	1150.6602869378871
1434.0549233339261	1435.599532905723
1519.888230597513	1515.0044385232793
1274.3931834123505	1273.1389524355895
1268.085558479681	1260.0730961404195
891.1242974320485	915.2078906209542
1493.8676285671245	1500.1194943569003
1645.8145180432766	1642.2469011501114
1191.866740524274	1200.209546349873
1096.019254861836	1101.2601923514642
1187.9986514041666	1190.7327828256537
1150.7464291996148	1173.2847381282004
1054.6425726814778	1060.868399576211
1222.1480073155253	1217.7943030730182
1525.6824484728859	1518.4190761164384
1336.9928715486894	1335.5327190523944
925.8846319716249	924.2604228486719
1004.8880524975539	990.3930819023658
1136.1029654555314	1139.6983676177292
1127.2637867800076	1126.9988556927453
1474.0383135123702	1467.7938274350736
1260.0095526448567	1264.6005753274997
1228.6330150809372	1230.109206999272
1144.887921098125	1133.0619901111536
1370.2686745963874	1369.0033656906196
1571.6538430661312	1569.7525762179737
1433.631870094483	1438.6215747006215
1173.8545293161296	1161.2761818013582
1392.0808769196155	1419.0732904291951
1194.3996618105448	1191.9978031983842
1018.7585653454298	1014.2699314125914
1120.783605048724	1128.1280329223407
1482.2037010880886	1484.8114936557754
889.3955384904402	895.9152991113149
919.5990224051056	909.7265130264577
1227.4835396650888	1227.4866225165285
1257.0756991724193	1259.0629654908332
1427.0016248052416	1430.6644474184172
1042.5570717825904	1057.7773289569145
704.2980361693772	685.8539362342563
1328.4126479277038	1330.2553824691372
1072.5772779839172	1072.820707893667
1512.465343652846	1515.2446886830894
1409.1303533542086	1415.2037847298454
1467.561265213997	1461.2752311991276
1481.9232554104237	1483.7113109655972
1330.4420823491528	1330.8330608023637
1077.248082530481	1067.7293103038742
1198.9357078328321	1208.8537473995782
1424.7331891679496	1424.6394249736825
1752.6816116103146	1750.3842684321858
1311.3688707847032	1314.9740833338715
1509.5375675909454	1504.0273324319899
983.1857449507806	973.3131944253728
1269.2963099818735	1260.2416711556907
1311.8738495315192	1311.4997486059049
1526.6350335245952	1521.921990648858
953.7538926374982	948.7626785934519
1263.8402954897902	1270.7320797663701
985.0443425940175	984.3184530471925
1176.9428195598884	1172.5290027259064
1514.1980673501967	1520.997104285543
1094.640819137363	1092.0463337525111
878.1209135689278	883.0059477711981
1153.4916738084576	1137.5777041601011
1034.5485934810713	1036.7150409332178
1124.2441177213623	1123.0236403643974
699.7708491417288	700.5528668527586
1230.8670924479957	1229.2464095776538
1732.5441317782097	1733.47806863277
1527.9454004995932	1518.9552796350536
1049.4882163247094	1043.2225522674842
1234.4576261827606	1240.9792645481614
1018.977801815141	1021.1166363036037
1647.79660045958	1645.0243474751373
1153.4229053518502	1144.7932054781143
1211.8864964133245	1216.532342160573
1566.1838732810575	1572.6619613421292
1146.1276429803693	1138.7305447511767
1330.3629856826446	1327.3645525585619
1191.6437287202862	1197.3121510822814
1203.724517567607	1203.5950780096484
1263.847162243008	1261.0669086593714
987.0270351246872	975.424952868708
1482.0466475264693	1491.8232110513154
1500.2928822379326	1499.2278650069634
1267.280152063584	1255.7288163004894
1518.4995412076823	1510.6402945397565
1239.298867417121	1237.4703500961512
973.349624211929	972.548492698291
1241.1445742487267	1238.9200240550797
1065.574029168347	1067.5549702711576
1261.740484334674	1267.7998831624536
1433.1094049052044	1434.3138738818395
1246.0882403443975	1235.4342264573336
1284.9470177088224	1296.306771304849
1721.9799380534678	1719.4995198229249
1217.809704222018	1221.3989057522122
1107.7497277363436	1108.2075742150857
1050.4495179321384	1050.9907854096678
1004.5690745066095	1016.9869032795058
1623.331889157358	1620.060738231378
1171.8004010851146	1172.8780495550052
759.2983461618715	759.4006590114033
1312.9507952237618	1321.7848970036969
1313.4255261722428	1308.4037538518755
1394.1183890791435	1395.757274795037
1409.3391272090375	1404.7515632749567
1219.5236242073588	1216.3330294213342
1322.7257769783027	1330.2997947149697
1006.1831596630509	1000.1413827231593
1492.177647237142	1492.8733479688972
1149.8753522824263	1150.9431222401065
1426.6710063380597	1422.5476286354763
1136.5501156448736	1132.7318958779258
1117.3796101647022	1098.797939668021
1034.3453973745636	1024.296479131121
1525.641193690215	1514.280516499066
1357.3368532751629	1355.4214701406534
1268.1784431760607	1275.3869730613524
1372.737179000018	1384.9651461638512
903.1854978467163	887.9176670827013
1033.5842710676952	1022.3049614359618
1271.9457792069006	1262.8828559625617
1565.3321099476598	1572.126447481603
1476.916318928328	1476.9520370969801
1453.6323788795853	1453.096185897842
1084.889792812086	1101.980489830815
1188.7591139186407	1184.3382711274662
729.0028944322548	744.1943261156081
1230.7869687493949	1229.8595521935013
1262.722724857449	1270.8856006344174
1477.202706384036	1480.6547712417528
1273.2867477885738	1286.0856229938995
1127.1135908943252	1129.9643883312283
1254.438332444348	1249.5487181880824
1000.9523593032209	1008.9303127564307
1340.3975847022957	1343.233917134861
1351.3980530256813	1350.4195315363643
1241.7542137926794	1234.417747511021
1343.1879560630186	1351.2531089757842
1269.894671629998	1267.546473724742
1608.992360631295	1614.3951408324863
910.7671183919883	918.2175108147918
1392.5637910279038	1391.644423416533
1217.2522004528728	1209.7484786069142
1647.6197801441594	1646.7467386871404
1085.0113509821822	1089.4619397281288
1226.1711348910176	1227.6564937544981
1335.1503633308748	1330.7199616385296
1524.2787654058484	1517.9293001173635
1273.9191053227696	1282.7719296222754
1729.945850866061	1733.5959569137958
1041.458632295893	1042.5982038424386
1363.4629377712845	1359.8832025429083
959.4182987550157	966.8689897872686
1274.671973407967	1273.8520439679537
1454.5315514744725	1452.8177605113367
1084.9745686991664	1096.2034617296893
528.6074140086275	520.1264602118972
1414.863955126697	1416.032090649078
1542.6234141244786	1538.4551626374948
1295.9455045883951	1304.8865632808618
1551.9491928976495	1556.0968648064375
999.0824976958102	1005.6568269253852
1043.418890070403	1041.8276892471933
1101.1609126557014	1113.0712654269641
1332.1190504700353	1327.1227326884548
950.8205114117882	956.3934660823668
1098.2770604071848	1100.5112940820566
1273.3243645204348	1282.1989247514118
750.7944241187361	764.8863800584288
1208.1276347911044	1196.7299424464784
1196.9030287284404	1197.5180598779264
894.1188126365596	894.7345158978653
1023.925017985719	1013.2536299651251
1459.8392064151994	1454.7958721574107
1255.7675459258026	1263.0309774425991
1386.300627083372	1379.6581382756153
1105.7588220591424	1108.9776969326938
1072.882068649662	1072.8667328752608
1417.7294028045435	1427.9061111095805
483.0759866333683	538.094733040845
1227.9318134029454	1235.4561530768244
888.6687058295938	912.6087544763095
1275.4005419989408	1273.787248310666
1449.2767348061025	1449.645114100793
1190.9487747155363	1211.527700325855
999.6025653425604	1000.431645440261
1486.4716877031315	1485.1635158339668
841.6264263355406	847.4275902583825
1588.1434506049263	1591.439674023826
1366.0055954412383	1358.4629864770159
1342.6829443803872	1342.3975964202675
1576.648038821586	1566.7995076530729
1143.700070501829	1150.442518107091
1123.9593085429806	1117.4725085748971
1383.263415072317	1390.2704132029746
904.5119491302466	898.2274022585743
1194.949784171884	1190.4598565426775
1303.6096629700041	1299.0094451069392
1401.2605038012553	1409.6746837915173
1167.4405961554148	1163.2683672146625
1226.5546926548705	1226.6137949560484
1120.4114785583806	1111.6328755009044
1424.4761315851065	1428.6880266399028
1624.092648012971	1628.0760139132326
1045.7499805946718	1044.8391823177137
1015.9113351429696	1013.1056371233083
1448.9653241297056	1448.5893138907418
1276.6754222254676	1264.830491173868
1388.757880167046	1392.615901328723
1113.8860569382668	1115.7930923755653
1423.3697801473318	1415.2591354015701
1300.4867353336886	1291.093929089275
1244.9655631048663	1262.521467447886
1371.640749314538	1376.8332171093637
1478.9386618499702	1479.2289047274376
1200.7302497780765	1206.3509592746184
1323.8400372534816	1327.9717314845138
1151.6084282749507	1153.233872783013
1354.5932095016178	1349.4911673880595
903.2840779233957	907.086544627397
1150.4991704899876	1128.8737967208026
1499.6067653014034	1494.3298299850962
1185.6776475750958	1187.2360074953701
1203.2979028221162	1208.2485091470764
1611.5018481675652	1615.9887898729746
1237.2160284465645	1231.7164147648712
992.2478627849487	993.5687731380763
1373.042776610935	1372.3997374076537
849.8507201619213	842.3693089806263
1337.9499738206505	1329.363006792681
1599.1753285270825	1604.9075680309918
1140.2460562004999	1145.2216965735465
1156.984082600713	1150.6083085823593
1323.5073459952546	1318.4822035201043
1429.0620938970824	1440.8774509820462
1095.2614210310276	1098.4041116563535
1337.782827459072	1329.6180547818492
1345.378852330905	1344.8796634441921
1451.3877527713776	1453.1768349148726
1208.837998412433	1213.6762290653853
1510.6873391611734	1513.7850058077486
1156.6292088128685	1158.540467946933
1113.10724775173	1113.9307464502153
1338.7505020819954	1342.3188632356992
1508.331108313083	1510.9609526423453
1116.4789381353476	1116.6949074659933
1113.6357268331922	1085.0255297101446
1486.1300632708007	1486.2266347917628
1447.9100998929935	1458.8469894359482
1106.6700052515953	1099.599715957648
1051.8835286861868	1058.1507109346944
1464.4602242122928	1461.5409260893598
976.568269264506	970.6965140916753
916.214334753633	940.2007621328346
1324.4446717789106	1327.6043243629654
1021.8308272657159	1025.955989339969
1163.1697351871117	1165.736742817606
1296.3356127313164	1300.4100917069363
1256.8810938840033	1255.6561726877958
1061.9053524299234	1073.4515659647047
1288.9749940630572	1287.727255066007
1334.2774657103291	1336.2906303292173
1211.955024458206	1199.110442268969
1501.7924943257822	1505.864318414891
1440.0183611866378	1444.245316702069
1209.9227337326156	1213.0987849385663
850.1753952207218	843.2506355187728
1763.3079842295265	1756.1553183700908
1451.5888084683975	1462.5147828117304
971.4573652629624	981.2176649559933
1296.0715205244778	1303.7978200974107
1509.3256416818476	1508.6493691000605
1496.2612074646167	1507.8513373042597
1252.545778634114	1240.5048276239274
988.124082543829	991.172840602327
952.8468317047227	956.376159591666
1131.4857469262788	1125.910393915387
1218.3549009512353	1219.802008591043
1328.1605115371058	1320.686236258416
1093.832694162731	1087.0605627240518
1086.9485458606505	1106.752824713709
1425.5273317153915	1418.5354331152193
1165.3166332478868	1167.0629804071864
1435.6413913855213	1440.7024026892166
1137.4815402585082	1139.4027032406987
1290.1806726524665	1296.7408985484835
1092.5924719857285	1097.8652682416173
1251.3923197895347	1261.4456736096959
1013.3434388327587	998.633758377922
1155.413594274898	1156.91362618341
1276.152949968906	1273.0857593644287
1158.7101876993402	1154.1910956374193
1279.819579675881	1274.1182122287069
1018.655405253754	1013.2668543885237
1007.4568658940261	1007.8091927184264
126.95108544333198	184.3685053887897
1397.743877851608	1398.3130387927042
1427.0485822878254	1403.3836065928444
1726.1470909136988	1720.2368526554874
1362.4473497809668	1395.3398157491567
799.3564552441239	822.070141804127
1755.7906924080162	1757.2587384400179
901.9980426345137	907.2477509990548
1492.1961639046785	1493.3876172646255
1303.1243622490147	1300.774760618478
1440.5741080433654	1444.2823183028547
1345.0011826262344	1350.6550436936184
1265.530168228317	1263.9097882644664
618.209001867086	624.3317030726333
1313.5837864167988	1313.3369120091543
1278.9188257920905	1275.7413654111765
1073.6546962228604	1070.6934996805244
1220.6892905481218	1210.2798594746057
1472.548885077209	1471.045749026162
1391.8858407337393	1394.961355525768
1840.362455851311	1833.8036447077964
1161.8724849443824	1176.26170800747
1584.1271704476385	1589.836809062929
1144.65876450605	1134.304575355294
1202.6079035034345	1214.0277117592937
1512.470246195211	1511.4372308684954
1270.3346126028919	1266.8004562728934
1261.2485386851185	1264.856016600909
1332.3756463124591	1332.9518734031376
961.9364797828603	970.705537014642
1073.643442892324	1088.180158935065
1295.5620982103283	1293.454200926422
1571.0864769577165	1562.904381588722
1048.6816887359018	1044.1245499077957
1187.3068178846734	1188.9521767532997
1752.753474674886	1747.2765250262973
1272.316473176994	1272.1228933150587
1362.9302769580972	1362.8649630731895
1378.499188206828	1373.8247855957554
1242.8177398750558	1254.905248136426
876.8338803022925	879.7774118242661
1613.068917243887	1614.2226287406443
1093.8890482135466	1086.859401821608
1543.031356849824	1547.5737608258846
1633.8775064425718	1640.9945043100704
1080.3851052214159	1072.6084057481721
1065.3099434340256	1064.8411080060644
1233.4750024177774	1230.4961977465339
1486.2410019363742	1493.1374157896978
1170.9965371416765	1174.1256623338636
1581.067376556719	1594.8190854701377
1376.9819006228645	1388.02073586451
1182.2117223579553	1187.3637260697392
1639.8668860580947	1641.365591929754
975.014236487681	979.5982452638758
1301.6629590983212	1297.1684001562592
1476.9195006116643	1476.3760829835085
1032.124567123392	1015.08350798983
1454.8409985297185	1460.736086822898
1428.3726228205487	1434.4611581048875
767.8506557210349	754.9477389467667
1079.5658936412074	1092.9685051180027
1335.050187660876	1335.3533904869412
1151.404220690456	1156.4587564402489
379.2731596425001	405.1833076591121
1426.094984637457	1417.2192459598996
1155.2322086760832	1154.4472391178908
1459.0759440057154	1453.2213999208539
1127.263471081038	1125.2854131476386
1490.174709811312	1498.6387623035641
1302.8122875906702	1298.6424622370864
1265.317349091405	1267.8328354622142
1215.7031724829576	1209.388821311014
1327.2393338437541	1328.6677925033473
1226.7083963593468	1229.5851588289238
1763.5138971772685	1766.6034866624743
1367.112767557148	1366.2815721937225
1404.6674307682842	1404.127011865523
1478.2071289853193	1475.2909317890878
1130.18748032031	1126.2836738905944
1234.9498986155668	1241.7999132745347
1111.009633886657	1104.511373084752
698.7954110003338	706.6095915684216
1198.0267428028747	1193.2033108182964
1120.0979880454834	1122.1976667401325
1328.6204722609255	1325.5289828795899
1157.2159920080449	1160.360241620478
1431.8723592995375	1428.0502802709352
1261.7151967817917	1251.5423032055674
1193.7971356008202	1207.5422075956585
1404.0589442054625	1393.5393544475892
1546.7309476844384	1550.3428016802727
1208.714651501563	1216.5690300709623
1336.815452075447	1348.2392719468492
1634.5731383779494	1631.4987329549756
1332.1628953925974	1331.432467798546
1209.5031922322523	1215.6643766521986
1547.2337384572602	1567.1863535821346
1246.3717306874169	1243.6914603210796
1342.8191897358338	1341.1006463898823
1491.302195981145	1492.8561470442687
1348.9939760671114	1346.6594991150328
1415.9934912877507	1425.9704741002595
1050.7810743893206	1065.0117105941551
1644.3448417377658	1645.2096052327136
1623.7008700798033	1636.4067237990078
1349.447234299325	1336.5027871053233
1043.111480236228	1048.4888168269006
1291.301146810758	1287.219684081106
1032.8513820764492	1034.9304534035346
1198.9289410489146	1182.3982106676453
1171.1166211790114	1180.991591120083
1053.4986876196635	1057.497265961401
1369.9615121664247	1371.4409281645196
1117.4265527989483	1114.3618767306318
1173.9195239068358	1174.8973391503764
1446.5245658522763	1442.0459347356514
1270.670260644576	1265.20133372275
1246.5054935635999	1241.2958507635142
1493.91045713739	1501.9505891145138
1118.6380717752036	1113.0130810727962
1503.407493959472	1498.4829894624872
1220.378942778916	1210.44919105492
1431.2698559881828	1423.26779798657
952.0525529890438	956.2367018751941
881.2261647612613	876.8603281654683
1043.0059930184216	1006.8432515174902
1331.4835176826746	1337.6470719780339
1132.9428841752524	1135.1827164079536
1437.9543377095833	1440.2796086392302
892.9330312846287	895.703307678199
925.9292875131068	924.3467460060773
1622.0558501159248	1620.3494200163173
1157.6981468211743	1174.5943947763483
877.645827013388	872.8004952394606
1179.391214072617	1194.327410947954
1168.1995276779926	1174.6871871033832
1105.6627138774493	1109.0632927439506
1125.443618673773	1119.2188043197846
1145.4722577489447	1141.2034171122866
1330.3164165594208	1336.2909158878915
1236.7210282128362	1229.6054813597389
1001.5459835352376	1000.5672977084248
1132.1190012132574	1128.1159741640622
1372.4917055146361	1368.4117335495578
1218.6083922247053	1222.1177815249216
1068.2288646360103	1073.5849383113916
1505.0432773410867	1519.3061417594793
1614.7960279335384	1621.6006462551481
1276.6485437692609	1281.0947939873613
1341.698529080575	1339.5855491940847
1396.9680882604443	1388.767685645459
1370.1390770441794	1362.502126362914
1622.0290659611637	1634.1905572517567
1278.1632806549023	1273.3952925500078
1518.1198286631843	1521.5102146578345
1205.491596205131	1223.9354638992463
1106.1567211244546	1095.3941180750144
1296.3106893404329	1292.8516301599127
1273.7518450658245	1270.7293341084526
1456.4604265608068	1456.3971693279452
1197.013618760655	1214.0611282812063
1519.3581032827497	1507.6889559228362
1526.678651657945	1520.995522207646
1254.1969952798972	1251.5858607435914
1188.196759539249	1190.9864375420536
1539.9933526399836	1551.6469650303095
1485.2738575291296	1485.931656361609
1350.5409772592539	1345.840719305654
1197.2150247617392	1209.0491819973931
1075.5891958608117	1066.617154573747
1600.3810053850757	1603.1475350733351
1067.654025387339	1069.4943540036375
1558.77362964215	1557.2143771979258
1384.2923687093426	1375.7092064842054
1005.2848241314059	1016.6763949769389
1000.8024465250783	990.701305443294
1471.929315480491	1462.7684280551728
1420.738393424137	1425.5115311231514
1402.6058309277869	1415.529663987066
1311.6905161261675	1310.769387182178
1753.7940405267582	1749.8314332310551
1241.7707034173363	1243.5609549938868
1231.2654505113023	1232.8825005813665
1076.6610325212823	1070.1605536216293
1399.5423669632582	1399.0066150788148
1105.9483255120576	1093.8558895171418
1437.3478522769292	1435.8761626555518
1205.2921527182043	1199.8261520779897
1362.3198359407834	1360.4566818308015
1299.888178370311	1296.692418312937
1493.5086605700199	1486.3009481214833
1153.9644248765544	1158.8080237039394
910.0552984505775	889.5271137609817
1758.7728914314357	1764.5646516506847
920.1259300967504	917.028184792172
1447.2782061203616	1443.0435433204748
888.3361929326784	886.9583763435405
1397.8398036569415	1396.0333025752575
1635.9811078317289	1631.9683792224628
1082.8403007851448	1086.0237036760657
991.9038122064085	977.9805657900007
1146.8869859531405	1156.7937476429
1533.5272441613197	1529.7868182257687
1432.9577019757999	1433.2950614430274
1497.3531075228238	1495.1912702690208
1266.4141790528374	1268.009381463384
1632.1471539199702	1628.382586897751
1427.1822762176744	1425.623700703909
1218.2452048347914	1225.714111566904
1075.1680419300683	1070.9607128094472
1520.3589023275708	1516.9313333196255
1483.3937398219714	1507.036166760079
1188.7614221940166	1193.7180483017162
1211.630544033571	1209.8058874744675
1219.8922602802631	1223.5137318184863
913.0136143693817	907.214248017029
1204.8445962401456	1193.0592162730607
1367.3503404069343	1368.2232031492483
1321.9415515788132	1312.209187071976
1182.6467888711195	1188.497887175921
913.6709328224533	914.3467306807363
1555.1901985998556	1559.771370531956
1306.3612970674585	1304.175320996393
1474.9174777633452	1461.2757993959706
1078.1008809708292	1082.5503279099912
1136.5655051950598	1144.7279962387781
1136.600819212268	1133.71672531978
1724.2541916175978	1723.9401982162822
1574.8994482372946	1568.2796239108975
1559.4230340053618	1560.7850420628984
1290.3301912498428	1280.0470433417897
1028.2562192819314	1029.34180036624
1207.8016803207283	1209.1951583592543
1298.4176351478964	1301.2058805925567
1584.286853454687	1592.9281038161948
980.3056504295964	973.6731861092702
1673.3780435396766	1673.0794189547782
1079.1063712649047	1095.1331312642856
1078.924486356991	1092.0150351935736
1392.1069085727213	1391.413275445246
1368.8063359658408	1355.7348491478767
1491.2376181148575	1502.6426324815013
920.6683093223255	930.3555145987796
1624.4658842095523	1621.1408312383876
1261.6419051182747	1262.0875659551896
1150.779708048096	1140.1697909192999
1468.7133631753095	1472.570801579971
1148.662288607302	1150.3624848458048
1180.9223724763433	1190.5499203576398
889.7436545311066	877.2032485490467
1640.0196801784914	1634.2419901653832
1048.2089752830798	1038.8203077959092
1277.3987567904987	1285.005149649135
1285.26374153918	1300.3482772673792
1351.7444576287817	1352.2316600670931
892.4491873670486	907.600521829203
1193.2516983470123	1198.7344881356835
1143.143931716797	1146.249817531834
970.6383681668376	985.6564442897198
1253.580811862601	1258.8846761736722
1275.4902039405715	1264.1825392916946
1335.869323389983	1353.4160698289356
1367.0834036955494	1368.4613274170006
1108.5843505552039	1115.3017633610739
1134.7194210967573	1135.868249688158
1072.3832624866627	1070.2087258472302
1558.515872120508	1553.6263399164905
1363.9969137771986	1364.2045481599985
1097.6550142767665	1103.9343783561271
1190.2923136575846	1184.658963375723
1465.19425959012	1467.3171805710422
1243.8054553995898	1239.1556615684835
1626.7110940743587	1623.0804361086814
1368.3254327368923	1352.4547096123438
1726.3477164295327	1729.9585157035024
1147.9430244005634	1153.211382998741
1536.951391126233	1529.9555394571423
1444.0496744343836	1444.250599638082
1340.7895200973726	1334.997829377784
1471.1158243153768	1475.588047300799
889.298236430157	892.2660369279939
1411.7052751814772	1437.0269238631927
1418.72769697482	1420.5371633176044
1161.896858600725	1143.7962827609933
1403.2904676125618	1394.115211880457
1622.1369678012852	1606.7169783090096
1128.9732983366412	1118.1770166205633
1396.925052278384	1402.8800779014089
1067.5232026127342	1065.7523191199386
1141.8536535609455	1138.567963254262
1191.4784334169235	1193.454787815363
1214.5021557791624	1201.8709253776863
1338.2665089913644	1332.7106938592092
1357.0857654847496	1357.1453582236904
1454.4017443729972	1456.6604879033803
1131.3672941981931	1120.9585392059093
1274.9734396835556	1265.0117734142389
1205.192369006807	1212.127838668882
1038.8239367991046	1037.4455183662649
1504.8481297537219	1514.5649237147486
1036.956068850297	1027.2933704189047
1494.9187908637396	1495.9024609752419
1321.8785991792975	1329.408421036823
1284.5514609778766	1319.5023871751662
1443.4793918853102	1449.083893371429
1336.9168373801513	1335.737975310824
1619.046116714715	1612.7597598084121
940.5803673757036	930.9695892589455
1526.4990292894072	1540.4817148227448
1128.1949806047196	1112.8187706514072
1284.6522779689403	1295.878289317439
1309.0701537664281	1309.8090886329503
987.6286823470728	965.5954776603756
1167.6848996445478	1164.3725880961267
1249.2488934993453	1250.1411520121887
1131.8732629051374	1130.878466231949
1438.21787783716	1428.2960074347495
815.8010202787118	828.4155236759974
1620.1920287127432	1620.4483671944822
1291.2373963824066	1299.7036890749323
1128.5020548489701	1123.0193821103082
1187.6305638210906	1175.600173483009
990.059442984988	980.2359602008659
1048.4281740032893	1033.2691202105543
1502.3348442899296	1498.435817918359
1508.8295135682856	1500.7557312529461
1245.898403304629	1243.6961246304147
1646.0450841817656	1659.7263931257098
1300.3114948634757	1298.7690857630082
893.932792868698	894.0503874541458
796.1471265628061	804.530615490803
1383.9850355566887	1375.5302819631256
1509.50264370261	1501.106067517111
1582.8463890869753	1585.3223409268005
1253.7653748428565	1243.2729376548702
1335.8264989786258	1343.5335243264376
1316.573357763351	1298.2628768642542
1045.4391597638605	1048.2937584576987
1385.9668344159436	1384.1054552705746
938.7184054452227	941.868865374908
1466.406882831856	1460.6295472645565
960.1150634422083	958.9221187278935
1567.2268858259195	1568.3782337871492
1445.798616744607	1455.6956126346322
1517.1726778863522	1524.8161945122188
1387.8667824283475	1381.8342661426884
1101.9406448848895	1098.8225229451539
1386.0587849637377	1390.363251505383
1510.2268824120401	1510.2368183754165
1407.4926753480977	1406.4242211525436
1081.2962389419263	1073.6470804886005
841.9874150063843	850.4987401000277
1735.524393388332	1734.3013455390726
1196.6599760070385	1177.6010069823974
1323.403228850133	1324.2352931625562
1449.8581925023173	1445.8784149909513
1195.9774070743588	1195.8540626418953
1059.7028512184916	1064.3126599970926
1115.059384984197	1121.2089069814
959.2465868650761	957.9210617117093
1275.1907250949007	1288.249383103052
1645.6984874795016	1646.6394724641568
1346.33820295005	1344.034678546456
1157.5467370881233	1143.4797973528337
1446.2175490322697	1449.7007801900984
1268.3563571742852	1259.265775276055
1017.5837798253924	1020.5886419390151
1511.1162897815811	1520.7060670713406
1413.6245296863199	1418.959415424935
1555.6943718484254	1553.1831280034635
883.7016645878903	882.9429538098985
1279.8309143739752	1274.5252716623572
1277.7821916723042	1274.441834039906
1287.4292724591796	1286.7418573737264
1023.7240188137512	1035.065707186092
1244.4514718998398	1237.6534746631412
1103.5553149162151	1053.9809035637857
1409.5299806102412	1412.6241498145278
1133.6603718952974	1147.007385295561
1343.2513981287193	1343.3851740438568
1084.6120506336156	1083.823776601193
1031.7410539548437	1040.3819798395652
1255.2036079693644	1260.7229895975483
1177.365386306803	1169.240545015754
1141.2921222927398	1142.1800048039072
1580.662816460972	1582.339902568688
1060.6515253622201	1056.7682173553426
1223.971822746913	1235.3337261761405
1101.844875469833	1097.1812840858415
1221.4366348423646	1229.313556469764
1386.848835726647	1391.7551990533552
1543.152312267921	1541.9992684347314
921.753757020022	927.7719400228752
924.8105023803073	931.8885755088701
1232.353505672625	1237.5779312718246
1145.1486301297555	1134.9647017185225
1014.2646292322315	1047.984428331118
1322.6085818030988	1322.235408261652
1274.7469158175227	1278.33438524103
1447.0155063128623	1441.552881119811
1639.2302213002695	1641.0632311982765
1509.213192243129	1503.3363592351443
1413.391306655656	1411.6530871828093
971.2332667083538	970.0357242736961
1248.28512802982	1237.6410060835128
813.0461289049126	818.5261743530008
984.4010812643974	991.0769737243785
1387.1908332172898	1392.0115272278988
1361.8399642334844	1367.5822389496564
923.1885186895961	925.9865965440283
1434.7007978636248	1432.4903239507196
591.7627315404243	599.7662532871849
1441.0989710632712	1440.8947187511058
1126.182132705464	1121.4378303018916
1197.670954295143	1196.183050958159
1232.6258348867123	1229.2061693288667
1348.264931604761	1352.1278072605965
1485.3407289193128	1479.454403784514
1321.271739583026	1311.9702267708296
1057.6311731860624	1046.7853454573346
1419.1072170771367	1412.5152005478565
1574.383776797913	1575.8814054859893
1613.0619147427497	1609.301553177383
1555.785041763651	1570.686281936484
1078.7157228947617	1086.9134126198342
1101.0701828603342	1111.56425359385
1239.3411714822869	1242.995369425154
1165.7288206644007	1165.5622214715268
1023.6818204943556	1023.6703501999124
1371.430164036632	1368.280388651521
1178.9071074077801	1186.1175420688985
1475.4665111070208	1485.7477530996537
1565.812396047928	1567.060072252762
1184.7363645795267	1181.5407090866613
1101.6876795444405	1103.7200051195114
1447.7285558122094	1444.624287276258
1084.0581152623636	1089.8375375977982
1372.8929477596248	1378.7687089267745
1104.3647016262112	1103.1555480392924
1363.020234984433	1361.3500235388021
1203.310258479003	1203.0187615673226
1460.3533571101143	1471.5480549715003
1060.7726116515696	1054.6607846564814
1076.1843800822971	1075.0577750740176
1051.3554313609202	1069.8649134136197
1515.1972287601675	1498.975675477056
1338.448420715722	1352.566714329473
1118.023632229335	1130.291746024963
1280.1662298271258	1267.8707494243047
1277.8392807018245	1272.4059060730162
1430.2266053047497	1421.5742097564942
1294.9931052736356	1293.3689111638726
1211.4979422693723	1235.4989832043957
1063.5052197723999	1076.0307427659468
1228.1022423738905	1211.3774348377865
1301.7487112742092	1306.6971325093768
1503.2864646041417	1503.9003897762748
1100.9998849401309	1098.7458579227136
1453.5933856912307	1444.7689264499948
1152.448295561917	1167.3801218034255
1628.5584719090548	1633.9347667441193
1057.7877873007674	1050.690418223297
1184.0972832768166	1195.5267398771218
1111.3894425945473	1105.599760804624
1219.798313351639	1224.3260890005317
1353.497689635813	1354.2640664491616
1287.5011526763556	1280.7093486809558
1388.1633312234771	1386.2944377498166
1197.8074314852129	1213.964695618282
1383.2534241224348	1380.3244506835376
1252.0437946519523	1249.4386361278712
1107.6339451788226	1095.6841245802625
1455.762635423569	1453.9519067250556
1028.5890200151189	1023.4984731444061
1403.850575323304	1394.7987888104878
1245.0240913119633	1250.3329851978215
1295.3217195163306	1301.1249904660758
1274.8415273487626	1280.724814419578
669.4676372329122	675.9419614301758
1010.3486230160343	1007.695114119227
1431.4263017236954	1439.869649040747
941.7963506675733	932.4937432877982
1206.6191631272668	1213.910258722355
1431.0728737669997	1432.7192863250546
1220.4813428320922	1215.5684934407927
1204.6116016531014	1205.264361736121
1275.2221770797332	1280.2369909006031
1667.57132150291	1664.5682499747927
1416.720798521681	1439.3997824154344
1290.4975136874127	1292.9068221344903
1724.3223780589178	1717.3700722282636
1268.2381061681372	1259.8444241124428
1132.0691886881832	1129.0315950825475
1046.153764390503	1041.157739719446
1417.4182210901927	1420.4887719581375
1651.6065887094592	1650.7995922893952
1282.1989039909386	1290.6124627702077
1244.7837695821945	1255.2414607131645
1642.8373626985995	1650.1041474831818
1339.615234086552	1337.0647950716582
834.587572234741	837.9053573141056
1452.758082990651	1437.8891113199863
1281.2395637550508	1283.0862277536987
1439.1034129324253	1440.3395912577337
1169.977695338137	1157.1670015660386
1426.5217527414788	1431.0047185950452
1406.187692948588	1404.9337079878428
1388.1565480438585	1384.584097459846
1507.0064675150206	1514.7271649261775
1110.6107957236527	1098.4663113373958
1195.3848833831144	1198.9072805757999
1288.0055333601485	1286.175911214325
1411.3600958517054	1415.5203959938808
1246.797017052595	1251.3757251817228
1178.1554359691509	1177.695442387187
1278.7251286637038	1282.3970601082347
1300.0457696252852	1296.9603175343668
1304.6118340934336	1305.8375318161416
1085.6470654836448	1084.426327767179
1255.155828196759	1260.6171090000882
1236.7989883249975	1231.3575024939926
1418.3210641213227	1425.8001272580125
1286.8976809452288	1281.5938320482146
1418.3743262926582	1421.2163686579356
1238.9210309708433	1226.0442147407412
922.5611699020665	923.4455061916926
1351.6035151497636	1356.3277311769837
1231.2675243539852	1225.2470531854024
1110.163817387278	1107.3571705371462
1167.588311745174	1169.9935537470676
954.4046853908221	963.5325492586948
860.9088401678018	861.0435670041113
1174.6368066408904	1183.183307319448
1240.3461662010814	1244.6527279889376
1286.5650982432708	1282.6466974445557
1419.1622010886786	1409.2048900829127
1513.7819679125096	1505.9512307705686
1167.8861531987786	1170.615540217721
1543.9556443153415	1549.7185521884692
1138.8849590436148	1140.0698590832337
1526.53404915813	1523.4888595789278
1614.8972732503025	1612.0082548545533
1370.2102849394723	1362.2762382581932
1493.641608669248	1499.8241742328707
1621.6354914933327	1618.2076798112887
1494.643036052672	1493.109093275399
1200.8578061485314	1196.5736490774668
1215.8684617489344	1216.2357869867938
1062.4978282217635	1060.2490394264578
1049.153529463947	1053.1129192567103
1042.9399996286666	1045.8502546463135
1604.0964088368928	1601.5932767141137
1476.1225674502493	1466.9042085070141
1248.5615673683642	1240.2288805677642
1345.4318789217505	1337.519016700242
1159.2800456561963	1167.4800449138206
1264.8463928686688	1260.5380120585473
954.0166646382131	956.841563433749
1099.4823796933051	1089.6743363228218
1392.213591581094	1390.872627073511
1252.8104254062055	1257.9929400859235
1245.9438640089065	1249.6260934550533
1429.520562271122	1417.4648135311438
1361.5618876593653	1355.619055083869
1329.4752969157707	1330.6073518729236
1360.2421528881823	1358.507000137248
1155.6105827631545	1148.9767045681072
1331.1473555538687	1336.4344454166123
1490.228983883775	1484.8101841640848
1485.5900687879475	1483.869243548894
1306.0570881547173	1307.5575654868423
1238.867761499685	1241.1159182682961
1241.4425881120842	1246.1938310788298
741.4725910786074	760.7980138765001
1546.958576637844	1550.1630208615275
1103.137518061878	1096.3998415946162
1209.8462370726047	1204.0957476287708
1429.5265747041267	1435.124447907599
1120.2948248266766	1119.5533545375943
976.1292814226763	986.2981260082407
1083.1942520263256	1083.5668275742228
1551.3155444290896	1552.4437848929367
1374.919537580281	1373.7720824750124
1390.1906559542986	1393.5933365954406
1449.4775838031492	1454.4894241251197
1141.9266386752424	1141.327294374464
1250.074734954018	1245.413874936318
1436.3979301490763	1435.4570793453256
1220.2076284108625	1218.1553678629691
1277.1106692314788	1272.2898152066555
1158.4986030569999	1144.3027498561125
1475.186106995825	1467.0597597910237
1427.7578807753162	1427.412691973893
1380.3456675593334	1381.1905217345297
1276.677436993632	1288.8416192826428
1545.4637106115115	1541.2896873942047
1626.40754191851	1629.06125224756
977.4115793458186	962.3424619590694
1365.479404324229	1369.1121680841138
1487.0002776139881	1494.88540329374
1244.038658123929	1248.3927328516122
1402.457301501825	1396.8936789187337
951.1281166011468	955.3561459451337
879.9679452078999	883.365828875737
1211.1699573732913	1209.4885954618285
719.4791739861394	735.0046917828472
1504.3847169073415	1507.2619735173982
1273.915369757975	1277.7174722585746
1629.9658827800013	1623.4857106888333
787.6793067250401	782.3043594454066
1296.6235788540216	1292.9619497205517
1018.4623117011215	1009.3545487026389
1279.7326374964323	1281.6934088564522
1357.963583144301	1364.96765729107
1313.391388380027	1304.7446692331837
1208.0671529508254	1208.875506584101
1036.0077756317332	1002.0257740115118
1255.6082999131759	1250.7109993450292
1513.498010278272	1510.1758309333027
1499.2307570967241	1496.4377868968027
1309.2155313447292	1307.4324302601183
1200.40976496425	1199.3154373427649
1115.7719185682363	1124.743409137745
1339.899083336466	1335.275217681568
1392.7124738195853	1401.7122356475304
1236.7200242168328	1235.753737352658
1372.0487738859374	1380.9872815388196
1536.4098968729377	1521.314369923443
716.5087902168161	734.4813037736347
1574.0639317713503	1568.9993791508412
992.9363546261156	992.4087119868336
1388.8214580578206	1385.7339014923825
1060.3714787373028	1061.3925333399018
1334.906774984178	1343.0158890835678
1083.9247906620149	1067.7607076259847
1339.3238768584852	1334.345564091497
917.6102934161318	912.2532867047508
1326.3336319622176	1338.1419292749156
818.6863570861751	827.6006381679092
1293.7094572761853	1283.0818797505306
1181.5232506104512	1184.318155350033
1139.5594288195716	1151.2076018471755
1125.573324738216	1126.2572979941676
1609.3498238935717	1615.7154912466085
1376.78844457792	1375.515926785851
1442.4656781113881	1440.4094327782473
1245.045612480957	1248.0354585015277
1165.5912569255743	1167.5458449119774
1283.7628322281525	1286.595193999402
1372.6960108480707	1368.961744320106
1312.9443326522014	1305.1590310911863
1243.929055913468	1241.7816048444586
1567.8978287678037	1557.0638302946104
1249.886936894909	1261.5926738625003
1492.2669078023173	1491.241335408172
1096.3110494568537	1106.3494575367372
904.1987276590662	898.8609286730048
1163.2997269847838	1167.9164661472464
1475.103853838984	1472.3802753810883
1360.357405945484	1357.3367640950553
1404.631808359205	1412.5031097326778
1462.9905749720929	1462.863171941414
1439.013434232853	1448.6324845754436
1057.9076358956227	1076.9403197316212
932.8883314089326	944.435463034698
1604.7499463723507	1615.5776854458368
1523.3940246227721	1533.2473145641275
1634.3156582351075	1628.4501189737598
1652.61954079743	1659.3909613484561
1375.479625743872	1361.4258580255046
1461.5368109426054	1456.7936138003156
1136.7128906212165	1128.6019813229373
1292.5603056818072	1285.2500080013263
1141.0870767104498	1140.657553664764
942.3188368151023	935.0734081583589
940.2490788139694	941.1051989683746
1119.7855255921604	1112.4405168707865
1032.1728854336252	1035.7579626695754
1478.4754099122365	1482.6614990649823
1481.430453194509	1479.0319874331246
1155.821758318867	1148.5935707380277
1097.1122999145882	1079.9136131971811
1330.8014045862074	1337.8396857439268
1171.8501290750282	1171.9331913240505
1263.4266210704227	1250.328567716145
313.095737904674	304.9950397968131
1092.672822916822	1088.785205903369
1620.658281156735	1615.3986909514967
1290.212856036349	1296.5079779415576
1248.3976283726515	1245.3585878905947
1047.5867908460787	1040.2843245490285
1145.8381418787467	1139.8708775484897
1024.0322310808406	1023.1192543536072
898.8686727141903	896.6453008020776
1669.6686446101521	1670.0282556322704
975.1686047344992	977.1012820777936
1252.363281396014	1251.0267883275856
1218.5424027939735	1221.5891641159285
1199.6154248891398	1197.1384034422708
1440.8992987888632	1441.9741243191295
1848.7320847638475	1838.313313657651
1040.5948491728632	1055.1213712964684
1483.2878466377442	1496.9837594368207
1175.2710943173151	1179.7972280223667
1120.6299303282576	1118.816424771573
1633.7759304109786	1640.4692922660608
1160.5700374177832	1155.8551868412835
1259.944763934589	1262.2335273582255
1273.8842565071245	1267.8103500540133
1110.6777820587158	1115.7475725346674
852.2202928202751	854.0242568942307
1557.7953651430435	1560.4692498933796
1350.0942285649653	1351.5291394912254
1237.6918616017792	1233.8629960371784
1128.2909035151824	1136.4510628626363
683.7291469574411	692.7835630418997
1338.2545636664727	1348.1572207125662
1376.6646969488938	1381.2376392800243
1203.0348530561896	1201.8581753586216
1633.2377230230195	1629.1839413446387
1493.4396356306388	1478.1072452092512
1666.5398452357913	1673.2504971324056
1242.3423564363911	1254.6630914042225
947.431184096029	962.9776214198632
1323.736240788392	1317.9071029595964
1313.2706564668042	1309.1608566810137
1758.349882837152	1750.5519747255294
1391.655021731247	1374.5997538685035
1263.5890973854112	1266.5956535768544
1346.9191237865307	1350.8269009091466
1733.6073761397274	1725.058679687862
1511.7891028619197	1517.371321411843
1443.6015060974169	1439.9287106348356
1508.1176541107125	1507.7239205062872
1442.282048347406	1434.1267531482158
1388.2133685765148	1388.4459654983496
1450.5036042519205	1441.5380243120223
1373.7184901433357	1383.3733789381808
1172.8848359558324	1165.582743151827
1152.5241535257665	1155.6891498112157
1298.2296096703503	1317.0930297609464
1204.4128015357128	1214.9247324854277
1149.5048722804058	1159.6291776555734
1474.3362935506448	1482.8451576809616
1493.1831638222502	1500.5025886238145
1486.3419235021574	1493.2554128089364
1023.3733041647938	1004.7106368887142
1004.0097343512753	1008.8712291879754
1429.3962030884286	1428.2780274257314
1119.045945647027	1101.5416930415643
1302.737632098375	1299.8129532887567
1271.9722012202838	1257.834713796329
1058.829388536542	1047.494560718654
1380.4314892673574	1376.2652021468466
1428.5402690488845	1430.6342874634033
1557.9459811946144	1549.8759622027019
1164.7957212846377	1156.7658889634322
1344.166927869548	1335.874898920472
934.9456668606726	937.6791635006174
1219.0328196306946	1218.2940185484172
1096.1735419924953	1093.0566626294224
1175.0321900516283	1182.5426435656286
969.9275991120085	965.82973440432
1493.7517392557347	1505.985906764688
1338.8857818638498	1338.629411988615
1185.7342347924132	1189.1215000148154
1217.8831511221651	1205.1684483588774
1412.4620332230406	1406.4356666508213
1334.75760879906	1340.298715521364
1503.4949958307552	1513.1591571778677
1204.2084919037297	1192.0452431863782
879.3222137864796	874.7060183043549
1233.418549215101	1236.0911061942109
1146.9290302136797	1146.4423139623466
1403.338568754145	1396.8344552672963
1016.6936187932442	1037.3453330014966
1135.3365775523707	1133.409832122228
1383.826625803893	1387.826025960395
1520.8504814802436	1517.7209090728065
1211.5297756609216	1211.386092690226
952.6480753825163	951.5616295538694
1095.0656622736133	1090.0460776395414
1473.353377031337	1472.479706418914
587.0430134190829	609.3773841699975
1243.0857457799139	1237.3672574634143
1306.4152549718274	1295.6333596509587
1152.3558594479691	1155.8267202980676
1315.655736676039	1322.7708368467222
1444.599785348808	1426.790920671662
1442.7965084453172	1451.3064124049536
1210.2851941449335	1210.8523182118215
1063.0716650700488	1066.9625718340437
1039.9049846501148	1048.821906942248
1629.9666362753778	1630.9717505829105
1200.2275659922161	1194.7521877907698
1306.2797041181766	1314.3943216168602
1632.2398863924318	1628.0567090108918
1161.4271256798238	1165.3939800051899
981.2672819635773	984.8016540440599
705.6203609162767	712.2483534486511
1005.0210222213354	1001.5001041128559
1276.6606232266058	1271.5273618146218
1087.5578523072181	1084.3273519509382
1341.1594004608633	1340.2685010664525
1235.2072423810314	1241.5688612022054
1378.1640218637767	1380.361740730474
1501.4456245650363	1509.9442726245659
995.4724539871386	1015.9139511914219
1141.0046745554137	1134.366169317215
1249.2361579566204	1243.9864013543029
972.5175666494179	967.8303244815992
1023.5291644324316	1016.0157230634703
1195.608647948975	1197.7507767665215
1231.263072863745	1228.7856336656587
1126.5283559628297	1121.024740092304
1355.2971920326527	1356.2225362745694
1440.4823180895182	1443.0613417586885
1130.2578395333258	1127.2279022613309
1346.2675016869325	1333.3444190771593
959.1761338095821	963.1510808718489
1333.503588216874	1327.6290233851068
1182.2240232030745	1170.7731762902142
1037.5750258274493	1029.2084256162345
1341.7691019914928	1351.946938592049
1172.3083621566184	1172.2468761460254
1280.7345701644372	1278.0086860342699
691.507622496385	691.1300828690071
746.3423755132244	760.1606142350103
1247.077004176681	1253.6024969443808
1022.5663572085323	1019.6200864169892
1120.279837786802	1113.3015496952253
1266.8451220687712	1251.803236660274
1294.7986280492914	1302.6018969935878
1135.251799477759	1126.6903760633656
1142.3684256578272	1128.953818402616
1279.8043181036483	1261.1015634562893
1356.3449624519562	1363.9061477446471
1437.3736596401432	1440.1002628134588
1111.723410965642	1118.5057618673343
1259.1397355975932	1266.1265423449333
1075.5531114608166	1072.1546256294882
1620.8387650695513	1618.8374062508035
1487.788112988579	1485.2143626942936
1384.849811701948	1383.952406955168
1304.2836643047049	1305.1836554162112
1295.7364304030489	1281.4517576481926
1079.8148501696123	1080.3178450689325
1267.3118986239715	1267.5218499942066
1448.8586533168855	1443.1844604292548
1237.2960167267302	1228.4678441996662
1249.5218690903275	1251.3185479967028
1063.3337359630968	1063.704666093779
1115.7966216606146	1131.6602139720358
1460.4622802234953	1464.1463183570077
1518.7532387486426	1513.7025704067853
1063.4528991318075	1071.1114573041507
1345.420827284077	1341.2696346207103
1285.9864213963447	1284.8139028081298
1609.0876759329112	1603.2060223946785
1317.7364184656763	1328.7370483694756
1319.7272321499768	1302.1467605918103
1193.2330890300218	1192.7506287027036
1140.2253626360325	1137.217844293823
1400.2956599378376	1404.3943270530115
934.8933141416346	940.6237972982157
1075.508738782606	1069.4468336260318
1174.2571898771857	1180.5642517540389
1249.4305603309476	1243.4184045965121
835.9445894350938	837.7984890758586
817.1055850811099	818.4812910854804
1350.3488952468324	1347.7671529189593
1318.1905664839724	1313.8997364593517
1169.759072303481	1159.0594209665337
1040.6888206415751	1041.0337274102874
1431.649855294614	1435.8214301219268
1347.320578755287	1338.9488482720276
1096.6555611480144	1094.8736180491946
1421.9075227079738	1418.5671577806597
1359.7113896011433	1362.5684155198805
1623.2773187024286	1625.6773708794026
1444.3710085665516	1443.3437121990266
1409.5603183907806	1407.996580502878
1429.3146494425891	1423.1468902253155
1268.4998184483557	1268.6904143775118
1421.2213521962985	1424.9641014466235
1544.544674867182	1547.2969524908096
1214.0186301996582	1219.8111665629485
1306.6845280686684	1304.3221334829736
1035.8131344793364	1037.8222972734618
1032.7553156780777	1027.3149848052085
1365.6999567049497	1364.8669382282255
1380.2519026736263	1386.0917346284816
1305.5750102406892	1305.8053613495092
1487.925346685195	1488.2980610783409
1424.7837003493041	1428.5158679056983
1103.6063578837784	1103.9260877418483
861.3257561521314	860.8534824527073
1534.1851934421575	1537.995393569246
1035.599405533576	1052.551258597103
1110.9414890752232	1110.1696841669486
1153.3848056028655	1161.3257736653243
1281.6702494418423	1281.6724069413665
1499.4408933925151	1503.819275073171
1181.2997843226767	1169.259640620729
1249.0393469416886	1233.8832657518878
1067.762729861075	1056.7568791624435
1273.8723042132624	1273.3281989046077
1619.01025540111	1617.807787559415
1258.0476159417303	1255.025241119118
1111.5695579568564	1109.5154231653803
1099.7906964031863	1104.0528398853364
1257.468868364318	1253.0273811126783
1354.71434731083	1353.1767912434855
1319.336869634164	1326.0798736102142
1501.9943936662748	1509.0687474419358
877.7593940747902	862.4101411340462
1117.475816078746	1114.1163511968045
1170.6416075653397	1175.0240099394675
1456.0226501316356	1452.2772580910175
1629.7960059045872	1636.8315353964765
1126.4004946450586	1120.4643582468448
1391.0160072561994	1388.2830544780638
1607.444188474561	1610.1134261653267
1425.6037714073027	1423.164731499169
1510.984308963205	1514.026763716106
1011.8065632537764	1002.1173796767379
1441.3436314696446	1439.6153219238963
1749.2322266011906	1745.7679320857915
1538.6710669201857	1538.2227435526977
1187.6142526802141	1186.427672424555
1347.7211911668128	1352.6208191074936
1354.7154364406015	1360.350413197153
1190.1552074652864	1187.3433931236195
1095.281449485541	1100.4731068747305
1322.2692989277712	1315.7864225299272
1235.567558370909	1246.9125273360414
999.2048579667753	1001.4888814981002
1272.3889147761802	1277.6546300811808
1501.3122672734025	1495.9624558157736
1257.2736687104625	1256.7405830573698
1432.4784703940968	1440.99300494111
944.5946913011139	929.0846777257221
1731.3790371957875	1731.8661408457006
1334.6578669114679	1330.5838282982747
1453.9002606770664	1457.3803660133622
