7.036916273099163845e+02 1.470157405071063828e+01 1.000000000000000000e+00 1.000000000000000000e+00
5.392481369287701227e+02 1.602874523200089740e+01 3.162277660168379394e-03 1.000000000000000000e+00
5.384997554922098288e+02 1.602637482965651117e+01 9.999999999999999124e-06 1.000000000000000000e+00
5.384973848538310222e+02 1.602636722770649413e+01 3.162277660168379191e-08 1.000000000000000000e+00
5.384973773571736047e+02 1.602636720366589884e+01 9.999999999999999072e-11 1.000000000000000000e+00
1.549008494186767848e+02 7.300135980011325465e+00 1.000000000000000000e+00 3.162277660168379079e+00
1.438745952647363140e+02 4.818357498070657385e+00 1.000000000000000000e+00 1.000000000000000000e+06
1.313542397399136803e+02 4.298768937531732170e+00 1.000000000000000000e+00 3.162277660168379080e+05
1.211538067415968527e+02 3.637418922853937087e+00 1.000000000000000000e+00 1.000000000000000000e+05
1.097431572917865026e+02 2.797560671875656713e+00 1.000000000000000000e+00 3.162277660168379589e+04
9.565377733848369246e+01 2.437914419358274909e+00 1.000000000000000000e+00 1.000000000000000000e+04
9.269669933680975760e+01 5.525830639889681706e+00 3.162277660168379394e-03 3.162277660168379079e+00
9.243607760310713672e+01 5.516509132443301766e+00 9.999999999999999124e-06 3.162277660168379079e+00
9.243525214394014711e+01 5.516480653891203900e+00 3.162277660168379191e-08 3.162277660168379079e+00
9.243524953357966467e+01 5.516480563834237572e+00 9.999999999999999072e-11 3.162277660168379079e+00
7.727392892662085444e+01 2.203021770273144497e+00 1.000000000000000000e+00 3.162277660168379043e+03
7.379392342768110780e+01 2.421207626394347834e+00 3.162277660168379394e-03 1.000000000000000000e+06
5.895126810528340400e+01 1.926916680385754477e+00 1.000000000000000000e+00 1.000000000000000000e+03
5.277670226466928227e+01 1.797897525215925052e+00 1.000000000000000000e+00 1.000000000000000000e+01
5.009185411444305203e+01 2.220652544227185388e+00 3.162277660168379394e-03 3.162277660168379080e+05
4.854926657051819916e+01 1.693484718043255732e+00 1.000000000000000000e+00 3.162277660168379043e+02
4.415130889804120073e+01 1.230621791303402768e+00 1.000000000000000000e+00 1.000000000000000000e+02
4.072930813616388690e+01 7.279834608325101986e-01 1.000000000000000000e+00 3.162277660168379612e+01
3.267449821781740127e+01 1.658268970479457094e+00 3.162277660168379394e-03 1.000000000000000000e+05
2.467832853961596840e+01 1.736207907885169099e+00 3.162277660168379394e-03 1.000000000000000000e+01
2.449771945094152414e+01 1.739773733676625689e+00 9.999999999999999124e-06 1.000000000000000000e+01
2.449713987970591234e+01 1.739785724368212882e+00 3.162277660168379191e-08 1.000000000000000000e+01
2.449713804680129314e+01 1.739785762293173166e+00 9.999999999999999072e-11 1.000000000000000000e+01
2.211688567522876880e+01 1.009317567549833150e+00 3.162277660168379394e-03 3.162277660168379589e+04
1.590954620681301890e+01 6.004953710842276804e-01 3.162277660168379394e-03 1.000000000000000000e+04
1.532709449881618369e+01 7.246364242973953873e-01 3.162277660168379394e-03 3.162277660168379612e+01
1.496676599525605766e+01 7.507175803210043297e-01 9.999999999999999124e-06 3.162277660168379612e+01
1.496557638315211669e+01 7.507832971590601145e-01 3.162277660168379191e-08 3.162277660168379612e+01
1.496557262591393922e+01 7.507835159207555398e-01 9.999999999999999072e-11 3.162277660168379612e+01
1.278074258805290242e+01 3.692530453554829784e-01 3.162277660168379394e-03 1.000000000000000000e+02
1.245361626640219832e+01 3.368570759564743500e-01 3.162277660168379394e-03 3.162277660168379043e+03
1.191180881958714721e+01 4.227305630708208528e-01 9.999999999999999124e-06 1.000000000000000000e+02
1.190884916244985803e+01 4.229083822058891662e-01 3.162277660168379191e-08 1.000000000000000000e+02
1.190883983438468441e+01 4.229089008706486408e-01 9.999999999999999072e-11 1.000000000000000000e+02
1.171264615985089641e+01 2.767806120013522331e-01 9.999999999999999124e-06 1.000000000000000000e+06
1.093628803695887441e+01 1.720375498256357105e-01 3.162277660168379394e-03 3.162277660168379043e+02
1.088284519603469036e+01 1.258920195117965712e-01 3.162277660168379394e-03 1.000000000000000000e+03
9.302103952619876992e+00 2.188154787689582936e-01 9.999999999999999124e-06 3.162277660168379043e+02
9.296385869544346647e+00 2.190101958735903576e-01 3.162277660168379191e-08 3.162277660168379043e+02
9.296367935684596517e+00 2.190106798885285422e-01 9.999999999999999072e-11 3.162277660168379043e+02
9.278403618180822932e+00 1.996324674077803729e-01 9.999999999999999124e-06 3.162277660168379080e+05
7.904322528601587905e+00 1.154584500359904231e-01 9.999999999999999124e-06 1.000000000000000000e+03
7.892362724229106341e+00 1.163693731675052023e-01 3.162277660168379191e-08 1.000000000000000000e+03
7.892326840615503158e+00 1.163717115728338525e-01 9.999999999999999072e-11 1.000000000000000000e+03
7.744398218781753940e+00 1.589246906780982793e-01 9.999999999999999124e-06 1.000000000000000000e+05
7.168618700060237714e+00 5.499247458992374132e-02 9.999999999999999124e-06 3.162277660168379043e+03
7.139724417293441761e+00 5.351515321880643411e-02 3.162277660168379191e-08 3.162277660168379043e+03
7.139655965464660525e+00 5.351342964467546703e-02 9.999999999999999072e-11 3.162277660168379043e+03
6.987160287725006746e+00 7.642074112315620782e-02 9.999999999999999124e-06 3.162277660168379589e+04
6.861319385160936868e+00 4.641000731916302552e-02 9.999999999999999124e-06 1.000000000000000000e+04
6.764473582611148395e+00 4.420431743222853760e-02 3.162277660168379191e-08 1.000000000000000000e+04
6.764307094514746765e+00 4.418875003848349303e-02 9.999999999999999072e-11 1.000000000000000000e+04
6.635356935352247021e+00 1.321300166113040797e-01 3.162277660168379191e-08 1.000000000000000000e+06
6.614078605965033830e+00 7.219740621727435692e-02 3.162277660168379191e-08 3.162277660168379589e+04
6.613729072010441357e+00 7.228074592159662581e-02 9.999999999999999072e-11 3.162277660168379589e+04
6.609572212758029863e+00 1.320561932990617082e-01 9.999999999999999072e-11 1.000000000000000000e+06
6.589241915756369750e+00 1.207157893683921263e-01 3.162277660168379191e-08 3.162277660168379080e+05
6.583780010954117579e+00 1.208911418576295166e-01 9.999999999999999072e-11 3.162277660168379080e+05
6.575727484458089300e+00 1.024995257022760231e-01 3.162277660168379191e-08 1.000000000000000000e+05
6.574391878177811677e+00 1.025673294310926603e-01 9.999999999999999072e-11 1.000000000000000000e+05
