978.1580952452496	989.8485312480033
902.6904778616736	903.8018555259466
1672.8453088199894	1672.525387766029
1469.5226910029305	1464.4311674363755
1234.0627120800782	1238.1461722054323
1294.9954036997224	1288.2711185309383
1290.932650934934	1289.3265698922908
1309.2879930533818	1320.2214272066294
1452.1091110971174	1446.5083108982813
1143.7398276257445	1138.8007407250866
1336.5843108431436	1332.094169398688
1267.2439332688227	1268.916275958498
1465.9300098995736	1466.4392566776937
1127.2637867800076	1132.2745265581375
1044.2110933785734	1040.0236086128655
1150.2851615120599	1139.630081314522
1365.0448904967925	1372.2019606430686
1327.7839375380718	1322.6086528030621
1042.6047377416398	1041.6576864221136
1130.9860511102015	1143.3111423771234
1138.9614816738758	1143.448978913992
1267.8757135310152	1268.0401052098014
1004.7750901940744	1008.8581809058336
1551.9491928976495	1558.1071109192235
1408.3605520448182	1412.2769260743914
855.6057265445124	851.5162684284312
1318.4626556490548	1306.6258000883424
1274.671973407967	1273.1281644513806
1660.6609611054882	1663.693572964361
924.6837092798087	937.3100353719182
1321.455001281458	1328.6335403843914
1340.2784113257076	1341.3431790562636
1752.6816116103146	1750.2338326917002
1107.8048730358132	1091.840037188368
1054.8851097692386	1059.7540106540055
1382.0006868868659	1386.2526870714767
1153.3236186806462	1147.4645346396449
1421.623172130785	1423.4172593113924
1004.8308041683049	1005.7584950399804
1390.278494027938	1393.2784027424564
1116.5464929734298	1122.969998747577
940.5803673757036	932.7221595652842
1496.2130376189307	1492.7035963758156
1080.687878364668	1077.0494677274698
1454.9120431149204	1463.557074674835
1624.6297879442573	1629.8477982885388
1264.502046681504	1263.1554955596173
1187.9856131600682	1183.903237297933
1584.286853454687	1591.749067985789
1533.6675889627368	1525.882508565288
1058.5029891883314	1062.7202458753425
1349.4170041467587	1340.361386402059
1057.6311731860624	1048.8641221287912
1228.9683628354687	1230.2798258750681
1507.879078996746	1499.430097405545
1175.66254158417	1166.3729154615614
1075.7493582573952	1074.8046488989733
814.4344029892382	813.3838614402322
1162.6579928883002	1146.3960787276317
1331.2105786076863	1329.2875172891936
1373.8736534722848	1376.066210099374
1639.962210146914	1647.3467419497608
1635.0721643901488	1634.1950304981383
1018.1881812530046	1016.6274020107883
1424.7611241378763	1428.5475443917132
1056.5810260448488	1054.0742257634533
1380.9682842018374	1376.9330365342998
970.6383681668376	986.0477947087634
1447.0155063128623	1443.124923304905
1097.7893312350789	1097.8533071421562
1212.715897741	1206.854877635235
1540.4538732592482	1538.8600339476586
898.6408142907021	938.259562263493
1283.5647782987508	1282.502870380623
1591.1615947726823	1595.8816149880615
1144.1076115107862	1140.79730303092
989.8746798302454	1002.0247981555193
1228.1344219952298	1244.375786700983
1363.8641630378843	1362.4312829099333
1342.8445297007856	1346.4705544353974
1683.1705283788033	1674.6808967588674
1231.0610029345844	1226.7231213717046
1117.9365913902584	1116.0859048661875
1243.1986397857545	1256.1220875863937
1477.6311112983385	1482.256390849129
1265.8343716363015	1263.7256324992534
1309.3094172464334	1286.5479749876988
1429.520562271122	1419.9056332276066
1329.4399179217871	1328.3595154652653
1388.8214580578206	1387.3354827490712
1111.1955204098194	1101.9050696796814
1478.5610869875236	1484.8976318066864
1187.1838647669356	1184.1518665523172
1151.6084282749507	1150.9471644495204
1343.1879560630186	1352.1882304586134
1294.3467946163146	1292.4665633638554
1098.3233375949203	1106.371061026423
1179.9394686257874	1187.6051400760923
1254.7785395299725	1251.6469327132427
1545.4637106115115	1543.002926320602
1763.5138971772685	1763.5875278013712
1217.9730590988765	1206.3548950224567
1618.459543366218	1616.0087657596353
988.0363558160607	995.9765374648964
1285.3330470621586	1282.0504645124738
1307.3927405666036	1291.5152398788364
975.2982501070073	989.0237383628802
972.6269391252426	967.7316610282642
1137.068187417637	1129.5777117523965
676.3705526930862	682.4334963451843
1427.7266710237018	1422.3191001992323
783.3299005165172	827.6804724027353
1174.742852509662	1180.6836761036159
1576.8614383164968	1576.2307533101355
1257.0922451052757	1260.0412516192878
1335.1503633308748	1332.9953391828012
1455.0498492106271	1465.0006299208942
1076.4639803082391	1075.1817224648828
1239.3239637157822	1234.4106454110417
823.0146575269464	824.2133122064793
1279.819579675881	1267.8654369867713
974.8586878450005	971.5988548140533
1461.1118524360645	1464.9536874900862
1347.2748554230784	1352.213232433618
983.1857449507806	971.2255041478654
1141.191848231625	1134.428368006316
1096.1735419924953	1099.652362318708
1494.504871015175	1501.488398828739
1465.252842397109	1472.2191750067304
1067.762729861075	1059.9179505752827
874.1913950182789	875.7309338878168
1494.9390952759713	1496.4403936208096
1048.6816887359018	1043.5628652181647
1368.112040611537	1378.6165771965532
1107.342064729426	1111.1860872337807
1164.5061351105978	1166.2036234411855
1234.2236924666504	1227.9387664652866
1287.0685502994165	1273.1342280772642
1165.3830119582126	1181.1989496281763
1078.8364929805975	1097.1430404073553
1261.464869509422	1262.6291219023674
1160.6153776539431	1161.0248326133233
1071.847530033876	1068.9696926208267
759.2983461618715	757.9091264858788
980.2968084832537	984.9317093488191
1535.402777909243	1544.7214416055658
1390.4436312534963	1399.370092301846
1094.0985379033664	1111.9052216845698
1556.1370226820873	1552.0991054306148
1577.0289740625012	1573.8378480074905
1616.6867066188133	1616.971990771963
1094.518978930486	1097.0050989511813
1095.0656622736133	1086.4587317021749
1109.13011192868	1100.8560427223074
1279.325906676153	1279.0631162513025
1213.9205940127722	1209.79969689971
1475.103853838984	1471.5729625483214
1288.4785295970505	1310.979230831233
1049.559963101463	1059.3320988613914
1387.6091993029695	1387.6001170888558
1485.3173080515699	1493.797607584334
1285.8020167192153	1284.6970296848308
898.2398266477103	895.0493424477746
1666.0677455095574	1667.6587070154812
1387.2877120580233	1380.306450948456
1291.4299859236635	1284.8137193836744
704.5928936224227	707.4118629232031
1348.0589843510534	1352.1049331710763
1131.2617191178142	1136.5032323680866
979.1223953889275	975.5843097249628
1051.3892104791012	1031.8082896605906
1405.0019560949004	1403.3107416395792
1419.9220498383802	1414.5602991789533
1138.2138452123618	1139.6078450827758
1249.3792654644058	1251.200247286112
1426.3325950024591	1427.7733853412951
1488.2011715108238	1482.9644438458927
1005.4766365898249	1002.1185089874899
1292.1703753810143	1294.8473920760848
1512.0727458251058	1516.1935347952463
1538.2224526715872	1552.0030045287795
1327.6454161229485	1323.8389882623878
1331.8920675156987	1338.126202649105
1476.1225674502493	1473.7628233549617
1504.6566445214557	1495.6557354400636
1209.9227337326156	1212.8537079680868
1273.0071098821936	1264.080019885846
1533.0797293199867	1539.8930350837454
1623.7008700798033	1633.8648696347536
1352.6103275001224	1351.4069568024058
1236.6890924943436	1223.80215829381
1284.0199064138287	1292.8492097530627
1070.1421148387599	1054.0965895275813
1633.2517687120126	1636.3744632302582
1164.1683251403156	1159.9716269440817
1136.7128906212165	1132.3657693263729
1236.484812553681	1238.7632130937059
952.8464083145664	960.9227359826172
898.8159634169715	908.0569931773583
972.0145221015555	975.8370487437343
1219.798313351639	1220.324757892261
1321.0433898229676	1328.8054447141403
627.3580315160798	668.2905398319416
1491.0668713786872	1491.278468741043
1402.910561081546	1393.827328923278
910.1876356891589	919.7507893983907
996.1832098591258	1005.426020291142
1299.3107114124286	1296.127945695554
1357.465563188569	1354.6689890206828
1087.592522525345	1083.4477751750123
1481.430453194509	1480.4024877756465
1318.7719700929301	1318.9173342311412
932.1880167139461	908.7334658279472
1022.3275965425419	1023.3810763435264
1038.4499095390493	1037.290560446419
1439.013434232853	1447.4534657813733
1290.4975136874127	1295.73398711802
1637.3138535160106	1638.3240363266088
1297.600764684088	1285.1480794684633
1472.4539402211958	1474.3346150833265
1130.083297396981	1126.264836847583
956.4737036694714	966.3936914391636
1262.7550126199203	1255.8026586907456
1245.2325399514812	1254.148444090883
1001.5717789223418	987.7506919388959
999.0691513033526	1005.8553359569629
1159.2937996898545	1162.6443346358496
1367.3503404069343	1371.8155757446557
1536.951391126233	1530.847959451884
1175.2896636447113	1174.8733241703117
1090.445074456802	1087.004205442153
932.8883314089326	939.1741994386495
1256.0277127930312	1258.0900621620417
1328.7752044952358	1344.946441652906
1338.387549685489	1347.0545953714118
1221.3063505162136	1228.2283599218108
1223.125408161868	1226.8943219181167
923.1885186895961	921.771424722459
1167.2200210842711	1174.796873609763
1257.8226959701278	1260.0642714049154
1481.2284824849921	1484.149519667269
1269.088301327778	1268.9326752889801
1669.2334989242954	1666.1681101530455
1223.0825561051897	1234.8395095446622
1372.264804681734	1383.799487251118
1370.1390770441794	1357.9922732436557
1110.9414890752232	1104.0245575173194
870.1886839125073	876.6979509384416
1384.6469418696943	1385.697410866793
1358.9004129722307	1359.4374611940084
1277.4217769994284	1266.5521414104871
1190.2923136575846	1179.5989515843264
1306.4152549718274	1297.6236972657096
952.4887980257918	942.6943288287941
852.304556899122	856.556953463392
1090.4958378026786	1093.5665613085139
1009.2944600593473	1013.1362478945352
1240.2529470678128	1245.0483897297886
1014.2646292322315	1041.5231783620006
1527.5242180262867	1527.4829277182225
1196.3670235102763	1200.3513454298745
1369.8062501320674	1367.0731753455689
1045.8782999362738	1050.8212922965668
1391.655021731247	1377.1418987459035
1376.78844457792	1380.041948790789
1426.094984637457	1419.933297078703
1753.1176317550126	1750.817607156556
1305.308992946113	1320.0090357667577
1221.181603474106	1229.8863615662756
1361.4686177873518	1376.5493716600527
933.5961282629578	941.0003143874632
1268.3563571742852	1258.1596329852962
1104.0922783798596	1099.9650776164174
1361.7222815376008	1365.189709548917
1136.5655051950598	1138.6343281399256
1202.4990036686359	1203.2738570146148
1455.7644998999604	1452.2281603313465
1187.3068178846734	1185.2549291104488
874.4911908313225	871.1879067931324
1166.87826225147	1170.4383516494875
1323.8789003517013	1325.599570246763
1319.8237543629075	1328.7757778322257
1300.3620365472452	1295.5471719455365
1214.0186301996582	1219.1470896390572
1473.7906319556932	1474.2748506490423
809.4735010759323	854.3531540540251
1552.8770964420983	1550.5877504492819
1415.1490136796783	1423.8474894945482
1477.4367739242152	1478.8429655016864
1218.5424027939735	1221.3062253189871
1552.3196810067457	1555.8743655000392
1257.7168317247997	1253.1138764876937
1416.7115389866522	1419.366218527927
1061.067029494443	1047.8989844153673
1535.214251788624	1534.8004262080462
1048.083179559646	1028.673376474253
1163.3190977405757	1165.6466982136697
1309.8697693507129	1315.8820730132377
1543.0852351795475	1550.0980710294027
1615.0792373054137	1609.3037705251554
1228.5134468429023	1232.8846106259966
1276.6754222254676	1264.8918107673537
1421.969847988832	1423.7706137001294
1178.6339490231185	1188.686166770296
1474.4505628542101	1466.2372781923364
1170.7819874193228	1171.4885627353842
630.793095598754	621.2818592791205
1042.9811681238352	1038.8087365683584
1276.6485437692609	1283.0320970233965
1378.1547199756315	1367.8681488737034
1250.074734954018	1243.5661547995953
1373.7184901433357	1381.3740673024329
1627.3021273950872	1628.597199209171
1093.2631177165022	1102.8195681360414
1510.25618037596	1510.831728047295
1364.261066555424	1365.8472227104849
1091.0576946643414	1080.2836765551915
1210.219203724264	1209.5585989308581
651.7709624572599	669.2533566122603
1001.3529597021115	994.0177814094309
1272.9476461670129	1279.968351788851
938.7184054452227	933.0815434089639
1072.5772779839172	1073.144668864137
1039.1171277183166	1044.7348251069934
1250.5388880954997	1257.97422602208
1753.3124382389942	1746.350371068598
1160.6379908142262	1171.132670490485
1352.900377978367	1363.4429968732459
1361.0481041131134	1363.6430152199969
1185.9555025938607	1178.6040619731557
903.4320079079189	896.9265561987238
1001.5459835352376	998.4834967569092
963.5133148924797	964.9010021575388
1289.723398970702	1301.1321744997151
1360.0776841971383	1354.6943500178954
1288.5937212519639	1289.283490658749
1326.5531198511599	1322.132797974348
1610.7094399505877	1620.5494913905493
1521.5444952611579	1508.0056348899273
1160.251109712175	1161.7055700809776
1214.5207171824586	1220.6228602555327
1351.6795825597073	1352.654291286003
1456.4604265608068	1455.4150426984631
1624.092648012971	1626.9175651019873
1433.2585910848575	1429.4886699683957
1252.3432611781463	1247.5050938415163
816.344279381563	813.5924065856163
1502.949899944564	1496.2372530317336
1164.7957212846377	1159.1126956948967
1203.5045029783505	1196.9321296311225
1518.012520739343	1522.0374895656146
806.0890296822181	802.1402970211955
1075.508738782606	1072.2631322108562
1185.7706991800806	1186.7233599500396
1392.3729748186888	1389.4035535601333
999.7585430988111	998.9867135232577
1303.6096629700041	1298.3685437837805
1287.5011526763556	1280.3336879057208
1460.719809402246	1453.8667000893768
1495.1117945459555	1491.2687128527396
1244.596437796863	1242.9414315887227
1127.3462549737596	1108.2300429518273
1246.1020987106021	1249.5127942346342
1207.8759326125728	1215.2850457082504
1517.187350519147	1521.8497323673264
1553.3882052049448	1557.957734286079
1733.827451589692	1749.4715324553536
1118.023632229335	1130.7281381659782
1645.9956317085016	1639.178959581061
1490.228983883775	1487.485941252004
1296.0041545615823	1297.9562069480057
1294.2502713618742	1291.5958945132825
995.8845759991091	1000.9031248115123
1317.922492188256	1307.0116261846836
1106.6781365295465	1095.5213697613485
1177.0614469702996	1171.4768313623251
1520.0214776974171	1508.9340589607978
1518.9162580399425	1517.7467669703353
1561.0666742125177	1553.1075975867045
1018.7594048237952	1008.9682503390924
1338.448420715722	1347.7390716080129
966.7044891031692	956.8321717857891
1407.1247290954343	1404.5703533684386
1229.211491206137	1233.072684685988
1444.9455241294927	1450.5177008608262
792.0390872919525	797.9802353724909
1440.4823180895182	1442.849590742705
1463.3590367377328	1458.068295041632
960.9060430240061	965.6884681378334
1544.544674867182	1546.3096442476767
1195.1379027269722	1213.0163765659424
1429.014530338638	1434.398359948652
1495.8329671605898	1486.278020832525
1119.3807160719298	1117.3757498252082
985.2097641717119	965.4029992373052
1215.3492363162222	1217.752101499961
1081.9990486386232	1087.8423331863871
958.939387434395	951.8949140450588
1188.5586815117567	1191.17527617323
1139.991914948827	1149.6752900269025
1129.4503249108093	1126.74684594127
1063.1110241800488	1074.3989054966662
1312.9267302638036	1326.8924035660116
1344.068608598638	1335.6102039153755
600.8000391023379	609.8730881843924
1371.430164036632	1368.3835790123032
1220.8352768972109	1238.5657444963047
1501.033902441006	1496.1044626488588
1366.512949154334	1360.5938619891513
1099.0295029221452	1099.6007449632893
886.4463303667726	898.4656378458591
1284.2895694421022	1291.9570162254763
1352.2683169998345	1349.9681075814447
1734.2988086401892	1746.468942827693
1126.0416126162454	1124.1671948673425
1219.9775189995416	1254.8320072340557
1332.736403946299	1304.9357682568782
1610.307240856142	1611.376657802767
820.1786395964737	837.6562539806104
1369.1188475629606	1366.3709432739784
1840.362455851311	1830.495448035097
1239.6685975750152	1234.4737280228242
892.4491873670486	906.548753815904
1498.4390997035662	1495.5319292460272
959.1761338095821	958.7423170504015
996.5698625651421	1001.6542915344281
1407.5117234342906	1404.612671713773
1435.1612212725158	1435.3634082332949
1278.4714009207964	1284.0003981729535
980.3948834822513	958.3705799544956
1098.0441687709244	1090.6284450446046
1203.724517567607	1206.589413734101
1084.9210139077622	1083.5990438281785
1061.334181393613	1061.4690161219985
1060.3841672439012	1068.1871782764808
1240.0850199041597	1238.931693701816
1186.505867148895	1196.9604029112395
1213.4008749199857	1212.5747757366973
1411.0548761172686	1413.5920476155272
1478.9386618499702	1484.3980993625562
1343.3883557231165	1339.8682025210705
1225.1074910178722	1223.9469448101693
877.8540451721346	895.4896942071091
1388.1145565733023	1387.3459189036175
1497.5824426318577	1496.9886665239198
1041.458632295893	1046.0237327498892
1246.797017052595	1249.6405149339882
1167.772924540419	1171.1250973547828
1327.3935449351848	1326.29782926029
1313.4255261722428	1314.0244923253783
878.7575787648675	876.7838178711568
1221.1889694313868	1222.059986095836
1318.5629335520207	1312.2784635965666
1273.2869482102979	1266.082362552825
1123.3675007578277	1131.6235717808609
1376.5897371882165	1375.876287166366
1454.2818203702918	1446.4528823445228
1178.944148534676	1171.5882047414489
1155.0133115015924	1173.7888198413352
1042.5570717825904	1055.6682584051644
1330.4420823491528	1330.9694299446635
1250.6989717517572	1247.877917193286
1220.0686566684744	1207.670395376436
1378.2086304147088	1379.9644650598486
1341.0640799169196	1343.0235702806162
1118.150878785149	1126.0620849595598
1235.2328220287745	1222.0356582057918
893.3120812205889	887.5854107972897
1101.9406448848895	1101.2953710912943
1092.5924719857285	1092.963626152655
1344.3874544237915	1348.1792790524623
893.1258557636902	885.3385916281907
1441.5815469099034	1434.7117405845747
1378.7308695154788	1378.143256253655
1256.1154838792863	1271.0881689469995
1443.4085393623973	1451.2575206514593
1259.866528711369	1267.4236572146067
1276.1565904200543	1273.8441150700955
1356.962425986625	1353.8131048502958
1441.3436314696446	1439.82637624023
1396.3773228545324	1404.316607691308
1315.696358252666	1308.7110653361735
1333.696210717375	1337.6084193744673
1026.9732385813259	1024.1059537909593
1335.869323389983	1353.8768162744286
878.1618444787746	875.1214346176079
1573.5828766125778	1564.3352661261463
1380.4490547174355	1382.498933340231
1464.1943621578102	1467.124907971869
1337.6967100530746	1356.8135812230955
1382.6419261647388	1376.4519208541656
1116.9614674439945	1108.850630608317
1517.6989755571412	1511.9164053147317
1591.5048082373687	1591.5065849161006
1589.3913010183314	1596.2123326411709
1398.715106135758	1401.5264678901008
1646.3721985153097	1644.3928646158051
1340.749785864522	1345.55665565934
1582.7784883244021	1580.2168620069867
1191.8985343907552	1181.8586266469324
1194.949784171884	1192.2841235924975
1282.2809517861751	1283.2955126060815
1375.8318567847018	1383.3409427646866
1267.364180690376	1265.9179536415013
938.6625168625033	943.4710678247676
1076.418647106766	1065.5684363760968
910.0552984505775	893.8344724071947
1131.9123916741519	1125.5613526971722
1519.3581032827497	1514.1370616337365
779.6247313483909	772.2520381207357
1477.202706384036	1477.0986893070324
997.5309815691726	995.5394349603027
1608.279031751037	1619.2760159464583
1437.264919577021	1443.0390737041737
1218.2452048347914	1226.4803286645147
1557.742134255357	1559.548062327892
1161.1737859838177	1155.5167700490179
1203.0882282564417	1205.0895901546112
1370.1152862085146	1364.2010944010826
1455.6656511691108	1458.856054106832
1012.164914313762	1007.7515747218291
1055.1335355335614	1063.7828552005276
952.0525529890438	959.476381881363
1275.5193746661535	1283.0023025545113
1430.714123679325	1429.1836325151996
854.8104135325993	856.5047496507276
1023.3733041647938	1006.6186191717915
1451.4154296125052	1451.7638162065864
1261.7151967817917	1257.9129214542784
1155.1467559502344	1152.5058288344856
1204.8399769199314	1190.9107793110124
1447.8977667239087	1442.2976106964938
1239.298867417121	1237.1600279594215
967.6132077963266	974.3675866314703
1224.3970260759816	1228.5169385639033
1493.7769816132495	1486.8928687729585
1424.386174915795	1418.1441861720714
1430.198067955469	1432.8338721079367
1318.2438635776343	1312.4531466658132
1305.5750102406892	1303.0837817459199
1252.0358786114084	1257.9096785566123
1226.5639402816014	1224.5956425444342
1201.3063853399071	1208.893746503912
1151.9896158181655	1148.0719732510515
1734.796728273417	1734.8348697580652
1022.4191900518199	1012.882151593547
1440.9761132001295	1439.7916418996842
1166.7496497801912	1157.2567853750033
1321.7848786631948	1338.8833736940785
1502.3348442899296	1495.9764178377363
1507.5330596738204	1514.924574825471
1234.2196690240526	1229.4098516499707
1641.2754320495296	1636.4016332443011
1302.658482555271	1313.0208613432326
1175.8174536287552	1209.4639445741855
1158.6839032856224	1170.5097397459958
1210.2851941449335	1210.892237571806
1094.640819137363	1092.8134562953728
927.5376394317427	931.3878138534476
320.07632849752554	358.52277441187044
1327.405939479795	1325.62695761452
1171.4851607033052	1171.8698938239047
1629.292399903381	1639.8298030734493
1186.6939864492451	1187.4586069038903
1323.6111821192608	1328.8063546442572
1302.3885379259882	1304.1310381572157
1196.5342623469187	1197.025294509903
1537.8734952224477	1530.2946631727518
1246.5054935635999	1242.728322255193
908.858364284999	889.1900339082224
1400.5100312438444	1387.7189885316582
1389.646241084789	1386.879482981886
1350.811269994767	1364.539527749044
1313.391388380027	1304.54606897374
1150.1062322974321	1149.5165491393211
1306.0570881547173	1308.9126216869695
992.0238636852882	993.9970073906817
1455.4857379568857	1453.2967539907318
1096.72068008699	1081.1548675171018
1103.7833398615767	1104.9975375412057
1322.619454552565	1326.8853116025662
1510.4191730951134	1520.1363374150887
1331.2566785284143	1334.9713965307096
1153.8180384608859	1159.9737432283687
811.6724026117008	818.608654872149
1289.0599828051345	1296.2152020660433
1202.6079035034345	1212.3250505891053
1168.0109453633195	1163.509261886706
1239.8367380388954	1257.3485990974548
1508.74614900272	1504.516397962148
1621.2728905848053	1620.4315151934281
704.2980361693772	685.1285729614159
1145.7076968217443	1143.7549043144402
1146.635856410663	1143.4029759977188
1284.4190582806186	1284.9713578824408
1332.1190504700353	1328.8050038095853
1621.0200986484997	1622.7548296670923
1382.7443952871836	1381.8635250884943
1193.2516983470123	1196.757710673224
1235.0331541018677	1239.4348224124833
971.2332667083538	979.5408603197352
1622.8882349114574	1623.0681989632792
1373.5838689587254	1366.9719191465715
1329.892682628415	1333.2809715201731
565.3556809416041	556.8138808940063
1020.6870710698422	1025.573202480096
1379.3778998380003	1380.41262553344
1540.9883361246902	1550.4685262214002
1137.6612118032062	1137.2985220285593
1494.104744818731	1491.582419153723
1631.87252807591	1628.9706203162682
1390.8726476283919	1393.7989450713728
1493.4658109682496	1502.3722538751574
787.6793067250401	777.7031080585699
1230.7381259866816	1225.230583039093
1442.5779291242652	1438.662814653656
1269.9540037801198	1269.3757956507177
1276.697223350493	1270.2600449389922
1291.3282680498087	1288.8023513401888
1325.331006984692	1329.6200386115217
1553.8684219559364	1556.736814667158
1258.4782142844342	1248.2414666678399
1550.8494238536514	1555.2232439523855
1130.4233475459332	1135.506016947044
1209.22691906002	1204.4484744392084
1308.6578886176867	1305.5982866127088
1141.9266386752424	1149.4923120449196
1174.5971762703266	1180.1277414168103
1401.8187744859606	1388.0502439887034
1154.3934916918224	1147.7633440360376
954.4046853908221	964.3481986664272
1013.3447956305172	1010.1363288903043
867.0918195326085	864.7052403821921
1258.8651394396147	1263.6009204786471
1124.2441177213623	1128.0732207215754
1139.5640207827382	1132.1246749988843
1173.6532870835217	1165.505179448918
1402.890296477999	1409.4001162967927
973.7779478621669	989.5736327225646
1335.8540612118086	1327.5173697068642
1279.1832715022028	1297.0121946519596
1471.929315480491	1466.6734642732024
971.4573652629624	979.2662996266504
1431.8723592995375	1434.1722960513985
1280.276164773124	1285.0605222799063
1132.8009135000175	1120.904033138253
1836.7523071652395	1795.3309900054126
1335.8264989786258	1341.8521650707492
1014.1976975364378	1012.0353442754214
1320.7215436623374	1338.7072498736213
1145.1497065284057	1160.1818488888287
1285.5392767256417	1278.5068530669494
1337.2896194914938	1328.235847493425
1332.3756463124591	1337.5282940533134
1365.1137916404696	1369.5480508101296
1574.0639317713503	1568.0178055725507
1349.6244822260924	1359.1791450947426
1448.764134950412	1459.8855255965764
1216.2368318422814	1209.8406177313097
1102.9073496707715	1106.6629221779024
1242.8731162139156	1247.9869740611937
1368.3976044842857	1371.576011876399
1402.457301501825	1399.0102474348532
966.8280272931443	935.6724063785388
1502.4134534611658	1500.6046878111001
1047.0909826346033	1063.56038739817
1247.8329403501994	1248.3871324720287
1418.3743262926582	1423.1935861354025
1382.880084093078	1379.3785655738595
996.085602127685	977.9190246875983
1275.4005419989408	1268.7884948990832
1381.803098814009	1379.8435191363176
1514.8136334313604	1517.8613010662768
1377.1729232471262	1370.6079392346398
1188.4852621134487	1189.0053315643772
1170.8553192884137	1187.5928126774256
1281.0050095604092	1278.4920274658207
1572.6648434169765	1591.281504756968
1151.091256302083	1151.1473496367166
1245.1057340806874	1258.5696233865697
1181.2997843226767	1177.2783200913566
1501.9943936662748	1506.2529291181966
1262.2961115130747	1258.2545358342281
1108.0740842921077	1112.9078807260344
1245.8152468910266	1242.601728318648
1113.8860569382668	1117.2706735243987
1536.8893208803493	1541.3960070998712
1296.0715205244778	1300.5259389788214
1332.6418992921535	1338.5757596236438
970.3294475211296	960.0482555162973
999.2048579667753	1007.7613687305738
1093.0307550502475	1098.0805034431073
1115.7683632238477	1134.3188154534137
1282.7805769411789	1279.7370681562425
1298.4176351478964	1298.539564052813
1744.3293067716877	1744.1959071813635
1048.798613427818	1048.3988019013564
1323.5746089398745	1329.709071712304
1191.6820710865723	1196.6625313039308
985.1905110742664	980.7459490824939
1350.9858290927368	1379.0906714249907
1151.5960814931896	1164.5441641775171
1419.8972686693887	1423.0952906553223
1365.6999567049497	1367.1325386161884
1466.6088323771255	1465.7323892252464
1300.9772942403797	1300.947632686242
1104.6861843762745	1093.6471629552473
1141.1310441692767	1142.289634607681
1457.8799203927047	1451.8336242087184
1173.9195239068358	1177.679744912524
1048.385386443697	1040.0503736603282
1437.8954687268415	1432.9268949765267
1192.582038615481	1185.0391227020548
976.1292814226763	984.673575820295
1242.1180094848678	1245.0594356282531
1131.13336128011	1146.234709978726
1227.6043120005634	1233.4337206181567
1193.2905706193415	1198.8669145473143
1210.3364470554807	1205.2556529297485
1376.711862613418	1364.2939575070968
1011.1863594252209	996.8002805278217
1120.2948248266766	1118.0150584446112
1028.4487346539972	1030.7361774763224
1272.6091198374052	1267.7175996929534
1269.4761872784002	1271.4200862336
1410.2270392332575	1406.0689321417108
1226.9222424663021	1235.049839844341
1454.0250666973006	1459.5458298129383
1382.455209011503	1372.877149616797
1086.1495810973865	1083.206502367858
923.8854339243553	922.2845803159963
1267.4643754660792	1259.4603591584428
1434.3956832155527	1437.9816536266333
1007.6358389877132	1018.8847204153121
1324.8970245492528	1318.335390055986
920.3472061917419	941.0122420680524
1038.794356059807	1049.8957397762326
1064.3476137006073	1047.7611192330098
1296.3356127313164	1302.0630740315223
1099.9831387448066	1095.5600735479188
1391.2528948745166	1398.3336619259521
1335.2484371123428	1337.1847086867572
1597.1839929912821	1596.3559606143822
1167.7607615348825	1170.5864565277084
1248.4911333583877	1244.2213687820217
1264.8429757250124	1239.3979904926546
855.5156212273287	865.4422643769241
1298.1068840051012	1295.3174320092355
1374.0113720527443	1367.9704355705715
1120.9571736994549	1107.350644910024
858.4583401242271	849.114700164694
1270.9840220646001	1265.6049977197579
1516.749034378503	1510.2672125816794
1068.642449910054	1050.0565765573776
1134.7282144979981	1136.496234071015
1538.3904199365643	1543.2463933903305
1130.7905279277475	1123.7312393579198
1401.9150388010312	1403.352642707012
1176.0541212917014	1170.505917094037
1262.8975719323498	1255.5202434171385
1543.8062994248467	1545.3413864536983
1067.5232026127342	1065.3348254652694
1183.1924564072688	1188.9499789316872
1145.4722577489447	1144.8835895533598
1095.2709258293908	1087.162563313384
1321.5198739724292	1316.3900175197825
1218.1587607748515	1219.493114197664
1054.9996194353735	1060.6202771385274
1015.6564629168133	1021.6828430105093
955.2042946545116	956.2817023956717
1036.7898553183186	1043.4059754807136
1215.6095534350607	1223.1209047646087
1359.4502573225473	1356.8038601308294
1179.302731905831	1195.3580994089934
1279.249346467288	1283.4395432437816
1194.0702821091982	1185.555671384308
1004.0135265706631	1057.2447356849339
880.5812796087121	871.803672547953
1143.067534457252	1138.4158392349873
1424.7837003493041	1419.5970890059275
1197.2150247617392	1214.875872392525
961.2053263437992	964.083665139382
1275.6800236090785	1271.5248182802777
1202.0027786422288	1202.1584120637076
850.4823576931376	831.4066952566379
1384.2923687093426	1366.9727169020214
1064.524814460252	1059.583593031114
1100.9449725220911	1102.2713859654414
1295.5014087065647	1289.253042659663
1369.8934193426394	1368.0861552173592
1377.9794096361438	1375.971871112952
1243.4131009727134	1250.590126599742
1512.0620615707885	1513.2704978236738
1449.4775838031492	1458.5751909580008
1098.1386395959125	1100.391486967941
1755.7906924080162	1757.0362253468402
1378.6420490698074	1373.890829000924
1329.1503112915088	1321.5122354386704
1538.6402909337485	1538.534440707597
999.2322629413975	986.3562625456636
1227.2528038606106	1215.9831843882678
1670.5595300947316	1667.7472821842887
1394.3816248485527	1396.0345034886836
1427.7975370414497	1422.9335631177619
1154.669162183156	1164.637593926288
1364.5210199569701	1364.1918212598437
1380.4314892673574	1379.6597070905066
606.2566182487062	615.0267895709657
1117.0851319287613	1104.079448057686
1430.634693684493	1430.2668642486424
1149.5422741810034	1125.5971161430662
1492.2400682799635	1497.6500820180895
1629.0415056456113	1635.215704141759
1417.4182210901927	1421.3143854519456
1361.912297998817	1369.4675216898338
1073.9337053851632	1075.444630029834
1633.0003464502224	1634.044740838603
1165.8508194376482	1172.4283349547045
1143.9474545366247	1142.513955501413
1372.4917055146361	1374.5605036475697
1615.9379810596874	1615.9341328638939
1229.4570111839275	1226.2006757722247
1337.62569501088	1346.449681063397
991.7302471427538	1005.5942499018097
1130.18748032031	1125.568672368644
1301.4358333376003	1297.8678111065853
1421.9170135880413	1426.6493536792286
992.2603343270603	989.6139882587851
1562.9408771699527	1560.8822145748622
1156.6292088128685	1155.665428699181
1055.3901928968553	1058.2556278352074
1329.0397138496337	1324.456309272698
915.9747494378826	926.8222673972198
1185.6776475750958	1187.8430492125603
1368.138644961844	1369.3845347763563
1469.2078911931894	1474.6737803839155
1759.9560215444362	1750.2869888564283
1015.3753231122973	1017.0579079552415
835.9445894350938	840.502067571197
1475.4784588454058	1484.7810638448605
1529.1931376498542	1530.2868580152776
1103.137518061878	1096.1069058144496
734.9061270856764	727.5546372372268
1161.0498713047418	1137.715375159759
1423.6728598435293	1427.6761097494882
1362.737667928508	1365.8771333952407
1294.6460042776307	1291.4821887372302
1476.728103152418	1491.0304679470146
1431.4810809293995	1433.2346823487017
1448.3963797278993	1443.304790574854
1112.8137418078259	1116.8871625112654
1486.5795490940218	1488.385785036548
1292.848976624402	1295.1236241651156
1296.8207768637221	1286.5622648748952
1335.6305651791918	1333.5385578855787
1403.6044451793423	1400.7863548288833
799.3564552441239	813.9549542313893
1375.4162444630347	1382.0693455637045
1441.1032038746634	1444.3155178919303
1248.789570036024	1248.0964027838963
1568.6294341188623	1572.311664428209
1391.7489395977173	1391.327480090525
837.4153360586497	834.2480454185215
1626.7909661534068	1632.0942396877995
1365.564184782008	1368.3958471380852
1171.5796839851828	1170.300228158357
1431.4012947187293	1428.6911010455076
1646.4268271893961	1639.885461944288
1574.6101659031992	1567.5517152063705
1287.618913965067	1290.0818438830138
1058.013901600003	1069.9325419534723
1068.3952932023676	1075.970825995466
1607.444188474561	1610.5449091838154
1219.2241740050958	1213.6157091553334
1247.8213633253472	1252.7875330755837
1124.8761179591238	1108.7259161965023
1019.4460936972464	1012.5542487889599
705.6203609162767	710.6739404272872
1568.9240757634107	1568.5375068719097
1136.174146466743	1148.9242369203198
1470.1014012153028	1476.344833628911
1150.7464291996148	1170.0439455836613
1030.895028584171	1028.968563022313
1195.8225420544622	1190.9751548153856
727.2981586876849	723.284694526274
1073.051130986947	1070.8647176725865
1294.9996463150019	1294.6012878051677
1248.3976283726515	1248.7344532470734
1427.6100539927138	1424.2434834360981
1740.2185086372483	1739.516767027994
1196.6599760070385	1180.3453888806143
1182.4049759664922	1183.5679786902951
1178.236248945439	1177.8618300503483
990.8780910161731	989.6351539885256
1295.222027282056	1298.564694418522
985.0611367576057	976.3697172957422
1507.799828385294	1505.8879121109746
1172.8848359558324	1169.6263065855378
1117.3796101647022	1101.3632354537028
1152.5241535257665	1160.4283763451633
1675.190202754835	1669.735732339301
1543.9556443153415	1549.2196694137135
1035.3366238990857	1046.0468451122422
1524.679681767564	1522.8946939034342
1098.2770604071848	1097.8917237571939
1282.5485883794317	1283.794530307063
1147.1642302764812	1151.90223780468
970.6479591161769	984.7731310405651
775.1624984063092	785.792053027609
1462.6407656009833	1452.631901408326
1437.2585368851724	1433.4849565931042
1362.0293694129214	1362.2226408413583
979.7865354492387	969.6634824814624
1434.5187896685384	1427.509323068211
1098.7003444770526	1112.984317786914
1436.805294887803	1435.4014226420031
1242.4945282296685	1244.774664018379
1084.678643666848	1076.8166985681003
1519.8959559356153	1518.8380419774053
1189.9768092584272	1193.7080469724065
1068.2543010252411	1059.2193138510343
1291.0628626563994	1298.2654594293324
1628.1471716825326	1623.5513040745213
954.7957659270323	963.8683914954366
1554.1296415220131	1556.0619139851278
1538.6710669201857	1539.8589784086832
1048.2089752830798	1045.2287808364924
1326.233430320921	1310.4277371986311
1113.737431706948	1111.2883350456798
1057.7877873007674	1053.4911256294995
990.4752430330846	987.0305685681586
908.6226697648963	909.7633274913431
1318.0275525036268	1305.8325469461513
1246.9372941468027	1248.6120992198616
1249.402970559575	1248.144275341637
1257.2036074971838	1259.116562065692
1569.4242437107314	1570.7313906613647
1032.060539125203	1034.4182043036756
1267.8795417615038	1260.4021138225623
1321.2779957383755	1324.4956823783066
1082.7755711515492	1059.2275655432622
1568.9809139608697	1567.1850604880442
1367.0834036955494	1362.6523215817126
1148.6996387591062	1155.4176604236748
1423.5300506305066	1418.6483289236487
1103.2093716324598	1121.0487616755206
1171.8501290750282	1172.2903706617526
1308.9709722952975	1304.1544452035887
1488.4179234949115	1485.382261404445
1486.5637595978042	1484.2714539244569
1322.0630812355375	1314.027476449839
1353.984189438488	1354.2491602505715
1087.7299925821717	1089.6530937840623
1454.8861976455082	1451.372529852668
1157.3758437922806	1153.1428120947278
1338.6053416068607	1345.4094225072413
1409.5299806102412	1415.1843800609959
1194.2853691436176	1205.8151056041597
1032.7120199435158	1036.7735868363252
1294.9931052736356	1291.8538306521089
1423.7813776303083	1439.1758008193979
1381.2893341635936	1377.5118947195226
1374.6249527197797	1366.2671512179168
1156.8806590582826	1150.7937294502065
1232.6258348867123	1225.8722960202251
1256.4186611342302	1247.5846716912492
1291.325522967527	1284.060323343385
1602.110121865233	1606.8576062863563
1384.40707407039	1384.975383854806
1146.3268271840643	1146.8559049402518
1218.6083922247053	1222.3756094476817
1108.0505394939682	1113.0038457249564
1324.9992028563865	1331.679565556972
1049.5342649482773	1045.5302211226465
917.2867003180436	911.4028129745909
1019.2732708269032	1013.2668210778435
945.7154875937267	947.6067491147511
1630.825579398661	1632.8109341213637
1186.5396518144698	1190.640822404435
1143.3046906400705	1144.7734686963006
1077.413668263558	1075.634270915029
1271.3576003999624	1264.758399608092
1272.6191398845112	1270.823062488506
1668.5980043650488	1663.675380853212
1263.4266210704227	1252.3552528977743
1452.758082990651	1437.176386499638
975.6697485631448	968.2401686208154
1084.6120506336156	1084.7317015073538
1191.9636458212917	1191.7221332248712
1438.103111848497	1438.1917319802246
1415.8482340970659	1423.3138723042164
1120.4114785583806	1111.6619408999588
1051.8181862821511	1061.3997096053904
1329.1277503715537	1335.8173662302738
1500.2928822379326	1501.3305730042048
1196.7908502029604	1196.4793778385433
1178.7344760392152	1176.6922582858535
1098.1799812852987	1098.6678694153943
1252.363281396014	1256.2842985508646
683.7291469574411	695.9763628352695
1197.5240244946326	1204.3350983744392
1344.3615045785555	1341.7309399335818
1232.759988692589	1229.828130197833
1225.004049570969	1213.0954240859955
1130.2578395333258	1121.442126769972
1373.173080839828	1356.9342305978748
1397.743877851608	1400.3915908974077
1153.1096799656516	1161.5084429778221
1414.144514000218	1423.2654229548516
1258.0476159417303	1254.2933348702268
1549.8765903880412	1542.1851260483313
1565.051943399798	1568.1173594943007
1011.3511818264378	998.1250641060946
1282.7788025034824	1278.858876131712
1242.8951333481236	1246.5070936656216
778.2338399862638	762.0338554686438
1106.851440497092	1105.1838274606778
1493.1831638222502	1497.3901044432969
1407.6317007986945	1404.9805182163432
1385.6445302320644	1385.6135373683412
1436.524279970501	1445.2782183181744
1399.9520629462204	1395.7605045522628
1205.148505684425	1209.6720344703508
1001.2140023469401	1014.8636172423508
1045.6483081859478	1051.4816956870354
1257.0756991724193	1261.4072496817716
1518.1198286631843	1518.847011434607
945.0448527981061	953.5295298325204
1457.433716820873	1456.1377545044988
973.1288229972706	971.3342244388122
1517.9812418888614	1516.1698165174055
1443.4793918853102	1444.3646772031861
1126.5903886928863	1127.198995052947
1093.5518358953996	1068.4683615608162
1273.8588170512812	1266.0834741537171
1208.7807667340676	1198.870462049847
1212.6202271401417	1208.739831123788
1222.1480073155253	1218.751752761092
1764.2168737405736	1763.9451549925097
955.5023872316233	943.8953109703239
1171.6770480758278	1175.2124362597824
1314.2810661985131	1309.544386043008
1323.8240692492109	1305.6316042582823
841.6264263355406	848.9293356845012
1339.9613221096224	1341.392353853683
1078.2415686913882	1067.2532321933827
1208.9271730874898	1227.9435795535144
1428.3181135967316	1433.593557548495
1219.5236242073588	1216.4086413172602
1259.5599629326316	1242.1661235896074
1345.0011826262344	1352.854600561162
1619.3053202840674	1617.1774993518848
1626.7945286644972	1622.2758412033395
1721.5700172934448	1720.8378555345812
1146.445388742286	1152.4422360020062
1618.114655160898	1619.6055749119469
1458.4012992417847	1457.4069951778854
1424.90815275762	1434.9716933781383
1415.708378498559	1405.0567583993802
1054.9231770877086	1056.4960093190568
1209.696086422773	1206.7615865148412
837.157590003917	855.3164830532412
864.2033079334069	866.1969782509466
960.4843609639502	960.4615674278925
1203.1973050986126	1208.04011208363
1748.164695147716	1749.5230477280356
876.8338803022925	879.6031388799684
1049.263994323701	1039.0062036179047
1241.1073115173785	1255.4717939963502
1108.6990982901189	1115.7831820338286
1487.4866223108547	1495.68738671378
1729.5117139637296	1734.5732821749496
1748.5805590809614	1742.5023787105185
961.2163030276424	967.5580108577027
1615.3762005864992	1624.865243882082
1555.4502834445739	1553.2887319121862
1018.4623117011215	1012.978283946652
1378.1640218637767	1377.5869755977478
1094.5290020514803	1077.7847518703106
1267.451812188956	1265.0412431928066
1268.4998184483557	1264.522667649456
1143.1720644145971	1145.1364780578842
1745.5605667103082	1747.715026449366
1596.8396207465557	1594.1709190903312
1305.2017277939885	1322.46962313912
1195.3848833831144	1204.8319341448587
1602.9739302057715	1607.3988603650168
1001.659212702536	1001.3315127400125
1385.6918599752826	1395.735203861269
983.8505501296604	986.3574621740013
1391.2039001939702	1386.1651471305831
775.3887267011305	778.6644457714465
1733.702145323652	1729.8741675806573
1141.8536535609455	1140.4424528231114
1361.8399642334844	1365.700798810143
944.0743857256602	943.0277875457889
1508.3023359047656	1507.4255286666892
1425.4647140622837	1425.1543032901463
1102.7928784824035	1112.6388445783055
888.4661713500973	893.3406928048532
1392.213591581094	1391.6738600459953
578.4313893647632	581.7146219778525
1554.7799960574775	1553.567719258118
1247.99612296524	1240.9624686554328
837.2315152556985	847.6438676212862
1031.7410539548437	1038.319455711111
1144.0823072650237	1144.8859443944964
1246.3717306874169	1239.336168762189
1491.3253945160832	1483.7818425005291
994.8213513071532	996.2354082189238
883.5498198290006	906.9345298055274
1123.716383148363	1127.4894890206544
1176.7867939392454	1181.4856340808649
1427.553433411318	1424.0514395344649
1070.4945540293702	1064.2928664277165
1241.0541401459777	1256.3595353622884
1248.458242730616	1257.5215091413352
1145.0089768525504	1131.8211273392185
1292.8890267651586	1293.3220559256326
1351.3980530256813	1352.9289994268852
1106.2661545641022	1103.0864348526675
982.4117316728225	987.89664514237
1513.0465200446488	1510.2945753005488
1621.736209652765	1624.0198689094088
1221.051110751665	1217.9125456445854
1191.5197256098618	1173.6335532350047
1478.8498188788944	1486.0750629909332
1376.1380502096144	1379.5826460898581
1119.2439058729215	1119.6850475537021
1423.7604396770475	1422.8802394386425
1233.0416220381449	1237.0506546511701
1537.101558615308	1537.6551347885036
1265.317349091405	1261.9788453124079
1099.7548597590066	1094.656757115001
1210.8919579676585	1202.20076580913
1255.1910963975824	1258.7966984536986
1508.0473897964694	1500.6080515758636
1274.9734396835556	1271.8563248468197
1219.2822381465812	1227.9002021352676
1552.8328329972574	1554.4596784859957
1323.6198484273918	1323.7954816348972
1463.5193826361792	1465.817320107677
854.5590800947102	854.5924572113787
1105.6079996949702	1107.0640242429595
1361.5618876593653	1357.4873518457516
1455.9554817716707	1452.9538292557809
1083.3252518326917	1075.108509836978
1288.276587783068	1293.9911150041567
1167.588311745174	1169.015783910015
1404.718849032768	1402.197020422132
1418.2169087269576	1419.6338157002206
1531.2045061100798	1532.1332736773024
1378.4068849351315	1378.7540572610008
1067.2754713774193	1068.0044474829263
1046.8691651655536	1060.3492746158308
997.833433247928	996.7534652996441
1214.5021557791624	1210.0942872408643
905.0846534374723	896.6045666056626
1516.199556025298	1506.6574786783292
1312.957897399203	1314.3509725639137
1106.9414147473872	1110.516924392123
1479.026510980184	1479.5277702527408
1188.0875929470349	1178.2204367912282
1097.3482814320305	1091.6797930684347
1089.2944494256808	1095.1877619211848
896.5254780030227	900.3260123153286
832.1127981538593	823.5425427207832
1362.4473497809668	1386.2242514657898
1117.4265527989483	1119.0308158437533
1116.0362905554066	1107.6824368264256
1442.181089905731	1450.9508125692043
1166.289579337492	1159.6141701330512
1014.3932805083459	1017.1375490086136
1193.6941207773343	1191.5594775484187
1135.7908845110796	1147.5616623298174
1427.1406722609536	1437.4549031477723
1395.7044634344638	1388.0033889202239
1435.6413913855213	1445.2987321946932
1243.518636300665	1239.049673891968
1290.212856036349	1299.9398527709127
1253.4424215851177	1262.8838945505686
1208.108606275433	1194.479785213555
1332.9911826524185	1334.8351306660627
1404.0589442054625	1396.0277206773062
1051.8835286861868	1052.4334692711564
1552.6249674450082	1549.6741319009193
1536.4098968729377	1516.631295316789
1501.7263022791012	1502.6008736620151
1346.2395222978375	1345.9225892026218
1175.6709357014333	1178.3027702274524
1081.5234669756028	1074.79219147747
1529.0948942442774	1536.5905840253472
1571.6538430661312	1569.4895193480295
985.0088078953559	980.4756502582342
1333.503588216874	1327.095917103506
1324.5028810335207	1326.090632091868
1283.4648664513952	1285.2384236514165
1308.3166301094752	1308.8023669023478
1365.8220346716407	1364.8669674719126
1014.2230280912481	1015.1959262860463
1243.0499189361872	1232.016610567837
1282.0276855545526	1288.8543351820756
1138.4334526119346	1155.174912858804
1190.5883829395461	1188.8574864097077
1255.7441542837187	1249.699598945222
1175.0168146016076	1174.918426287772
1282.6531392766337	1288.5301991764507
1307.909677607735	1303.5061868532262
1194.6642821789428	1191.9647221220234
1443.1999851529836	1445.9492622344533
1552.460311464034	1554.6683664702052
1319.336869634164	1317.7062277852208
1121.5116431654315	1124.109623967057
1237.6918616017792	1234.4017045035562
1178.9071074077801	1180.3593316735783
1260.945200518443	1261.1088162250007
1242.4865900143632	1243.9478234022738
1249.2488934993453	1248.1495395237725
1496.4320959288161	1492.239708354672
1013.3048126710928	1012.7051382398027
1077.4300810687419	1074.822429571092
1515.960731540661	1523.5309566192138
949.5869498386746	931.8257693526762
1241.9099772199988	1250.1915353780655
1245.0240913119633	1247.5921433397489
1284.2353008917125	1278.9916275754813
813.1626124600007	821.084612255937
1339.112562669441	1341.7514999466873
1359.7113896011433	1363.381950489605
1617.7008054843463	1616.191175821429
1359.1788608969946	1344.0676681214748
929.0593201183656	958.4232676697237
1375.6549871998432	1367.620029241353
1250.020599391166	1256.205416142696
1448.496082527854	1450.5021410797165
1420.738393424137	1425.2885525043623
1152.276331246976	1142.674783143547
1482.1477005880442	1483.4835386278608
1489.3326678069716	1492.328773197178
1352.2200099796464	1349.4281661854247
949.5022242803243	917.3272642650778
1238.3282215260551	1237.54020314149
1531.9592645984085	1522.1025272864006
1620.0613564940868	1625.377599544827
1317.9681736747443	1328.6134000229922
1465.1578334525693	1463.1351338233685
1203.2979028221162	1209.0312400916714
1133.1269138453645	1123.4812144593868
1228.9912412100239	1234.268377166051
1334.757671281026	1323.0244010391084
1633.2377230230195	1629.776099344488
1492.107662407885	1499.4160651129291
1453.003989351273	1454.0547563572525
1509.5077140767535	1508.450287914296
1438.6969186609494	1441.8545709787056
1031.8889168048627	1020.5017580552426
1025.2251114585088	1038.1290061712828
1093.4380833304604	1093.924711853721
1269.915798022208	1268.879227853836
1098.5896201449505	1105.8687684387717
1048.9039946841076	1047.2245582642186
1306.6845280686684	1304.6617600765628
1387.6965635901433	1379.09844307609
1434.0543232135242	1427.6003395603975
1446.6212655557028	1443.6322795783242
1221.794730209047	1211.345140011511
1385.1448492913332	1387.9199547080575
1386.6279618857952	1392.034358704698
1074.7845021525573	1073.2232696282504
1338.2665089913644	1335.4904241425759
1391.6932794787863	1390.6287094523384
1120.6299303282576	1124.436915791539
901.3737314869068	921.9115809685446
1344.7502415916824	1346.1999024330873
1302.8122875906702	1299.7326915405301
1378.5871501707297	1374.8374244191657
1452.3295630538196	1457.4052155250831
1206.8077186640585	1208.906585074489
1224.5114250687766	1237.721499334215
1240.782299689803	1237.7765781855012
1638.3378656618297	1641.7246325217475
1089.0467451578297	1088.107526470071
1619.0550038001093	1621.9709744394634
1526.6350335245952	1518.504431104175
1475.6127933725948	1475.7275970552585
1460.4622802234953	1466.7784641960416
1103.5054653458646	1104.4722410335162
1255.2036079693644	1261.584685501621
1293.79767751068	1287.9292261261708
1225.2474683854089	1224.2150508927593
1425.4547104412632	1422.8864627459673
1340.4599152911396	1337.9554742999874
1388.5770860175253	1381.4167324340503
1479.0230716893566	1479.7810676852405
1048.4281740032893	1032.9113421158743
812.8326999994752	811.4848723858308
1623.2773187024286	1625.083833115066
1142.339376820426	1138.9162791890378
1260.370731701405	1273.8239787337711
1613.068917243887	1612.5358958180884
1133.1388847299386	1132.7924306077248
1300.8357302057266	1295.125087560315
1544.5088260337652	1546.9904470993172
1025.5274303618935	1027.6765590332554
1441.0606326602865	1444.5212197550852
1757.0052016462141	1755.9076687377785
1536.1314061934245	1541.9755108583738
1172.5244050420588	1165.0113975452432
1057.837859860767	1069.4354514765969
1348.7883935562859	1344.461823397968
1004.4984258773911	1007.3518399816072
1519.6434327607858	1511.1146622238034
1332.1628953925974	1335.797258632019
1383.9850355566887	1376.394398241323
1368.6134066729282	1370.7730534298516
1459.0573194018216	1452.5913288457366
1228.6330150809372	1227.140312428917
1476.916318928328	1478.6965436926005
950.8205114117882	956.5842086851957
965.857024622208	969.1488581681081
1352.5128297873307	1356.4115484919073
1358.1402615374245	1361.3793936512066
1630.6165459439799	1631.3254210383382
1530.6738315974071	1523.8165401236204
1118.6962911371375	1123.0739486416076
1260.0267337312107	1261.7596787416521
1341.9473000372527	1353.7604511148465
896.7554349042475	911.1317026821016
1271.9023754430818	1270.3033171661834
985.7566364737868	979.9930336748238
1243.6618614086765	1253.2945149049203
1269.8711392918194	1256.8183215866359
1401.2605038012553	1413.744472692414
1462.2774652545631	1466.9842336181803
1230.5025450206595	1231.7236874768512
1102.0236316867522	1111.761668732021
1454.3468460768054	1452.5363053959795
1622.0558501159248	1621.252445393537
1287.2955836220644	1289.4129592606037
1381.5567547817482	1374.276518952496
999.4854602991836	999.3065268693729
1443.6242292989045	1451.5611476547467
1279.7326374964323	1278.6531652054357
1096.6555611480144	1091.8194769486672
856.1750516142638	853.9542742397477
1038.7568728320184	1032.2473161681419
1096.7109330203675	1097.2059918957755
1374.2655684701167	1375.9111787996521
1248.188728930836	1248.656603728194
1096.809829297912	1081.071091258443
1300.2147695957392	1293.4285878645528
1124.244004899927	1127.6062884578364
1251.7653098237352	1249.8044106911075
1156.171802734927	1163.414223420793
1101.9552292922453	1098.6443291880607
1318.6143788722402	1317.284938427928
1249.0393469416886	1231.3729130887127
1629.7960059045872	1634.7048126188283
1425.5273317153915	1417.0883116461116
1449.14926054448	1455.8654174236772
1368.3254327368923	1355.4185995754594
1260.6146835533727	1295.7076695371568
1049.8040792252577	1048.5660169412868
1255.7402366281021	1248.259697725465
1209.5031922322523	1215.1281527249946
1440.8992987888632	1443.2657452129984
1266.0705628430587	1264.3210762466092
1259.9585685750644	1261.2968906453027
1208.714651501563	1214.305725718115
1437.7539062198484	1442.9043604462688
1582.8463890869753	1581.2324089240237
1138.3921728277055	1133.2247941882204
1369.0654459529324	1363.0959654507467
1363.5393880383053	1356.9378884014425
1476.8287213079457	1471.4659978552013
1226.9335920462618	1227.085356972421
1360.5070598486636	1362.2528509372694
1387.6453062046203	1387.6059024326844
745.915529879363	741.9394883994818
820.8110167035484	828.4936466305267
1391.2912711058452	1389.4433654202853
1441.2117465301126	1453.2420760919642
1236.7989883249975	1227.5172526464473
1286.8053125478036	1283.9778995375184
725.9054278059048	730.581487083934
1427.0110125618812	1427.6790684823152
1381.3254602185334	1380.0297171850214
1499.6962754543056	1505.7113630460108
984.4010812643974	997.0592673837341
1313.3473783346417	1313.3101943614697
438.74467065576755	451.91778345840885
1122.349990375602	1125.7767787532553
1229.966033554374	1233.018911007147
1232.2140012820018	1228.278076895509
797.5702619339572	791.864695778267
1309.3937892673712	1309.9175356360033
1303.3332717099402	1312.2087182093296
1226.5546926548705	1229.8093834088143
1264.9068701304204	1265.9171493569213
1232.547578182508	1239.6568418890581
1342.5062862268533	1333.5898038826092
997.9530396787741	1000.1930835679187
1363.464381446247	1364.4446587848674
1185.9257968729362	1177.1290089842014
1232.2050093337602	1228.2383670448564
964.462251748424	962.0766480431673
1154.0756238161703	1160.6454658245407
1481.9232554104237	1487.1155660849965
1648.717627507809	1645.7912012313664
1428.3631224812416	1440.4655702613327
1314.4175334918837	1321.6183291239668
1380.2519026736263	1384.0795958994352
1238.867761499685	1246.79050119178
1649.2616303229588	1643.2559909616803
1275.3200064921984	1277.3751155940543
1097.5127329751267	1090.3266398940748
1279.8309143739752	1271.3298477466624
1271.6141238156997	1274.5926543865066
1394.1183890791435	1401.359918671629
1315.4203987055807	1307.6303400213826
1369.6436319981876	1366.6139271473041
1624.7595474107657	1622.516490252971
1392.4499565716833	1392.463309529472
1329.231987833191	1331.5357832337181
