7.084869593904957128e+02 9.156048979536723920e+00 1.000000000000000000e+00 1.000000000000000000e+00
5.442225374908678077e+02 1.033879724309749193e+01 3.162277660168379394e-03 1.000000000000000000e+00
5.434683824290322036e+02 1.034395663983662139e+01 9.999999999999999124e-06 1.000000000000000000e+00
5.434659939394005050e+02 1.034397240846329602e+01 3.162277660168379191e-08 1.000000000000000000e+00
5.434659863862920020e+02 1.034397245832844447e+01 9.999999999999999072e-11 1.000000000000000000e+00
1.557978895132111745e+02 1.472020527765296682e+00 1.000000000000000000e+00 3.162277660168379079e+00
1.447852251845567366e+02 4.771596100679639463e+00 1.000000000000000000e+00 1.000000000000000000e+06
1.321223416399026860e+02 3.912655436664695507e+00 1.000000000000000000e+00 3.162277660168379080e+05
1.217105271306716361e+02 2.906991625082788300e+00 1.000000000000000000e+00 1.000000000000000000e+05
1.102155011203230544e+02 2.254976409229176859e+00 1.000000000000000000e+00 3.162277660168379589e+04
9.614760617815977639e+01 2.206938963263712417e+00 1.000000000000000000e+00 1.000000000000000000e+04
9.266052905763817193e+01 1.146819726876024514e+00 3.162277660168379394e-03 3.162277660168379079e+00
9.240016039982128859e+01 1.146281692646783368e+00 9.999999999999999124e-06 3.162277660168379079e+00
9.239933588010094923e+01 1.146280007168551496e+00 3.162277660168379191e-08 3.162277660168379079e+00
9.239933327271306496e+01 1.146280001838158036e+00 9.999999999999999072e-11 3.162277660168379079e+00
7.761640361339310346e+01 2.275201140365819441e+00 1.000000000000000000e+00 3.162277660168379043e+03
7.404614141145086137e+01 2.315244891070582955e+00 3.162277660168379394e-03 1.000000000000000000e+06
5.918681256435409921e+01 2.182563203399348062e+00 1.000000000000000000e+00 1.000000000000000000e+03
5.347553852464510271e+01 1.785282585927374654e+00 1.000000000000000000e+00 1.000000000000000000e+01
5.015408405796470959e+01 2.001444191396308803e+00 3.162277660168379394e-03 3.162277660168379080e+05
4.873227926452806003e+01 1.839987114695582848e+00 1.000000000000000000e+00 3.162277660168379043e+02
4.439198960758285040e+01 9.929495327045864128e-01 1.000000000000000000e+00 1.000000000000000000e+02
4.126211365023145561e+01 1.248948493193260179e+00 1.000000000000000000e+00 3.162277660168379612e+01
3.263659705158262625e+01 1.151018626954636970e+00 3.162277660168379394e-03 1.000000000000000000e+05
2.523184929735720772e+01 9.659463435668592668e-01 3.162277660168379394e-03 1.000000000000000000e+01
2.505104143649915471e+01 9.654968751400021532e-01 9.999999999999999124e-06 1.000000000000000000e+01
2.505045998662641438e+01 9.654962059856507794e-01 3.162277660168379191e-08 1.000000000000000000e+01
2.505045814778618407e+01 9.654962038815805281e-01 9.999999999999999072e-11 1.000000000000000000e+01
2.215826199730410906e+01 6.787540743058416703e-01 3.162277660168379394e-03 3.162277660168379589e+04
1.603072878588876549e+01 8.251038158803618572e-01 3.162277660168379394e-03 3.162277660168379612e+01
1.598020516037240135e+01 4.651064186811044165e-01 3.162277660168379394e-03 1.000000000000000000e+04
1.565413561134809939e+01 8.413705572749166084e-01 9.999999999999999124e-06 3.162277660168379612e+01
1.565289535766862983e+01 8.414204917284592300e-01 3.162277660168379191e-08 3.162277660168379612e+01
1.565289143417802542e+01 8.414206498270399015e-01 9.999999999999999072e-11 3.162277660168379612e+01
1.320024437961365393e+01 5.787448335974906266e-01 3.162277660168379394e-03 1.000000000000000000e+02
1.252213530968575483e+01 4.260134292240190246e-01 3.162277660168379394e-03 3.162277660168379043e+03
1.231489591579549803e+01 6.034134996857623001e-01 9.999999999999999124e-06 1.000000000000000000e+02
1.231178642579456906e+01 6.034926153979497387e-01 3.162277660168379191e-08 1.000000000000000000e+02
1.231177657824509986e+01 6.034928658017322256e-01 9.999999999999999072e-11 1.000000000000000000e+02
1.175140161377830417e+01 2.294157055883313256e-01 9.999999999999999124e-06 1.000000000000000000e+06
1.106450756820512815e+01 5.219613023888777237e-01 3.162277660168379394e-03 3.162277660168379043e+02
1.098753263941311609e+01 4.813049990612285334e-01 3.162277660168379394e-03 1.000000000000000000e+03
9.409792846781289910e+00 5.303696023855551944e-01 9.999999999999999124e-06 3.162277660168379043e+02
9.403852660023620302e+00 5.299197863231813743e-01 3.162277660168379191e-08 3.162277660168379043e+02
9.403833972420255094e+00 5.299182905611035110e-01 9.999999999999999072e-11 3.162277660168379043e+02
9.304324934117065737e+00 1.654454330894774283e-01 9.999999999999999124e-06 3.162277660168379080e+05
8.031540028890509220e+00 4.338717118781361126e-01 9.999999999999999124e-06 1.000000000000000000e+03
8.019813521247638022e+00 4.331889954120891062e-01 3.162277660168379191e-08 1.000000000000000000e+03
8.019776519267367121e+00 4.331873364642375157e-01 9.999999999999999072e-11 1.000000000000000000e+03
7.797100953403338863e+00 1.797762975892219783e-01 9.999999999999999124e-06 1.000000000000000000e+05
7.304762555119642009e+00 3.476742207820955333e-01 9.999999999999999124e-06 3.162277660168379043e+03
7.272625212883539803e+00 3.495819552552105747e-01 3.162277660168379191e-08 3.162277660168379043e+03
7.272533658967813786e+00 3.495899312974991013e-01 9.999999999999999072e-11 3.162277660168379043e+03
7.076851322247196485e+00 2.190790150593167340e-01 9.999999999999999124e-06 3.162277660168379589e+04
6.968528477142444721e+00 2.731905737948353008e-01 9.999999999999999124e-06 1.000000000000000000e+04
6.865456647472662155e+00 2.863581590540357213e-01 3.162277660168379191e-08 1.000000000000000000e+04
6.865222209883420135e+00 2.864166298799576404e-01 9.999999999999999072e-11 1.000000000000000000e+04
6.706317275443315573e+00 2.353714480267593556e-01 3.162277660168379191e-08 1.000000000000000000e+06
6.702545603647438455e+00 2.409632727397000573e-01 3.162277660168379191e-08 3.162277660168379589e+04
6.701991055787911655e+00 2.411390545867953261e-01 9.999999999999999072e-11 3.162277660168379589e+04
6.681364809489735990e+00 2.447921844827304350e-01 9.999999999999999072e-11 1.000000000000000000e+06
6.665928687099551553e+00 2.298068801346271894e-01 3.162277660168379191e-08 3.162277660168379080e+05
6.659801354652207905e+00 2.320367731836944225e-01 9.999999999999999072e-11 3.162277660168379080e+05
6.657069482989458997e+00 2.272156524999082439e-01 3.162277660168379191e-08 1.000000000000000000e+05
6.655415110841934379e+00 2.278788271964869994e-01 9.999999999999999072e-11 1.000000000000000000e+05
