1558.768226217595	1561.3140301412243
1317.3819318582828	1318.009611644801
1104.9246733817272	1105.855960640855
1325.5050298319838	1325.9806910725201
1186.9628837165365	1191.1068689771723
1456.4604265608068	1451.756220390925
1488.2842503863212	1482.0042340200685
1432.526235329482	1422.9903919146157
1439.5020850775181	1445.6388379951782
1732.5754900317115	1726.699928909543
1459.4649615633534	1461.459378499309
1135.251799477759	1130.6271572720361
759.2983461618715	760.2995614181729
1621.2248041944986	1624.484429364856
1249.3792654644058	1248.603086821168
1117.659946030646	1127.4829482064094
975.2982501070073	976.4654825036046
1277.3987567904987	1281.3945163893895
1003.6364477482566	1000.072285789292
1221.3063505162136	1223.8673858878612
1108.192303126154	1111.4118492419364
1170.1092186246824	1179.994440000866
1186.7875341690378	1197.0788408319975
1190.7283313780208	1186.5855699303743
1065.574029168347	1070.6120473627266
1541.3315259910305	1543.2462232444268
1283.1499599699164	1281.0975979362981
1115.7719185682363	1115.2228051549666
1359.009302769642	1351.2796051245762
1507.879078996746	1496.845258617417
1345.378852330905	1347.1484271822158
1548.2563023335824	1546.8722212818018
1461.4075387358316	1452.9805688634979
1374.3898822277552	1369.630819721566
1501.2293227816117	1505.2628852958674
1232.3878866145387	1230.1810751006583
1423.497465943714	1421.8165779623444
1419.435956819274	1419.4124811936956
903.1854978467163	885.8831065737771
1478.4754099122365	1497.2179336514307
1112.3410120811313	1110.027477032301
1360.2421528881823	1355.3832852713563
1167.417837525456	1177.3865946414273
1333.547074078524	1330.4066727963987
997.5890600154817	1004.8138564674922
1277.4217769994284	1280.3772503891737
1549.6436863230774	1548.3906627453189
1021.8308272657159	1026.0594923971703
924.8105023803073	929.8464510475121
1368.0012266727863	1370.793160290553
1504.6566445214557	1498.415279307175
1498.5711029836966	1492.4776627146534
1368.713189784874	1375.575255500948
1342.8191897358338	1346.7669554074444
801.8328306136536	811.6298482577553
1079.751753817167	1126.4776681237483
1083.838869080966	1088.9997665024173
1116.621084817103	1123.9649987023006
1137.4815402585082	1134.1529507289854
1555.4502834445739	1555.2480179773906
1094.789092645282	1101.4014411995865
1229.502388662746	1235.985360151911
1295.9455045883951	1302.6688008711985
959.7257939627452	952.7176804872208
1732.5441317782097	1734.0146411138883
1138.1405473553168	1142.7746440938934
1004.4984258773911	1005.6839321078139
1145.1486301297555	1134.184250181256
1335.6094611270528	1333.229312208046
1096.72068008699	1082.1266215042242
896.7554349042475	921.1540000900188
1370.2686745963874	1367.7608727904333
1587.1995536591276	1591.4500788803664
964.462251748424	957.9123906487835
1372.6967093542917	1363.9399586593618
1338.636341608304	1336.992126456672
1394.3816248485527	1398.1861963239203
1221.9265787656477	1222.1412503844263
1131.9332853890373	1149.9322133554135
1562.3011609299865	1560.9649955720622
1242.9475927110761	1250.7580443120219
1017.6712063119921	1023.5715471227041
1575.5067764176056	1572.1131205137015
1130.9860511102015	1141.5034880516898
1095.281449485541	1087.619075876084
1665.3216153689718	1669.949903463624
1244.5638483004295	1244.5820318406
1194.3996618105448	1191.332527637777
1425.4647140622837	1425.2082748346716
1722.0562244835892	1737.881084457294
1509.1677771185641	1505.056615058541
1559.4230340053618	1561.72895870283
1132.9631400747166	1146.696615776719
1344.3615045785555	1340.0928455937842
1314.65268303224	1314.2523744489129
1006.2214841795794	1005.3604708425859
1306.4152549718274	1291.2623740968681
1148.9425725027104	1147.0679430843575
1585.4847738757962	1581.7290682489909
941.3127155973634	946.0343173912603
886.6865482412395	900.2470693291219
854.5590800947102	852.3842707977034
1085.2736719546083	1090.5600481425172
1195.1161580628832	1194.2713060952167
1227.2000165082864	1215.8629735388422
1297.600764684088	1285.3296348001188
1386.6279618857952	1389.8742278941916
1463.6298544360034	1452.6486055204496
1252.5800539720221	1249.523187613253
1296.6950592388166	1294.8213071772536
1342.3687047712447	1337.772508544594
1006.1409914117248	1006.2405464350957
1518.012520739343	1523.2208998970816
1270.2215118476888	1272.5112908826252
1484.8007292034454	1490.5937902266658
1374.2655684701167	1374.7504780484746
1337.5156519142329	1315.1844898847394
1156.8093962282874	1147.8423250417495
1645.312602744496	1645.572193244
697.9317556928145	703.5462490863262
1220.4937337769952	1214.4765251276524
1597.1839929912821	1595.205525033418
722.030797119427	714.3740523648104
1538.6710669201857	1539.3540482966546
1555.9290301430156	1556.8796039853783
1198.2532216450782	1195.1688931458943
1561.0621287418471	1557.1826135998972
1427.7266710237018	1417.6921947504416
1015.6564629168133	1021.1043920133664
1397.664158501837	1395.1348587953744
1453.9002606770664	1451.1480288515427
1390.6254609982425	1380.3058919046898
1212.6202271401417	1211.497149500686
1452.3295630538196	1452.5777006671387
1333.8603779672412	1341.79702642297
1649.5029233198438	1639.993008638258
1294.605220934929	1293.8477083317844
1134.9991017319844	1123.3557556171302
1327.1827907789557	1335.6890145357895
1167.772924540419	1168.9754106809974
1042.6047377416398	1044.6868038255263
1467.8477574062708	1471.7577168230803
1291.301146810758	1288.7461485473257
1386.7652988056361	1391.5521990413274
1084.6027102121734	1089.220173066092
1503.4949958307552	1512.1587660825955
1515.765301282605	1507.5776117095145
1209.8462370726047	1203.9241165161898
1383.3365521949017	1385.3719602484541
1340.8748706712213	1332.989819362322
1249.9408283787197	1259.960001988813
1062.9644215347653	1066.5709872905943
1151.5960814931896	1161.5548193352297
1477.4367739242152	1477.3491382220782
1373.0371855443227	1371.798553648139
1326.4851302301104	1331.7886522865824
1547.1264471576724	1551.7899452784086
1116.4789381353476	1113.6893471920052
1073.051130986947	1061.0272942274557
1373.7184901433357	1380.1743611285997
884.5063425006811	907.8794148310527
1104.4223813510616	1107.0747193296718
1314.8664790159673	1323.0389200218804
1439.7865883010381	1450.0353917499838
1273.9191053227696	1278.204958438689
1340.8562789405987	1340.4060379018347
1543.2503845603205	1544.9391140029404
1573.911271137069	1577.7945417884546
1487.925346685195	1487.9474542251764
1109.379770805681	1112.6396769501507
1426.2804091271246	1415.8573843992508
1447.8767554615042	1449.8848168731895
878.6497788418783	883.712632870441
1241.4425881120842	1246.8985091954473
1158.481392226735	1149.9937158211258
1338.4595407653833	1334.5008815297826
1597.8534050075395	1606.6774062778384
1041.1222687916597	1042.9435308071966
805.240982688847	795.3756661892897
1172.5244050420588	1166.3596475266284
1029.6248088321881	1042.8044431164924
1049.007356261398	1043.522774144113
1404.6674307682842	1403.150865251489
1478.1288874326274	1472.6281236834325
1308.5239338464453	1307.3195960166568
1266.8451220687712	1254.1430253887518
843.1645849430352	878.4893711423828
1133.1388847299386	1127.9548060008376
1268.8065125958528	1271.2696984293968
1309.0596452800382	1306.4765996884862
1476.9195006116643	1472.2964419839163
1058.6005168268748	1076.7708104454011
1491.859420430672	1491.04817137846
1270.1373354375537	1264.116501520374
1513.526535833982	1520.2738802859283
1374.6249527197797	1363.919866244498
1099.5974417213583	1105.447111141715
1174.1063338740496	1184.86427178499
1433.631870094483	1436.011531791785
1387.2877120580233	1381.119717258167
1188.0875929470349	1174.7558969393017
1263.8402954897902	1273.5310222235908
1601.9621457301546	1607.4453753996538
989.6409427446488	1000.1803077100719
814.4344029892382	816.5159566375362
1352.0670739898633	1350.1674830878653
889.2154046147189	896.4793810754531
1439.9146375021955	1436.418019619123
1471.1155566751258	1471.686219845547
1620.1920287127432	1619.394639569244
1594.8668401407776	1600.3168270565966
1200.3021490300016	1199.4634970568798
1385.1448492913332	1389.9725031057826
1386.3245482151106	1378.6241673069546
1433.1094049052044	1430.6514482265354
1121.464679413475	1111.7624083477544
1088.958717726142	1090.77571183178
874.1913950182789	879.3679782938359
1301.6629590983212	1297.297427123535
1080.687878364668	1079.4232981035018
1171.6770480758278	1172.3369788680873
1315.4203987055807	1308.3279124338717
1013.3434388327587	1001.5432118368326
1052.2502227389487	1062.2816685128428
1188.7591139186407	1186.487990546573
809.9669485404156	806.4184619180758
1321.7670467389398	1320.8314971497434
1298.9548122297856	1285.0945011902118
1524.679681767564	1524.5766653710468
1563.0337325924775	1559.966017162636
1274.0791085740493	1270.6901701942818
1245.2576640754996	1239.3892091393604
1168.6781252148503	1170.713406675854
1126.006328147254	1140.5851956352615
1268.085558479681	1262.4410603123365
1311.4457433515054	1319.4958490384793
878.1209135689278	880.1099131411561
1145.7076968217443	1146.485689957081
1525.4190094452933	1530.0131548916402
1376.8456525483343	1370.6531775301305
1281.374397863925	1284.34725796965
1460.1195680017117	1458.1488628782458
1414.3563418452977	1404.212113699063
1302.658482555271	1312.4064400494224
1478.5610869875236	1482.006701673584
1428.5402690488845	1428.7229918791718
1093.127586840943	1082.4100938964193
1267.8795417615038	1262.6171172762497
903.1311072325916	897.6590626245273
1632.9276483405265	1637.309388640325
1544.651058636984	1543.3926302334114
920.9873175257817	925.2145610421129
1186.5396518144698	1191.207243465271
987.7903793879668	974.423527818525
1275.3200064921984	1277.6000660055786
1424.7611241378763	1430.0272900870154
1344.7502415916824	1345.8687558841327
1338.3825317350565	1333.980934542884
1336.9928715486894	1327.3623196464741
1058.013901600003	1064.9427241858427
1317.362563814997	1314.411557238631
719.7175420906569	706.0653467180018
1516.4438908817538	1519.7646261282025
1146.445388742286	1153.3335871210065
1517.6995692517376	1515.6487637501723
987.7006619641033	966.2638071577155
1166.2552055127744	1157.8727398335443
1141.0870767104498	1140.004125524567
1033.1549561182328	1042.2269339477382
976.0589432015549	971.242492879793
1627.418284489686	1630.3513017214525
1239.103492540773	1233.4275245879262
1141.0046745554137	1134.667669711154
1234.9828820020775	1234.1480256002658
1181.5232506104512	1191.1478525346972
783.2143161125277	788.1737315112392
1531.0961030220205	1538.1792509829097
1616.1076615647762	1616.950849085871
884.0017855205806	880.361471148803
1091.294401987252	1076.0494164056774
1280.879601370456	1264.62405804654
1217.809704222018	1217.7875043567246
1057.837859860767	1061.3012115997706
1517.7079499480606	1509.8456777650947
1092.4441098778916	1086.6890886704202
1626.8699401826307	1631.1009112156557
1106.851440497092	1105.046994206675
1619.7171795635077	1620.740117099499
1342.5404145978973	1330.946844000105
1282.789517099387	1274.5629163196797
1036.0077756317332	999.801552896722
1475.6542299651774	1479.3738110980228
1191.7326479413605	1196.4469082408511
1137.10539786375	1139.7962389877555
1050.7810743893206	1060.278878448095
1263.6935196737468	1264.5920179504667
1415.4557689508656	1413.5500224284276
1332.8919181202364	1334.4414321018699
941.4208131294872	944.935746118965
1520.7373779169866	1529.0504852474237
1325.244685865473	1334.0316386288016
1410.2270392332575	1408.2809900190696
1346.4052223041363	1355.27841507059
313.095737904674	340.51281893041715
1342.913544762705	1339.2322718035339
942.3188368151023	940.2611031148992
1306.2039389125712	1294.789623755295
1378.1640218637767	1378.1184212036512
1159.1056767501286	1170.6980435655955
1032.7120199435158	1037.3948369360796
1348.7428923204716	1354.047348815076
1192.582038615481	1194.1459039253748
1285.726948197931	1287.622217473279
1425.9639882846677	1424.5293826396244
1165.8508194376482	1170.36819087493
1442.385832206026	1429.3440909623912
1333.503588216874	1331.7823652494762
1252.8104254062055	1258.323927425876
1262.2946110966732	1264.8219744641044
1634.3156582351075	1633.8958317650222
574.332391329488	601.5685479436976
1630.4784733658307	1626.0956229302265
1013.8781179818325	1006.3085419891532
1352.509886866028	1350.2033157168128
1115.1081945533224	1118.5886019780853
1131.9103073561855	1132.277887159315
1209.4139445275941	1205.7334320785944
1201.0111043733486	1208.8140721641544
1048.0228927987337	1037.461492595127
1734.2988086401892	1744.899164956453
1733.827451589692	1748.7046546530828
1505.0432773410867	1517.826006341702
1338.6053416068607	1344.497684697325
1108.5843505552039	1118.2187613376273
1131.8732629051374	1130.3696987402423
1516.6349927166011	1515.1739376667254
1307.8085119326133	1310.307143179943
1517.0674257994106	1519.770562063552
1308.9709722952975	1306.0806853698925
1021.7645623534918	1019.3380399052562
1172.9578612897021	1171.5071236442552
1157.003928191174	1155.095183138896
1320.7600507150928	1322.2270305487757
1637.3138535160106	1640.5047695709527
1348.0589843510534	1348.7695651155773
1392.3645490841009	1397.6624764343853
1538.572087472945	1546.9696964513112
1286.8160038233036	1279.1403887123513
850.1753952207218	843.4753174080196
1338.3436757928284	1358.1679665664255
1287.8818413135596	1284.497911122895
1317.9681736747443	1327.8430870746038
1157.3758437922806	1151.2993359051836
1470.6343901226355	1471.9308542807394
1155.390052080009	1155.3151384312885
1499.7069218988472	1493.9206427603795
989.5273564578092	971.8055733623726
1016.2745714605262	1022.5518476877223
1494.9390952759713	1495.748446861515
1004.0085100065917	1003.1535464163359
968.0956978493487	962.57275702305
1551.0998299772327	1545.9899320613176
1323.8400372534816	1320.585958182535
1443.4825666297693	1441.70292064229
1045.8403847735608	1050.6190027089983
1091.0576946643414	1078.2710007615642
1454.5315514744725	1454.301909467172
1651.376940898219	1645.1299588424206
1580.1176721273805	1581.6624703528278
1362.619803466223	1365.5398631786325
1405.069304512639	1400.096704987522
1330.6542700381833	1323.4833704752384
1247.9137313005049	1251.4661551083598
1270.4999312988657	1267.2298226922949
1183.0883338213316	1184.423840557746
1224.7049407325103	1241.7523234848413
967.182814539352	978.3418518648106
1329.231987833191	1325.6666684188551
1010.3486230160343	1006.873041127506
1454.8409985297185	1456.187500900755
1120.4913364462554	1113.357987796956
1495.1117945459555	1493.6263797932893
1239.6685975750152	1238.2122734152078
1113.8556390886952	1138.7072088764396
1231.263072863745	1223.5744218580726
1174.9740623183025	1165.9138859873885
1230.8670924479957	1225.197333814346
1245.3535384811985	1244.274605375625
1065.1119455976586	1068.9249759843137
126.95108544333198	202.55781349629848
1632.036430966953	1638.1940914645386
1242.3102178408299	1234.817938439965
908.858364284999	892.0725115182856
1455.7275305454677	1462.906416700031
1392.6732181748957	1411.1582536584651
1095.0741166239604	1107.9619973427198
1447.0155063128623	1444.0045585628734
1455.762635423569	1445.1527550889552
1160.6125679743418	1153.8828328009295
955.5023872316233	944.0220379187075
1331.9101074341743	1326.6644057512235
1325.478827298968	1324.978922525663
1577.6088902319898	1577.834095631761
1306.348040426179	1313.738741318233
1145.4399800832907	1163.7544248158092
1276.0337481358147	1266.3259753969298
1146.1276429803693	1139.6590509556988
1619.5208331432368	1619.1118135029315
483.0759866333683	551.9692014543039
1107.6339451788226	1100.9460424860733
1114.2222206257284	1111.54985875509
1246.0008010428865	1239.918133011116
954.3700848009903	956.3706332262161
1104.6861843762745	1091.3156766997133
1092.5219355695008	1074.4086262614146
992.2603343270603	991.3083911785877
1282.7805769411789	1279.5599685529653
1362.169712960167	1359.2520832498844
1514.8999155955971	1520.8651075910832
1361.4686177873518	1375.0095832014622
1317.2154124566587	1318.6387685257941
829.7733147902181	841.6376868235493
1395.7012240393087	1395.8842803221157
1203.824466596241	1212.264383508296
1301.5900584585033	1297.632310416707
1159.2800456561963	1167.694663404468
1201.846151299018	1196.5202406992132
1015.7034248259151	1019.1868944283472
1299.3107114124286	1293.9052678819405
1237.7273061703308	1240.1742431315047
987.7967770323739	989.9215616318406
1478.9671911214245	1472.4211486162246
1510.984308963205	1514.6915307671015
1486.2410019363742	1489.546531679689
1284.5514609778766	1318.1240246252635
1350.8948245798529	1347.2483634773407
1610.365324080718	1618.7349280893466
1461.1118524360645	1459.7310147676644
1373.173080839828	1360.5581927567164
1190.584013157204	1183.1877076443004
1411.0340896827402	1410.0368981091517
1158.2423969249066	1161.63952340964
1344.8466543812247	1344.2520533347754
1538.96883841214	1541.3603109561334
1174.7819792016817	1190.9024191030182
1189.4810693069885	1193.9067684675442
1180.1724117306876	1191.153091873446
878.6106367854227	874.2929824920045
1225.1235500771436	1231.474216614107
1341.9473000372527	1355.3079063041673
1284.562877251883	1266.9545772197575
1313.050887112564	1324.8123014667235
1609.7073599227879	1606.473206291799
1081.8100449561025	1083.1230419774313
1284.7492058752687	1283.258694631646
1097.4928761766641	1094.6578674355096
1195.1545700443676	1194.099900865365
902.5563071698416	911.0536643252839
1113.5365856811404	1111.0564482551745
1242.2846949237573	1241.355767619686
1279.675752778654	1282.533210896174
1155.775668974733	1136.313378006113
1186.4820252487843	1189.6322309779343
1211.7364816450863	1201.615396634084
1288.7578450330475	1285.4305140251854
1481.8661347200687	1480.6586935724006
1341.0911364081549	1348.279107859681
1295.521546273725	1302.4794674383254
471.6532875928824	494.895290242287
1021.5309830656042	1057.4258683425192
1353.2896484066732	1358.1272520406778
1143.3046906400705	1152.4677780846646
1485.2376830411959	1473.2992740742843
1352.9927228101005	1348.998399917491
1251.3923197895347	1259.5171040434996
1736.1581506003276	1742.9701656291656
1460.839838360349	1462.6647608721362
1078.2415686913882	1075.5583334520534
1454.7722597879474	1457.3573464950066
1103.137518061878	1099.5055532066933
1497.3067256213399	1488.6598540066293
1372.420682411088	1368.390925789347
1214.8231283600326	1210.5702340467963
1614.88030980053	1615.4181108600817
1491.720632560784	1492.343592143291
1362.3198359407834	1361.8162128086483
1406.3675909490848	1395.8251036115994
1142.688043202419	1138.0035725187156
1580.4232760005689	1574.465472626425
1455.8684323571215	1444.8067795066406
1197.2150247617392	1211.1479626987011
1480.1054931871477	1485.2521837603267
902.6563766183972	891.56389671987
1169.632389656559	1170.183468408748
1068.642449910054	1049.6378934122415
1339.112562669441	1342.319819780632
1294.7986280492914	1301.357110926888
1126.1118601194466	1122.6857808231425
1113.8860569382668	1119.0039859321084
1228.171079649066	1224.3657039167267
1327.5299918252858	1344.0215914684152
1387.6091993029695	1384.4319268161692
1084.889792812086	1099.203323524217
1517.017698083131	1515.3056867821876
1089.9342657033703	1094.6242345121677
1023.6818204943556	1022.9850197457076
1292.1703753810143	1296.1572773860494
1557.7953651430435	1565.216627445823
1095.9085251524812	1092.2554916863437
1368.112040611537	1379.3626726614643
1125.1765590111318	1127.6505161980622
1075.3142662757018	1064.5232487048618
1322.337699995056	1307.2763016408794
1203.4026865058986	1199.2305138784052
958.7426767727884	952.2668994104422
1229.4570111839275	1226.0720843456195
1635.4633960266074	1627.1267939201052
1018.4291403311654	1010.8390553810946
1182.576711190428	1173.620558056252
1233.9238434055296	1233.1071583193611
913.3864140683145	911.0470474939834
1113.10724775173	1116.3876201960873
708.1083282406471	698.8829198263463
1035.7089236181346	1039.2288608479473
1201.5847641809669	1180.4408710858106
1230.758301793161	1231.479993128946
1336.8798611137026	1331.8509730971252
982.981204757758	979.3321427683015
1077.0978402993933	1072.219599205129
1077.7237518123002	1055.3513675022148
1272.4729028247239	1269.5898695886121
1272.3889147761802	1278.6156269564149
1051.3892104791012	1029.322324226121
1573.9315158102836	1566.9110010826948
1255.2036079693644	1260.4853803102553
1576.648038821586	1564.0013402828106
1255.6766070423764	1269.0502563617804
1075.8871134250658	1075.704670241602
1309.3150394571421	1312.5094829292877
1221.89035076258	1212.7894563826749
1063.7149132722989	1064.589297824583
1457.0891870435444	1448.5834235768114
1312.148279966088	1322.72526296388
1243.6941122162098	1231.7084951675124
1202.249071014201	1204.0972581779085
989.8746798302454	1000.9113823237115
880.104956893716	882.5647940365748
1395.9232964444382	1394.3457925756834
1563.698582223442	1563.3593078473127
1630.5715682690206	1632.9109740029135
1265.8343716363015	1264.3838240285509
1083.6961188897258	1097.042295009141
1465.19425959012	1467.6467541119591
1339.9961568530998	1345.3380082641906
1508.9870932834456	1505.0309125600243
956.4737036694714	966.2777329330453
759.2998298539896	747.5638416343023
1099.0728738272446	1085.5272993238727
950.8205114117882	958.3531889873999
1234.2954090980347	1254.4689209618227
1462.1905876111705	1458.3819759445053
1623.3299974488327	1625.9405117709757
1167.4630651166663	1167.930675169182
1073.9480793417024	1071.9478378889773
1153.8744660065859	1166.7747800567104
1087.592522525345	1075.8450115769087
1501.9343021357781	1500.248929060425
1273.2867477885738	1289.254116157055
1581.067376556719	1594.5297110036774
1295.3226984694193	1298.8601231950956
997.9530396787741	998.0862632302667
1277.0705863981857	1271.8175180152127
704.5928936224227	701.1464534048426
1403.338568754145	1399.8420555245652
958.1718788847793	953.3780549895989
943.7808145676972	943.4707136482325
1205.491596205131	1224.1937419633978
1183.1140693489288	1169.9294213971662
975.2440661978326	979.4600638702168
1043.0711318023968	1050.2630520632842
1385.3277576257824	1395.3559187184117
972.5175666494179	969.4109095060488
1307.3927405666036	1293.9299976872362
1324.7982013319852	1324.9229503527135
988.124082543829	993.0025162979817
1145.830243089964	1145.686158030007
1202.308288048138	1210.9192682054647
1394.588075154723	1396.3124558953464
1355.1567983521963	1357.0890587501556
1185.1375992197136	1182.5404675193229
1068.6145494646917	1093.612260816958
1207.3648662721098	1207.963975127658
1338.8857818638498	1339.5937822291085
1363.1808527491812	1359.5079414499914
1130.333098698029	1121.0443670027398
1164.8177577751048	1165.6795129625918
1525.8470654134871	1524.9044089493088
1249.712825686991	1248.160379300513
1357.963583144301	1361.802162671978
1008.6669079667481	1012.2417686706177
787.5135424244363	785.5852904042463
1212.6439957349503	1199.2864329152442
1306.6845280686684	1301.1921132767375
1257.181443983136	1256.3180910920116
1526.283275568945	1522.8208639928566
1250.895960918686	1259.9190461234964
1284.2895694421022	1283.1666319871529
1423.2451909958036	1420.9259005170543
1033.2491330983466	1037.4988578600214
1726.1470909136988	1720.4097107083276
1429.085254945443	1430.0024022380035
864.2033079334069	866.001453311884
878.7575787648675	870.1284326777768
1315.6038113191607	1310.0729837826575
1163.3190977405757	1163.7253977531414
1151.404220690456	1160.4234736848873
1340.2659514667466	1350.9515792883144
1002.2427086981479	991.8456057996723
1570.4785259806376	1563.6990202776872
1191.6437287202862	1196.2285120787415
1321.3047591679497	1315.428973082461
1349.6393651905819	1349.7514485703246
1259.944763934589	1265.1121231546324
1033.436978053418	1042.9784593693896
852.2202928202751	862.916230144011
1360.8288543656236	1356.8985937394793
993.8072877213708	992.8589908437896
1145.9013097345305	1143.7354504169762
1548.7496630265669	1551.9644394134625
1393.504351116746	1399.762932447435
1614.6158865357866	1616.213066940799
1369.9106679628312	1374.628713055263
1619.259405430028	1615.6298711667303
1511.7891028619197	1515.7330277223834
785.5383248891012	775.6595117634577
1035.5432983361534	1034.1825152093725
1271.4754939479462	1261.7812979253754
1258.483414426475	1263.526461570432
1522.8597095611913	1522.2483282555338
1492.3541278690973	1492.8708833791943
1442.6900686875742	1435.2794493646568
1265.317349091405	1270.062617105832
1359.1788608969946	1348.6396466936687
1397.6703617836465	1404.0348766989746
1327.6739911475743	1339.6357680787087
1313.447227375931	1314.1756557711813
1119.3328810536768	1114.1574147428835
1631.0107590116677	1630.235950922811
1032.3857157761522	1019.5842787483228
1311.3688707847032	1313.986658737514
1139.2402718924277	1138.4613094979281
1103.2093716324598	1118.2642870753912
1224.5114250687766	1231.1231371152928
1456.9469617439026	1437.037409313813
1111.3894425945473	1104.2351142211642
1260.0828327089257	1253.699228551636
1385.6445302320644	1388.4072949292588
926.3018164109963	926.6165743994102
1369.1188475629606	1365.0355962603483
1065.2049087258638	1050.770890633241
1391.7489395977173	1391.2348764453536
1339.7681729499018	1344.5150791483638
1334.5711891797837	1319.6028307870195
1040.317283797689	1038.3009923363638
947.008415608725	940.606504417606
1222.1429335334979	1220.6174746575343
1167.787872898596	1167.0155703470914
1320.5323145221919	1314.9831950421235
1424.8943657917262	1425.4348217026659
994.1506977067038	1051.352109908566
1132.8009135000175	1125.8729386286027
1169.999853455054	1183.8576650868936
1478.9386618499702	1475.6129111738992
1293.854654102499	1302.8014602510937
1457.8799203927047	1450.2658939852074
1560.722432418639	1558.8410468543286
1362.7234710137418	1354.909804468506
1466.9116838193731	1473.1230416601393
1256.8810938840033	1265.361821388148
1371.373319845763	1379.8479297213635
961.8630528145004	964.0375883267548
1236.8562194958213	1232.5323616122844
1683.1705283788033	1677.8412994816267
1739.9495648741722	1740.0289781795218
1107.7497277363436	1111.0876953270936
1079.1063712649047	1096.6112361730334
1010.6007154015242	1032.3458496113371
1646.3721985153097	1640.7962264478924
1339.1466507777805	1337.5872856167098
1107.6560414692503	1113.0066381375352
1417.3643739174586	1406.605713016316
1208.0865044140373	1189.1072555482588
1159.2405451331288	1166.1484773514285
1350.5678600786196	1354.0560558129068
1207.9313041676069	1209.0782774311213
1128.2909035151824	1140.58650998837
1128.4077120674774	1144.2544147670924
1446.7805376110773	1445.7471239542897
1268.3563571742852	1260.3804343110635
1148.598490431934	1165.6595678472463
1619.682099603553	1613.5593990916996
1840.6283759250073	1843.062633489454
1376.1380502096144	1377.0638403131193
1440.4196298955649	1426.2318471868862
1363.3250151659304	1369.6847076642177
1428.5148821203911	1443.4887100799026
1253.4424215851177	1261.1223268898946
1495.9687564307533	1500.9880100896646
1152.4658540235832	1144.727420706696
999.0691513033526	1007.6555720386365
1252.3175296085246	1257.0340038371119
1199.6963793384202	1194.9406682441363
1435.1612212725158	1435.0293983507738
1248.566592048679	1243.1641547865538
1759.9863149736775	1750.3882562097167
1130.2695815969491	1141.3364572154328
1400.0532303240325	1396.2623508581028
1071.1943205755379	1079.2652615572351
1401.9779850121122	1405.3567138436492
1716.3412876457733	1716.6571419354686
1243.518636300665	1245.068157271391
1464.1943621578102	1460.6852952218821
1511.1162897815811	1525.2454569471968
1383.6530551502365	1389.6703260339589
1365.8220346716407	1366.4744267843234
1458.0326087508292	1463.9810154302015
1319.336869634164	1324.8434901916703
1098.1386395959125	1094.9383407981447
1509.6492963671917	1520.064750849625
1586.608472871565	1581.225967557308
1309.2155313447292	1300.9259338358852
1058.6458448540652	1069.1444613761018
1328.0315320941154	1306.9966882275162
1263.437307085056	1260.2119685689788
1177.365386306803	1170.102518187604
1663.5563834491186	1663.9009381691953
408.8500689908542	409.5069171555892
1108.0740842921077	1112.2866630105002
1021.6066033043899	1032.0803160662717
1060.2835974288173	1062.9276576046368
1057.5728582309093	1058.6682979020454
1334.2879147389322	1335.5243125106101
683.7291469574411	691.6276457409067
1154.5325060543837	1159.5179098495641
1176.1592227747606	1176.1984866504874
1048.6816887359018	1046.5457927532507
1055.0288655992772	1055.1322778629271
1012.9847318484972	1005.2595525849744
1378.657133218163	1367.1886341120212
1404.181180842861	1403.366250773071
1008.4939961752389	1012.4546344927925
1354.5932095016178	1349.3230546896941
1111.1277622445195	1119.0720011448673
1015.8750882242457	1006.1929558484413
1348.2987630394928	1342.192030902871
1231.606537924934	1232.3307335029467
1211.130604255828	1204.7305408924208
1083.8861457376624	1078.4562309012035
892.9330312846287	890.9815031252507
1250.020599391166	1255.201364994126
1131.9123916741519	1118.3304555737275
815.7086518975702	817.603418444578
1125.335575054225	1143.0294897659435
1152.3558594479691	1160.252345832173
1407.251341013034	1401.3077885117452
1263.0828508196282	1261.29167282064
990.8780910161731	991.2181286558299
1265.1510306117416	1247.8393480527307
1316.6251458140032	1321.4424308652287
1744.051612547657	1735.2250261244296
1436.3979301490763	1431.911512715953
1245.3175332113751	1255.1272612237217
1629.0959715614154	1634.6599959782625
982.5910908496007	971.2421043800992
1733.6073761397274	1730.155977908215
1582.9807015617553	1580.7200014657756
1042.64429186497	1049.2211867196422
1296.6235788540216	1297.5812980331125
1018.5743138844555	1015.2863961051634
1451.5888084683975	1460.7694873500432
1018.2827545183827	1008.1583014515736
1123.69748357145	1117.6692526252878
1734.69636323725	1730.7074046265354
1152.448295561917	1167.2498987922265
1280.4491781276884	1279.6368253268138
1071.4820699260163	1073.6576719301686
1340.5109237926663	1342.4476055062523
1317.0640094394912	1327.4084934260295
1205.192369006807	1211.2381724821612
1155.413594274898	1154.6460208228357
947.2247041118972	949.1674215849135
1032.060539125203	1034.2568250345528
1127.7957123253727	1094.4840313365753
1312.6885262082214	1324.7358496086886
1094.640819137363	1095.0198183581706
1652.61954079743	1658.9186743299097
1392.7124738195853	1398.0418829043203
1208.837998412433	1211.3378826832234
1030.7084351411613	1014.4888171346829
1341.0640799169196	1342.968574216661
1429.6868144289183	1423.4533835857353
1474.4505628542101	1470.7466163564527
1330.399030619068	1335.622326003873
1095.8294390899828	1099.9276416265845
1435.9800129437062	1428.3857715620036
1148.7267190715065	1133.3366101097938
1283.6950191914511	1296.389327567093
1203.2979028221162	1206.0771409059284
1327.405939479795	1325.3854580219952
1192.3204442159913	1209.106023393582
1086.4802614294458	1091.6696945375036
1173.6908283785451	1171.6004371873858
1529.1916027412808	1526.5832608320006
1327.6136985762278	1326.62392469811
1088.2006943537563	1086.3096331641796
1454.8861976455082	1451.6268768046773
884.3382888142078	869.8923487531865
891.5717179013882	898.4536737473838
1092.604232112004	1102.458240075244
1395.7044634344638	1389.1172490204478
1027.9309953034099	1024.4093565524813
1075.9039785607602	1059.3862190157804
1547.2337384572602	1564.197965564813
1313.9311221576645	1320.0850199789882
1235.0331541018677	1244.1667905423533
1300.1139806441497	1293.549581941729
1427.6916682303126	1426.301274742057
1312.9267302638036	1326.340150254354
1456.6507998699963	1448.0036707155548
974.4758852025843	981.520365853279
1236.1906143499655	1235.6904350896336
1265.549706561258	1264.7572888043546
961.2163030276424	962.8013656267191
927.6626507951005	927.9407379999545
1286.2317088526906	1292.126989983868
1078.344185298658	1081.3765112499896
1460.4992923484533	1459.6088721434548
989.789097035391	997.5285890484798
1346.5475413308304	1353.757946281577
1377.9794096361438	1374.7552026777862
1331.0662766376918	1324.2056395741936
938.3437545903143	947.0586793967883
1510.25618037596	1512.359524974847
1081.391957462096	1084.0309594107125
1146.264454661985	1150.8700839214723
1385.9385037973116	1373.0915586088047
1672.8453088199894	1672.71332334934
1247.8329403501994	1245.1796966325048
1428.0360516274814	1432.6392702656697
801.6717322338081	805.1615480854841
1361.4411112378293	1359.4656175545604
1143.700070501829	1145.6045533424988
1212.7217764950474	1215.5994134632135
973.349624211929	962.7708132837079
1408.1428370108188	1405.0853361139605
1253.7653748428565	1247.757763096348
1147.1642302764812	1149.8093667707017
975.014236487681	974.5035404022444
958.939387434395	955.8781259895653
1327.8670682540396	1324.905172449904
1545.2507458917971	1543.1058482625797
1012.2586623311508	1038.4041000027341
1316.6399017864023	1317.4995064780617
1138.3921728277055	1133.5740757578264
1132.1429751133255	1140.8220443992084
1221.4366348423646	1228.4498089072913
1275.3941839722684	1289.2350041126042
859.2528410668892	864.6261270211061
1208.289069831837	1210.684246517226
1340.1993078550731	1332.2861640490771
1627.4555888501927	1634.5649892942988
1552.71013818754	1553.6087454010803
1443.1999851529836	1443.3495803165217
1562.7871589999122	1567.0520534129425
1164.1045724088326	1167.916465043532
1164.7957212846377	1156.8463598471756
1462.370579923445	1466.271625948834
1270.5611348275852	1271.7883584531935
1194.0702821091982	1185.3709277951225
1075.0377636380726	1073.5494315466738
1170.447855502367	1163.0200222075525
1318.5629335520207	1306.1570037388208
1014.5263261658838	1020.5677148020877
1174.6224169452325	1172.849704411308
1245.883633413352	1241.268487007057
994.0418868144043	995.676191154901
1536.164981568203	1540.7097019644402
913.0136143693817	908.0113509626467
1239.1749154367717	1231.1804895080825
1178.5925344132993	1189.0610725210984
1494.643036052672	1495.5445348320459
1278.9347489677893	1279.478930706587
1365.302442831482	1371.5990265634669
1462.9905749720929	1455.3114935321487
1182.4273619009764	1179.4442991279989
1439.703800676798	1449.4072357168775
1140.4756521171075	1144.0293519276906
1385.4394635095668	1384.64555739538
1083.1942520263256	1082.3545595031155
1283.2392408733722	1278.1711133946649
1155.1036279629043	1158.905396121624
1397.8398036569415	1398.6284198579067
1249.5162279642245	1246.9422038598857
975.6697485631448	962.8025984006895
1504.3847169073415	1507.687820387862
792.3384414768079	781.9670196987602
1647.6197801441594	1643.7297947189786
1279.8844798606588	1272.2182392291438
1056.1901684741024	1062.9956616730037
1057.1103717279912	1068.0963041206362
1046.8691651655536	1057.9340746866135
1466.3698050531093	1459.9712042012638
1139.991914948827	1147.0839172666945
1513.7650754766655	1514.980566827943
1187.0090237625118	1195.5390473744822
1029.2263519449916	1019.6272465945921
820.8110167035484	825.8047698461667
1617.681000346376	1614.959993415836
1251.4407099023229	1257.7259550959418
1450.3076090777176	1439.7893565730778
1397.548579016846	1402.284897106529
1510.4879158256517	1514.433145820498
1363.6478525795683	1365.3835197547835
1521.5444952611579	1509.2537721486424
1009.8920221565932	1014.8140841081641
1607.444188474561	1609.1311119692773
1633.5385451600014	1632.6814120116942
1391.8858407337393	1393.7317428376077
1240.782299689803	1238.9146223189493
1089.7192614662927	1104.2693241993377
1369.953574590967	1376.1517637977508
856.1750516142638	856.4211928367952
1451.0017395210161	1452.2126474256593
799.3564552441239	808.8916129247352
1092.672822916822	1090.2990146500592
1017.6894236487569	1041.102224222624
1591.5048082373687	1589.9886125517096
1624.092648012971	1627.1088124820694
1089.2137419329083	1094.7394042203168
1720.142372307455	1715.0658881436907
1062.3275054263067	1068.240356353553
959.2465868650761	960.8778420781147
1206.6191631272668	1218.4059053386716
1253.4720998814155	1259.029602504577
1171.8004010851146	1173.1705837648005
1348.838196815399	1355.7954956850106
1139.8118432901974	1142.7837460218416
1453.7998856316844	1445.6873848064824
1120.6299303282576	1123.1327531106242
1329.546172408387	1311.7286796514352
1171.8501290750282	1170.2267820118582
1378.1547199756315	1366.2090786379351
1527.9454004995932	1517.7847967942487
975.4064963464334	980.5155956459273
886.4463303667726	900.4399200651287
1222.1520667496661	1227.7968443262212
1609.8058482781926	1606.5734411474205
1084.517766761477	1077.872795654259
1146.0227256288053	1117.4038321857286
1332.206800719403	1339.7961313415487
1513.494300942024	1511.1607226712808
1187.9392542661808	1192.5588339495337
750.2625037781836	745.6664846772169
1520.7834015162662	1522.621335925657
1565.0161324140208	1558.1051797379937
910.7671183919883	915.1974900088621
1185.5023799525225	1189.8348367960348
1477.7063536361093	1482.9756371533138
1342.9767321969266	1335.0967297438083
974.9614774783258	987.1273533758355
1229.0197157950315	1226.3202710497683
1288.2569245506602	1289.9251883415761
1285.9595727078267	1285.2518581484408
1442.5779291242652	1441.5705600856452
1184.2173431364645	1182.3332936493882
1228.0485368955415	1218.5564350945301
1347.018637214438	1383.025928581203
1004.8308041683049	1003.7261435932163
1323.6198484273918	1327.3725069031666
1152.5241535257665	1161.2804561457292
986.1112393976073	977.7998269288983
1282.3968761932338	1277.0944730720287
1226.6453089462302	1226.099206803467
1544.1341044371366	1552.6006207033306
1191.8382286751876	1186.0042270643485
932.9694253792695	937.3492867662653
1081.2962389419263	1073.4071994974847
1475.968496362475	1475.0280736166371
1462.061354132893	1483.7198122598868
1248.103703389701	1249.9558987316475
1458.2497512490372	1445.9496448133414
1124.5373243090871	1123.2156380017962
826.3143144633796	822.6151168094132
893.1258557636902	885.1022344018547
1097.0316103242221	1082.1703942289487
1029.3276158758672	1035.7409963843534
973.7779478621669	980.1559566475627
1472.334552846005	1468.9471820870626
1322.619454552565	1327.0238252447186
1623.6458340075915	1626.7252876706957
1360.4004320683598	1353.3474963350186
1333.2780767806398	1328.8075372296566
888.792739544413	906.0893365673265
1282.7788025034824	1277.7188552700718
1468.7368944239279	1473.0862212202635
1266.5535638587899	1257.552375817402
1428.3181135967316	1435.164718259348
924.6837092798087	950.9263896268976
1486.8890637651493	1524.0471482483285
1339.4552591363608	1346.7179366883304
894.7596814023564	885.5820757254929
1258.0476159417303	1255.4208504662397
829.8581705104734	828.9993262554162
1455.4954227979179	1463.821941163606
1278.4714009207964	1285.6223223946458
1460.6797630222281	1458.7099966956246
972.6194329058635	955.1599616530849
1651.4469851031026	1641.6133512200738
1627.3021273950872	1625.6217282571183
1184.171006838791	1197.2061393390136
1322.6085818030988	1319.2939399994118
1494.9803003725829	1492.4283247766402
1480.797363525693	1482.4696813180474
1267.4737482970813	1274.5022996454586
935.1008185299579	939.9459136336205
1214.5021557791624	1203.009632546565
1228.9683628354687	1228.8536529046912
1279.0985264503397	1270.5836597485973
1302.3885379259882	1305.362884686818
1123.4503878421092	1127.1518996904258
1202.0027786422288	1197.0790194941783
1399.6245954947372	1407.6512892412645
1344.5564971830463	1340.463766197279
1366.7133388537623	1373.8813214144516
1092.0492290423717	1089.5269544632138
1278.6819998354476	1269.670443566539
1393.06331635869	1400.3164146404504
1240.960145322082	1262.040715060077
1604.0964088368928	1607.2305156345076
1350.190429661132	1349.6994061350413
1339.5962800482812	1324.6104570475152
1490.228983883775	1484.379728721288
1175.0168146016076	1178.6112585067092
1304.796575266606	1307.4677095877387
1062.6725050256646	1064.599555379993
1271.5085892502684	1269.8965407800818
1179.9536771663697	1179.123040458158
1268.4998184483557	1265.0538612246191
1428.3726228205487	1437.6081545259128
1381.0233893263794	1388.5062570274144
1166.9654707253794	1178.8848524294667
1180.3803125884442	1185.6136734261493
1764.0243340691086	1770.3092078703994
1220.0686566684744	1206.1972870693314
888.6687058295938	904.1045050777079
1618.459543366218	1617.375035462151
1370.978021247749	1371.1665885412795
1428.0645649535873	1429.455595271517
1018.977801815141	1025.3148227179602
1056.0640072212555	1059.1907528820732
873.9383798606577	875.1791972177114
1267.161974384304	1274.7001111517536
1108.3327722584072	1106.336392346939
1060.414793931006	1042.9221489126874
1734.796728273417	1736.8432119548188
1131.2617191178142	1134.6593688401558
1362.0302268125233	1363.9502665637112
1196.3358774761145	1190.8502948010162
1226.7199313380406	1232.1330436962344
1146.8869859531405	1151.0667669005488
1228.1344219952298	1241.3522892451078
1429.0620938970824	1438.4832211604332
1645.8145180432766	1643.315621428874
1084.0465230513655	1079.6418992824842
1309.5599588744808	1302.7284961954526
1096.809829297912	1084.6359439744513
1514.9811911668803	1528.1256323316352
1614.2301593897864	1623.8695550715272
1415.9756624142756	1418.055431651641
1161.6076337128761	1176.905577628482
1111.723410965642	1112.0911433984254
980.3056504295964	973.1942134261321
1169.7770531358547	1165.6497306782608
1503.407493959472	1497.6725925579522
1205.1444181160186	1210.2032444543222
1430.3606283766567	1431.0220475695112
1233.418549215101	1237.1115426122885
1270.9814138563233	1280.717478279429
1205.0882825708832	1201.1215629795092
1251.2969445686904	1255.5979226286472
1303.3332717099402	1307.2116714428983
1374.2226258609735	1382.0145695885824
1225.8410755066434	1235.0041124671138
949.5869498386746	935.7301720203768
1507.9362682676292	1516.491162642443
1441.6601648291107	1439.033255647265
1147.955179393466	1147.6978352850633
1225.6695921305218	1223.2147930531771
1234.2196690240526	1226.3330826884956
1431.0728737669997	1435.9385821614783
1129.396918512939	1123.5544096182198
1500.950767209899	1496.8448464101957
1576.46467205949	1567.107622419927
1474.3278894286195	1485.3134030886881
1267.5908983632398	1253.8662959849266
1396.3773228545324	1401.5581676631034
1612.831482138834	1608.7386991120718
1450.5036042519205	1440.9305931831302
953.8930499263806	943.99967570239
1230.241688124166	1233.8747195165693
1269.8711392918194	1257.9890775621798
1314.2719767283997	1321.8593571408383
1089.0467451578297	1086.5471966700245
1115.7292376560217	1105.0821059246348
1613.0619147427497	1608.4518443457423
1354.3463984169066	1362.2423429909336
1237.1174081864592	1245.372170161251
1387.8667824283475	1384.7909887945152
1464.4602242122928	1462.278791856066
855.5156212273287	868.6415804943173
1205.148505684425	1209.8953213809893
1469.5226910029305	1463.4449635547267
1349.447234299325	1333.9329067151843
1163.530530012591	1171.8599513053948
1467.6972615806735	1463.1340025583017
1327.2861769503797	1325.4359701755932
1018.4623117011215	1011.3440527105996
1236.5258230434847	1230.0911777285692
1501.4834229910048	1506.8073056241512
1314.2214221721224	1311.1763365928948
1183.1924564072688	1191.4634800814742
1403.6993715071294	1404.45813809731
1084.9210139077622	1075.9978556560106
1365.7737404842628	1361.7750082113023
1131.13336128011	1145.3587514017552
1724.3223780589178	1719.7309214352165
1490.2525509568222	1495.0198750988757
818.6863570861751	831.9178346863271
1174.0980906547338	1176.9982092103144
1060.6099565330078	1072.8647771000008
1748.466252619226	1749.2257957569045
1519.8959559356153	1519.003501081846
1083.5585550460382	1063.167648633667
1632.1471539199702	1632.1071180634465
1249.886936894909	1258.5572237858207
1094.8471338408417	1094.9364543859174
1165.7288206644007	1159.4567158415682
1231.2478611253318	1235.2899387597718
1504.1102089867927	1507.9266132403172
1014.2230280912481	1023.6496147336475
1003.5283027135883	997.914316099953
1461.186802172073	1452.959955639651
1237.0135347092291	1245.271479507919
856.4617078148876	845.936526422025
1426.488295979303	1422.201866275407
1141.927480204322	1141.3347971289097
1134.9429680012108	1148.9914000055403
1341.698529080575	1336.9752610849225
743.2423304964905	755.468313325921
1153.8180384608859	1160.507708507456
1391.6932794787863	1392.1500950821605
1166.3928785178286	1164.5136917441478
917.6102934161318	918.3789128783094
1454.1579866874672	1456.1818932552212
1143.9474545366247	1141.1568219897529
1115.059384984197	1124.946067384814
1530.0764546424034	1519.9093357100066
1083.3324418648263	1085.1619538708883
1217.2228955774917	1209.3516894789236
768.2234613379987	745.6608185429577
1321.402197363117	1317.4525785343965
1138.0076694822637	1141.7798368627816
1078.8364929805975	1098.690447248793
1510.4642879070016	1515.423289687174
1087.7299925821717	1087.448805888917
1454.9120431149204	1461.1231526966362
1407.6317007986945	1400.1342753746544
1415.9934912877507	1424.058607830972
921.753757020022	926.2520354075513
1143.9242428979196	1141.763375296464
1248.5175309249316	1240.1044093639211
1007.9984542364837	1014.2390752677917
1195.608647948975	1197.916687259372
1634.1944113642967	1632.4098570152016
1367.744132427615	1365.3818874803746
1332.4280984447687	1345.4529192184525
1379.922684527468	1377.4292492283935
1310.084171586088	1316.655148791972
1369.8007412508014	1370.7704953754908
1026.6310669964296	1029.615611884993
1385.4182497983275	1388.9446484922369
1328.2103655062092	1341.4262533941605
1615.923119503248	1616.2871258218597
1173.857580652082	1177.006769623012
1451.2823050437146	1439.5125545450771
1374.1426888942078	1381.4007302124019
1358.9004129722307	1360.6130854593841
1453.241221334436	1455.916434114229
1196.7908502029604	1193.6465468289568
1243.8012196912896	1245.749095239347
1495.3365118199436	1504.898303700919
1153.9644248765544	1155.0933689196843
1064.57660321999	1067.4851429491011
1495.346928731131	1506.2442551844854
1405.0460051156988	1401.2813134818628
1298.174687850842	1298.123529980208
1288.4144482529082	1275.0909015270095
1078.463077786786	1083.8054039824074
1291.805098749086	1279.4278316775215
972.4639193977637	971.9770459823421
1473.0292352526158	1472.523888618297
996.1715751734737	997.1280198464261
1004.6006001668284	1005.6824306767953
974.9002422698541	969.69814428346
1212.6526259315142	1206.6802227842525
932.1880167139461	906.8643426251102
1348.8441314974625	1366.3793935655872
1082.8549658934353	1080.7209858045637
1495.5284457610687	1497.613067170061
1320.7922016536177	1317.209829638454
1075.0257009885972	1068.0230051774486
1330.56523272692	1332.5714545397434
1526.132943927456	1517.6506374225453
1122.3556288573309	1128.678387236014
1195.1379027269722	1206.5926055228476
1720.7996484036557	1730.731945034367
1501.4456245650363	1509.1670829775285
1345.4318789217505	1335.7534329346627
1755.6488726404496	1748.8773101573374
1263.5890973854112	1264.9810510413995
1374.143585516751	1365.899697998992
1323.8853227795335	1326.5479541438133
1748.164695147716	1748.9180518556923
687.9226473027084	689.2368477543644
1643.617875941738	1638.4907831198175
1298.2965093734383	1291.8279970323
1200.140531437035	1204.5721824016803
1435.6645513041294	1430.409872991224
1726.3477164295327	1729.3818452936969
1145.7028541675536	1170.3777627312322
1194.1247336100205	1189.1123670883096
1402.0756448278844	1405.6465170843692
1644.058766049915	1645.4312731768775
1508.0473897964694	1501.532229030845
1265.4849234791473	1271.368604774984
1170.9965371416765	1173.7343478895755
1050.419291699567	1045.6002608869364
1242.7940546114114	1244.5207428619642
1354.299660329445	1352.9189602387164
1329.0617527161958	1333.1522813252986
1502.479995520116	1502.6172078594736
1085.0113509821822	1092.2410132641544
1432.6517177492788	1438.3318483831022
1280.6421675931197	1275.4938138482194
1752.753474674886	1744.5649449778732
1159.8405105464917	1151.3105335809616
1611.7832909453718	1607.723480622072
1006.4960689804284	1022.3311782792845
1236.7989883249975	1228.9775535523283
1153.4229053518502	1144.0272341598081
1502.3348442899296	1502.0669121918256
1216.6657244721428	1219.7969523426966
1468.281153413438	1459.6217038726718
1202.4620835202804	1205.9000417245754
1211.154670695425	1219.2207074410837
1277.4024143483548	1260.4541509246874
295.25581675517606	316.93121044911265
814.7729443392018	838.5815498345937
1486.6902923263551	1517.1351234411343
1102.7294861608825	1108.6887499803663
1251.329094498593	1260.861988033581
1621.5945045347908	1621.063584485614
1321.0433898229676	1320.3693766278914
1190.3002841148991	1187.7796906945573
1098.5896201449505	1104.4065833569503
704.2980361693772	679.2154270835531
1339.0974452732771	1334.0384698267276
1348.3212850902055	1349.2229656072507
1339.5263184242067	1339.004855044272
1356.3449624519562	1365.4945827890776
1342.6829443803872	1336.5675938674556
1276.6151606507483	1260.1180612868206
1346.2675016869325	1332.985599122055
1028.2562192819314	1032.2528307113741
1645.9956317085016	1638.576711929265
1438.3531693527766	1445.5564920147656
920.8320024601999	930.6065531937411
1411.0548761172686	1412.0564059951455
1430.634693684493	1429.9675724532995
1265.608803906507	1267.862609776234
1158.2513015655131	1160.881842361398
1357.465563188569	1355.1567535457837
1297.2453685008222	1295.8574495871285
729.0028944322548	740.585651513632
1313.4997091862315	1319.6112440096117
1526.53404915813	1523.0160047599613
1096.7109330203675	1096.5385217253038
1098.7003444770526	1114.9471631210706
1321.9415515788132	1309.3342834786151
1426.001802430692	1433.3787444828984
1094.6918552505085	1101.8166378783774
1232.6258348867123	1229.1832116056275
1372.8929477596248	1375.2239014749307
1098.8325986424752	1115.1137376060447
1194.2477534903737	1179.9327085684604
1179.1412776372163	1176.0713255777625
1211.2709392731194	1210.1493951159807
1148.662288607302	1149.0165803673829
1261.5522962566756	1258.7837674007799
1574.8994482372946	1568.1882061651859
1281.353722780681	1281.9734838918907
1283.7628322281525	1286.8542567891016
1010.4931154792139	996.2498412077365
1372.0487738859374	1374.0948438295677
971.7683915141388	971.1294890991998
1565.812396047928	1564.988702913157
1419.7013487270451	1417.3318053361975
1263.4266210704227	1248.675113093015
1417.227560066589	1424.1244840833267
900.7861018422409	906.0499311911883
1633.7759304109786	1637.8074181535067
1189.9768092584272	1192.1499158879578
1283.4648664513952	1287.4223753415818
1138.6719364111195	1133.138619469881
1499.3301304610795	1482.7511420013807
1385.6918599752826	1394.9033039965852
1507.0064675150206	1509.4030482842727
1434.1860456146824	1442.5587539824564
1250.6434202707896	1244.2620252812803
1219.5236242073588	1211.3441572949307
1116.9614674439945	1111.3271344316815
888.0335723501339	881.1488191445764
1132.7247355465079	1126.3998233889822
1083.848149220663	1079.146413777978
1331.0849376787664	1333.1107456461302
810.8194964680297	805.2549669918167
1331.529613036022	1349.6613406966753
1425.6060942529293	1419.9535832366691
1442.026613162714	1446.0801727404155
1302.737632098375	1304.736602156931
1667.1378038261319	1675.1611540080553
1520.3589023275708	1518.745036766591
1290.2498056239565	1293.138862591012
992.0238636852882	983.6345179679935
1438.7298119914194	1442.1427156746279
1246.797017052595	1254.5793696406367
1388.7100455792097	1389.4152698787284
1185.3158385135757	1183.7101459254245
1342.8111408544646	1342.5443545065782
1147.7129526101926	1158.417221183153
916.7490309289715	904.1354043939319
1006.0985566545278	1007.0052330422617
981.2672819635773	979.0678308053403
1114.6404244079313	1121.4280266889293
1194.6642821789428	1186.8000750008757
1376.711862613418	1368.522010400834
1192.0636997460679	1192.9541245220528
1475.7928904383152	1477.317437478916
1430.2372972011508	1434.3974939647346
1461.5368109426054	1455.653116811096
1272.9476461670129	1279.0197779711507
1114.0847904303519	1121.46106835308
1157.2159920080449	1157.8853209600284
1329.9823833597766	1317.8625404806262
997.4435595533287	1009.4381340019133
1007.88292447204	1008.049184936068
1555.6943718484254	1556.8414003928667
969.9581648781314	968.1016786178118
1142.6891273764195	1141.6506892689856
1391.584588192054	1391.5836885366712
1344.9320383070153	1350.4736148253967
1102.8059295605053	1102.2549509617122
1493.4658109682496	1503.3975520974896
1647.3795143718598	1638.6619721813536
1224.1821300500887	1215.8396488122455
1343.2436402743333	1343.3474469606342
1208.1865959901188	1209.7607380541374
1303.1243622490147	1290.562671579651
1429.3962030884286	1433.628920468739
1081.6935930333857	1080.2045580832068
1208.9271730874898	1222.686607621056
1203.724517567607	1197.1949384799666
1283.3599673132703	1287.2280055625363
1360.0776841971383	1354.0215826506007
1168.9277886820782	1180.3419563487569
1151.4989587075252	1144.5659272239877
1101.341815175576	1099.4064343678813
1369.0654459529324	1363.1047806025185
980.3948834822513	961.9649511689507
1198.6805503421347	1219.5626382325127
1512.465343652846	1521.4131520793355
1321.384893353883	1322.542715662357
1372.2085294839053	1375.6221833327752
1238.3282215260551	1236.202343186679
1454.4017443729972	1459.0389382171013
1101.9406448848895	1101.8004794143105
1426.2965257868054	1422.7123510106114
849.5560382169788	846.2503860425707
1243.8054553995898	1242.5941133872943
1618.0590850846202	1606.7948802745923
1063.5052197723999	1078.9501497091399
1572.204547130561	1572.8133180064362
1457.8731102959428	1461.3694261424073
1024.984007143823	1017.0394785029968
1231.4464390809298	1231.62164464478
1084.6120506336156	1081.7595877213173
977.4010765193962	970.9358681317703
1307.909677607735	1304.4232015086443
785.5844166207826	782.0734089070213
1554.85925055173	1546.892402965511
1620.1105517353863	1617.646854563632
1057.4892241481575	1054.3089097442933
1444.0496744343836	1444.029803293408
1149.5048722804058	1154.8654975495833
1375.4182058594597	1380.9930800110772
1543.031356849824	1546.0318701801218
1415.4811926575494	1420.5419901107152
1164.4502412708825	1160.328937122677
1368.3976044842857	1369.7068097389963
1040.0066344706865	1040.5164247089049
1004.0135265706631	1059.3918795545335
1069.0523257069872	1067.0047880521975
1234.663317521161	1234.626860365706
1060.7078467514366	1102.071144055587
