7.055080179819667592e+02 7.506607215689317769e+00 1.000000000000000000e+00 1.000000000000000000e+00
5.407181449663875128e+02 1.051788023527958060e+01 3.162277660168379394e-03 1.000000000000000000e+00
5.399636965187651185e+02 1.053113028536967022e+01 9.999999999999999124e-06 1.000000000000000000e+00
5.399613066787935622e+02 1.053117227299951963e+01 3.162277660168379191e-08 1.000000000000000000e+00
5.399612991214153226e+02 1.053117240577690161e+01 9.999999999999999072e-11 1.000000000000000000e+00
1.558655839224005888e+02 5.610673936402890583e+00 1.000000000000000000e+00 3.162277660168379079e+00
1.439209826276446051e+02 2.080602844452710709e+00 1.000000000000000000e+00 1.000000000000000000e+06
1.316288853233453153e+02 2.004478900437979050e+00 1.000000000000000000e+00 3.162277660168379080e+05
1.213564332164313981e+02 1.768499012767897227e+00 1.000000000000000000e+00 1.000000000000000000e+05
1.098958989520316862e+02 1.390289979908803542e+00 1.000000000000000000e+00 3.162277660168379589e+04
9.569488657458427383e+01 1.345222594174260156e+00 1.000000000000000000e+00 1.000000000000000000e+04
9.249951724802090780e+01 4.793728687865313809e+00 3.162277660168379394e-03 3.162277660168379079e+00
9.223316087355681248e+01 4.784382706490371007e+00 9.999999999999999124e-06 3.162277660168379079e+00
9.223231687305867865e+01 4.784354038285917099e+00 3.162277660168379191e-08 3.162277660168379079e+00
9.223231420406622760e+01 4.784353947629637283e+00 9.999999999999999072e-11 3.162277660168379079e+00
7.730021193502450672e+01 1.456113780982336126e+00 1.000000000000000000e+00 3.162277660168379043e+03
7.372137268424189926e+01 1.283131976903629345e+00 3.162277660168379394e-03 1.000000000000000000e+06
5.914041471066661870e+01 1.611751356406355695e+00 1.000000000000000000e+00 1.000000000000000000e+03
5.297994840081389611e+01 2.595592580609321409e+00 1.000000000000000000e+00 1.000000000000000000e+01
5.007295764387980341e+01 1.344612158960234227e+00 3.162277660168379394e-03 3.162277660168379080e+05
4.898885826751678962e+01 1.690535533617840258e+00 1.000000000000000000e+00 3.162277660168379043e+02
4.463289817836285067e+01 1.558729024083221226e+00 1.000000000000000000e+00 1.000000000000000000e+02
4.108078439934784853e+01 1.711913046299791130e+00 1.000000000000000000e+00 3.162277660168379612e+01
3.271941348443561282e+01 1.341146306288364176e+00 3.162277660168379394e-03 1.000000000000000000e+05
2.433944140013943525e+01 1.529755220074314970e+00 3.162277660168379394e-03 1.000000000000000000e+01
2.415246755812774637e+01 1.527891794703890582e+00 9.999999999999999124e-06 1.000000000000000000e+01
2.415187087899097307e+01 1.527887272288283915e+00 3.162277660168379191e-08 1.000000000000000000e+01
2.415186899199708037e+01 1.527887257995036885e+00 9.999999999999999072e-11 1.000000000000000000e+01
2.224735863377830825e+01 1.016898485708480404e+00 3.162277660168379394e-03 3.162277660168379589e+04
1.608219774770249089e+01 6.471980870228112304e-01 3.162277660168379394e-03 1.000000000000000000e+04
1.539371200510813686e+01 9.762664763936916845e-01 3.162277660168379394e-03 3.162277660168379612e+01
1.501848789694567543e+01 9.725037808082093171e-01 9.999999999999999124e-06 3.162277660168379612e+01
1.501727664157604103e+01 9.724799991303372249e-01 3.162277660168379191e-08 3.162277660168379612e+01
1.501727280985137192e+01 9.724799239271909590e-01 9.999999999999999072e-11 3.162277660168379612e+01
1.297722088498397319e+01 5.452139962547354335e-01 3.162277660168379394e-03 1.000000000000000000e+02
1.264171822191976169e+01 4.149862320375782287e-01 3.162277660168379394e-03 3.162277660168379043e+03
1.207791615025693055e+01 5.122124255148216010e-01 9.999999999999999124e-06 1.000000000000000000e+02
1.207485886516233720e+01 5.121154414938539068e-01 3.162277660168379191e-08 1.000000000000000000e+02
1.207484918371164362e+01 5.121151350248235312e-01 9.999999999999999072e-11 1.000000000000000000e+02
1.182947095186297659e+01 3.170104436410807192e-01 9.999999999999999124e-06 1.000000000000000000e+06
1.104087195777795927e+01 2.486731010866664593e-01 3.162277660168379394e-03 1.000000000000000000e+03
1.100750246070980687e+01 2.290612645036325945e-01 3.162277660168379394e-03 3.162277660168379043e+02
9.371304425592947851e+00 1.931223376295330973e-01 9.999999999999999124e-06 3.162277660168379080e+05
9.303841479232371370e+00 1.904755643235434837e-01 9.999999999999999124e-06 3.162277660168379043e+02
9.297684102895251712e+00 1.900816532442629048e-01 3.162277660168379191e-08 3.162277660168379043e+02
9.297664648588371605e+00 1.900804951415538124e-01 9.999999999999999072e-11 3.162277660168379043e+02
7.948691666107221110e+00 1.720527653449758221e-01 9.999999999999999124e-06 1.000000000000000000e+03
7.936024790912606264e+00 1.702103124073436335e-01 3.162277660168379191e-08 1.000000000000000000e+03
7.935986537553921139e+00 1.702047223890520156e-01 9.999999999999999072e-11 1.000000000000000000e+03
7.830106015929194641e+00 1.552435890078500969e-01 9.999999999999999124e-06 1.000000000000000000e+05
7.268561762546825733e+00 1.256831332580818361e-01 9.999999999999999124e-06 3.162277660168379043e+03
7.233008611394593501e+00 1.173619931054543236e-01 3.162277660168379191e-08 3.162277660168379043e+03
7.232912693829190331e+00 1.173297792637638393e-01 9.999999999999999072e-11 3.162277660168379043e+03
7.083555017805403864e+00 1.245278997524135595e-01 9.999999999999999124e-06 3.162277660168379589e+04
6.950870079939363677e+00 1.141169978651742078e-01 9.999999999999999124e-06 1.000000000000000000e+04
6.829243198040229501e+00 1.049774743158887191e-01 3.162277660168379191e-08 1.000000000000000000e+04
6.828950997626674457e+00 1.049627922116012635e-01 9.999999999999999072e-11 1.000000000000000000e+04
6.693352929626324332e+00 1.468629677935391897e-01 3.162277660168379191e-08 1.000000000000000000e+06
6.669588589114359145e+00 1.227921116284185071e-01 3.162277660168379191e-08 3.162277660168379589e+04
6.668735228046900332e+00 1.227827253786712425e-01 9.999999999999999072e-11 3.162277660168379589e+04
6.660351782518537433e+00 1.432745039128843489e-01 9.999999999999999072e-11 1.000000000000000000e+06
6.641280553822944910e+00 1.401926023979845892e-01 3.162277660168379191e-08 3.162277660168379080e+05
6.632283130751399192e+00 1.394903880159799880e-01 9.999999999999999072e-11 3.162277660168379080e+05
6.629808211169661902e+00 1.331004668780898792e-01 3.162277660168379191e-08 1.000000000000000000e+05
6.627160859250177616e+00 1.330614229311555541e-01 9.999999999999999072e-11 1.000000000000000000e+05
