1390.1706411265768	1395.7438474017838
1346.4052223041363	1355.1289558474634
1043.418890070403	1052.8051994299997
1069.232310440013	1078.7882326270812
1408.1428370108188	1401.0662306175093
1299.7745419772982	1305.9317080729497
1519.8959559356153	1518.1347410090095
1267.451812188956	1260.3690861002406
1255.6766070423764	1247.7150856752767
1408.2727711198386	1419.9844202784454
1256.0277127930312	1243.3750808574518
1103.137518061878	1100.6844111656142
959.1531332963496	953.3105757383634
1285.726948197931	1279.4973822500995
1063.1110241800488	1047.0890680288232
976.5761458576017	971.7511666309156
1212.2112062349042	1216.8690553706697
1567.3198797533987	1563.5521713775681
1439.013434232853	1441.068403420291
1328.6204722609255	1324.5733399634987
958.9360092708375	966.1210235400312
1360.8675531795307	1362.962072789072
1239.86993215236	1249.8570111119843
1285.5013118440693	1277.0236988528607
1019.4460936972464	1022.7872169069434
1616.1076615647762	1626.017455690098
1429.0620938970824	1432.296430472466
1179.143915867462	1193.8261043440873
1426.5217527414788	1426.1634113416007
1485.6614323907706	1479.465753710234
1251.1346530521114	1257.2852843600554
1346.7843496292771	1354.3768869796534
1373.042776610935	1368.2951508058702
1083.9247906620149	1072.5474089186466
1726.1470909136988	1719.894717413856
1170.617216810293	1171.028175893911
1550.0873857720871	1548.7156923066668
1516.0635968399874	1516.279075479691
1198.6805503421347	1211.3362736500194
1229.7448434429243	1233.2940733459288
1188.904011638544	1190.46759332498
1190.8336694228637	1194.128244803661
785.2386870049231	793.4838970462058
1328.0315320941154	1332.5646631064735
1143.067534457252	1118.70635260543
1360.2421528881823	1376.0552865590714
920.9873175257817	932.5553035061844
1287.7657705590827	1284.9231015562723
1335.7926419135183	1335.5096112373167
1248.4911333583877	1233.1103413007634
1490.503412056336	1487.4351101323869
1211.2709392731194	1215.8295429246837
1422.2691060812504	1429.098718716612
1191.9636458212917	1194.2252733678854
1317.5639047388686	1327.8963116548484
725.9054278059048	722.9099750218732
1374.207226868777	1371.3775488269873
1547.1727524044982	1547.6905067482514
1276.9174238654377	1277.3287225558681
1438.2556639772083	1439.7008888163916
1232.353505672625	1235.9402238050423
1245.883633413352	1241.6278934969778
1145.932812714891	1131.0968463734198
1141.5034934215655	1136.6550604380834
1235.2328220287745	1234.165432552291
1097.1966634363635	1090.6425001681632
1344.3874544237915	1352.4315002974893
1562.8054149640957	1556.4481861620682
1493.9633983352105	1501.3033562710646
1450.5607930807746	1449.550962577185
1219.8552155818033	1221.0413906311626
1339.890596989484	1352.824187294386
1336.53415568333	1342.5996225437846
1191.4784334169235	1197.9388344419324
959.7257939627452	951.3754305372471
1130.2578395333258	1131.4416639859048
1317.2154124566587	1309.9202145611641
1355.1567983521963	1356.018755794997
1159.2800456561963	1175.871635421697
716.5087902168161	732.0082243257484
1391.0160072561994	1387.435168712583
1385.4394635095668	1389.3688719380987
1087.5276042906917	1094.2406546620177
1611.7832909453718	1621.0008657837855
961.1909551963327	962.1118324009375
1292.9941625219362	1286.343367165091
1283.7628322281525	1294.1590719087799
1235.32136781179	1233.451642094928
1051.950347037462	1052.0832237023974
1333.1379981550272	1336.2595651949403
1391.4981053998927	1380.1277501896063
1457.814637237636	1475.7058891243364
947.431184096029	955.0966680668438
1472.937256086152	1475.7622393162962
985.8174072625116	989.0441192320412
879.4618503114325	870.850518725901
1524.2787654058484	1530.5376550997958
1454.6743405666493	1440.2592351743456
1288.5072765340446	1285.6023741039705
1284.2895694421022	1275.1754589749266
1174.6224169452325	1173.1735470251735
1267.161974384304	1274.9256583620731
794.6963720633648	773.27732902206
1152.8994028561865	1139.556238958841
1391.2528948745166	1394.1669675814046
1230.3936526472098	1232.4375333279963
1598.8457755396375	1606.33383126728
1327.3935449351848	1322.4552742961916
1000.9523593032209	1018.735600902597
1300.1139806441497	1292.6836491159731
704.2980361693772	700.0885380872758
1465.0909397520008	1475.1446584142775
938.4258478958509	941.8281296808742
1113.8556390886952	1132.9621188319816
1496.728199118108	1498.079270096489
1168.9799615436932	1170.629392282887
1533.4458730743208	1521.9480388132636
1442.385832206026	1443.0069151214545
1632.3577241552412	1627.013004460314
1152.5624184242915	1161.0414523538896
1169.999853455054	1174.4335270001914
1495.9687564307533	1507.155898835117
1232.4966871116776	1232.564132623022
1243.929055913468	1240.2764482637974
1390.278494027938	1397.2175174466581
1433.2585910848575	1437.9233752293292
1275.4902039405715	1276.4937079874635
1143.7545950236963	1166.5577245241325
1247.912736685481	1248.13911722346
1525.2951012173435	1524.4363725324547
1513.2290314686834	1515.1264243275793
1084.9067935367639	1078.1852255120305
1100.9449725220911	1105.624742774593
1339.528953074565	1343.5710891748868
970.1232183999382	980.8035005490348
1171.1166211790114	1187.901371884104
1413.5034284449648	1415.2689094845061
850.4823576931376	827.2636418925366
1343.4779134868877	1330.011856095557
907.6630425709882	901.3618761763461
1348.1094702783157	1346.197046096408
1364.7244929605804	1351.5872444185297
1617.681000346376	1633.233378016814
1163.2997269847838	1170.7607089710807
1454.4017443729972	1440.5898928445736
1223.4235879379848	1222.3625948942856
1527.5242180262867	1513.9119607391854
1508.6229792819358	1495.5221315868268
1471.1158243153768	1480.7324227704348
1455.4857379568857	1448.9926148962747
1432.6435804390348	1425.5515133208655
1298.0775959650928	1282.0295525185777
1403.485110579728	1404.7976961264753
796.1471265628061	807.8544990080678
1250.074734954018	1252.2312063101817
1077.413668263558	1079.3099812231305
1318.6868132726813	1315.1818158070375
1092.8734637738671	1098.698513056986
1498.5711029836966	1502.2753997300522
1078.344185298658	1068.6316980048655
1560.6426543746202	1549.5378896012269
1151.2101887192111	1145.040343697631
1372.217391529848	1387.5610971425365
1096.3490827621426	1089.2062706384647
1317.362563814997	1316.7360612368652
1387.6965635901433	1379.5443722543907
578.4313893647632	587.8306077108012
1441.7136418682348	1449.3479461523773
1640.4016945665935	1639.533380999923
1154.0756238161703	1151.5993663102795
1360.0776841971383	1364.0443630964924
1345.080993671174	1338.5950213668295
1437.0344104993274	1442.0818857923293
934.8933141416346	939.5963171202179
1261.4712491783139	1272.5726199271894
811.6724026117008	809.7383675347418
1250.020599391166	1255.1349425655264
1271.9722012202838	1261.3739316931053
1099.4823796933051	1100.1147105446582
1101.218377282814	1096.5931331539962
1087.9023587809643	1084.1047984129673
1011.9853100092441	1005.8102452976817
1343.2513981287193	1340.0678362759068
1016.9711908395984	1029.0143141312797
1195.608647948975	1200.6377781841254
1265.1489738328964	1272.5103543920516
1281.0050095604092	1277.4209579847986
1613.068917243887	1616.7910299894388
1024.1806130255572	1031.8989321299607
1113.8995999974431	1114.5040990933467
1086.5560385495774	1077.213624614024
1390.3844107644109	1395.3945006847962
1034.9855468144524	1028.3750449883776
1634.3156582351075	1625.9626206362207
1756.6263620259124	1747.0767797614776
1372.9509806144342	1377.144636026845
1503.877155962342	1497.3987544014014
1184.578912855417	1203.9785687436697
1369.6436319981876	1367.9410411415674
1353.2896484066732	1366.589684195856
1116.375095136813	1126.4147780459273
1308.3166301094752	1312.5701468813472
1258.3357774480246	1257.2326523195363
1292.9448753473407	1302.1659383352485
975.6697485631448	976.7205300810419
1096.4332983712375	1097.469884822144
1329.8838836731738	1340.1517301045303
1403.6993715071294	1404.5058512012204
1318.5097648176306	1313.007088479665
1160.3267906164983	1150.219879897742
1317.0491040247725	1307.4855203010209
1220.1105069709884	1216.1009700707605
1225.6695921305218	1220.1580025312462
985.5827211427968	982.5225997339278
1488.0634823122236	1494.9709486808529
1155.782401623641	1150.8395017520954
1170.759841170453	1158.8068545507135
1275.6836482362996	1274.4453935006757
1558.77362964215	1551.6799763457489
1397.8398036569415	1397.4471818634504
1476.504417096643	1479.3049313379984
914.8279855813016	913.8976690331623
999.0691513033526	989.963399705971
1451.6994192792918	1451.9441709106325
1254.4972162205377	1258.7891322851337
1122.141239932971	1123.2511857462405
1372.6967093542917	1361.2164448823144
1128.5020548489701	1130.7468210228085
1342.4556249665911	1353.9182112310834
1295.9455045883951	1280.1231213662513
1338.2545636664727	1322.4341560389828
1303.9941917132237	1301.7315187630625
1757.3305062935688	1758.9784250284172
1294.2502713618742	1295.6191469119135
1291.1557863201888	1300.6968438241997
1305.192228744796	1312.4848250059242
1462.6816380076343	1454.4583479784649
1426.8978204459418	1417.9428487030264
1249.2361579566204	1249.2311023925672
1343.7972253149492	1337.4868686475436
895.9919444745174	904.1443524773151
1151.9264259272604	1159.0398829514957
1309.2155313447292	1322.5907755008268
1271.9457792069006	1263.9692405524388
1445.6191788750584	1457.2768490792696
1576.8614383164968	1582.0892792671834
1345.3657558256236	1343.7074721827566
1406.3675909490848	1394.6258430132575
1078.7157228947617	1071.1895851704937
1510.6873391611734	1495.1999699684325
1132.9428841752524	1128.2847247043883
1278.2346253923315	1271.6244489506344
1540.7368551086984	1544.9523506828664
1487.9851793560374	1496.7046310920869
888.792739544413	888.2472533053636
1120.783605048724	1137.9287619859415
1321.384893353883	1325.2043317331486
1384.6915497201553	1368.81931297229
1620.7070936682867	1622.1232170157557
1073.051130986947	1062.6849858908527
1158.2423969249066	1144.9231146834827
1227.4317349025223	1242.6699002052187
843.1645849430352	828.0923577872906
1116.717052217864	1134.3954370568124
1494.5004637988168	1477.0651074031719
1228.099472085305	1243.6795439816883
967.182814539352	967.947599580013
1179.9269410230336	1168.5103120259223
1388.0370776217896	1385.1161265291455
1673.3780435396766	1669.4958507006343
1564.1215566111787	1555.3755371846432
1077.0978402993933	1085.8347248206255
1341.947939856589	1343.5877241385224
1515.960731540661	1523.307939266945
1063.0804503436957	1069.679798660581
852.304556899122	839.5451633290608
849.5560382169788	851.2925273375581
1319.1715438690444	1323.0111312610559
829.7733147902181	799.144706183724
1675.190202754835	1673.9839604231254
1517.0674257994106	1523.770634400869
1533.6675889627368	1515.9166301798662
1635.0721643901488	1632.5998106512593
1620.0613564940868	1621.0086988868711
1307.4424487948709	1317.2402099287456
1635.9811078317289	1628.40888368045
1509.3256416818476	1513.5858856204397
1041.9749044461641	1043.176534786983
1615.3762005864992	1618.3239244223987
1247.780377662275	1221.3040788297037
1390.2089113268885	1388.0967246014716
1110.0122698884807	1115.7256534805992
1036.3719075789559	1033.6610345746233
1609.511390500993	1601.3958228802953
1337.6967100530746	1351.0324264906792
1555.8730988433526	1553.7660531873228
1260.4195501395152	1266.425723182616
1340.1993078550731	1339.7653932960836
1450.3194338151661	1452.7031560082037
1578.3344063816476	1564.0521459558672
1282.1989039909386	1259.107735915288
1418.3743262926582	1429.2989329082384
1129.5520172319084	1144.2405800571846
884.0017855205806	874.6942669889887
1223.4557502723183	1228.3515477177295
1360.2132436262036	1346.2810427747577
1281.4832467379747	1270.8273610451429
952.8468317047227	969.6425293407979
783.2143161125277	781.4773285434113
992.2483363034262	1007.5094405928929
1384.6469418696943	1374.010980493867
1363.1808527491812	1348.4849245484716
1187.2833978988929	1188.6331181855523
1375.208624513325	1382.2810006289865
1132.1429751133255	1152.8068545613592
1111.86923804853	1120.3197460121999
1575.3253727868141	1574.4029697491726
1293.854654102499	1298.2086133034297
1156.171802734927	1163.7531810894861
1611.5209838536684	1626.8376826781557
1355.4028394784254	1356.8436218952852
974.7745621372014	966.9178160197346
1356.0127852785517	1359.0795270387434
1082.9313396324287	1080.7173642850967
1270.670260644576	1267.9154779807009
985.5424550081952	996.3248719406757
1625.0444326619618	1638.5405024015781
1288.5937212519639	1293.619584055458
1724.9124600910582	1726.8920866619314
1338.045461954869	1335.8938274951388
1348.264931604761	1356.0948802730466
1251.4366156248434	1243.3502269913963
932.9694253792695	941.4174148814941
1427.907794797502	1426.2978433513417
1538.2224526715872	1545.9726755122363
1270.695118622447	1278.345336620315
1434.1860456146824	1449.6942823080103
894.1188126365596	883.5389889177208
1194.8542424894113	1246.9253770193068
1227.874325522076	1256.5315258524365
1336.8341890698648	1321.6725234731794
1513.498010278272	1503.677763069232
884.9819243815	899.0395825032682
1339.3238768584852	1339.5786630836562
1353.497689635813	1348.585959363455
1326.7351514380134	1313.0841844284553
1257.181443983136	1255.8225081912387
1158.2513015655131	1158.6853329935677
1249.5218690903275	1245.8758522519943
1474.4190921943518	1479.7518058136768
1427.7975370414497	1430.592372078884
1295.3350339209137	1283.4266159399324
727.2981586876849	744.4047426755124
1160.6153776539431	1167.6251487667282
965.857024622208	972.3051271500366
1147.1049047248962	1153.9133748018808
1025.2251114585088	1032.8756722832036
992.6511306076718	1007.1714527931581
1409.699660591723	1400.3684604540074
1270.1373354375537	1280.7817817794655
1492.1961639046785	1487.3562484258712
1246.797017052595	1259.6387735781977
1413.6245296863199	1413.5589341191205
1288.061558927322	1281.208955078988
1493.91045713739	1503.31981774023
1086.9485458606505	1096.3631748377802
850.8568937512173	845.6780611147736
1169.632389656559	1171.1351470833902
1118.1790479064803	1136.1215717599275
1419.9872963069065	1422.7731052236547
1302.6801713644527	1291.1674443521877
1187.9986514041666	1180.7292035755452
1097.650565586955	1089.076211996375
1624.3236019975157	1618.0605599789644
1211.0269992039248	1205.1657823396895
1239.666840538208	1241.710161569315
1003.7378743785957	1010.8323763906149
1618.114655160898	1619.6937448414208
1004.0097343512753	1011.6891605080801
982.981204757758	982.862406403489
1132.0778017554258	1139.5263593605127
1229.0197157950315	1235.0669114836232
1155.2722294030245	1164.8033809668063
971.4020005470375	971.593015007176
1571.0864769577165	1568.609404762294
1645.41576048368	1650.1274867576467
1313.8767512511695	1309.0613668299816
1059.6669714955206	1058.2835802469092
1383.6530551502365	1390.1501258419862
1314.2719767283997	1296.1083438438075
1745.5605667103082	1743.01230425093
1330.2974376744241	1317.4379632131008
953.133853307314	941.9630746468592
1032.3857157761522	1025.5060695661477
904.1987276590662	909.8071220109885
1515.45279699791	1509.5321288731243
1036.7898553183186	1039.028981119907
1224.7511890344322	1231.6146586591624
1108.3327722584072	1110.153090276176
1367.0834036955494	1380.8239710416558
1632.386359140597	1635.083352270522
1437.3736596401432	1448.742513383389
1540.4538732592482	1541.0562485473815
1056.0640072212555	1054.723811947113
1023.6818204943556	1025.6781656132334
676.3705526930862	669.576147367306
1555.785041763651	1554.9084411446684
1223.172720604809	1226.4621399687753
1263.4860839575704	1265.4271870349
1242.2817511012254	1267.8809285206098
1114.2222206257284	1117.8319069563718
1356.2097506193677	1364.3762885398771
1517.1726778863522	1517.3908397137952
981.243996240315	991.5466325969396
1275.3200064921984	1286.810546273731
1049.7612773003057	1045.0237865501365
1325.5050298319838	1322.318843289437
1234.3849347515497	1247.2670070854483
1142.3684256578272	1147.7424348469342
1195.8225420544622	1200.9939763546656
1336.2411663759558	1338.798911158447
1147.988646412181	1148.5048037457104
1220.4937337769952	1216.2618030621113
1165.1443864454923	1163.5851170457813
1108.3137114484853	1099.4168440615522
823.0146575269464	837.3090404303601
1104.0922783798596	1094.1279145671608
1329.0397138496337	1322.9648305793692
1266.4141790528374	1291.5848470332114
1648.3383111087896	1648.247480183433
1513.7819679125096	1506.497698104441
1468.281153413438	1476.2758250821396
1100.6767048976908	1105.8423331917197
1450.4735968527966	1445.1481997841488
1457.0891870435444	1453.4828039092756
1322.7426687266561	1336.9492656272826
1307.917175100214	1304.7718470221753
1084.9210139077622	1073.6589109317945
1130.18748032031	1118.6036301187721
1340.3975847022957	1342.6546728130247
1302.658482555271	1304.1611732105534
1133.6061361591273	1138.4480383075927
1340.4931443257374	1335.017463408399
976.1292814226763	977.6986043437338
1279.159156589536	1284.6947783061535
1248.5615673683642	1232.6054351585128
813.7525569045683	817.8218720279137
946.2326139744255	960.5444637153329
1619.7542117233097	1626.5712123516328
1492.177647237142	1487.4942599692401
1263.209393283265	1253.3117244981208
1153.7887826252554	1158.8588917068623
713.1785631877865	695.5407970527042
1270.5968443411402	1263.4059472042643
1135.8499420559674	1139.0178109430633
1238.5270011316752	1245.9834834925414
1340.5925157454913	1343.3459448324254
1574.0639317713503	1573.5294537139644
1214.1616363734065	1209.56483145873
1202.308288048138	1204.2080316169834
1240.960145322082	1234.008448323523
1096.4043226911162	1097.0288049075746
1061.1364245133009	1057.9159181097
1638.3378656618297	1631.7999052730727
1551.3788179022667	1547.5515405243843
1507.879078996746	1519.2197672888035
1361.4411112378293	1363.3276552117375
854.5590800947102	853.7526219548711
1203.2829097874637	1173.7162655080542
1216.6115311247995	1221.7965021040093
1426.160356964625	1427.153849552048
1094.9861546238535	1102.9980603361892
1460.1195680017117	1471.6139262995223
1329.0617527161958	1326.8735193075468
1384.40707407039	1378.8695645961352
1035.5432983361534	1044.4626115100991
1354.312194358732	1347.7403288129876
1405.0460051156988	1406.8591568549216
1067.762729861075	1064.5457723104867
1331.0662766376918	1328.8938985768493
1260.8821873603738	1272.3970217295014
1290.1806726524665	1289.7854535604924
1370.1390770441794	1376.7653353587004
1628.9728403493355	1620.9152176434993
1505.4276015343785	1510.0702589651241
1475.6542299651774	1480.2997017084829
1200.9173817061528	1190.950439471841
1428.6102136267582	1427.9692792665585
1556.1370226820873	1558.7111720765479
1162.9805697108968	1179.8868559131367
991.7302471427538	1000.8062675906244
1288.0055333601485	1289.4960158107597
1494.9390952759713	1489.224884218291
1209.1970851574733	1213.5701975498796
1234.5231897214544	1235.8870857385357
1091.1424788026197	1102.0324118396354
1186.6939864492451	1184.4580026236688
1330.445435176167	1325.2481668841774
1191.5202117395238	1181.4376661342753
907.7613147671218	929.3847233487705
1623.6458340075915	1628.1762008309483
831.4992930841981	833.7156377277109
1038.7568728320184	1041.3652683375522
1363.7310747476877	1362.1294677837352
1160.903148320358	1163.5455686128446
1641.1610078508384	1640.950023719404
1368.138644961844	1364.1690734096596
1218.6083922247053	1233.6937699499924
1333.0447219971684	1331.0433537872234
1526.1529856987763	1519.441095586563
1563.5583079623757	1569.959490567015
1263.5218872649712	1255.105481305967
1138.8101969855488	1151.53474509233
1458.2497512490372	1465.0508580204303
1418.1400100861501	1417.8068153778281
1097.0828409685346	1097.180135849213
1493.4396356306388	1500.5208461807122
1276.677436993632	1283.867872259126
1182.576711190428	1187.2469304193676
1252.7692272672139	1252.0264979967585
1194.6642821789428	1200.3333877546133
1437.900005510921	1433.9243585002107
1158.1606936244061	1176.0028219064432
1183.522822295461	1183.3488345267847
1276.6754222254676	1270.886685052155
1015.6564629168133	1012.3325183971956
1598.0329669341736	1597.2433809193758
1357.5693820012675	1349.6336194923017
1182.6467888711195	1191.671883264542
1334.6578669114679	1347.2236184262724
974.0924040680402	985.2332001550807
1745.4080180911114	1754.0758033806294
1460.8593639885075	1468.1771332814828
1580.662816460972	1577.157947193885
1291.325522967527	1288.7978869526078
1374.1426888942078	1377.0624617077895
1174.6368066408904	1167.9945576581636
728.1688065754133	751.4418463267742
1383.3365521949017	1374.685397478868
1493.760251625994	1486.9401405488795
1221.040056477068	1228.3962704895337
1306.2797041181766	1304.2781863868288
1117.659946030646	1111.9403356967955
1271.3576003999624	1271.7726274222584
1087.5473890551366	1111.6826718224122
1386.6279618857952	1397.6145090790865
1396.925052278384	1380.9433882315643
1367.7162426394934	1369.3473939822475
1247.8213633253472	1238.995439499361
1106.1567211244546	1087.8788408446674
1282.2964829530101	1292.7580358522634
1239.103492540773	1244.947697127734
1158.552869323481	1159.7674535068402
1298.579616930714	1291.7347693598535
1434.7345606011222	1443.259381640528
1417.4182210901927	1421.1148688354951
1758.7728914314357	1756.1171118653488
1493.641608669248	1497.3303336106223
1082.5417289089237	1068.4219322870447
1333.503588216874	1333.7525673933928
1547.1264471576724	1550.6451746559717
1324.9904221365287	1320.4611298276157
1325.1366630600533	1321.3227716841561
1126.182132705464	1123.6817698113855
986.9924334582174	996.2781932314474
1231.7611195305071	1203.7202352567735
1453.4824653272517	1441.1621483831816
1190.0905351627734	1181.0952299839853
801.8328306136536	812.0025243692253
1334.906774984178	1335.4232488607424
1277.4024143483548	1263.2471798483612
1220.6892905481218	1218.2855297226351
1456.4604265608068	1453.9452178348392
1531.2826049845899	1537.308942967883
1354.9175685435184	1365.888589497307
1620.2585131725937	1626.9010916648729
893.932792868698	890.5305858006809
1137.6612118032062	1143.7514043721208
1508.1739992315124	1509.8266241575488
1627.342728825257	1627.3858643113958
1304.8917009681754	1313.8889213639882
1414.3563418452977	1402.8083208613277
1182.5460115123715	1196.2729076501803
1235.472960515297	1226.51750927356
1344.8466543812247	1330.033494819921
1306.2586940618348	1299.9869809165625
1249.6738375891873	1245.0643794978582
1540.4537598064926	1546.521680186874
1013.4500362866384	1024.2791187372811
1733.2100609309273	1729.487123986442
1622.8882349114574	1620.3587800265934
1209.0871588693408	1207.3829964945062
1177.0614469702996	1172.3589567660676
1182.4273619009764	1182.054393822504
1208.7227547489747	1207.7909852813757
1411.0548761172686	1406.2800403555964
1368.0721485460235	1372.559684549275
1386.1681982365262	1383.3332917561613
1200.435552146053	1199.2353287060794
1154.8986823499145	1153.990342589598
873.9383798606577	870.0554177670687
1474.0383135123702	1473.1422737500252
1248.3976283726515	1243.9629502442278
1513.0465200446488	1517.3724336112416
1166.87826225147	1168.9082700166139
1280.2114624466049	1282.1797341698025
1490.7020884509257	1490.9147809982999
1294.9931052736356	1288.1711505244632
1321.7720380508108	1323.1269988469119
1608.992360631295	1610.713522316589
1414.863955126697	1419.9168302406395
1272.3889147761802	1276.4829134227034
1543.0852351795475	1543.2763616272612
1431.4309961179097	1436.2130022711221
1304.9328356369806	1313.116134364554
1042.5570717825904	1051.0745735576263
1272.1477628820285	1281.686471392112
1546.9444353137224	1546.1173994005103
1631.87252807591	1633.7754192846885
1448.3963797278993	1449.760939000179
1227.288250810263	1231.9858777008076
1625.7419160300924	1617.1279705287855
1371.9920184174553	1373.2609729495346
1562.3660019768577	1552.3126961483313
1292.4609806355147	1316.9905007684536
945.0448527981061	946.448880705176
1257.0756991724193	1259.156418055035
947.2247041118972	943.742681066436
892.1523459677701	877.114149410356
1571.6538430661312	1560.481709900541
1188.196759539249	1180.9187483872038
1623.7008700798033	1635.3296500470956
1138.8056069472223	1149.0070492482535
1257.468868364318	1256.3410721428916
1178.6339490231185	1170.462933993707
1126.5903886928863	1115.0338949910686
1116.0362905554066	1116.4731942620176
1085.6470654836448	1082.96979468202
1374.4550899215683	1378.175389616538
1173.4295998851303	1155.4931262278571
1183.1924564072688	1191.8803299950926
1341.698529080575	1340.2669651427157
1525.998361409962	1517.0954244139555
1242.2139389769873	1249.689089258048
974.4758852025843	971.9159533387935
1316.056763627159	1314.1813147304683
1361.5229088297056	1360.7899463867311
1335.1503633308748	1332.6019437217662
1028.5890200151189	1004.6044620921449
1227.8258211488428	1223.723778627787
1846.8468279155495	1839.1612746237297
1346.5475413308304	1347.4409001406152
1115.924444336386	1088.3933652340095
1441.0989710632712	1435.0587147682343
1520.5023460074153	1512.9177030507456
1165.7159020041	1159.6202699801702
1129.9525767154119	1141.2347663629482
1153.8180384608859	1148.2670626009692
945.342301569297	941.7215477747492
1519.3976028006	1525.3451215344248
1497.4279125030152	1512.047351310312
972.6269391252426	960.0027149100987
1170.857406499621	1160.1641199200417
1244.1770614135894	1243.2685664923767
1124.9589479693095	1138.1394735600088
1462.32586855095	1454.7575869625266
1234.977095739916	1243.0862163624565
1353.2462712431152	1351.98269918442
1204.9895191659452	1207.9580627951761
1143.7398276257445	1164.1413313578419
1240.4317745523003	1229.7079350090337
1137.648063107219	1120.1966773965307
1429.488026195846	1450.5891031302867
1441.6601648291107	1433.8690021287207
984.3980431261298	967.563877232797
1189.9768092584272	1201.4396980079382
1493.7769816132495	1494.679544492336
633.3590370596794	749.0581661064131
1476.916318928328	1476.8723546101228
1166.9654707253794	1168.8646835369896
1134.9429680012108	1124.2448373048096
1721.5700172934448	1728.942119804124
1453.545205268514	1448.651339807246
775.1624984063092	765.1220013312727
1460.4992923484533	1451.4256118114042
1226.9335920462618	1219.6593518057748
1653.2115769871743	1642.0920280655207
1428.638971987093	1434.308454807816
1352.5589015484147	1362.901331010807
1143.3046906400705	1143.4991211589897
1224.5114250687766	1220.7993777608694
1390.8726476283919	1393.0048631515413
1125.1678292951547	1118.5200153876808
1264.8429757250124	1249.0782478149354
1077.1294759032317	1075.094907122558
1636.2931228225934	1644.3851046984714
1332.4280984447687	1350.2281309037855
1208.837998412433	1213.744459403019
1562.9408771699527	1559.6927159447978
1316.6399017864023	1306.0141625290644
1058.5029891883314	1068.6555478212358
1187.1838647669356	1194.3214447867629
1221.181603474106	1202.6043311219892
1323.736240788392	1317.3788778137068
1124.8109656129964	1093.0305098978754
1613.5856415646558	1607.4896404456683
1081.6461936669657	1076.0202741485577
1469.5226910029305	1478.6478117395352
1342.4568610558345	1343.7176946839934
1144.187028338638	1145.2838633244921
1012.9847318484972	1023.7828749954381
1195.910510750662	1179.4962694992678
938.3437545903143	950.784620812995
1243.1986397857545	1250.7498982682682
1752.6816116103146	1757.281021998769
1453.8198827292363	1449.3038909543197
1239.8367380388954	1259.306248099722
1283.7174673372065	1285.8666195260378
1423.2451909958036	1421.2325321309581
1520.3589023275708	1516.6756685758442
1390.2763646352105	1389.8883934385533
1406.6883993671217	1401.0682147248424
1369.953574590967	1372.5079411262698
1347.8283060951508	1353.852042695749
1029.2263519449916	1008.1560088074905
1382.0006868868659	1378.4455972314252
1161.0498713047418	1157.9446846315807
1070.7419110020855	1067.6896694371349
1195.1545700443676	1197.7708121532892
1315.696358252666	1316.8877833472823
1366.7133388537623	1365.838426469978
1183.1819478038233	1199.117774351065
1241.9099772199988	1253.4218241016265
1198.3961957141582	1189.4479523816976
1284.4190582806186	1291.465755078758
1296.8795410881867	1301.871174505755
1310.084171586088	1313.7053757106376
1079.9669318645902	1075.9584501179613
986.1112393976073	986.5687831961446
1085.440703365748	1090.6459366027784
1409.1303533542086	1409.4328404562445
1431.4890060839534	1433.6428206985145
1724.2541916175978	1719.8610684720018
1261.5522962566756	1263.4637468391725
1211.3835684953665	1214.4734802142889
606.2566182487062	686.5937203447188
1158.9471467694966	1154.2761807471165
1269.894671629998	1264.056148580491
1408.3605520448182	1399.9754278451207
1130.333098698029	1129.1250731026175
1295.1879758147115	1298.34597386976
1492.3541278690973	1491.5012233832124
1549.0346060676966	1544.4328948830848
920.8320024601999	943.0351817946969
1291.5952431274345	1287.5256805283855
1032.1728854336252	1045.9781644928185
1626.7945286644972	1623.6562753050157
1070.5152389711293	1072.0580657530973
1316.9916314652946	1317.7383799056731
901.4052702792396	903.6657255783037
1184.7363645795267	1183.3609138198922
1759.9863149736775	1752.374636860127
1287.5011526763556	1280.748267574741
1283.2392408733722	1280.2637747883123
1261.5633965113957	1249.3336019834173
1030.895028584171	1039.9242351974021
1570.9609919743962	1573.6868705863033
1329.9823833597766	1344.9409700025788
972.2635578830377	975.7579071141329
1242.327185454982	1240.9477071630204
879.3222137864796	877.0914498503703
1303.3332717099402	1312.9255969758915
1054.987884397473	1070.7226872932938
1343.771995658899	1338.6196472993677
1184.7090368866338	1186.0344612495462
1407.2460846874746	1415.4909342602848
1417.1978408292925	1422.8776923052162
910.0552984505775	901.1959358751875
1426.7854446823185	1422.6533320109963
1584.1271704476385	1572.498600083783
891.3995670368749	885.1000461556415
1230.758301793161	1233.2536793803345
1246.3412972635124	1247.46274018153
1236.5421655075625	1231.7386129055885
1386.7316109044477	1376.8842933036788
1256.6393484357104	1264.2577125772302
1172.5244050420588	1156.0021830994453
1075.9039785607602	1067.4239774849605
1369.039327607985	1361.9150398629242
1277.933860483492	1276.494766164348
1233.4750024177774	1233.317689772751
910.5629743107129	926.1163531872386
1338.359640862007	1329.3372520289556
889.5565723425825	893.1850832946806
1617.8318341014383	1621.697166983958
973.0880810956296	962.2736167382463
1325.6678715476592	1332.1103478611114
1476.6297238681582	1475.9097800153634
1627.565668844065	1619.2830484309163
1460.7075108781282	1441.1183186411233
1441.1881874094834	1419.7283464258205
1197.746676490031	1170.5947832524198
1317.2975906678766	1305.5527662978343
1317.3819318582828	1327.9620460925144
1459.1630696518405	1460.7114288977289
1082.8403007851448	1082.1018621121734
1360.357405945484	1336.7668261272681
1252.3158690038254	1262.312691739016
1464.1943621578102	1446.3259722706516
1278.9188257920905	1290.084488477439
1608.279031751037	1596.2085339862974
1503.407493959472	1489.3647142526343
1211.4718621520733	1210.784231282753
1440.4823180895182	1462.654952405015
882.3540787558595	876.9099925338751
1197.013618760655	1204.3906627092933
1191.4040473198693	1185.7438009268064
1374.0431974151288	1363.7510138923888
1288.622106451745	1284.2661952459666
1395.4441696040158	1390.1562048293868
1428.9161169145664	1438.9040723188723
1351.8495005556033	1358.8130122783737
997.5309815691726	988.9858021919155
1152.1480199037178	1167.97112981363
1342.3687047712447	1336.4288338336644
1317.6370177859499	1320.4060599109725
1298.1068840051012	1301.6395042795373
1231.521278633125	1219.5986244582352
1387.9667334369733	1389.8735059064493
1277.7821916723042	1264.7088253786196
1455.9636033468123	1474.878629104204
1051.8835286861868	1043.9868058636673
1374.1407142922399	1370.8816510203949
1087.611338941526	1101.8632118278474
1288.276587783068	1295.5662523945975
1621.2728905848053	1614.6406116719024
1323.5746089398745	1323.872787136796
1448.8586533168855	1430.282445932093
1055.0305739695614	1048.698215340651
1499.2307570967241	1496.5487336265553
1497.3958209595294	1501.940784486629
1296.6235788540216	1286.2016411166628
1037.5750258274493	1029.3123901410656
1270.6007370859443	1261.2552303430562
1437.19907562164	1426.2396117360267
1497.5824426318577	1505.095875239046
1508.3023359047656	1506.9223498144424
1231.2478611253318	1198.399723626947
1319.0387561846	1312.3822750635447
1415.9323149683769	1410.1027146458173
1370.1152862085146	1362.4377018424698
1462.6407656009833	1461.5144028369607
1142.6891273764195	1141.3478162697195
1288.929914852226	1292.5638863554666
1313.088470233488	1300.4572408980653
1435.1612212725158	1431.5881532580206
1181.423993222561	1163.5414918949673
1516.199556025298	1506.2268944283871
1139.1968271691294	1123.996795388637
764.1582663184963	764.3750055342913
1485.96393505804	1481.704906474692
1543.2500959448516	1529.7148961105158
1237.0135347092291	1236.4854432973398
1150.5302374926396	1146.2182467266798
1753.3124382389942	1753.621627682632
1329.1503112915088	1326.5909336115665
1454.8861976455082	1458.7931089725512
1436.5990584678366	1430.79300178998
675.9284511434671	664.7951059578444
1034.3967262254446	1025.190851005299
1115.7719185682363	1122.594396549637
983.1857449507806	978.4293993457467
815.3563591990387	826.5272598735211
1449.6137774459785	1448.489025803433
1349.9443366894848	1349.5128541995518
1197.8074314852129	1211.4730489589062
1049.1986511497525	1058.2422963269732
989.8746798302454	1007.5197313920227
1300.6995045954536	1300.7027509488894
1249.09254034271	1246.1598761111277
1166.4957481864258	1167.4734318950602
1166.709939715045	1168.714528643646
878.1882310217479	881.794088086533
1161.6076337128761	1167.263714190559
998.8228621733433	997.1771709230885
1183.3634151010774	1164.644831807208
1481.9232554104237	1483.3311123011933
1567.0510766338266	1566.6390287761722
1249.4559917882725	1218.8201375222877
1464.735387785331	1457.862488354409
1332.1190504700353	1325.0489773459653
939.8327335782524	963.017266656117
1365.302442831482	1371.8293068568692
1135.237452001602	1144.3819155406388
956.6664750271302	957.590850117518
987.1238700405811	988.1721049349192
1116.3961712444143	1121.806323711893
1268.9247486545064	1274.1460947356643
1482.0430138649535	1452.8697854450966
1516.950694764615	1514.3988010317391
1307.1834680065804	1288.2688972505237
1384.8691040855483	1388.0194039007345
1428.3181135967316	1440.5887154158743
1505.0600821268163	1500.0594070411676
999.2156088280026	988.4905553540084
1179.2897239539598	1160.9134107944817
1335.8264989786258	1338.8502027514983
1062.4978282217635	1054.2145452818345
1227.3067610731814	1216.5795878859221
1148.9243141268962	1167.1115462644389
1380.0095747236628	1372.207704105038
986.6760930681776	974.7580032526048
1296.7133710245835	1305.2859246846049
1424.4761315851065	1419.3042210228525
1240.2529470678128	1244.6893896145964
1329.7436907881638	1328.8474221634947
1507.323680225847	1509.5650741860961
1075.0257009885972	1084.3587921157869
970.0465878071554	966.3523516884817
1534.3977563960943	1536.5616067876967
1481.330188449996	1477.946845615436
761.4677174030221	736.2779023900309
1139.8118432901974	1132.9513202114867
1491.859420430672	1503.6380746518169
1146.920138234942	1139.067538326454
1269.2963099818735	1278.3877382141468
1272.24003790383	1264.0406173101896
1126.0416126162454	1114.66960677535
1430.2372972011508	1432.9503407390266
1010.4931154792139	1001.6302260303565
1306.0570881547173	1288.9538748508583
1531.2045061100798	1541.2795735668212
1162.883095006633	1168.2403323566643
1155.0133115015924	1166.6689208683956
1431.8564403774217	1438.892371897848
1247.99612296524	1250.0219232154259
1609.8058482781926	1618.8972487454096
1323.8400372534816	1337.857408263341
1295.5014087065647	1291.0806632376034
1040.6888206415751	1032.642904884052
1440.1662602243596	1437.7927376130676
1633.7759304109786	1630.2437877522132
1048.5297279636725	1057.0973731565193
785.5844166207826	797.9935856903846
1497.3067256213399	1495.1550499647365
1292.2377740956144	1293.120439548129
1371.640749314538	1363.6116583216435
1144.65876450605	1134.3278993025137
1288.2768143386347	1287.7784309994818
1154.8031246874598	1145.010173029466
1361.3747408986383	1362.8770048117103
1320.7922016536177	1327.4897399621984
1187.6305638210906	1181.806458268318
961.2053263437992	962.7294833778595
972.5175666494179	970.3385358546046
1125.443618673773	1123.5876563192664
1203.972654457757	1187.0099160273287
1331.3237876185158	1333.6632356266787
1111.0432096686563	1090.0012281521958
1087.592522525345	1075.0692564374901
1298.329772121826	1314.3752543034982
400.3300156038895	507.61400753413346
1378.499188206828	1374.9599473321055
1014.3409980594297	1016.720563511446
1596.5325643885299	1595.8582676923936
1215.5605694335536	1209.4092121119052
1245.3535384811985	1255.2755008176237
1414.2047073174617	1409.6179582079767
1005.8849551255407	998.805251312327
1279.8844798606588	1275.0280125994252
1014.3932805083459	1021.6507326391367
1217.8831511221651	1208.2393766021994
1300.582279475202	1312.3656276239954
1327.405939479795	1333.3682714095685
1146.3268271840643	1152.8045460180772
1005.6371908426227	998.2616418099527
1557.742134255357	1556.6466978674498
1295.521546273725	1294.8106998624414
1387.4768456107704	1380.825528334828
1177.1132644007157	1162.2835952412129
1293.79767751068	1301.9251984128978
1267.9536505597644	1262.918707138861
1251.7653098237352	1231.626765923003
1009.2944600593473	997.9668804722418
1495.0185862541548	1514.9611767374768
1150.789138114662	1138.191423985136
1339.4552591363608	1339.580414900238
1241.0558904614882	1239.1470420255166
1242.8177398750558	1244.477892672371
510.3362299549917	579.5533088513839
1393.1227904287807	1387.3075061019197
1841.1001658593595	1849.5455492526437
1744.9080265063676	1736.6084642489766
1729.5117139637296	1729.2462955307888
1362.8435079345072	1365.4491705996058
769.577880154684	742.0852536876191
1193.6941207773343	1193.3958987524857
1337.083593610354	1322.3389544055246
1498.197125817649	1504.4610674395897
1082.1753171986784	1091.2652728904256
759.2998298539896	731.3716683768573
1457.3299807298463	1449.3069629610427
1272.316473176994	1278.0516371438375
1456.9469617439026	1436.5994271287639
1200.7302497780765	1198.7926834102655
691.507622496385	695.5967953217196
1068.642449910054	1063.5122134852581
1137.1883365993854	1141.101799385214
991.2557088797039	983.1471456627505
683.7291469574411	689.8282528461463
1065.574029168347	1063.676095317521
1347.2748554230784	1359.7059661129615
1156.8298286556383	1154.5923946154453
1387.2877120580233	1394.5335325112353
1114.00106870351	1104.5938915527347
1240.0850199041597	1245.5821065869432
1438.5598404644115	1432.226988065836
1268.6084591104009	1281.5355083563343
1114.4785412677447	1100.1949521224656
1048.385386443697	1062.7158301029297
1037.2049702483637	1044.5205965083633
1218.038287785428	1213.2749242987254
1369.8007412508014	1369.193428847179
887.4335238256608	885.716534983564
1762.6622999834653	1753.7960857997498
1193.3881272922445	1186.9056869585547
1256.8208178230852	1265.748858490932
852.2202928202751	860.068867969131
1290.5133825138619	1288.0237385633973
1055.0288655992772	1066.6370150119928
1334.757671281026	1318.2519516297612
1084.571052202402	1094.8756854253927
1048.7279235375463	1049.1031550818502
1642.1902716129262	1645.1924248212167
1439.406015310873	1433.2771131657657
1241.1073115173785	1247.3988832058515
1378.6420490698074	1375.3067636749945
1440.5741080433654	1438.3875970554286
1448.6577487393806	1441.6358986170328
951.2950257545453	941.6254152517458
1092.604232112004	1095.976423046207
1236.1450991688762	1238.1261198348443
1141.9266386752424	1147.693277579961
1442.0258818753937	1456.3641168562528
1509.2436641010281	1513.9702836097065
1435.7045445873518	1441.5523055590922
1312.9267302638036	1316.4840752570535
1083.3921996376885	1078.8515122289464
1443.0731311571726	1428.9863814841797
1322.6085818030988	1309.9149458804523
1179.9394686257874	1178.9226087222298
1577.6088902319898	1585.7392297700644
1040.8246996185626	1037.6373201123995
1270.9814138563233	1267.3338562281278
1452.758082990651	1463.4998162985478
1096.3218907554692	1085.2763716666711
1356.962425986625	1358.061499847974
1554.216740120697	1557.4058454193494
1184.0914527940913	1184.6494766051035
1125.1765590111318	1139.3512352033604
1200.140531437035	1188.5088477627817
1314.4175334918837	1331.134948419064
917.6102934161318	936.8905980792857
1132.986498490849	1142.6061129892387
1733.6073761397274	1729.2700554862515
976.568269264506	983.2253433202297
1340.2659514667466	1353.6044792307118
1378.5640905204345	1373.8274302511213
1455.0885004931188	1458.2273456406679
1041.368975657504	1031.2076720253008
1640.8215048529091	1629.9341444444306
1330.399030619068	1354.9663091793786
1275.8106640162005	1290.0722131799075
1384.989188148029	1394.4950675133862
829.609895483969	843.1539422490669
1239.871799953049	1235.9173597671393
1601.9621457301546	1592.9597827908165
1453.9002606770664	1452.6799595255777
1623.3299974488327	1618.1416678839616
1292.1703753810143	1301.7022294230717
1212.5135456902208	1215.4591266372574
1048.6816887359018	1052.8692308169993
1113.737431706948	1120.1483589250033
1194.9896839225548	1189.7264739734976
1006.4960689804284	1030.610320483737
1506.9647564742481	1511.6665989462472
1436.453619413951	1456.1458576832426
1324.4446717789106	1312.6318882744001
1241.7542137926794	1237.157382939435
1380.4490547174355	1387.5776391293803
1202.5623819012544	1196.6218460833618
1004.4984258773911	1008.0549919457956
921.7946757171885	931.5565365829748
1016.6936187932442	994.3788440561432
1335.6094611270528	1333.4394121741884
1436.524279970501	1453.6661914954277
1265.153701860545	1251.819088804953
1457.7303704908409	1452.3913127761673
975.3720283326402	977.4873195591892
1438.542926603026	1447.1544890687524
1251.0830425835156	1243.7948525234033
1733.9015213489765	1732.2290145057086
1060.6099565330078	1059.5005704189741
1167.2062705834396	1154.4354924252907
1250.2698141276487	1236.99828895872
1515.765301282605	1512.3110444674662
1117.3796101647022	1109.7464343159604
1139.5023883052345	1148.704778154364
1319.336869634164	1339.0439474184625
1060.9794737935008	1066.7450090451882
1201.1230553943315	1202.0513479803494
1520.6641459302045	1520.9013705479222
1096.7109330203675	1113.6833741154576
1064.524814460252	1065.2336474837414
1453.0999533990398	1445.8767880399898
1593.6610624861787	1603.7791635127858
921.753757020022	949.6417245941748
1018.4623117011215	1029.709096379705
1000.8603973318532	1012.7395113631007
1299.429016459966	1287.405605757347
1467.9729313501157	1470.907984614334
1302.737632098375	1306.603105609335
1153.1754139016266	1154.294436228672
1446.8105187825277	1445.2913097847925
1077.9361305752245	1076.7278917146339
1294.95427926915	1298.4264875928754
1270.5611348275852	1273.151091682926
1315.53073259737	1309.9490397816473
1375.1473183304188	1373.1076918438694
882.4826576617779	880.4434135669153
1175.7836236666772	1153.4246588051224
1541.3315259910305	1547.6089491119938
905.0846534374723	917.7821992001255
1321.3047591679497	1316.2314875791724
1145.2670175112144	1131.1604367047166
1137.7108145545353	1145.2297051820851
1499.4091036040627	1500.8396232519003
1352.2683169998345	1338.1999989160463
958.8848526342772	960.7505059394186
1304.676747270627	1303.7783333171699
1225.2474683854089	1223.9726169217904
1187.293727799144	1189.3510800971924
1552.8770964420983	1555.6575599584994
1023.241918995278	1045.2448405833236
1554.7799960574775	1551.3723368054557
1370.978021247749	1359.3576843705353
1572.204547130561	1558.8334591205653
1271.3367924260092	1249.0040409300095
1107.7688086178678	1108.948380816234
1533.5272441613197	1548.6870225332184
1268.8065125958528	1278.1958463802846
1068.6145494646917	1089.4935962366526
1493.1831638222502	1490.467073600077
932.8883314089326	947.7393455040054
996.4103335023974	988.8194047824951
1036.9737021185283	1014.9745742773771
911.9983594023506	933.054845379668
926.9056489210925	950.8148043060451
1162.658852588851	1168.690805567985
1429.2771851782454	1417.5854974375993
818.6863570861751	832.0099890043607
1408.7599292208615	1397.795389047014
1233.388952828711	1246.6213227427256
1215.3863780950487	1220.3129906287747
958.939387434395	948.2147116189684
1379.1744599907543	1378.4491692100348
1064.3027781708224	1069.4914965167063
1433.1094049052044	1432.1547647239559
1098.4469713004073	1105.2904148906782
1155.7932893144316	1147.489040302372
1755.6488726404496	1757.4968332187623
1211.955024458206	1203.5319527262484
1127.4064446039556	1131.6397293839161
1282.4159868490533	1284.6311360182212
1543.5399303409213	1541.8129083290428
1229.9341784397548	1229.2341766739976
888.3361929326784	878.3897931098016
1317.9681736747443	1336.3998087732036
1498.4390997035662	1504.4079939227831
1840.362455851311	1837.679060877346
1024.029875494598	1008.2211792664754
1611.5018481675652	1616.5667111977884
1008.6669079667481	1009.4763905366486
1734.69636323725	1724.5283291938058
1349.7263819556101	1351.9403223525103
1194.9684049804346	1199.8989721523667
1320.7600507150928	1311.923631441406
1035.599405533576	1061.7209646330512
1390.4436312534963	1388.674767028716
1318.4303113107453	1326.6434908587698
1266.7394492038293	1269.9942104492188
1567.615434649284	1579.815770193134
1141.2147020213306	1143.5473739686618
1313.050887112564	1321.8629117390228
1049.534339425998	1062.1925818528532
1066.2771439738572	1057.311853820135
1328.4194528421212	1331.6497351704047
1389.4796839688788	1387.6841264052887
1463.3590367377328	1454.0761817633959
1009.773734495684	1016.984638218474
1629.4963461761363	1626.202511039871
1483.3937398219714	1492.5494599506596
1627.418284489686	1624.0156518341182
1637.747342958668	1629.1994730486417
1345.3571480532119	1339.0639777966128
1508.5463826566993	1509.7038999218362
1634.1944113642967	1635.7620437468229
1422.7898750560416	1425.488615930382
1044.7465494130156	1029.4047226547634
1057.9076358956227	1007.6079888004539
1208.0865044140373	1190.7802440745577
947.078178927477	919.3466235123543
1476.9195006116643	1464.3225036154874
1245.9438640089065	1252.0439963876404
1469.4384528204391	1464.462144916954
1589.6276746432704	1589.4325323684332
1237.43906158951	1278.6272777062463
1474.3278894286195	1490.4979025247023
1005.2848241314059	998.8823883150337
975.2982501070073	973.9718397545972
1372.0487738859374	1374.2151096101704
1333.547074078524	1325.024581203025
1490.174709811312	1490.3705059567264
1142.688043202419	1133.1241378593936
1064.3476137006073	1059.8978671008676
1135.251799477759	1142.8581606372213
1295.7364304030489	1292.4241296785588
1007.4568658940261	1015.2036662075493
1384.0401002264698	1388.5986353861574
1124.5439439846377	1116.0448063030124
1170.731826169882	1170.3705111047107
1519.1487657779944	1510.4260321770546
1203.0882282564417	1204.522270229849
1347.018637214438	1381.7902188608448
1471.929315480491	1451.5763766305981
1503.0669564548589	1517.2174978303253
1282.6531392766337	1278.002654476313
1021.8585661200923	1033.2753564105421
1243.6256651542208	1248.7620187403008
935.1008185299579	938.8853891160217
1534.1851934421575	1540.568039699879
1362.854142399563	1365.473645276268
1763.3079842295265	1753.6994266229206
1496.4320959288161	1483.5500017747602
1134.3215715624683	1144.5322688839256
893.1258557636902	883.2423483468103
855.183824077103	875.8390712679284
1563.2299461238727	1575.8138304521613
1220.4805532521277	1224.6550035906387
1463.6663030530617	1461.6485688405592
1164.1045724088326	1159.7488070106526
1586.6305112493283	1593.8203389678445
1263.5890973854112	1254.3402190558854
1523.2728409972624	1520.8497117660995
1083.9382901011268	1078.8267723706435
1242.3423564363911	1244.957752464382
1069.5185473599122	1070.102506653998
1487.788112988579	1499.5306173156932
1161.1561001049995	1155.5718979826704
1104.1602658987686	1103.2662634299056
1621.0403791656427	1617.0714334313384
1409.3391272090375	1394.073559843505
1313.5837864167988	1314.7476814175134
1347.8674684845028	1353.7669783764702
1294.6986466819944	1295.9190683199904
1372.8929477596248	1376.6495300229074
1214.5021557791624	1223.2288794471226
1068.1159979858785	1049.0791647700403
1374.919537580281	1367.7070558368425
1113.5365856811404	1112.095824872523
1381.0586070505087	1367.1043715919097
1330.3164165594208	1326.0593231531752
1326.5531198511599	1317.2055415514458
1135.2270653274318	1134.3067809162142
1062.1726126976428	1011.8383363836405
1570.3190133266035	1582.7266980277461
1262.2532778605237	1277.91126819081
999.2838912594889	1000.5444109982831
1437.2585368851724	1439.095796150734
1510.4642879070016	1511.4218047935262
1163.5951408202236	1162.2907364272703
1273.6535839470162	1270.5902329967214
1312.6921666166163	1310.81508586965
1134.1632441408	1142.1636159626917
984.9304741794185	981.0557259303356
1166.289579337492	1165.8004196913255
1228.9683628354687	1229.7258540655814
1434.3956832155527	1436.7234437170612
1087.5578523072181	1085.0664659260258
1487.4866223108547	1492.2821626843693
1024.984007143823	1016.4657606257642
1135.8802798634279	1137.1527677352196
1424.8943657917262	1421.782092786742
1416.2003520662838	1413.0466802950662
1110.8909720794472	1102.5031188162918
528.6074140086275	524.2116581750042
1109.0157414903515	1082.9431260517556
1443.4793918853102	1451.6053291918504
1543.3167953385273	1549.3801571103356
1050.963818664255	1067.4656463400136
1334.2960015621502	1331.7473208408644
1118.023632229335	1119.1792827726863
1236.5258230434847	1225.9126995815486
1438.9625217505672	1441.7947450928764
1224.014792681468	1215.0794890581042
1375.3044630370568	1370.1035081871873
1241.7707034173363	1246.4348591083562
1619.682099603553	1629.9712037988254
1152.0571824700455	1170.1805159201706
1210.219203724264	1218.7750108204002
1169.9859274691553	1186.3699740338025
1328.5193318133825	1334.3568001169356
1478.8498188788944	1475.8094897126596
1119.8108838936023	1125.5196893354307
1362.7234710137418	1363.0104464068395
1364.261066555424	1368.1974505109079
1374.9518350475118	1376.5531171791786
1076.7133265674056	1080.713924126631
1337.2573046711623	1331.2938726489556
1390.2904170904949	1377.5582242214964
1098.1799812852987	1086.1491384981807
1035.9170704879507	1042.6351050372593
910.7671183919883	895.4386505461435
1435.2306981075963	1426.3119370786815
1153.9061283300398	1154.225590968858
1153.97704494567	1149.001365644339
1495.5592935069872	1489.3495622483176
1013.8781179818325	1010.4730469709059
1344.068608598638	1347.3387626215974
1279.536658712983	1284.6009806350883
1379.365908639069	1381.5166107806795
855.6057265445124	846.2208136064319
1130.083297396981	1128.0302150996172
1045.6483081859478	1059.7832425603995
1150.4991704899876	1141.8723633378818
1450.5036042519205	1454.0852881090648
1293.8805554622086	1304.479624067387
1245.045612480957	1247.3818568649403
1104.6773317412299	1097.2030640614414
1572.4265834965045	1579.5991921920074
1550.8494238536514	1548.614163280258
1440.6023424610903	1445.0246113276519
1426.488295979303	1417.0915730395784
1256.8810938840033	1248.7928110039345
1268.2998617679987	1273.1273247843262
1291.3282680498087	1279.669204262831
1126.4004946450586	1115.1909585670724
1117.1488821544626	1123.664755708469
1089.2944494256808	1076.4006155539403
1060.3751952259918	1064.5231976795287
944.5205523302429	933.5087037442813
1488.802960225643	1487.7632632537868
1555.4502834445739	1563.055233791784
1045.309625221882	1033.5591884428538
1340.7895200973726	1329.277608538369
1473.4604677024763	1479.5101981040677
1437.8954687268415	1430.4824901899465
1337.5156519142329	1332.425884080305
1414.5442729250353	1411.9824720629922
1231.4464390809298	1221.5979905610648
1441.3436314696446	1446.0266012752807
856.89142395003	849.9632841831619
1381.9581893735449	1374.764703881878
1378.1640218637767	1375.3082748066242
1249.886936894909	1274.5043969640321
1368.6134066729282	1354.7514885552662
1298.6591518557398	1301.8224626188392
1003.682432696136	1016.0163489431636
1733.827451589692	1727.3976327798293
1014.5955846629804	977.469355777675
1190.9487747155363	1189.107486767805
1402.2447143232275	1402.9625902940224
1163.3934160141798	1157.5623007441332
1627.3021273950872	1617.855530492269
1425.6060942529293	1429.4748839638578
1174.742852509662	1179.4312153788085
1229.4570111839275	1218.8060443745574
1222.1429335334979	1221.4378355383851
1430.3606283766567	1426.3303207749457
1166.9261391861364	1175.01339322848
1168.8568800648209	1162.9903972753145
1567.6847142133338	1560.8254415690822
1510.287780376675	1511.669915832869
1176.388520663866	1180.9798356637937
1500.9434592852776	1504.1357936239433
1093.832694162731	1084.2850766796314
1150.2034616630408	1154.2330586671674
1731.2382889320143	1723.1168613589998
1327.6739911475743	1327.2082131581817
1370.131668884831	1370.5531454378681
1514.9811911668803	1518.1628854407325
1480.1054931871477	1479.8482154495246
1084.9498167497513	1094.1401307516821
1415.8482340970659	1425.6684615804102
1575.5067764176056	1584.1679967641185
1300.0457696252852	1297.5332497006796
1258.0476159417303	1275.9868166921262
1059.7028512184916	1072.2960022702885
1474.8624847721949	1482.1460649357928
1330.6542700381833	1325.1272669167015
1153.1096799656516	1149.328016078384
1368.5247680566972	1369.7308004159834
1124.5373243090871	1123.9121919330676
1198.4358504086558	1205.1845842409427
1604.7499463723507	1612.4039579669507
1560.8417933451128	1564.1177757835014
1209.4139445275941	1212.4160900377021
1334.064969217201	1343.1118915413301
1113.1500539302651	1118.5161115689784
1216.427137645398	1214.619261078018
1490.8774431384809	1498.1158585087976
1321.082587576704	1327.538779772472
1270.9840220646001	1271.486684186141
1621.8802999377658	1613.3248306655105
414.565700112551	363.4709435517789
1377.3337569704163	1374.0709637979837
1195.1645961935865	1194.8350502343965
1301.4358333376003	1290.2675029797176
1088.1008593454317	1087.9957489345402
1619.3053202840674	1631.2233630298142
1318.913986773754	1316.2990492919898
1430.5543026367668	1433.9797500312375
1349.6244822260924	1357.1388806654638
865.2434243482712	865.3760061970593
