1358.9004129722307	1358.365841396233
1128.7446700740838	1122.7880284424284
1620.2677501743892	1621.0077416136612
1385.5542867396725	1385.4350078244872
1467.6972615806735	1473.3106499903945
1344.3874544237915	1355.4779570640806
1168.8568800648209	1166.3345815891967
1377.1919076877239	1373.8390746908658
1227.8258211488428	1223.9223581798099
1372.1580809263105	1375.075320995852
1479.9897085487028	1482.1052460045248
964.462251748424	961.4466884610835
1431.4810809293995	1434.2070442535094
946.1801664217783	947.6092822906186
1211.3835684953665	1215.2598219286435
1277.9964810766396	1291.8869516282173
1259.866528711369	1260.1259339361352
1049.939173810737	1055.6673015111971
1551.3788179022667	1546.7515046694407
1203.824466596241	1204.5670849948535
1281.2364016526844	1283.5590703109383
1411.0548761172686	1408.3587607306454
1672.8453088199894	1668.743020893288
1324.4721519955492	1329.9557814387695
1734.2988086401892	1732.6083522211281
1515.765301282605	1514.511226983211
1510.5728149851202	1512.2577382197417
1147.356565741764	1154.4975282779496
1623.725106558908	1632.9707761161637
1545.047315628064	1542.4297156461812
1375.4182058594597	1371.4960041942375
1018.7594048237952	1004.5137144461355
1361.3747408986383	1360.7749254332166
1537.8734952224477	1544.0229705485801
1282.516053405474	1278.20818059598
1613.7699739132659	1608.96920381595
1091.294401987252	1091.2756347214106
1554.3819469785376	1547.4086019095434
1189.9265455518034	1188.3879471634368
1362.5012901139853	1361.1931869486557
1733.702145323652	1733.4904186685371
1317.5639047388686	1328.7622694244842
1336.8341890698648	1322.2656526928668
1607.4085484359239	1613.7263395257082
1516.04939988337	1522.1864349276161
1246.7082807833212	1251.2507058856022
1666.1762111083954	1664.7946168967935
1404.181180842861	1400.630811006422
1457.133886058582	1446.407705535405
1362.8827827870555	1364.6866538129095
1074.062050778215	1066.6037849114368
813.1626124600007	818.9032168776415
1625.0444326619618	1638.6944214765383
1325.331006984692	1325.0174938710709
1314.1213374025538	1316.7952453928367
1104.0922783798596	1101.1093869566891
1103.4380994450767	1092.7250199301054
1628.801000745938	1620.59562242118
1340.5109237926663	1338.6516840643244
1064.3027781708224	1076.2583017429258
1258.5405295704259	1263.1615328964156
1138.8101969855488	1149.8259953352263
1325.6678715476592	1331.9155767530954
1369.206454869709	1370.2927774919308
1172.0185495270707	1168.1154848856386
1641.1610078508384	1641.4018463453508
1439.8902984764427	1439.7669614086856
1007.9477364733757	1021.5764422436456
989.5992208200623	998.6818497364284
852.8592619067931	865.779316854607
1152.5624184242915	1162.7471017709258
1428.134972022468	1438.6265812279946
1425.6060942529293	1428.062517720758
1176.1592227747606	1173.9000231816726
1043.9761680091033	1051.3895748677214
1014.5900075479876	1025.2099218112864
1240.960145322082	1230.6325241489756
1109.7938964297937	1111.5718092485524
1077.9361305752245	1075.6743884146454
1284.6940241724078	1283.9261450864856
1089.2137419329083	1092.441085408532
1187.630352655804	1191.724498643869
1379.7534189721337	1376.2344609457543
1098.5225361595221	1083.7033324924764
1130.2695815969491	1153.2570064561946
1620.7070936682867	1624.4714920005522
1503.6939337670046	1512.0384210222978
1733.827451589692	1728.576136691481
873.5458995756344	874.70842063717
1312.957897399203	1300.595989174564
1508.3023359047656	1506.7897827812305
1324.9992028563865	1327.496944528096
892.1523459677701	884.4445617915378
1047.0909826346033	1041.1993388902208
1223.1112156956515	1231.7558557104037
1507.315067328862	1513.2191744508536
696.4964900951891	706.4102559069653
985.7566364737868	973.4966901333057
1620.8535183516215	1628.9165793569462
1457.3975813563738	1452.7207716617365
1227.8808287832653	1232.6743189959066
914.8279855813016	914.4545008071475
1188.4852621134487	1197.0333337853185
1350.8948245798529	1352.3827397168484
1547.1727524044982	1545.0370799233804
961.2163030276424	970.2848254824186
1442.3117255510297	1449.7646678542205
1116.375095136813	1119.717038987939
1485.2376830411959	1480.0925427234597
1099.2838414538128	1092.8302521859346
1362.619803466223	1357.563208311983
777.5018869891064	770.2428102548193
1308.9709722952975	1319.375972968238
1461.7621080087556	1456.1327583090044
1482.1477005880442	1481.0153160606387
1748.8124411542376	1747.5314703954605
1416.9517088078137	1404.9536862764164
1639.962210146914	1627.0181829751523
1633.0003464502224	1632.6399317277528
1160.6607223454048	1156.3916629255937
1505.4276015343785	1508.449702650846
1298.0775959650928	1284.7275954299357
908.858364284999	893.3937978628736
1168.5792397894547	1185.0946710434046
1059.2863124307187	1060.8294297925431
1501.2293227816117	1507.5840041720678
1314.4826476312592	1302.277486331357
1435.5873313337797	1436.249283313426
1294.6460042776307	1291.4141469060373
1319.0387561846	1315.0754434351506
1313.1545026802341	1310.6763290110716
1097.0316103242221	1094.3114189089054
748.0333462431881	809.668412609069
1265.665895849932	1265.3605292809532
1253.4424215851177	1250.0289962393965
1183.9384165383526	1165.4017935016457
1442.026613162714	1442.3149543181166
961.2053263437992	961.8811506641586
1430.105612279469	1431.8507554488217
1519.1487657779944	1511.4326402602458
1591.1615947726823	1588.396614910261
1618.589555349492	1622.9757915559464
1277.825042587443	1266.9870507855253
1077.4488736110216	1078.7196551802099
1623.3299974488327	1620.1728798909583
1158.481392226735	1147.2860934720811
994.0418868144043	1022.729401054886
1489.213251002162	1485.2706757888905
1315.53073259737	1315.8226507555953
1221.8005627585517	1216.2109926018354
1254.0367118846916	1263.2658864724365
1475.968496362475	1471.9821465461355
852.304556899122	842.8775690079557
1097.1966634363635	1092.3713756145414
1460.2788436384872	1452.1820478051006
989.7275583210285	1001.6776365709992
1210.219203724264	1220.6697739092594
1063.7149132722989	1104.2524808202465
978.6720147451852	982.7197020107681
1627.2302111937897	1632.932653885726
1339.890596989484	1348.7454318800246
1247.8213633253472	1242.5524322998156
1145.2032807299984	1150.8059673381256
1636.1955443426268	1638.3099442837781
1043.6375110120862	1027.431440873853
1126.3730815747695	1123.5661255426282
1302.3885379259882	1308.3658939501665
1340.5164311087574	1344.5030731552147
1252.0358786114084	1260.5340689048605
1535.214251788624	1519.7628179503074
1382.880084093078	1388.0953449805907
1273.6535839470162	1268.5644707928022
1641.2754320495296	1646.4572783140218
1001.2140023469401	1027.2961894305663
1118.150878785149	1116.1213017611497
1609.8058482781926	1619.3384091214195
1502.6381823582924	1508.297644974859
1045.416029462358	1037.4575594024757
1291.0628626563994	1292.455085194119
1617.5999622847012	1614.012293482144
1167.2062705834396	1155.7206799686082
1434.0549233339261	1439.9887454445343
1519.888230597513	1510.225403283841
1274.3931834123505	1287.8235900225645
1268.085558479681	1256.6288038798366
891.1242974320485	891.4583594378978
1493.8676285671245	1497.9471609155714
1645.8145180432766	1644.5853702771924
1191.866740524274	1183.5417755430271
1096.019254861836	1096.0560676279142
1187.9986514041666	1179.7836269434038
1150.7464291996148	1156.9585548149387
1054.6425726814778	1060.9526480641523
1222.1480073155253	1223.8657704003797
1525.6824484728859	1520.3189590986342
1336.9928715486894	1335.910028122695
925.8846319716249	926.9743268964805
1004.8880524975539	1004.1586852243441
1136.1029654555314	1130.8495213368674
1127.2637867800076	1127.4217297884074
1474.0383135123702	1471.3341611642368
1260.0095526448567	1267.8171665533666
1228.6330150809372	1240.8115781773297
1144.887921098125	1130.8598882793588
1370.2686745963874	1366.77620471525
1571.6538430661312	1563.8778848234263
1433.631870094483	1439.7140223293181
1173.8545293161296	1173.9949872164173
1392.0808769196155	1420.7512848957574
1194.3996618105448	1203.5775221047957
1018.7585653454298	1013.8827735153827
1120.783605048724	1135.164587007835
1482.2037010880886	1481.2902173632078
889.3955384904402	889.4835582053005
919.5990224051056	920.759325425278
1227.4835396650888	1229.175082412713
1257.0756991724193	1254.801570276609
1427.0016248052416	1432.0045797057776
1042.5570717825904	1046.7517030921583
704.2980361693772	704.3898527831312
1328.4126479277038	1323.938130748315
1072.5772779839172	1077.36902532802
1512.465343652846	1517.6397130009166
1409.1303533542086	1407.6056023737283
1467.561265213997	1451.1638730154032
1481.9232554104237	1486.0297248264067
1330.4420823491528	1320.2124489375374
1077.248082530481	1082.1467853046668
1198.9357078328321	1197.042309541873
1424.7331891679496	1434.1715537585476
1752.6816116103146	1757.2151850959465
1311.3688707847032	1317.1762269196086
1509.5375675909454	1510.3583697469462
983.1857449507806	979.9351582821778
1269.2963099818735	1274.9200675125726
1311.8738495315192	1315.902191879303
1526.6350335245952	1522.1685919185145
953.7538926374982	952.8918358420244
1263.8402954897902	1268.3652748568204
985.0443425940175	980.0897425437499
1176.9428195598884	1171.5834186852326
1514.1980673501967	1500.73374051139
1094.640819137363	1094.5685514244908
878.1209135689278	866.2143514368083
1153.4916738084576	1137.6953134575206
1034.5485934810713	1032.2924247457313
1124.2441177213623	1116.5582593702816
699.7708491417288	702.5980384228433
1230.8670924479957	1226.1096038872909
1732.5441317782097	1732.9348363992506
1527.9454004995932	1509.3794932188814
1049.4882163247094	1038.213586867784
1234.4576261827606	1231.8920537625202
1018.977801815141	1013.162124443216
1647.79660045958	1646.9825741930981
1153.4229053518502	1160.4297398485983
1211.8864964133245	1232.3058796505122
1566.1838732810575	1571.6907538314601
1146.1276429803693	1155.4370032686124
1330.3629856826446	1333.5608327554662
1191.6437287202862	1186.6880804806985
1203.724517567607	1197.2162593662008
1263.847162243008	1260.0386660054135
987.0270351246872	979.1944718899045
1482.0466475264693	1485.0524503371419
1500.2928822379326	1503.235515607419
1267.280152063584	1261.5151377887717
1518.4995412076823	1515.720855350639
1239.298867417121	1248.6093852283377
973.349624211929	964.3386394361451
1241.1445742487267	1249.565250298968
1065.574029168347	1061.5658144659978
1261.740484334674	1256.6848147667838
1433.1094049052044	1431.5232809189908
1246.0882403443975	1254.307580962554
1284.9470177088224	1291.7103667971976
1721.9799380534678	1724.5364287922127
1217.809704222018	1216.372574255116
1107.7497277363436	1095.571063458432
1050.4495179321384	1061.2012511908952
1004.5690745066095	1003.5460039865993
1623.331889157358	1624.7713346401374
1171.8004010851146	1168.0809014663917
759.2983461618715	763.9349816785548
1312.9507952237618	1311.4130749127282
1313.4255261722428	1310.9354476504327
1394.1183890791435	1396.653772287215
1409.3391272090375	1397.5679543041292
1219.5236242073588	1217.0242365457084
1322.7257769783027	1346.2885915764962
1006.1831596630509	1022.0183609490869
1492.177647237142	1483.2887836790194
1149.8753522824263	1166.6500999827697
1426.6710063380597	1421.0022498125413
1136.5501156448736	1135.1273372509872
1117.3796101647022	1111.2003889725631
1034.3453973745636	1058.5674742619055
1525.641193690215	1519.107558696334
1357.3368532751629	1340.9790015492065
1268.1784431760607	1268.37320183475
1372.737179000018	1381.9893109959282
903.1854978467163	894.0033537455378
1033.5842710676952	1028.123462592633
1271.9457792069006	1268.5985380235225
1565.3321099476598	1551.8638885544517
1476.916318928328	1478.8087099082586
1453.6323788795853	1455.6350792645528
1084.889792812086	1089.9505172071433
1188.7591139186407	1190.6938278447747
729.0028944322548	746.0834840318598
1230.7869687493949	1242.5915187890978
1262.722724857449	1271.6793489759514
1477.202706384036	1479.647337180647
1273.2867477885738	1281.3353649378944
1127.1135908943252	1125.1647619720436
1254.438332444348	1256.3600953557159
1000.9523593032209	1016.9972086667857
1340.3975847022957	1340.5080786668725
1351.3980530256813	1356.276398613734
1241.7542137926794	1236.5945004839396
1343.1879560630186	1337.1148235073576
1269.894671629998	1257.3157947852933
1608.992360631295	1610.6415167350183
910.7671183919883	887.168519144947
1392.5637910279038	1403.9727668221924
1217.2522004528728	1201.686560685953
1647.6197801441594	1649.860846442431
1085.0113509821822	1075.0548057927292
1226.1711348910176	1229.2786447189224
1335.1503633308748	1331.5835339582022
1524.2787654058484	1528.7348619076424
1273.9191053227696	1280.8509629952002
1729.945850866061	1730.8428397565194
1041.458632295893	1036.2518963245518
1363.4629377712845	1364.3333755457368
959.4182987550157	957.9704918141388
1274.671973407967	1270.6783633499595
1454.5315514744725	1448.8083329063766
1084.9745686991664	1083.3664572519976
528.6074140086275	527.674261837343
1414.863955126697	1424.381799976117
1542.6234141244786	1547.0766897067272
1295.9455045883951	1281.7429430704337
1551.9491928976495	1545.839994913928
999.0824976958102	989.8184920480124
1043.418890070403	1058.4618579851494
1101.1609126557014	1106.3545363871328
1332.1190504700353	1323.3811023589342
950.8205114117882	949.909543364312
1098.2770604071848	1106.8513879231698
1273.3243645204348	1289.0730337387236
750.7944241187361	761.1679066648614
1208.1276347911044	1211.7764336706784
1196.9030287284404	1186.2516386885982
894.1188126365596	878.4084532230623
1023.925017985719	1018.3065181098164
1459.8392064151994	1458.7461915689748
1255.7675459258026	1264.2039732375683
1386.300627083372	1383.6933387347638
1105.7588220591424	1084.7373942696079
1072.882068649662	1061.3543155430764
1417.7294028045435	1428.169854913636
483.0759866333683	372.82663468911704
1227.9318134029454	1223.0145445083183
888.6687058295938	855.7083927903258
1275.4005419989408	1275.7712293195357
1449.2767348061025	1456.1435327395911
1190.9487747155363	1189.1138438429448
999.6025653425604	989.1963712014232
1486.4716877031315	1479.62270337744
841.6264263355406	854.1153573822169
1588.1434506049263	1595.7443496706287
1366.0055954412383	1362.7405383300481
1342.6829443803872	1338.401691141691
1576.648038821586	1579.6188214982287
1143.700070501829	1155.367716049182
1123.9593085429806	1121.92994627901
1383.263415072317	1375.5620522222869
904.5119491302466	910.0384136239311
1194.949784171884	1202.3625611772188
1303.6096629700041	1293.936190865391
1401.2605038012553	1398.4023447106372
1167.4405961554148	1151.2294733372958
1226.5546926548705	1213.9769902634332
1120.4114785583806	1114.5423079797463
1424.4761315851065	1419.198736379031
1624.092648012971	1621.928858027462
1045.7499805946718	1050.947779101647
1015.9113351429696	1002.3389881494257
1448.9653241297056	1453.3526362939674
1276.6754222254676	1275.2639961999594
1388.757880167046	1399.2537838692792
1113.8860569382668	1088.873367896832
1423.3697801473318	1411.966086522486
1300.4867353336886	1298.6724666807074
1244.9655631048663	1272.6974152630073
1371.640749314538	1362.5068954338676
1478.9386618499702	1484.4081770325445
1200.7302497780765	1197.120044395765
1323.8400372534816	1336.5680255856482
1151.6084282749507	1146.8797045311899
1354.5932095016178	1353.2268911170536
903.2840779233957	900.9021968102842
1150.4991704899876	1145.202547980717
1499.6067653014034	1505.5097692608629
1185.6776475750958	1189.8904542550313
1203.2979028221162	1200.248728215316
1611.5018481675652	1612.9717627891985
1237.2160284465645	1238.2938934488607
992.2478627849487	985.0610524985848
1373.042776610935	1369.1174725428646
849.8507201619213	842.1797858555934
1337.9499738206505	1334.7438018899213
1599.1753285270825	1592.1730768810073
1140.2460562004999	1139.6024044226383
1156.984082600713	1153.6462618640996
1323.5073459952546	1329.5793639903973
1429.0620938970824	1428.5062764669556
1095.2614210310276	1099.044023624215
1337.782827459072	1337.4269453729105
1345.378852330905	1353.5297609575002
1451.3877527713776	1438.905399155164
1208.837998412433	1213.463989068448
1510.6873391611734	1498.4664373519631
1156.6292088128685	1163.7829332180581
1113.10724775173	1107.4390714304473
1338.7505020819954	1336.8815975673251
1508.331108313083	1506.3741186445138
1116.4789381353476	1116.0988824060287
1113.6357268331922	1142.840805562197
1486.1300632708007	1481.4450342597372
1447.9100998929935	1518.848822973864
1106.6700052515953	1101.2083076879487
1051.8835286861868	1045.9830806246312
1464.4602242122928	1460.215833018956
976.568269264506	980.4813386883633
916.214334753633	922.7571868649084
1324.4446717789106	1307.4766828332538
1021.8308272657159	1008.2587919361993
1163.1697351871117	1161.1837931203777
1296.3356127313164	1293.0419818596174
1256.8810938840033	1252.0547316670559
1061.9053524299234	1074.9865210318967
1288.9749940630572	1297.079668508746
1334.2774657103291	1335.5100312867114
1211.955024458206	1205.6803832670366
1501.7924943257822	1509.899926524369
1440.0183611866378	1446.7194670475221
1209.9227337326156	1185.8717920107413
850.1753952207218	856.2427549145509
1763.3079842295265	1758.2374298901138
1451.5888084683975	1456.0535333296275
971.4573652629624	967.1994522986594
1296.0715205244778	1288.5074486940412
1509.3256416818476	1511.6369934665395
1496.2612074646167	1502.2317972796116
1252.545778634114	1238.696525099292
988.124082543829	986.6291907533815
952.8468317047227	962.405346453435
1131.4857469262788	1143.6331637259325
1218.3549009512353	1227.1356513922326
1328.1605115371058	1333.0067505871532
1093.832694162731	1082.1262532411126
1086.9485458606505	1096.9924521705454
1425.5273317153915	1422.8555836809742
1165.3166332478868	1163.8317975915706
1435.6413913855213	1437.290597162583
1137.4815402585082	1135.8657357490904
1290.1806726524665	1294.4283658965821
1092.5924719857285	1098.9596725749495
1251.3923197895347	1266.9826252791875
1013.3434388327587	1008.400235652766
1155.413594274898	1155.3585922171483
1276.152949968906	1270.8474313612
1158.7101876993402	1169.4864689871458
1279.819579675881	1277.8332266148705
1018.655405253754	1012.0202657775937
1007.4568658940261	1027.2113171501135
126.95108544333198	277.93785121057385
1397.743877851608	1395.4100449664288
1427.0485822878254	1429.0369343243065
1726.1470909136988	1720.4732081731302
1362.4473497809668	1385.9528403492773
799.3564552441239	807.9878903013441
1755.7906924080162	1754.336922074061
901.9980426345137	879.480508400902
1492.1961639046785	1485.5351523688066
1303.1243622490147	1299.1013028383504
1440.5741080433654	1441.4719696869029
1345.0011826262344	1342.9419258992095
1265.530168228317	1263.5609947045307
618.209001867086	609.8836286117493
1313.5837864167988	1309.0616759479076
1278.9188257920905	1287.6514733145746
1073.6546962228604	1067.8218264500472
1220.6892905481218	1214.3093009699453
1472.548885077209	1468.6928736748823
1391.8858407337393	1392.605408069598
1840.362455851311	1836.6550323573656
1161.8724849443824	1163.9151300162334
1584.1271704476385	1573.2890677543537
1144.65876450605	1132.2682863648258
1202.6079035034345	1194.3182557915602
1512.470246195211	1507.6473415028686
1270.3346126028919	1267.7891400461156
1261.2485386851185	1258.0557152516215
1332.3756463124591	1327.3537210484637
961.9364797828603	966.8880021279998
1073.643442892324	1082.2041387881684
1295.5620982103283	1291.9275348205715
1571.0864769577165	1573.203405287607
1048.6816887359018	1056.629828042669
1187.3068178846734	1191.8523520932233
1752.753474674886	1753.190712366435
1272.316473176994	1279.5861352823563
1362.9302769580972	1359.8153115959142
1378.499188206828	1375.3629065427417
1242.8177398750558	1247.9785898344123
876.8338803022925	892.9093709465095
1613.068917243887	1616.8185350553724
1093.8890482135466	1106.0692692081866
1543.031356849824	1549.4480929096808
1633.8775064425718	1633.924269799991
1080.3851052214159	1070.7791487060051
1065.3099434340256	1060.7860895236784
1233.4750024177774	1242.80900169654
1486.2410019363742	1490.582180323171
1170.9965371416765	1167.993540152368
1581.067376556719	1580.0206007218287
1376.9819006228645	1379.6368052466435
1182.2117223579553	1187.5402447213514
1639.8668860580947	1647.6832264303723
975.014236487681	969.845365105153
1301.6629590983212	1301.4887516205652
1476.9195006116643	1470.867557634409
1032.124567123392	1025.9018860133717
1454.8409985297185	1449.118541633953
1428.3726228205487	1425.4859045177384
767.8506557210349	768.4306078081695
1079.5658936412074	1095.9277418433744
1335.050187660876	1338.095417231708
1151.404220690456	1147.008481681854
379.2731596425001	425.7039673306765
1426.094984637457	1434.4517784438572
1155.2322086760832	1160.4470872230559
1459.0759440057154	1457.0735769981713
1127.263471081038	1130.6819834147122
1490.174709811312	1494.3274105361945
1302.8122875906702	1313.7879348264994
1265.317349091405	1278.351396490969
1215.7031724829576	1232.527013078828
1327.2393338437541	1337.3207866457635
1226.7083963593468	1232.7670596451946
1763.5138971772685	1762.2392749645744
1367.112767557148	1378.3068240521295
1404.6674307682842	1392.4949633656947
1478.2071289853193	1479.8402354870595
1130.18748032031	1122.350991307578
1234.9498986155668	1228.3654545083737
1111.009633886657	1112.9409715851646
698.7954110003338	714.0809861962463
1198.0267428028747	1200.3716461424049
1120.0979880454834	1119.0045154423815
1328.6204722609255	1325.6699817578858
1157.2159920080449	1172.4431505703465
1431.8723592995375	1440.5527657907116
1261.7151967817917	1270.7789223432853
1193.7971356008202	1191.0573639574475
1404.0589442054625	1407.9103676204388
1546.7309476844384	1547.3980052093348
1208.714651501563	1207.1235432832937
1336.815452075447	1335.1084011626463
1634.5731383779494	1633.3406566510473
1332.1628953925974	1330.8455427399858
1209.5031922322523	1219.9416569614143
1547.2337384572602	1552.8808279790749
1246.3717306874169	1251.4350496282736
1342.8191897358338	1342.2548576199852
1491.302195981145	1489.8359685480027
1348.9939760671114	1336.2958271944694
1415.9934912877507	1425.292749610898
1050.7810743893206	1064.6706300171084
1644.3448417377658	1643.8170229454431
1623.7008700798033	1636.8205630985876
1349.447234299325	1348.0896247779401
1043.111480236228	1034.7947009629725
1291.301146810758	1287.1953029878584
1032.8513820764492	1037.5345394043704
1198.9289410489146	1196.8105365886734
1171.1166211790114	1185.9941967669847
1053.4986876196635	1060.5629584184908
1369.9615121664247	1370.8201202359087
1117.4265527989483	1120.0724060702296
1173.9195239068358	1163.9991496039345
1446.5245658522763	1442.7316585519181
1270.670260644576	1270.8359596911012
1246.5054935635999	1258.079175470724
1493.91045713739	1498.8906148840051
1118.6380717752036	1124.253398786461
1503.407493959472	1490.53834906537
1220.378942778916	1214.856275968164
1431.2698559881828	1426.3313860814224
952.0525529890438	955.8554058764711
881.2261647612613	872.670272629101
1043.0059930184216	1037.4042188482533
1331.4835176826746	1332.7341704426158
1132.9428841752524	1131.7158781645883
1437.9543377095833	1436.3973826170495
892.9330312846287	887.1552456324322
925.9292875131068	930.530123121294
1622.0558501159248	1629.5264760903124
1157.6981468211743	1152.4086260111787
877.645827013388	884.9896396704135
1179.391214072617	1180.8665439157899
1168.1995276779926	1162.6750056831627
1105.6627138774493	1109.7128814865546
1125.443618673773	1124.9654723663773
1145.4722577489447	1141.0107372059203
1330.3164165594208	1324.619263886809
1236.7210282128362	1229.0103941400798
1001.5459835352376	1005.2036887771244
1132.1190012132574	1135.6607458042881
1372.4917055146361	1371.800946244768
1218.6083922247053	1226.9014987476273
1068.2288646360103	1068.5518909616612
1505.0432773410867	1509.8660985705235
1614.7960279335384	1617.567572391757
1276.6485437692609	1279.182456673723
1341.698529080575	1334.9667000911859
1396.9680882604443	1393.3634723294042
1370.1390770441794	1376.5521007945147
1622.0290659611637	1633.0713278782823
1278.1632806549023	1277.7323932343822
1518.1198286631843	1510.0042295629933
1205.491596205131	1212.7481604617983
1106.1567211244546	1094.51819719702
1296.3106893404329	1285.7193294571396
1273.7518450658245	1277.610576576682
1456.4604265608068	1448.8242508643561
1197.013618760655	1202.8376903574454
1519.3581032827497	1510.5483119904068
1526.678651657945	1521.1053059000453
1254.1969952798972	1256.7269367368974
1188.196759539249	1172.921490067537
1539.9933526399836	1540.94921826808
1485.2738575291296	1500.8857766020021
1350.5409772592539	1339.3835934405909
1197.2150247617392	1205.3190235550949
1075.5891958608117	1079.1389683812322
1600.3810053850757	1611.284973502994
1067.654025387339	1091.1233275012723
1558.77362964215	1554.6961096720424
1384.2923687093426	1388.230286721133
1005.2848241314059	1013.7829068467388
1000.8024465250783	1007.1490825783783
1471.929315480491	1447.7774333898049
1420.738393424137	1433.2757269612387
1402.6058309277869	1431.7887050068439
1311.6905161261675	1316.6900814131575
1753.7940405267582	1760.8758233504486
1241.7707034173363	1244.216347490957
1231.2654505113023	1221.776508278943
1076.6610325212823	1077.4594029271962
1399.5423669632582	1393.5848005725115
1105.9483255120576	1101.2733422196843
1437.3478522769292	1439.5618716982272
1205.2921527182043	1208.4956695220883
1362.3198359407834	1361.078109228464
1299.888178370311	1309.816501558956
1493.5086605700199	1499.9114637435384
1153.9644248765544	1153.285472550077
910.0552984505775	896.8338667396217
1758.7728914314357	1759.6261399793862
920.1259300967504	888.1550970505775
1447.2782061203616	1437.478757420187
888.3361929326784	881.0045879878902
1397.8398036569415	1396.5995478073885
1635.9811078317289	1628.536659615968
1082.8403007851448	1083.6484840802066
991.9038122064085	988.8961164813217
1146.8869859531405	1149.694462063797
1533.5272441613197	1545.1450169204652
1432.9577019757999	1442.0504885479406
1497.3531075228238	1487.5110045509737
1266.4141790528374	1289.8809828119097
1632.1471539199702	1628.4279401139386
1427.1822762176744	1432.6837290818871
1218.2452048347914	1223.290772988361
1075.1680419300683	1068.7649622321617
1520.3589023275708	1518.210661080104
1483.3937398219714	1494.4575014769373
1188.7614221940166	1194.778714614625
1211.630544033571	1177.4210559426774
1219.8922602802631	1225.2137864353135
913.0136143693817	917.336714962562
1204.8445962401456	1203.911945904721
1367.3503404069343	1388.2421405517969
1321.9415515788132	1325.584580604246
1182.6467888711195	1186.4960590116693
913.6709328224533	899.0033008317591
1555.1901985998556	1554.3184274615771
1306.3612970674585	1316.4604479003501
1474.9174777633452	1466.6000674191457
1078.1008809708292	1100.4501707600102
1136.5655051950598	1151.3421620551587
1136.600819212268	1124.3467675724992
1724.2541916175978	1719.658542195722
1574.8994482372946	1575.363083383478
1559.4230340053618	1557.4376728929794
1290.3301912498428	1292.1522293730077
1028.2562192819314	1025.1908126611752
1207.8016803207283	1186.4788956775212
1298.4176351478964	1298.4174335652706
1584.286853454687	1583.021178559672
980.3056504295964	981.933824933335
1673.3780435396766	1673.6757640873752
1079.1063712649047	1072.443527150623
1078.924486356991	1078.5460802202713
1392.1069085727213	1389.8478340540564
1368.8063359658408	1369.1156160889313
1491.2376181148575	1497.0046525332104
920.6683093223255	930.7925181946606
1624.4658842095523	1615.6938596197379
1261.6419051182747	1251.5871496967825
1150.779708048096	1145.8844816765009
1468.7133631753095	1461.0542532899221
1148.662288607302	1154.1342980613563
1180.9223724763433	1173.9571439713216
889.7436545311066	871.8385882488611
1640.0196801784914	1637.696103095226
1048.2089752830798	1033.8505407346186
1277.3987567904987	1283.9812707886467
1285.26374153918	1292.466313637748
1351.7444576287817	1353.5893030789132
892.4491873670486	917.510607030142
1193.2516983470123	1190.6779766971388
1143.143931716797	1137.7211345254393
970.6383681668376	977.3470355728691
1253.580811862601	1242.2535225765687
1275.4902039405715	1277.1920707728639
1335.869323389983	1322.2410450662303
1367.0834036955494	1379.3159717811122
1108.5843505552039	1113.595152451828
1134.7194210967573	1128.979048435975
1072.3832624866627	1070.206897544245
1558.515872120508	1564.1105113819494
1363.9969137771986	1347.95176299306
1097.6550142767665	1105.277302924743
1190.2923136575846	1170.3441024811295
1465.19425959012	1453.165162650169
1243.8054553995898	1251.3258654696735
1626.7110940743587	1625.211380157989
1368.3254327368923	1364.4276630171373
1726.3477164295327	1722.5330485984248
1147.9430244005634	1158.1424559023192
1536.951391126233	1542.7838774741447
1444.0496744343836	1446.0851601464267
1340.7895200973726	1336.0674262102543
1471.1158243153768	1475.6442347717311
889.298236430157	887.4381237163511
1411.7052751814772	1457.6705716174051
1418.72769697482	1421.1083063359135
1161.896858600725	1167.8622465013912
1403.2904676125618	1403.2710314621224
1622.1369678012852	1619.7006557196555
1128.9732983366412	1126.775487464302
1396.925052278384	1381.4250808702177
1067.5232026127342	1078.5903414440095
1141.8536535609455	1138.8182492705014
1191.4784334169235	1195.0545303071135
1214.5021557791624	1224.036663890647
1338.2665089913644	1331.4562509004606
1357.0857654847496	1357.9625944655304
1454.4017443729972	1443.0612663772501
1131.3672941981931	1125.61418795684
1274.9734396835556	1265.6054646305936
1205.192369006807	1206.9705596158894
1038.8239367991046	1050.0268980216213
1504.8481297537219	1505.2414995466038
1036.956068850297	1035.9190782943024
1494.9187908637396	1500.596493444974
1321.8785991792975	1314.2443763046658
1284.5514609778766	1293.335312300211
1443.4793918853102	1452.370197986862
1336.9168373801513	1332.6658109108555
1619.046116714715	1622.6087699776374
940.5803673757036	910.4123974431596
1526.4990292894072	1511.8121590840838
1128.1949806047196	1122.0601511913712
1284.6522779689403	1285.9771535977243
1309.0701537664281	1308.2435975306942
987.6286823470728	963.454173683186
1167.6848996445478	1162.9190994395688
1249.2488934993453	1245.2885063549534
1131.8732629051374	1134.9779361225042
1438.21787783716	1429.5137086624165
815.8010202787118	818.5561516721385
1620.1920287127432	1624.5850154502766
1291.2373963824066	1287.3267796257508
1128.5020548489701	1134.0954288862988
1187.6305638210906	1179.357401441357
990.059442984988	989.5470562856468
1048.4281740032893	1041.3498668254267
1502.3348442899296	1505.3009598307592
1508.8295135682856	1510.6766177204154
1245.898403304629	1246.1301916305167
1646.0450841817656	1643.8327446793048
1300.3114948634757	1299.0605262551665
893.932792868698	890.9480273631374
796.1471265628061	798.9395267203133
1383.9850355566887	1384.7123258877743
1509.50264370261	1509.3133985710956
1582.8463890869753	1581.9580832392649
1253.7653748428565	1246.315809507679
1335.8264989786258	1342.8994258316304
1316.573357763351	1313.5652376344563
1045.4391597638605	1042.5365197475926
1385.9668344159436	1390.7175525196621
938.7184054452227	902.2845484863312
1466.406882831856	1459.4606213668847
960.1150634422083	965.76370051194
1567.2268858259195	1562.5584595605587
1445.798616744607	1434.565734544533
1517.1726778863522	1517.7361376640695
1387.8667824283475	1392.6774868034686
1101.9406448848895	1104.5840453091917
1386.0587849637377	1388.3741866893276
1510.2268824120401	1504.0750184418043
1407.4926753480977	1409.964874267722
1081.2962389419263	1082.1381723886586
841.9874150063843	869.5381930454317
1735.524393388332	1736.28496961466
1196.6599760070385	1194.597107029058
1323.403228850133	1334.331215385039
1449.8581925023173	1439.049784178617
1195.9774070743588	1205.5328817591012
1059.7028512184916	1064.2720075045781
1115.059384984197	1119.0872535401488
959.2465868650761	975.4407597993613
1275.1907250949007	1298.2825717807007
1645.6984874795016	1643.8613244672345
1346.33820295005	1333.0238545319655
1157.5467370881233	1156.006422457984
1446.2175490322697	1460.2462803133442
1268.3563571742852	1262.1574057578407
1017.5837798253924	1016.5813632555635
1511.1162897815811	1509.2933632972129
1413.6245296863199	1416.921280129625
1555.6943718484254	1553.1107156470669
883.7016645878903	875.3942862451302
1279.8309143739752	1286.7036482041078
1277.7821916723042	1265.00273645203
1287.4292724591796	1282.875310771598
1023.7240188137512	1017.0346104648094
1244.4514718998398	1246.1909072146593
1103.5553149162151	1075.243783479668
1409.5299806102412	1400.5847126771775
1133.6603718952974	1144.3591088769024
1343.2513981287193	1343.407895896524
1084.6120506336156	1077.9403808644279
1031.7410539548437	1045.2215266597314
1255.2036079693644	1255.7440271867915
1177.365386306803	1167.0598143876043
1141.2921222927398	1135.2331196795215
1580.662816460972	1577.3314519223495
1060.6515253622201	1071.2658667602302
1223.971822746913	1239.9109805734595
1101.844875469833	1099.2792469083665
1221.4366348423646	1233.734275188781
1386.848835726647	1387.2913698274772
1543.152312267921	1542.2067646433673
921.753757020022	945.5864854883692
924.8105023803073	939.3247428473595
1232.353505672625	1237.7889373158337
1145.1486301297555	1150.95494711159
1014.2646292322315	1021.215125124517
1322.6085818030988	1313.0609503577166
1274.7469158175227	1277.1079138102511
1447.0155063128623	1439.7205734953957
1639.2302213002695	1625.8044406103788
1509.213192243129	1507.7103627598551
1413.391306655656	1417.4563635783616
971.2332667083538	970.6114761852137
1248.28512802982	1245.2663659315724
813.0461289049126	809.8817092682141
984.4010812643974	976.7804790627783
1387.1908332172898	1389.1512616206508
1361.8399642334844	1367.0709977551414
923.1885186895961	925.0193752270426
1434.7007978636248	1437.1868699828847
591.7627315404243	579.9490725926298
1441.0989710632712	1433.3488979011788
1126.182132705464	1127.7940097344288
1197.670954295143	1194.294231680013
1232.6258348867123	1228.9058156247922
1348.264931604761	1350.9981234530937
1485.3407289193128	1482.8564844848459
1321.271739583026	1295.447789924442
1057.6311731860624	1045.6314811712498
1419.1072170771367	1409.3709800106947
1574.383776797913	1569.1369822829686
1613.0619147427497	1610.6787048670185
1555.785041763651	1555.6947577309988
1078.7157228947617	1073.7369703062243
1101.0701828603342	1105.1796280327105
1239.3411714822869	1238.7146818691633
1165.7288206644007	1169.9898894082164
1023.6818204943556	1036.8097014618138
1371.430164036632	1386.1355201255667
1178.9071074077801	1164.685171453454
1475.4665111070208	1483.6656612278102
1565.812396047928	1561.1114214232007
1184.7363645795267	1187.393702283668
1101.6876795444405	1090.6853651800823
1447.7285558122094	1443.2608498779614
1084.0581152623636	1083.7715365314418
1372.8929477596248	1377.183201986674
1104.3647016262112	1113.5641811100916
1363.020234984433	1370.0586095307456
1203.310258479003	1202.9436658779707
1460.3533571101143	1463.5685492226423
1060.7726116515696	1062.3971176970201
1076.1843800822971	1069.2889687997697
1051.3554313609202	1056.2031341260085
1515.1972287601675	1510.1421440339043
1338.448420715722	1353.058263217599
1118.023632229335	1121.0550302073789
1280.1662298271258	1283.730382910291
1277.8392807018245	1277.6937896020402
1430.2266053047497	1419.6047701813982
1294.9931052736356	1289.6703058579385
1211.4979422693723	1224.4909093551018
1063.5052197723999	1072.3911699958435
1228.1022423738905	1215.7143488591355
1301.7487112742092	1302.8736725495473
1503.2864646041417	1508.4767738160258
1100.9998849401309	1080.3235289956665
1453.5933856912307	1452.1093934377213
1152.448295561917	1151.4631554646196
1628.5584719090548	1638.4848331411654
1057.7877873007674	1060.2650017438214
1184.0972832768166	1183.479835021946
1111.3894425945473	1109.8168057774474
1219.798313351639	1215.5722067843326
1353.497689635813	1349.4576731501422
1287.5011526763556	1282.2159882723138
1388.1633312234771	1380.922065935333
1197.8074314852129	1210.769593086595
1383.2534241224348	1378.7421738531207
1252.0437946519523	1257.8480567902252
1107.6339451788226	1099.25516565061
1455.762635423569	1445.9195826864543
1028.5890200151189	1007.1798849724412
1403.850575323304	1403.5266199472708
1245.0240913119633	1250.5731462922201
1295.3217195163306	1300.699427056457
1274.8415273487626	1274.2300025691668
669.4676372329122	685.528892411293
1010.3486230160343	1023.0544220128103
1431.4263017236954	1441.2046609397896
941.7963506675733	949.7918297428465
1206.6191631272668	1202.7149610965857
1431.0728737669997	1429.7485129268462
1220.4813428320922	1234.130059216462
1204.6116016531014	1206.6728720391645
1275.2221770797332	1271.2823382936242
1667.57132150291	1667.4821447440675
1416.720798521681	1400.698180300153
1290.4975136874127	1297.1243910510566
1724.3223780589178	1734.2915998707365
1268.2381061681372	1254.576400756102
1132.0691886881832	1124.8518328373384
1046.153764390503	1039.9395923747472
1417.4182210901927	1421.1019849673633
1651.6065887094592	1649.5532739302987
1282.1989039909386	1256.5258202137584
1244.7837695821945	1243.0564376609657
1642.8373626985995	1641.9997602295857
1339.615234086552	1333.4288347764432
834.587572234741	825.9415418946872
1452.758082990651	1463.555209675562
1281.2395637550508	1283.7691381915197
1439.1034129324253	1439.9272449753212
1169.977695338137	1153.5767254483599
1426.5217527414788	1426.3563809017676
1406.187692948588	1412.611045340064
1388.1565480438585	1391.3319652591586
1507.0064675150206	1505.1997513995896
1110.6107957236527	1107.0173666230037
1195.3848833831144	1201.7728671123657
1288.0055333601485	1286.489045812498
1411.3600958517054	1417.7515401591252
1246.797017052595	1260.37361257298
1178.1554359691509	1165.6545450381077
1278.7251286637038	1280.1766095017435
1300.0457696252852	1293.6656306222887
1304.6118340934336	1302.2865443487688
1085.6470654836448	1078.6120110542297
1255.155828196759	1235.9413663985024
1236.7989883249975	1236.9124778400867
1418.3210641213227	1418.3406208997355
1286.8976809452288	1287.749906080894
1418.3743262926582	1431.9177681982867
1238.9210309708433	1230.1338518142131
922.5611699020665	926.5129629470316
1351.6035151497636	1349.3946227115393
1231.2675243539852	1231.830591950376
1110.163817387278	1117.9129341212506
1167.588311745174	1163.2699948210845
954.4046853908221	952.0512560199
860.9088401678018	874.2165098177867
1174.6368066408904	1172.4338274406712
1240.3461662010814	1241.9290113137663
1286.5650982432708	1290.7974737388702
1419.1622010886786	1420.5758920703454
1513.7819679125096	1506.6652540287262
1167.8861531987786	1159.8753780012987
1543.9556443153415	1547.490290549275
1138.8849590436148	1141.385045365082
1526.53404915813	1516.2483951050542
1614.8972732503025	1613.5766925718153
1370.2102849394723	1373.2452635586392
1493.641608669248	1496.7998707493941
1621.6354914933327	1615.2326095953617
1494.643036052672	1497.6373107182633
1200.8578061485314	1204.022112477699
1215.8684617489344	1225.4854906276767
1062.4978282217635	1058.464103701223
1049.153529463947	1053.8518925946894
1042.9399996286666	1059.414067307501
1604.0964088368928	1624.128968225572
1476.1225674502493	1471.8510980656306
1248.5615673683642	1238.4041806600085
1345.4318789217505	1342.8031071772994
1159.2800456561963	1177.2570008878233
1264.8463928686688	1295.1788000162603
954.0166646382131	954.2226583293285
1099.4823796933051	1104.7596287237538
1392.213591581094	1396.2306016868852
1252.8104254062055	1258.2444922884097
1245.9438640089065	1249.1999507255466
1429.520562271122	1440.0168324732342
1361.5618876593653	1369.2239495558242
1329.4752969157707	1322.862618578234
1360.2421528881823	1372.4464125249526
1155.6105827631545	1158.6262519000982
1331.1473555538687	1336.2325232640806
1490.228983883775	1501.7178811918968
1485.5900687879475	1470.3765475929351
1306.0570881547173	1291.8467432620866
1238.867761499685	1245.1793827582783
1241.4425881120842	1245.8783377415043
741.4725910786074	773.2028805404598
1546.958576637844	1551.191245396946
1103.137518061878	1099.98992455658
1209.8462370726047	1206.0939854399933
1429.5265747041267	1435.8168218053665
1120.2948248266766	1118.3310296023078
976.1292814226763	970.4847513065929
1083.1942520263256	1072.419456331178
1551.3155444290896	1549.5003679863787
1374.919537580281	1369.435321348332
1390.1906559542986	1387.3017602728203
1449.4775838031492	1451.5741646440458
1141.9266386752424	1141.2630106526449
1250.074734954018	1251.205632805942
1436.3979301490763	1421.8203447016408
1220.2076284108625	1241.1133270006433
1277.1106692314788	1297.9713135434174
1158.4986030569999	1160.6404107669277
1475.186106995825	1476.634263279228
1427.7578807753162	1428.9575863765765
1380.3456675593334	1382.0988286252448
1276.677436993632	1280.654848221143
1545.4637106115115	1545.5243952892351
1626.40754191851	1635.3551246404638
977.4115793458186	978.0813549268033
1365.479404324229	1365.36939945093
1487.0002776139881	1484.0505487165608
1244.038658123929	1245.6460671098594
1402.457301501825	1402.6858368532971
951.1281166011468	935.02659303464
879.9679452078999	888.9506508871659
1211.1699573732913	1207.4951588684385
719.4791739861394	769.8215788101875
1504.3847169073415	1513.0317954884597
1273.915369757975	1275.9056342652875
1629.9658827800013	1622.610705714394
787.6793067250401	807.6300028544302
1296.6235788540216	1283.0925217893741
1018.4623117011215	1025.0563123074312
1279.7326374964323	1281.8108356445518
1357.963583144301	1378.324601868888
1313.391388380027	1307.469998074405
1208.0671529508254	1214.6757343108734
1036.0077756317332	1055.8213592859715
1255.6082999131759	1242.4630492047447
1513.498010278272	1503.9856457640094
1499.2307570967241	1499.0896421501975
1309.2155313447292	1319.3761590920276
1200.40976496425	1205.4377096555716
1115.7719185682363	1121.1156610233681
1339.899083336466	1339.6420490536514
1392.7124738195853	1406.6081058401903
1236.7200242168328	1235.54072224674
1372.0487738859374	1373.2745637456721
1536.4098968729377	1560.470457455713
716.5087902168161	753.0990805341379
1574.0639317713503	1576.6680751469623
992.9363546261156	981.8808098128544
1388.8214580578206	1382.285676336234
1060.3714787373028	1060.3010116572368
1334.906774984178	1335.0528580540004
1083.9247906620149	1075.1982241686983
1339.3238768584852	1342.0545586375513
917.6102934161318	927.4941553813281
1326.3336319622176	1310.8500780348993
818.6863570861751	829.1123812145405
1293.7094572761853	1292.1331068799502
1181.5232506104512	1176.351443481136
1139.5594288195716	1142.1335236882198
1125.573324738216	1124.5864489856722
1609.3498238935717	1615.4029149617159
1376.78844457792	1389.550241406361
1442.4656781113881	1427.2202230254973
1245.045612480957	1245.6241545365017
1165.5912569255743	1151.9959783994282
1283.7628322281525	1298.306055953101
1372.6960108480707	1371.6893277936824
1312.9443326522014	1327.7671021075091
1243.929055913468	1240.597488415388
1567.8978287678037	1562.376538546226
1249.886936894909	1273.8732389645515
1492.2669078023173	1493.5102364644208
1096.3110494568537	1094.4621664435942
904.1987276590662	900.0034668559068
1163.2997269847838	1173.3086098241324
1475.103853838984	1480.0694909204403
1360.357405945484	1338.7802690100598
1404.631808359205	1399.1842266571982
1462.9905749720929	1461.2162188485838
1439.013434232853	1440.2145538874088
1057.9076358956227	1024.4014104063988
932.8883314089326	945.5771648732577
1604.7499463723507	1609.9217129030967
1523.3940246227721	1517.388680857059
1634.3156582351075	1624.5670451641108
1652.61954079743	1651.0681643775076
1375.479625743872	1365.0448409941348
1461.5368109426054	1453.6406037163056
1136.7128906212165	1141.9797120385756
1292.5603056818072	1284.1931878642013
1141.0870767104498	1137.189644248991
942.3188368151023	940.7755271898618
940.2490788139694	921.3906728788876
1119.7855255921604	1121.876764908043
1032.1728854336252	1045.1731729510154
1478.4754099122365	1499.015823701151
1481.430453194509	1475.51237630919
1155.821758318867	1147.0617874353843
1097.1122999145882	1099.4997632648003
1330.8014045862074	1321.8996631495315
1171.8501290750282	1171.4794174652313
1263.4266210704227	1261.8220277930304
313.095737904674	383.11476014362336
1092.672822916822	1096.863760089381
1620.658281156735	1617.1477283399893
1290.212856036349	1289.6416561937206
1248.3976283726515	1246.0610077663039
1047.5867908460787	1047.6945381965877
1145.8381418787467	1141.9379093054629
1024.0322310808406	1007.8136159882778
898.8686727141903	889.6488433199361
1669.6686446101521	1672.8814500136377
975.1686047344992	966.2269875619196
1252.363281396014	1250.8056106249558
1218.5424027939735	1224.9223350647999
1199.6154248891398	1202.0250501389712
1440.8992987888632	1442.9145147630934
1848.7320847638475	1848.192058560688
1040.5948491728632	1041.7451513587614
1483.2878466377442	1490.3355961595287
1175.2710943173151	1176.7860855950494
1120.6299303282576	1116.130118771507
1633.7759304109786	1633.7949405455638
1160.5700374177832	1156.67287479628
1259.944763934589	1275.8405441325674
1273.8842565071245	1272.4239024036988
1110.6777820587158	1117.8141890693025
852.2202928202751	863.7374195618183
1557.7953651430435	1561.9439178858872
1350.0942285649653	1354.5678965637414
1237.6918616017792	1233.1684961444885
1128.2909035151824	1128.9692082541283
683.7291469574411	694.6481773818786
1338.2545636664727	1322.656222732721
1376.6646969488938	1378.5403501702317
1203.0348530561896	1206.6561462964096
1633.2377230230195	1628.3171076961178
1493.4396356306388	1499.4799883349413
1666.5398452357913	1672.8426503941607
1242.3423564363911	1247.8485076995769
947.431184096029	955.4080275660231
1323.736240788392	1319.9212980226137
1313.2706564668042	1313.5670222475687
1758.349882837152	1753.1988592943146
1391.655021731247	1381.4372800336732
1263.5890973854112	1255.5443828821026
1346.9191237865307	1335.6584935009805
1733.6073761397274	1728.1130368267309
1511.7891028619197	1510.8641871808943
1443.6015060974169	1443.4583251668212
1508.1176541107125	1509.1777099873436
1442.282048347406	1443.956710253519
1388.2133685765148	1391.4750309774345
1450.5036042519205	1452.2918187637624
1373.7184901433357	1376.0817670251365
1172.8848359558324	1177.5455280598794
1152.5241535257665	1178.192913635157
1298.2296096703503	1318.6773735113138
1204.4128015357128	1212.9471506959385
1149.5048722804058	1159.231336793399
1474.3362935506448	1477.6774685811354
1493.1831638222502	1497.6710229101884
1486.3419235021574	1488.6120829801666
1023.3733041647938	1008.8272119955562
1004.0097343512753	1009.6895217654398
1429.3962030884286	1422.3415282007618
1119.045945647027	1118.6743845211276
1302.737632098375	1307.5169199424217
1271.9722012202838	1258.3366549249602
1058.829388536542	1056.222044716321
1380.4314892673574	1384.4473176264669
1428.5402690488845	1436.292377587223
1557.9459811946144	1557.2789493857565
1164.7957212846377	1170.7803044500968
1344.166927869548	1341.8749082290833
934.9456668606726	927.8386222122109
1219.0328196306946	1229.1794142228523
1096.1735419924953	1099.3326542234222
1175.0321900516283	1187.8088389744294
969.9275991120085	979.0223153954032
1493.7517392557347	1493.6727430993383
1338.8857818638498	1341.9579841040907
1185.7342347924132	1197.5730364449853
1217.8831511221651	1207.353454490762
1412.4620332230406	1413.1911129079124
1334.75760879906	1346.2435643411802
1503.4949958307552	1515.3805501613713
1204.2084919037297	1214.6562483025941
879.3222137864796	878.5817619350227
1233.418549215101	1232.0966722630972
1146.9290302136797	1139.354044980261
1403.338568754145	1397.0780227449436
1016.6936187932442	993.6897644830037
1135.3365775523707	1139.302939041281
1383.826625803893	1384.2128857387427
1520.8504814802436	1512.7763816012518
1211.5297756609216	1197.960382123315
952.6480753825163	971.8913542933726
1095.0656622736133	1093.3828456148988
1473.353377031337	1476.7652921412352
587.0430134190829	626.5588989069661
1243.0857457799139	1242.9787747873604
1306.4152549718274	1308.7886388304755
1152.3558594479691	1152.44748870345
1315.655736676039	1316.0762936368517
1444.599785348808	1424.0395218139427
1442.7965084453172	1432.6394184965802
1210.2851941449335	1209.5613366774535
1063.0716650700488	1067.9544290898298
1039.9049846501148	1061.3109568462894
1629.9666362753778	1619.4907244201233
1200.2275659922161	1197.1742266069684
1306.2797041181766	1305.0201629632693
1632.2398863924318	1626.182465183651
1161.4271256798238	1174.1444441242154
981.2672819635773	984.7074632410357
705.6203609162767	710.5889256758744
1005.0210222213354	1017.6018289692598
1276.6606232266058	1272.4003482811186
1087.5578523072181	1089.226170688919
1341.1594004608633	1341.2216687596265
1235.2072423810314	1219.0478066116136
1378.1640218637767	1376.2927193069188
1501.4456245650363	1517.3939885787695
995.4724539871386	1017.5220944604042
1141.0046745554137	1146.0786240238633
1249.2361579566204	1247.1346977814196
972.5175666494179	971.1740343616699
1023.5291644324316	1026.6642018190933
1195.608647948975	1198.582112750489
1231.263072863745	1226.1552224617549
1126.5283559628297	1124.310726107462
1355.2971920326527	1356.6226074446138
1440.4823180895182	1465.315274586806
1130.2578395333258	1128.8374103075378
1346.2675016869325	1355.8626035177736
959.1761338095821	947.5356572813139
1333.503588216874	1333.3823950069097
1182.2240232030745	1185.4409889861324
1037.5750258274493	1026.944944797997
1341.7691019914928	1344.1431067553292
1172.3083621566184	1168.1607764047897
1280.7345701644372	1290.642944587976
691.507622496385	694.8329957608142
746.3423755132244	755.0021545310253
1247.077004176681	1254.2433181880094
1022.5663572085323	1029.7935128877596
1120.279837786802	1123.066456630508
1266.8451220687712	1260.8005472282591
1294.7986280492914	1306.8447650868848
1135.251799477759	1143.393357732509
1142.3684256578272	1145.994393473366
1279.8043181036483	1275.2598672030902
1356.3449624519562	1369.771787124898
1437.3736596401432	1449.5045556645198
1111.723410965642	1125.887495603076
1259.1397355975932	1257.1168830648114
1075.5531114608166	1079.135198660563
1620.8387650695513	1626.6735878964907
1487.788112988579	1497.401849055364
1384.849811701948	1382.3836178412457
1304.2836643047049	1303.9313609751289
1295.7364304030489	1287.0031524119297
1079.8148501696123	1076.979581795153
1267.3118986239715	1265.1976384764073
1448.8586533168855	1431.067427796197
1237.2960167267302	1240.6748587540724
1249.5218690903275	1246.469394528076
1063.3337359630968	1054.249291581811
1115.7966216606146	1099.8702452630932
1460.4622802234953	1456.8541547638083
1518.7532387486426	1515.6630536790622
1063.4528991318075	1056.6633002299648
1345.420827284077	1349.5413739197666
1285.9864213963447	1292.0740299994345
1609.0876759329112	1611.8814210398907
1317.7364184656763	1336.056588202616
1319.7272321499768	1313.823216734089
1193.2330890300218	1180.7837633125098
1140.2253626360325	1123.4836991837772
1400.2956599378376	1401.7184067462904
934.8933141416346	937.0506997098041
1075.508738782606	1083.2682222670098
1174.2571898771857	1173.7462668250887
1249.4305603309476	1243.5535202942174
835.9445894350938	819.265134360905
817.1055850811099	815.2666785246578
1350.3488952468324	1345.7445284233215
1318.1905664839724	1311.358337118355
1169.759072303481	1159.68029872906
1040.6888206415751	1039.3411674886922
1431.649855294614	1430.0546310214258
1347.320578755287	1336.3354126249135
1096.6555611480144	1090.6701830960442
1421.9075227079738	1430.9915779041328
1359.7113896011433	1358.0200427435445
1623.2773187024286	1624.0098801622494
1444.3710085665516	1433.1714438087085
1409.5603183907806	1422.0756266448843
1429.3146494425891	1423.766894973989
1268.4998184483557	1274.508633393723
1421.2213521962985	1422.901609735809
1544.544674867182	1541.7333172108297
1214.0186301996582	1215.1693916318798
1306.6845280686684	1305.562879571141
1035.8131344793364	1044.4970918424915
1032.7553156780777	1012.810568937361
1365.6999567049497	1367.474653178793
1380.2519026736263	1377.6567188448853
1305.5750102406892	1320.5557105588234
1487.925346685195	1481.1128413595795
1424.7837003493041	1432.6385262839226
1103.6063578837784	1099.7652571859346
861.3257561521314	870.6039414833118
1534.1851934421575	1538.4148343758704
1035.599405533576	1062.678304727415
1110.9414890752232	1117.1970013641876
1153.3848056028655	1148.341397819422
1281.6702494418423	1283.9889419383276
1499.4408933925151	1501.7199386426312
1181.2997843226767	1182.458117967397
1249.0393469416886	1239.465425945101
1067.762729861075	1062.1447273844783
1273.8723042132624	1274.0586730887278
1619.01025540111	1623.5140978925908
1258.0476159417303	1277.202787377569
1111.5695579568564	1128.019412254581
1099.7906964031863	1107.9115048213475
1257.468868364318	1251.2157560691358
1354.71434731083	1355.168926564441
1319.336869634164	1341.1822478880335
1501.9943936662748	1513.228251119812
877.7593940747902	876.5933513231569
1117.475816078746	1119.5922940129603
1170.6416075653397	1181.3955932183958
1456.0226501316356	1449.4432149216918
1629.7960059045872	1629.3397351242681
1126.4004946450586	1121.9138866086962
1391.0160072561994	1387.180832297345
1607.444188474561	1604.8285994628432
1425.6037714073027	1428.9193108527493
1510.984308963205	1502.897191334864
1011.8065632537764	999.3063308077936
1441.3436314696446	1446.1489561599556
1749.2322266011906	1748.3921588925064
1538.6710669201857	1544.0567049712608
1187.6142526802141	1191.1330020343248
1347.7211911668128	1350.4702953092242
1354.7154364406015	1361.3257985922537
1190.1552074652864	1191.5560548142691
1095.281449485541	1102.8262392475187
1322.2692989277712	1319.6208739487392
1235.567558370909	1256.3954369239161
999.2048579667753	998.9233141053468
1272.3889147761802	1274.6208181803
1501.3122672734025	1505.3683929658862
1257.2736687104625	1251.1859332495717
1432.4784703940968	1441.4192517597505
944.5946913011139	953.8160652324184
1731.3790371957875	1733.5367676817348
1334.6578669114679	1344.4727066493188
1453.9002606770664	1451.993222663536
