1.529873670631441769e+02 1.868101097250361775e+00 1.000000000000000000e+00 1.000000000000000000e+06
1.421607145962546781e+02 1.753582635128148715e+00 1.000000000000000000e+00 3.162277660168379080e+05
1.297134259653774961e+02 1.634302306902604585e+00 1.000000000000000000e+00 1.000000000000000000e+05
1.190589012554664379e+02 1.187153922367962799e+00 1.000000000000000000e+00 3.162277660168379589e+04
1.112966620327188139e+02 1.054179455157612022e+00 1.000000000000000000e+00 1.000000000000000000e+04
1.010969386778863850e+02 1.185712515678987611e+00 3.162277660168379394e-03 1.000000000000000000e+06
1.006035973968397030e+02 1.381244130710924001e+00 1.000000000000000000e+00 3.162277660168379043e+03
7.990881891342215226e+01 1.558856926663096054e+00 1.000000000000000000e+00 1.000000000000000000e+03
7.836191404208109645e+01 1.280529002283600892e+00 3.162277660168379394e-03 3.162277660168379080e+05
5.663113154250809345e+01 1.725802029158675310e+00 1.000000000000000000e+00 3.162277660168379043e+02
4.969419576305273978e+01 1.334919696259141864e+00 3.162277660168379394e-03 1.000000000000000000e+05
4.331347942869688694e+01 2.001989657396435973e+00 1.000000000000000000e+00 1.000000000000000000e+02
3.787898259920232391e+01 2.230145898882160527e+00 1.000000000000000000e+00 3.162277660168379612e+01
3.062221492305621950e+01 2.299845488611722111e+00 1.000000000000000000e+00 1.000000000000000000e+01
2.940656850846197656e+01 1.365184216292893327e+00 3.162277660168379394e-03 3.162277660168379589e+04
2.682650381231231762e+01 2.748373685989071191e+01 9.999999999999999072e-11 3.162277660168379043e+02
2.306469737823658406e+01 2.056464510826701009e+00 1.000000000000000000e+00 1.000000000000000000e+00
2.243320786518100363e+01 2.078753957446333622e+00 1.000000000000000000e+00 3.162277660168379079e+00
2.238539537647025668e+01 2.019334003050325066e+01 9.999999999999999072e-11 1.000000000000000000e+03
2.102521991640565702e+01 7.005195683284671793e-01 9.999999999999999124e-06 1.000000000000000000e+06
2.077699287414485596e+01 1.083502024653672624e+00 3.162277660168379394e-03 1.000000000000000000e+04
1.741773705869084665e+01 6.691106916751499156e-01 9.999999999999999124e-06 3.162277660168379080e+05
1.737895126052936590e+01 6.808480788463801003e-01 3.162277660168379394e-03 3.162277660168379043e+03
1.608200647283583251e+01 4.974628272655783334e-01 9.999999999999999124e-06 1.000000000000000000e+05
1.518891434366421400e+01 8.449886927263728920e-01 3.162277660168379191e-08 1.000000000000000000e+06
1.458904245989224435e+01 3.198922630922623744e-01 3.162277660168379394e-03 1.000000000000000000e+03
1.449455378181410836e+01 7.957906820546395421e-01 9.999999999999999072e-11 3.162277660168379612e+01
1.443544676004247229e+01 4.673648268541152340e-01 9.999999999999999124e-06 3.162277660168379589e+04
1.414753006064981378e+01 2.964465737766837528e+00 9.999999999999999072e-11 1.000000000000000000e+02
1.311370481942821087e+01 1.035743726727213820e+00 9.999999999999999072e-11 1.000000000000000000e+01
1.305338355598491162e+01 7.063872379434357196e-01 3.162277660168379191e-08 3.162277660168379080e+05
1.295257631492669681e+01 3.033447449891820025e+00 9.999999999999999072e-11 1.000000000000000000e+05
1.229857886274032630e+01 2.445782073035918380e-01 3.162277660168379394e-03 3.162277660168379043e+02
1.213706578041030681e+01 5.844159037389140110e+00 9.999999999999999072e-11 3.162277660168379043e+03
1.212869933668115507e+01 3.456629905084616539e+00 9.999999999999999072e-11 1.000000000000000000e+04
1.200037727481277017e+01 3.150599952692578753e-01 9.999999999999999124e-06 1.000000000000000000e+04
1.186687527786714114e+01 1.863311639699057887e+00 9.999999999999999072e-11 3.162277660168379080e+05
1.185080553290069005e+01 2.228588318343700525e+00 9.999999999999999072e-11 3.162277660168379589e+04
1.164869903658177819e+01 9.516429638891266141e-01 9.999999999999999072e-11 3.162277660168379079e+00
1.163625891571595616e+01 1.186759432696075534e+00 9.999999999999999072e-11 1.000000000000000000e+06
1.152406577524982723e+01 9.555736579962341715e-01 3.162277660168379191e-08 1.000000000000000000e+05
1.133640145512552166e+01 9.384732018673741516e-01 3.162277660168379191e-08 3.162277660168379079e+00
1.092787160589115913e+01 3.238113867917093436e-01 3.162277660168379394e-03 1.000000000000000000e+02
1.088089460087538463e+01 1.052762904882992956e+00 3.162277660168379191e-08 1.000000000000000000e+01
1.071963346334626266e+01 9.469607952386850380e-01 9.999999999999999072e-11 1.000000000000000000e+00
1.070513797082215390e+01 9.461331610877887766e-01 3.162277660168379191e-08 1.000000000000000000e+00
1.070314250901195052e+01 1.109022069916572262e+00 3.162277660168379191e-08 3.162277660168379589e+04
1.058473998577060193e+01 4.437170013329609919e-01 9.999999999999999124e-06 3.162277660168379043e+03
1.032853615846759432e+01 7.498523581141811611e-01 3.162277660168379394e-03 3.162277660168379612e+01
9.975859701800317225e+00 1.136208772089465802e+00 3.162277660168379191e-08 1.000000000000000000e+04
9.809258631566857289e+00 3.147802442989931837e+00 3.162277660168379191e-08 1.000000000000000000e+03
9.729961287246384316e+00 9.601612505706696998e-01 3.162277660168379394e-03 1.000000000000000000e+01
9.608731597080579334e+00 6.947329869741118991e-01 9.999999999999999124e-06 1.000000000000000000e+03
9.520838913346759469e+00 3.224538784219203258e+00 3.162277660168379191e-08 3.162277660168379043e+02
9.402373044394359169e+00 9.498827649872866319e-01 9.999999999999999124e-06 1.000000000000000000e+00
9.331005006437564475e+00 1.371035423492127370e+00 3.162277660168379191e-08 3.162277660168379043e+03
9.244485355027471485e+00 9.986714501879246919e-01 3.162277660168379191e-08 3.162277660168379612e+01
8.979567496276384730e+00 1.052645500279243862e+00 3.162277660168379394e-03 1.000000000000000000e+00
8.862565775341582963e+00 9.530827934184171735e-01 3.162277660168379394e-03 3.162277660168379079e+00
8.827037493354760400e+00 7.145069843329473480e-01 9.999999999999999124e-06 3.162277660168379043e+02
8.395271068338363563e+00 1.035473759897703738e+00 9.999999999999999124e-06 3.162277660168379079e+00
8.274847051810686693e+00 1.090761559752319476e+00 3.162277660168379191e-08 1.000000000000000000e+02
8.202919316643935588e+00 1.099962768774445543e+00 9.999999999999999124e-06 1.000000000000000000e+01
8.186725835054932787e+00 4.560848303316012431e-01 9.999999999999999124e-06 1.000000000000000000e+02
8.170774181305834105e+00 9.718181754450921916e-01 9.999999999999999124e-06 3.162277660168379612e+01
