1.545847300356289225e+02 5.135265947274224807e+00 1.000000000000000000e+00 1.000000000000000000e+06
1.435050281414299604e+02 4.798995698774840335e+00 1.000000000000000000e+00 3.162277660168379080e+05
1.308416025861018284e+02 3.906452444652817046e+00 1.000000000000000000e+00 1.000000000000000000e+05
1.200075523565239166e+02 2.814874711096093662e+00 1.000000000000000000e+00 3.162277660168379589e+04
1.120888888006988537e+02 2.290943948940820096e+00 1.000000000000000000e+00 1.000000000000000000e+04
1.018051427795749362e+02 2.416897682745748455e+00 3.162277660168379394e-03 1.000000000000000000e+06
1.011387376284881299e+02 2.127381500232744749e+00 1.000000000000000000e+00 3.162277660168379043e+03
8.005315414252817163e+01 1.984491428045128902e+00 1.000000000000000000e+00 1.000000000000000000e+03
7.907391295703642697e+01 2.036668554494619698e+00 3.162277660168379394e-03 3.162277660168379080e+05
5.649484437951974769e+01 1.744381052954269151e+00 1.000000000000000000e+00 3.162277660168379043e+02
5.011255110815801572e+01 1.608943153948764415e+00 3.162277660168379394e-03 1.000000000000000000e+05
4.319548682792827066e+01 1.536426973758561410e+00 1.000000000000000000e+00 1.000000000000000000e+02
3.789614608489281977e+01 1.169300233560058855e+00 1.000000000000000000e+00 3.162277660168379612e+01
3.200774594716550325e+01 3.704737289115999488e+01 9.999999999999999072e-11 1.000000000000000000e+03
3.089222431843445449e+01 1.244353311266329198e+00 1.000000000000000000e+00 1.000000000000000000e+01
2.970549444880666812e+01 1.028598591553377961e+00 3.162277660168379394e-03 3.162277660168379589e+04
2.346449432692363857e+01 1.307634207698107121e+00 1.000000000000000000e+00 1.000000000000000000e+00
2.327481464350679730e+01 1.023055500561095954e+01 9.999999999999999072e-11 3.162277660168379043e+02
2.283504487295441621e+01 1.212590731560674762e+00 1.000000000000000000e+00 3.162277660168379079e+00
2.176931887684427380e+01 4.196806531498603055e-01 9.999999999999999124e-06 1.000000000000000000e+06
2.059024193212156462e+01 9.402878472275211230e-01 3.162277660168379394e-03 1.000000000000000000e+04
1.776535025334205642e+01 5.544045493680654912e-01 9.999999999999999124e-06 3.162277660168379080e+05
1.727335486372367512e+01 1.333208935098907943e+01 9.999999999999999072e-11 3.162277660168379043e+03
1.718427331386697432e+01 6.035242867716519299e-01 3.162277660168379394e-03 3.162277660168379043e+03
1.600437836914029788e+01 4.532169158966934397e-01 9.999999999999999124e-06 1.000000000000000000e+05
1.489871779764229665e+01 9.122629292024502234e-01 9.999999999999999072e-11 3.162277660168379612e+01
1.484194628925313353e+01 4.823794739822207522e-01 3.162277660168379191e-08 1.000000000000000000e+06
1.441649052628766015e+01 3.889655756755089344e-01 3.162277660168379394e-03 1.000000000000000000e+03
1.425263084069732678e+01 1.283212572616552860e+00 9.999999999999999072e-11 1.000000000000000000e+02
1.421217677551514136e+01 3.784252721638429739e-01 9.999999999999999124e-06 3.162277660168379589e+04
1.400900886163491421e+01 1.043797781339099506e+00 9.999999999999999072e-11 1.000000000000000000e+01
1.278794165515276759e+01 4.566937147465759850e+00 9.999999999999999072e-11 1.000000000000000000e+05
1.251229655182342881e+01 5.694314213230394550e+00 9.999999999999999072e-11 3.162277660168379589e+04
1.250211703223161130e+01 9.900333575101373240e-01 9.999999999999999072e-11 3.162277660168379079e+00
1.248917061915489590e+01 2.625901399487197696e-01 3.162277660168379191e-08 3.162277660168379080e+05
1.242523988231899423e+01 7.362029010670507745e+00 9.999999999999999072e-11 1.000000000000000000e+04
1.212729101666984910e+01 1.012483197824917580e+00 3.162277660168379191e-08 3.162277660168379079e+00
1.211695563296653688e+01 2.589706420386462260e-01 3.162277660168379394e-03 3.162277660168379043e+02
1.179025379533991114e+01 2.362102924380495572e-01 9.999999999999999124e-06 1.000000000000000000e+04
1.157466609292923110e+01 1.160931409842439255e+00 3.162277660168379191e-08 1.000000000000000000e+01
1.145997311225865012e+01 2.055974838218477707e+00 9.999999999999999072e-11 3.162277660168379080e+05
1.141847935675899528e+01 8.501096922741671058e-01 9.999999999999999072e-11 1.000000000000000000e+00
1.140133299946858614e+01 8.523904283604230026e-01 3.162277660168379191e-08 1.000000000000000000e+00
1.101069740653723628e+01 7.459347628798876917e-01 9.999999999999999072e-11 1.000000000000000000e+06
1.077653306023133695e+01 1.612616307699659135e-01 3.162277660168379191e-08 1.000000000000000000e+05
1.065337976024335731e+01 1.991789342133286900e-01 3.162277660168379394e-03 1.000000000000000000e+02
1.041104976821174510e+01 2.989574626359817189e-01 9.999999999999999124e-06 3.162277660168379043e+03
1.030164521762672081e+01 4.589879105209661581e-01 3.162277660168379394e-03 3.162277660168379612e+01
1.024134952206382465e+01 3.584427495688725873e+00 3.162277660168379191e-08 1.000000000000000000e+03
1.011232437095333303e+01 3.385410494610777477e+00 3.162277660168379191e-08 3.162277660168379043e+03
1.006417523117878865e+01 3.140087221767501324e-01 3.162277660168379191e-08 3.162277660168379589e+04
1.000482554456489837e+01 9.234534754788145117e-01 9.999999999999999124e-06 1.000000000000000000e+00
9.998893742463828005e+00 7.673437247449494958e-01 3.162277660168379394e-03 1.000000000000000000e+01
9.736531994338331941e+00 1.225323761399124578e+00 3.162277660168379191e-08 1.000000000000000000e+04
9.672754193593755545e+00 1.141634783499334116e+00 3.162277660168379191e-08 3.162277660168379612e+01
9.657242352019361320e+00 2.183502971613028532e+00 3.162277660168379191e-08 3.162277660168379043e+02
9.521778668015320690e+00 7.958905301378081942e-01 9.999999999999999124e-06 1.000000000000000000e+03
9.414167203052935307e+00 8.903285796256773521e-01 3.162277660168379394e-03 1.000000000000000000e+00
9.221235231120038733e+00 8.152162809873116922e-01 3.162277660168379394e-03 3.162277660168379079e+00
8.967455525223870794e+00 9.791950527890836975e-01 9.999999999999999124e-06 3.162277660168379079e+00
8.815624046556372662e+00 1.751670710453700153e+00 3.162277660168379191e-08 1.000000000000000000e+02
8.625029581295496683e+00 3.417161928873200805e-01 9.999999999999999124e-06 3.162277660168379043e+02
8.596513023032560596e+00 9.905161639879602742e-01 9.999999999999999124e-06 1.000000000000000000e+01
8.398849703615292484e+00 9.874264628543031330e-01 9.999999999999999124e-06 3.162277660168379612e+01
8.234707725737047568e+00 6.952218845356226140e-01 9.999999999999999124e-06 1.000000000000000000e+02
