1451.1734709410812	1453.192160438264
1397.548579016846	1396.89813551699
1347.7503865713952	1336.4292327981348
1381.0339023683628	1372.4796007771522
1081.5234669756028	1075.3618989759611
580.8484839860757	582.612256197129
1529.0053212747735	1530.6125150009586
1601.538296600571	1611.5876916692785
1329.6404546629929	1325.0921435659056
1557.2921302548493	1543.4151842291897
1499.7443961370736	1495.890845883011
1188.7614221940166	1194.4815368128086
1607.444188474561	1606.9264323864695
1062.4978282217635	1061.4300948808336
992.2483363034262	1008.4136419628903
1277.4024143483548	1267.4184504927528
1369.9106679628312	1382.3901608158887
1508.9870932834456	1513.314775474044
1646.4268271893961	1645.7675291838334
987.8219583053142	982.8024259715214
1562.2396760896954	1563.2575679307351
1340.5925157454913	1342.9417275436108
861.3257561521314	870.9699588080853
1650.5120478294848	1639.881757898554
1563.698582223442	1560.2818779372635
849.5560382169788	850.202170887105
1063.5052197723999	1069.8174101050672
1078.1758155150455	1084.0218561640854
1195.8225420544622	1194.691312164787
1327.3935449351848	1327.1791267172432
1561.3364499530871	1551.1307541361327
1395.2311059629428	1417.1315812547257
1744.6410908053804	1747.6191156134919
1338.636341608304	1339.0181980144635
1329.1277503715537	1336.7741954436924
1403.2904676125618	1404.5937888425067
864.7173354269762	873.8814317715298
1057.6013384419348	1056.1772756376793
961.1909551963327	959.4166065973567
1526.1529856987763	1521.043142034519
1116.26760704341	1112.43217701859
1291.0628626563994	1290.9152475667393
1191.8985343907552	1182.9251303311462
1241.4425881120842	1246.224114833361
1344.068608598638	1347.7299469206441
1492.2669078023173	1492.9753196706633
1258.6678004548303	1255.2825774615358
1005.4766365898249	1002.4298733636482
1156.984082600713	1156.208121842344
913.6709328224533	902.0514021182447
1576.46467205949	1575.1704859762676
1515.213715847698	1511.3903697961155
1513.891381693451	1517.5392363668846
698.7954110003338	714.2688529805033
1037.231766015815	1038.34542834969
1245.045612480957	1245.7771871107418
1120.783605048724	1134.2039672506949
1101.092101434304	1106.5216593885243
1227.8258211488428	1223.3211953723987
1423.5243501889636	1433.1658042887452
596.4335497090651	567.3263215148759
1495.6160858026124	1498.401535580667
1086.4802614294458	1098.5001502143505
1246.3256940466817	1266.1816768877134
1002.4904789620778	1029.186296271944
1458.2639015822788	1455.5787258946377
1597.1839929912821	1599.3434962920462
1246.7082807833212	1251.0496510767423
1629.9666362753778	1619.3992227385147
1238.998190659826	1240.10554442964
1473.4604677024763	1474.9220627849459
1368.6982752500626	1371.5002566942278
1470.6343901226355	1476.5144775481938
1505.0600821268163	1501.3109668374339
1211.1699573732913	1205.4630810294527
1286.8160038233036	1288.7065066338728
996.085602127685	994.1936092880027
1650.6058640629344	1645.9895918682928
1496.2130376189307	1495.3929057576786
1509.9068266957183	1509.3306557257645
1018.7585653454298	1018.7370467803989
1187.351466028369	1199.1725407927067
1356.1032538462023	1356.5641258939845
1568.7788578470063	1569.145679108909
1387.4768456107704	1379.6157975635485
1391.673190413072	1396.968617764715
1103.4380994450767	1093.943810874585
904.1987276590662	910.3122070787671
1249.6738375891873	1241.8699778457271
1385.4394635095668	1389.2554322463418
1018.2827545183827	1026.2313549367152
1033.436978053418	1047.2189237043544
1275.8106640162005	1293.054355137685
980.2547975844063	966.3817730626254
1203.8257300320547	1206.603937247256
946.2326139744255	956.8443622347755
1192.9825903476449	1197.0372548918626
1591.5048082373687	1597.3268120358323
1748.8124411542376	1751.1942585661031
1510.7210432536376	1511.423735681963
1126.1118601194466	1120.1587207024027
1205.2921527182043	1208.9537854930272
1323.8789003517013	1327.6263380875612
1330.6542700381833	1331.4131549050353
1314.4175334918837	1327.5798267621308
1094.0777565366589	1092.6223052943214
1093.439119003684	1079.5874183866442
1062.1726126976428	1029.0150512266682
1721.9799380534678	1725.316750131699
1194.2853691436176	1183.3197757804126
1336.8798611137026	1331.2158613577474
1627.4555888501927	1620.434225335456
1348.3212850902055	1345.6571434862233
1080.859088596073	1082.314584517542
1305.2422897113138	1307.4210045126388
1540.9360887694056	1543.2721232919212
1298.579616930714	1292.7999951270967
1010.6007154015242	1018.3610453045304
1370.783265080012	1367.5680897961015
1744.051612547657	1743.387167612557
1675.189078480762	1673.5088883344301
1118.6027284377778	1139.1010110909249
1455.7644998999604	1461.8649843689723
1209.0871588693408	1206.2896220635869
1543.2500959448516	1535.922204370624
1272.7275819081406	1262.3024724014172
1227.288250810263	1232.7591585415037
1021.3893277960888	1017.9018674344181
1387.6091993029695	1386.727155165666
1293.8805554622086	1302.9605960016522
1614.8972732503025	1613.5910267897093
1560.8417933451128	1565.122736554755
1010.5159966008796	999.6478466162678
1627.565668844065	1626.896551477503
1051.7361568926135	1042.158069204269
1507.950165736518	1508.7081405457718
1149.9818570831558	1153.61227672807
1133.9817541849334	1125.0445858197713
1496.4262214154296	1489.3179187152448
1250.612763663783	1241.2461437793052
1367.112767557148	1375.9249667813665
1046.060724815441	1025.684866807307
980.6058564147679	1002.2403087241347
1290.4975136874127	1297.5807514335568
1323.8898857761233	1317.9748895658036
542.289672636165	596.4928766660247
696.4964900951891	824.0544811609129
1455.0885004931188	1454.7187732783448
1278.4034832742182	1276.6030875985175
1269.2963099818735	1275.4671220445337
1335.0698963849572	1348.1337165783432
1374.2226258609735	1383.8975545026526
1417.3643739174586	1395.400363832231
1358.9445253647573	1349.7554498807242
919.5990224051056	921.1903973824266
1569.5155559153936	1565.8992098681138
1061.1364245133009	1057.9255839630232
1508.8295135682856	1508.6143190019475
1460.839838360349	1450.0721693566445
1640.6638436460635	1628.7121312832373
1155.821758318867	1146.4091739610167
1327.2861769503797	1327.770772464503
965.8504711264104	961.7144780961128
903.8604834595462	898.8666412814994
798.5856416369497	809.7125672049068
1060.469218944083	1058.5522620646466
815.8010202787118	817.5511964905961
1345.9919024157862	1346.4285801774727
1375.8318567847018	1379.8802105481366
1216.5818463391042	1221.398990147668
1214.5207171824586	1222.7995652337881
1057.601857143076	1052.1499613977787
1468.281153413438	1474.5003574266852
1309.7569196486438	1307.3419268378934
1368.3254327368923	1370.223637228069
1363.4629377712845	1364.3290666474757
1508.1176541107125	1512.7107283389819
1292.7087995041802	1311.4828828746477
1334.064969217201	1337.9525793898633
1109.7938964297937	1111.6297252365107
1179.143915867462	1197.6447654975775
1014.5955846629804	980.509509243833
1475.6542299651774	1476.166533572335
1648.1714489421283	1640.4971401039163
1092.0492290423717	1106.0342246669102
1170.5190403436718	1150.8979162854325
1416.1480625918193	1422.8145113938267
1370.7076948296162	1366.4970098390481
1135.5479972793546	1145.0332524258765
1337.3107227021828	1333.903197398513
1369.8007412508014	1373.7032577357968
1241.109647803678	1241.2937873277285
1429.0117385010817	1425.1895810256851
991.9038122064085	986.4218367664522
1360.237975687458	1355.4757981544135
1124.9589479693095	1138.797946663334
1750.3233332502423	1748.7154449771774
1043.0059930184216	1040.8089775417545
1196.6599760070385	1196.8334311596943
878.1984275948489	873.7402695083928
1237.3777609643294	1237.720150267997
1307.5270665560965	1320.8569603083754
1621.5023394472664	1623.273581737998
1492.5748574858007	1494.0939174144232
1511.7891028619197	1510.1147013410534
1283.1499599699164	1280.4208552107054
1636.8936711335846	1638.4985728736383
1258.0476159417303	1274.044036030028
1113.9633529028215	1116.445712236407
1500.950767209899	1498.334809304541
1013.8781179818325	1012.7345102911503
1187.6305638210906	1180.7310407586301
1400.5444522129546	1409.7391964337046
1039.8753309205931	1045.4206058981383
1314.65268303224	1315.5332481986309
1108.0505394939682	1106.7871625152586
1125.1681922681164	1123.6604706883725
1597.3258641480643	1602.4871598593757
1428.0645649535873	1420.0366683464074
1032.060539125203	1030.596800344633
1005.6371908426227	1001.3072297600811
1613.7699739132659	1608.5609848750016
1437.7539062198484	1439.9010422796343
1342.4568610558345	1345.3302352708254
1317.6370177859499	1322.5593686334846
1146.9290302136797	1142.2752831647479
1209.696086422773	1210.1960600522714
1110.0122698884807	1112.866821401667
1400.0532303240325	1404.9514293175318
1355.1567983521963	1356.9225316540587
1361.912297998817	1360.2950231296384
809.4735010759323	828.769115459828
1368.6134066729282	1358.7045538372263
1615.1228342044924	1610.513873644983
972.6194329058635	966.6296388100601
1024.029875494598	1017.7894948349881
1274.4051185108547	1268.2425436831206
1026.6310669964296	1039.813758363754
1339.318877358135	1363.5496923485825
1645.6984874795016	1642.311129985629
1272.316473176994	1278.5268021585166
1193.7478677674953	1211.0788715819328
1266.4141790528374	1289.9770275689277
1486.2189866808767	1484.5087485343631
987.3458536301914	982.9359073734129
1167.787872898596	1158.6818820728304
1356.3449624519562	1368.6106288157278
1312.9443326522014	1324.1295379018727
1626.7110940743587	1625.2349750752358
843.1645849430352	830.3897190482272
1110.6777820587158	1119.1234748531906
1363.5422015204967	1366.603264352521
1384.5760533298017	1376.268169268858
1279.7180727321247	1272.7839310841075
1389.646241084789	1391.917743243922
1237.1174081864592	1244.9977450026063
1487.0002776139881	1485.7984347827703
1299.8155819312378	1285.79894092507
1216.2368318422814	1219.1698025719206
1442.4656781113881	1425.6790713227401
1116.5464929734298	1117.404889223901
1231.1470982446917	1244.149231866649
1105.1626585494378	1121.919080042724
1166.4957481864258	1167.2972580543553
1163.1697351871117	1160.7639769771185
1439.968408817629	1436.8857862238249
1211.2424213957565	1206.5692843019267
1343.3883557231165	1335.679059427766
1297.7940339618945	1305.2600789511507
1014.3409980594297	1015.9483591545559
1095.829756388266	1091.7010652057006
1282.2720517797861	1289.5313572123546
1404.181180842861	1400.2644770645227
1032.1728854336252	1042.0306277466839
1565.41330298307	1568.3708172561032
1261.5633965113957	1253.6443781617468
1250.6434202707896	1244.8536721506189
1242.2817511012254	1262.288973113856
1506.170190869947	1510.8187934393536
985.1106054719421	982.9191629713218
856.1750516142638	848.8563039299914
1351.6795825597073	1353.8548357338168
1325.3396823029034	1315.3029896426317
1501.9943936662748	1511.9738370683112
1335.889858132723	1331.1324252689394
1001.975350439694	1008.2785729173683
1035.8131344793364	1048.3885928493467
1062.9644215347653	1054.6111169219512
1531.0961030220205	1530.6845202439326
1348.838196815399	1345.3305712606275
1131.13336128011	1134.472944011175
1294.3467946163146	1299.3909827847144
1138.3921728277055	1138.7513915421837
1120.6299303282576	1119.4039720035971
1546.6930963768682	1548.3771662901293
1267.2439332688227	1279.369933222459
1083.9247906620149	1077.0300640417083
785.5383248891012	756.1760101468637
1130.083297396981	1130.4082891375863
1676.237938706734	1676.868229239117
1352.509886866028	1360.4940823227244
1135.081510635675	1132.3927118180638
1353.2462712431152	1357.0637988696517
1754.1423281118623	1750.9785558989665
1239.3411714822869	1237.0341813697871
1443.7306603131874	1440.034285206336
1209.255893046793	1211.1135737575564
1185.5023799525225	1198.3251515430975
1240.2765465179982	1244.4408656991059
1139.5023883052345	1150.9363432669654
1095.0656622736133	1092.1746266119444
901.9980426345137	932.5111582291983
1332.1190504700353	1324.610927905324
1340.619844539382	1350.5144386522284
1098.7003444770526	1105.0940938619744
1113.5365856811404	1110.6691902154528
1240.2529470678128	1249.2737952808552
1236.5421655075625	1232.8665847445084
1078.1008809708292	1099.6618891023222
1515.4976719194092	1518.5716328591277
1482.0430138649535	1447.3422215743192
1745.4080180911114	1749.0568536374235
1227.4835396650888	1227.5790993151495
1437.0162705452822	1435.1322528135943
1486.6902923263551	1503.771586273142
1729.945850866061	1730.59586753625
1112.8137418078259	1099.7612593339177
1105.6079996949702	1116.6339341994005
1361.4686177873518	1362.832393391346
1049.007356261398	1057.6866887930846
1101.9552292922453	1097.3004718582972
1336.2411663759558	1351.4267453436753
1194.8542424894113	1247.440774957569
1178.7344760392152	1185.7012446308454
1365.479404324229	1365.691803130582
1000.3834172885981	996.0803528921199
741.4725910786074	784.2612037009061
1213.6461206764798	1212.2164134345032
1497.3067256213399	1491.7492469318122
1067.2754713774193	1057.7654878637147
1385.4182497983275	1376.93938973656
1099.9831387448066	1098.6838678632198
1100.1527345406648	1101.5183178478242
1348.4879964980355	1342.8365800936372
1848.7320847638475	1846.9214427441316
1257.2736687104625	1248.7157266792988
1007.20764413086	1029.263743318815
1426.4754828026344	1421.4885496671075
1364.5210199569701	1351.9967605540805
1332.1067860372423	1315.8658668870182
722.030797119427	314.5514767571869
1066.2771439738572	1054.5490063275904
1437.6225869246991	1426.3169155517978
1095.5435557934397	1092.4677616668953
1080.3851052214159	1077.8842421448953
1337.62569501088	1333.8926141084926
1350.3654010326136	1354.3005865840094
1531.2045061100798	1540.1598056320881
1260.0828327089257	1265.8849865627471
1563.5583079623757	1569.1673610152986
1414.389607544057	1417.5912662015887
1537.8734952224477	1544.6861611551815
1451.262632478174	1444.8006591893266
1192.582038615481	1193.5003666725079
1184.0972832768166	1181.889715287454
1435.2306981075963	1428.3625537654511
974.7745621372014	966.6270342793707
1380.9682842018374	1394.0294432787803
1443.0731311571726	1430.281158812352
1216.7853985592956	1235.5250326723926
1221.3063505162136	1223.18570469989
1422.2691060812504	1430.8822654135824
1337.4099426797475	1331.943102976457
1523.3940246227721	1520.274572592277
1445.4629234346503	1443.305431019383
1407.4926753480977	1409.929881545333
1649.5029233198438	1645.9782255088335
1732.5441317782097	1734.6245838965306
1241.5627246466174	1241.42416176863
1059.6669714955206	1056.5888445572016
1387.1908332172898	1390.4762847693469
748.6035287953564	754.3764871229172
1339.5154831790132	1340.8606907090614
1261.2485386851185	1256.6738812767246
977.4010765193962	973.0230043241781
979.7865354492387	974.7200426475422
1395.9232964444382	1399.1114277154795
1278.999124546448	1299.9667948885208
1494.0450344200362	1500.232326592463
1263.5755588827597	1248.078673241239
1113.1500539302651	1120.3601487428618
900.8368476929027	906.12933962733
1486.4716877031315	1479.821122334441
1342.4556249665911	1354.3141587249918
1223.1431051023537	1221.1776480901897
1206.7083268781134	1206.6317035151694
1637.72296341724	1631.712638997801
855.183824077103	896.3626923178838
1270.4999312988657	1260.9118936014124
1016.9974350136181	1025.6705518533233
1405.0019560949004	1396.1382003079511
1040.8246996185626	1034.751788306813
1212.3811083893233	1224.0519777547913
1278.2346253923315	1272.327251833599
1152.448295561917	1152.2352756469936
1419.2599751210655	1415.187848189741
1494.9187908637396	1499.253646600234
1129.396918512939	1107.171282213885
1027.129436894349	1030.2438507669567
1145.4399800832907	1171.7912492460584
1491.3253945160832	1483.2611300229412
1602.9739302057715	1613.7442396014362
1431.1521009465505	1435.1054663746584
1510.080267170706	1505.5501588186335
965.7927950461162	964.8622132204804
1640.7699411543726	1637.1589819454525
1463.8859319844923	1476.1460280917906
1228.128576936404	1224.7405222113437
1429.0620938970824	1429.9091115794547
1442.9353246504616	1439.5272821232902
1182.5460115123715	1197.8901637261276
1309.5599588744808	1304.5312974684057
1036.562312600261	1002.1366983898355
958.1718788847793	936.9602230021214
992.6511306076718	1000.7984458145575
996.4103335023974	993.2882777232262
770.0266884188604	758.3929993619649
1277.933860483492	1280.3643318739528
1516.950694764615	1508.390646420927
1135.2663447092054	1126.6645419582433
1214.648002534639	1222.3800940676863
1186.505867148895	1190.3032285329268
1836.7523071652395	1828.5157504965343
1089.844726781419	1087.4694786065104
1406.1676997369505	1405.6399569252058
1361.8399642334844	1364.824016704145
1555.4502834445739	1563.9991400678994
1175.2078303545131	1158.127780080844
1589.6276746432704	1594.952617688113
1341.0520246187516	1328.6605730629847
1307.917175100214	1303.199621978887
1664.3366420406383	1667.828264804156
1040.317283797689	1048.8658798796514
1339.3238768584852	1340.4769431671682
1250.6989717517572	1247.707538562644
1402.6058309277869	1431.5966094554922
970.2437616824755	952.6454979402284
1150.779708048096	1147.2844717836997
943.6613880856894	955.6229823424519
1749.4772373993183	1753.9333885469043
1249.0393469416886	1232.3523578259885
1424.831230316835	1436.4393746681333
932.7890255863313	926.9798185143162
1372.9509806144342	1373.1633571249301
1317.2154124566587	1311.6214727165773
1232.4645721321285	1225.135204549868
1394.7735031305638	1393.3982873748107
1443.6015060974169	1443.385788091064
1213.3590071741492	1214.2632966719334
1231.2478611253318	1197.9867915870223
1151.6084282749507	1149.9538754353348
1274.323862703197	1273.6047789109605
1386.8967698580527	1391.8250311842464
1327.6454161229485	1319.5604585271205
1130.2695815969491	1151.6930431081362
1278.7251286637038	1280.5423644626806
1340.3975847022957	1340.0081592934034
1232.8829060269345	1235.6449810970576
1519.1487657779944	1511.6135888539156
1362.8827827870555	1366.531177891243
1251.9762153752963	1254.5444726150927
1071.0708197925705	1073.6300346008904
1380.754879314889	1393.4012757177202
1281.353722780681	1287.0013425198958
1611.0243655795348	1615.3825528214236
1513.498010278272	1503.3032299753859
1731.117980050447	1727.6758953507353
1015.6564629168133	1012.6976416624142
1358.2999480612343	1372.8781780013974
1241.0558904614882	1241.6266055043434
1036.8159436144342	1035.1523190631806
1138.490418516245	1130.8080481692987
1507.323680225847	1504.047006547354
1439.703800676798	1433.7404242509938
1374.0113720527443	1384.9062907493142
952.6480753825163	966.7980156463658
1448.7361216351856	1438.3445485613072
1436.5990584678366	1432.399092316143
1344.3932525036798	1345.4266646293015
1633.3107354051608	1630.1868736905278
1267.364180690376	1267.1432540369897
1530.3506247694604	1509.012591830188
1173.857580652082	1165.7395492617525
1271.3367924260092	1249.9850466807336
1331.9748413959169	1327.7720351375046
921.7946757171885	934.4738038735495
1247.077004176681	1257.2506359686047
1313.4997091862315	1322.6784480898432
1575.3253727868141	1576.3018277360682
1023.925017985719	1017.2854958239408
910.5629743107129	922.2690956312555
1276.774489985255	1265.8164023295915
1443.189664165402	1444.9461487016176
1344.4050994497375	1337.7901434345686
1155.390052080009	1166.4460900534718
1491.2376181148575	1495.8396892675603
881.2261647612613	874.1831844635461
1427.500801873015	1424.6263496790718
1318.913986773754	1316.6816131180478
1038.4499095390493	1038.9028131658179
1284.7000142818142	1277.9433001889693
1345.6769712146197	1343.2929572230198
1279.8309143739752	1286.4816681556078
1323.5073459952546	1329.0334657616243
901.3737314869068	890.0337383655653
1328.5193318133825	1338.2185448084297
1114.00106870351	1107.6332248582062
1729.5117139637296	1730.5543388767403
1249.4559917882725	1221.9701729818482
970.1976238904463	966.4906255736939
1235.32136781179	1235.3067145933048
1536.6510349176533	1520.75601808315
1487.925346685195	1483.5408751688103
1057.5728582309093	1056.4510043215023
1313.3473783346417	1317.8604860352132
1096.1735419924953	1097.8300537207167
944.5205523302429	940.8131215778772
1064.3476137006073	1056.291132460744
1158.4986030569999	1159.495252114658
1183.0883338213316	1174.0634577915368
1272.9476461670129	1278.5477177223672
1249.2361579566204	1247.4902999025146
1042.9399996286666	1057.9776595532137
1551.3788179022667	1546.0947758938112
1000.8024465250783	1013.1097396192866
1473.7906319556932	1475.916764240312
1190.9487747155363	1190.049941734112
1154.669162183156	1171.3534597198604
1586.6305112493283	1594.9125111832088
1327.9221487466712	1333.8210163579338
1215.3412721554341	1207.488721736485
1380.1208221169072	1361.5121608962993
1160.596184481983	1156.3399954120098
1446.1065803894016	1447.925826133897
981.5288050570816	981.8461844847844
832.1127981538593	821.6986421345191
1567.7007844209438	1568.1564283347961
1337.6095200148993	1338.0235848061961
1087.3300865869678	1086.3573337522596
820.1786395964737	895.4308220024138
801.6717322338081	802.993006939299
1075.3142662757018	1063.3173461573572
1290.1806726524665	1288.1037344659035
1260.6146835533727	1281.4448219368508
295.25581675517606	266.36474983397346
1617.223908440239	1622.1479891028357
995.5809298500244	980.7775249915975
1123.4503878421092	1131.5549837859414
1519.475349685934	1522.0790247296027
1155.530638182594	1159.8905545586786
1551.0998299772327	1547.995413004221
1142.6815436298493	1134.160385226498
1646.3721985153097	1638.085875890937
1369.8062501320674	1367.6920213064425
1546.4103398033767	1555.5940958780614
1758.7728914314357	1759.3698540234147
1182.7708053989918	1177.5807255268667
1270.9814138563233	1269.1764614959661
1587.1995536591276	1582.2452734051785
1127.0103798574128	1113.1173406597247
1326.61201985745	1331.9003899791269
1399.771808521764	1387.0356674262853
1090.4958378026786	1072.7757242223468
1173.636907775799	1176.907743435978
1353.2896484066732	1363.4047921132044
1200.1255795349716	1199.2984746771526
1145.2032807299984	1150.6123992871453
1218.043142602488	1219.327725421666
1026.246077472082	1044.3726763457655
1013.4500362866384	1018.4324384313232
1132.8009135000175	1130.0383242653552
1150.4709803631122	1157.4233267569846
1012.9847318484972	1023.4535527914651
1599.6915498121234	1604.5334983415248
920.9873175257817	921.2213804891168
1083.5585550460382	1078.9913480209655
1372.651647574501	1374.652642199279
1614.6158865357866	1623.2440729121859
1323.736240788392	1321.2900687467968
1115.1081945533224	1125.172942021801
1313.6507636602619	1322.6860654651016
1334.6578669114679	1349.0126984993617
1186.6939864492451	1189.5511842308663
1152.4658540235832	1143.7381972998348
1323.8400372534816	1334.8530363292386
932.9694253792695	937.6310442481141
1279.249346467288	1281.0312127089585
1191.721965777222	1187.3452526322055
1348.2082311248523	1350.8035770295357
1198.9357078328321	1196.342718502017
1167.417837525456	1180.0785479108317
1277.9964810766396	1289.908543808084
1190.7283313780208	1191.1124776123559
1201.5847641809669	1203.5326407149946
1371.4078882862814	1370.653034783882
963.1501352003252	968.1909702327628
1362.3198359407834	1360.9733232300132
1351.3980530256813	1356.286985828063
852.8592619067931	865.3741817663674
1208.0370262292272	1208.0481010592785
1092.672822916822	1098.7872696621362
1209.4854986345745	1208.1715001843118
1628.9728403493355	1623.2385223010388
1155.775668974733	1149.3964676606522
995.4724539871386	1010.4540630127872
1254.6651349706226	1245.9174098234864
1250.9689335199073	1264.5046468280013
885.4443259388499	884.3727704084228
1021.7645623534918	1016.5813733559762
1757.0052016462141	1756.588726913061
1004.6006001668284	1015.3664993274585
1460.1461340596143	1457.931349475641
1205.148505684425	1211.5083436734465
1435.7950065368786	1434.3628353655517
1627.3021273950872	1623.1551852653856
1385.6918599752826	1387.6866761015954
1200.9444360329944	1219.5096354957595
1262.2961115130747	1261.6787753400124
1179.1412776372163	1184.8499354474714
1306.2039389125712	1295.778961405056
1352.6103275001224	1336.6186854808486
1238.320489366044	1239.8660203675154
1122.349990375602	1122.2818958101927
1626.7735542660812	1624.5428837312313
1515.45279699791	1508.329770101541
1391.7489395977173	1403.5034751152155
1561.0621287418471	1557.3571105550704
1308.076127386361	1295.4300148047541
1615.3762005864992	1614.683830194361
1111.3894425945473	1111.4702738358385
1720.9015002601664	1723.01840822079
1164.171190903784	1164.840697265342
1091.2315316875465	1092.457978675641
1360.4004320683598	1355.1659194643962
1506.9647564742481	1512.9678662576223
1262.8975719323498	1265.6320303401542
1362.8435079345072	1366.4782149412354
1213.4008749199857	1209.586554744791
1188.7591139186407	1190.425421662527
1156.171802734927	1165.8340537499093
1508.1739992315124	1508.4047371998172
1254.2535618482216	1256.8927588205854
1441.3891542590572	1430.7549992000595
1462.9905749720929	1456.6317333583593
1182.576711190428	1180.979595139034
1047.5867908460787	1048.0869113307947
1257.4760772120208	1255.5939619526976
1112.3410120811313	1124.0546095449383
1079.1063712649047	1071.4281891137493
1453.9002606770664	1451.4776883301988
1378.499188206828	1377.7512668176735
1258.4782142844342	1244.6770316955647
1517.9812418888614	1519.4913162797152
1377.3337569704163	1375.181310551549
1033.5842710676952	1026.9397698032449
999.6025653425604	985.1880652565428
1225.2474683854089	1220.1130729754639
1275.6800236090785	1278.9143764719956
1272.8412186403002	1278.8968206920242
1491.0999864829646	1494.8602611121441
1116.4789381353476	1112.9007981666136
1375.479625743872	1366.1395354074446
1040.5948491728632	1039.1630626177662
1221.181603474106	1209.5534138403173
1360.2421528881823	1373.5343793639627
1335.8264989786258	1338.9034800774693
1452.524958649621	1447.5298208267793
1288.6734368529287	1287.297422537986
1620.2585131725937	1627.4380240428325
1152.276331246976	1157.4693088550962
1161.1737859838177	1152.3879763157238
1554.216740120697	1560.575462040483
1140.2207586042932	1151.9235207929016
1405.0460051156988	1407.7594547448539
1553.0735368815658	1556.3352161171065
1439.5020850775181	1428.9680968605837
1281.2364016526844	1277.3079965614484
1644.346474670223	1642.334562208583
1084.828499074385	1092.9334286999376
1018.977801815141	1018.5277754436183
1352.9815205140912	1372.755695434938
1543.152312267921	1539.729285548678
1004.5690745066095	1020.2905022441093
1211.5900802354736	1216.7720238065654
1421.2213521962985	1426.0025430064893
1079.9669318645902	1077.619678231314
1339.615234086552	1331.8922441834266
951.1860085286899	916.9035968666221
1060.6099565330078	1062.6078268524277
1246.986687863071	1243.573030704868
1037.5750258274493	1026.5609071740166
1357.5693820012675	1353.989028586272
1423.2451909958036	1418.1305337268057
1345.080993671174	1340.8834086180523
1314.8664790159673	1332.0610195421473
1135.8802798634279	1138.1758138775297
1415.8482340970659	1423.732133491613
1427.0016248052416	1431.6019650163423
1101.218377282814	1097.8754575883825
1246.3412972635124	1245.467026715226
987.7967770323739	982.3566856047435
1096.4043226911162	1098.364872731406
1485.2376830411959	1479.6452145828587
1361.1464456748217	1371.6094724971779
1428.5556762068882	1448.6720430478617
1039.1171277183166	1041.5856677119825
1145.7076968217443	1145.0483400262224
1429.6013615047268	1408.2416274435898
1156.6292088128685	1164.15676151472
1190.0376543019374	1198.5437960468716
1466.9116838193731	1460.5543824936922
1234.1933014132082	1238.7916191095956
1049.834787709755	1039.6734948110175
1164.0111246439046	1167.899774993997
1246.9372941468027	1248.3100274121512
1318.3665354539116	1329.2413761867433
1317.7364184656763	1336.309905289241
1158.6822819242952	1153.670300380762
1276.152949968906	1270.849717372504
1440.9761132001295	1424.9045340636458
1512.0349504521	1507.643752118269
1162.883095006633	1168.6942607862518
1224.8623632805247	1226.0412957829096
1533.0797293199867	1529.5157447141116
747.3048643087386	754.390990942635
1596.5325643885299	1599.943093533815
1390.6254609982425	1398.4497312444228
1562.2944259725045	1563.1965730848847
1377.1919076877239	1375.913894430812
1435.6413913855213	1435.820344245127
1162.6579928883002	1161.4914331324107
1005.0210222213354	1020.5346442637637
904.034111558256	922.0270187701457
1100.3385255392932	1103.071566147732
1340.2784113257076	1333.2163267193303
1187.3253862353158	1189.0754885692133
1341.0911364081549	1351.50911585863
1254.1969952798972	1257.59581047797
1469.4384528204391	1460.4680354627817
1292.5913007177587	1288.7939851276687
1324.9992028563865	1327.2657559833726
1216.6115311247995	1221.5216372316345
1336.9168373801513	1329.8886342288542
1080.7966850919183	1090.5926634783457
1456.6507998699963	1441.1495879195759
1615.9379810596874	1625.3979100710724
1281.4025838339294	1281.6734939121895
1403.6993715071294	1402.9078526360136
1620.7070936682867	1624.1763235954443
708.1083282406471	679.320680584681
1733.702145323652	1734.451924051216
1193.467449828051	1197.1764589248066
1379.0198972907674	1370.115248958751
1290.5764222601429	1290.0007595962165
1004.7750901940744	1024.4239056202518
1325.795767649979	1328.8818888302144
820.4301677769108	813.4528804095669
1332.736403946299	1287.2987192128508
1311.4192429312388	1306.894240356962
1175.3378825190011	1185.7238538398076
972.8934274786443	967.3546198954925
1383.5163461818302	1382.1840998578
1369.9157027151086	1366.7859503282057
1119.3807160719298	1125.1505991361123
1239.8367380388954	1256.5396522928452
1451.3877527713776	1437.0521865115534
1177.0614469702996	1170.015295658021
1368.7632408302452	1359.2951074058665
1175.7836236666772	1160.2623339325792
1397.743877851608	1395.1833297253825
1621.6354914933327	1615.4081632034504
907.4651870289817	902.3372303730297
561.2645852468122	594.6460983977257
1036.9737021185283	1014.248844446891
1209.1699307130766	1219.9421638811345
886.1381343450339	877.7300291923825
1272.5704550898517	1279.8511401959308
1147.0195212927356	1144.4201568041756
1326.3336319622176	1312.4554734033934
850.4823576931376	831.5035823674734
1622.0290659611637	1632.3842095101638
1263.6935196737468	1259.9643296774939
1329.0617527161958	1326.4319365573838
1300.8357302057266	1301.339017916457
985.0443425940175	983.2893529995999
976.5761458576017	971.1676074144622
785.5844166207826	780.846131501711
999.7585430988111	1016.0778933704437
1488.2011715108238	1487.638173201098
1295.9455045883951	1281.449089304768
1007.3290155436844	995.1202041725613
1032.2413322465436	1046.5898700428818
865.2434243482712	870.0394067198026
1244.5638483004295	1251.3232897783457
1210.1665437351621	1197.527720602197
1673.2390280499822	1672.7430635410508
1304.5291329094325	1304.103601697041
1039.6618269066967	1041.3924574786172
1086.6797036870848	1077.485367622507
1286.8778364865575	1287.047747489796
1277.4217769994284	1280.0142419837725
1306.2797041181766	1306.274249343119
1611.7832909453718	1618.8877311509132
1214.5021557791624	1223.0554052152806
1321.1957714140008	1322.9496433445418
1419.9220498383802	1404.7361289175542
1063.3337359630968	1052.9362345813456
1549.8765903880412	1547.49883165966
1052.4645903342753	1070.6610083047865
1499.6962754543056	1505.5933412640338
1097.5127329751267	1103.2784805239344
1134.1632441408	1140.5549727686239
922.5611699020665	927.3593818129988
1367.7954393273976	1372.8018401329546
1120.9911007920455	1138.07284329291
1006.2864368332084	1013.8326102276676
1443.1999851529836	1438.5377820678395
1412.4620332230406	1413.2837115775808
1011.9853100092441	1004.5972688746261
1374.207226868777	1376.127116456446
1051.899458142434	1043.2351256980455
1136.600819212268	1125.8956908706953
900.7861018422409	927.0717531417584
1380.4490547174355	1386.8061922884262
878.7575787648675	875.065171691125
1168.7753677186265	1147.7128487046634
909.3219364262477	927.3626913811797
1332.3756463124591	1328.6437589838501
103.43599978019847	2.088309965147454
1138.9614816738758	1133.807785963893
974.048196584481	957.3491743135336
1586.6044900368142	1587.0274696722408
1426.2804091271246	1426.5505508338572
1510.6873391611734	1498.9139221639307
1307.1507649999985	1312.1192676064888
1421.9075227079738	1431.6129391816787
1014.5900075479876	1025.7846732816984
1464.1943621578102	1446.6493204233489
947.431184096029	956.0974021800829
1564.8783046204771	1570.6689534112454
1086.9485458606505	1096.8568532556865
1182.3193855218124	1192.5256156468988
999.0824976958102	985.2055106699847
1397.664158501837	1408.5428394467685
1119.7855255921604	1118.5592261263598
1355.4028394784254	1358.1880780666365
1415.9323149683769	1412.0708283441572
1368.6690647053474	1375.8474530539697
1429.4112030401884	1434.5942402600836
1232.6258348867123	1229.4236066859175
1104.3647016262112	1113.736356792772
1087.611338941526	1100.6409911947726
691.507622496385	679.2274147172395
1632.036430966953	1633.0842627499444
1430.634693684493	1433.6711214975512
1276.9174238654377	1276.550115167817
1481.2284824849921	1476.2158771514764
1083.838869080966	1091.059969639191
1246.0008010428865	1239.9016429372468
1635.9811078317289	1630.1120630834168
1494.9997469490627	1496.9203734808927
1236.5258230434847	1227.4438617428332
1334.9034739975177	1333.0201827097692
967.6132077963266	983.935387075805
1219.745628319477	1215.9868770405483
1399.5270307425235	1392.5661236591993
1190.0905351627734	1178.0049243136139
1196.3358774761145	1200.762676395273
1177.365386306803	1165.5309180707793
1338.6053416068607	1337.0124725724936
973.7779478621669	967.2990918372222
1515.54364151528	1519.7817721704962
1448.3054845484148	1433.3969406587314
1138.6719364111195	1133.65700614138
775.3887267011305	796.1230495837001
1260.589207872952	1269.2765730133776
1341.1534627627698	1341.9132505274135
1188.4852621134487	1190.251491285378
955.2398596876883	956.8804594543982
1146.8869859531405	1147.1796352492881
1562.3660019768577	1557.123137507407
1217.809704222018	1220.0445784811561
1266.8978638297122	1264.8791770902567
529.1017975410505	516.0869478280109
1057.7877873007674	1061.9477401330828
1551.6435950558516	1553.9092705272064
1155.782401623641	1152.5607515611766
1581.6078661510837	1579.5779796001004
1381.7114107252855	1377.5755532674546
1120.4913364462554	1103.8962725042818
1275.5193746661535	1277.5144387879548
1333.0103646978678	1336.7693288501998
1161.0498713047418	1155.0064273918658
1347.018637214438	1379.37044404361
1197.3147687816527	1209.8677030114484
1178.2483276985877	1178.836967957199
1247.4518455764046	1239.7483126286954
1443.6362021182722	1441.3918271451578
957.687591965223	1009.2937392124998
1088.1008593454317	1084.4581578029902
1236.7989883249975	1236.654509409594
1266.4697201369563	1266.8516907672763
1296.8366859423986	1299.2245068211191
1525.1773642210464	1514.966456239833
1316.6144180991978	1318.3581360067312
1664.5010551042797	1663.787824411614
877.1876243430888	861.2684080412104
1475.7928904383152	1475.6206324907664
874.1913950182789	880.6740522366047
1147.3282875977748	1145.3191168247145
1282.0276855545526	1283.7090428467222
1476.6297238681582	1474.2987847281572
1063.4191059315926	1052.821015580696
1117.4265527989483	1122.112457471685
956.4737036694714	964.9323031533994
1447.02784501508	1435.6469601806584
1350.4622522595455	1373.4657421006968
1090.5703969097813	1076.3994003359505
979.8078314867453	972.3312092942322
1161.896858600725	1168.4313652629864
1190.5883829395461	1191.0241762613323
1269.915798022208	1269.8584855934982
1142.339376820426	1147.9153233494121
1459.0759440057154	1458.8956690765624
1495.5592935069872	1490.0698659882967
1045.8782999362738	1048.9414646918115
971.4573652629624	965.1751385202759
1190.4261649108375	1193.888984760708
1429.520562271122	1439.492983950496
1415.0502477471018	1427.9841220362812
1629.6529497474257	1624.220669044598
1340.4931443257374	1337.7322460376406
1108.3428213816078	1109.6487154946094
1610.307240856142	1618.116583885269
1041.9749044461641	1044.36318404805
925.0758404204971	916.7024633660889
1090.1094258877856	1086.5885494186182
471.6532875928824	475.1648298822517
1229.4688241166295	1223.3597852548537
1115.7292376560217	1118.6683622506407
1303.3332717099402	1307.3975162609506
1743.4361878248455	1753.1121167879385
1165.205381294625	1169.2089771295211
1437.2585368851724	1438.1894404065927
1191.6820710865723	1210.1227763070033
1334.6448404068651	1341.4683114997856
1125.1678292951547	1120.1579415821177
1068.6145494646917	1088.9422554033613
1353.088106149371	1349.934156649997
1467.9546313223545	1477.117033677705
1124.5373243090871	1126.2665698479682
614.0224572998559	629.6401399495667
1625.7419160300924	1621.2971891120592
924.6837092798087	904.6455333083862
1107.6906225569255	1114.7972008473657
1382.381432563183	1385.905524010074
1270.2215118476888	1276.4232282324804
995.9236584562459	998.5791230870573
1260.945200518443	1265.0906871645093
1333.8603779672412	1336.8013456680162
1350.5678600786196	1361.031013906624
996.5698625651421	986.4810379618419
1512.613065743266	1491.807249967873
1034.5485934810713	1031.1002445478077
1442.8720701012353	1450.4364123414662
1296.8795410881867	1298.8635560464456
1163.4543950829539	1149.0641535060377
1410.7615966971498	1413.1173409858575
1571.0864769577165	1572.2644795487781
1562.980686063267	1555.845412482947
1290.0674936583673	1293.6483089837134
1272.5550985054579	1277.4182485449298
1041.9150278842426	1036.4585208620529
1523.2728409972624	1520.1645752368058
1644.3448417377658	1642.325955702621
1357.3368532751629	1338.522839077132
1268.9247486545064	1267.6158255582327
1501.033902441006	1496.9476629938817
1038.794356059807	1041.4248498607287
1209.1970851574733	1214.9211277159607
1244.6187263238535	1247.7891463188041
1568.9240757634107	1565.953148063046
1224.5114250687766	1219.3358666409003
1545.2507458917971	1542.1302400099353
1166.783936042717	1166.964064188022
1131.8732629051374	1132.713484738501
1063.9333586254215	1073.3031377612078
1392.5637910279038	1400.8385848798644
1178.6550856117974	1171.417078547482
1054.3410315060755	1063.0555046165257
1585.4847738757962	1579.2710428166733
1178.6339490231185	1169.6913651850389
1084.517766761477	1088.1974119567903
955.8641346622608	952.5047452318497
1067.762729861075	1063.9257482227601
1121.3675678050495	1124.0053455281388
1036.3719075789559	1030.876930793944
1116.2216274708626	1113.8844580264094
1246.8056323149358	1245.447081471145
1316.7249123817019	1317.4505792619698
1434.7007978636248	1437.5750792145977
1512.717701861955	1504.8482075764086
1383.2919274308078	1372.7134018627619
945.0448527981061	952.9212455601344
1190.0970219505252	1182.5275263157837
1004.5374201991362	1005.0509675541571
1076.418647106766	1073.6932366315182
1146.920138234942	1136.5608924188202
1378.5871501707297	1375.2922140655203
1083.848149220663	1079.7837349286503
1366.7563230961678	1374.1955566530048
1174.2761293287913	1172.0155904284838
1490.9480945962132	1493.4175448689264
990.4752430330846	981.5299828092052
1168.4484733261925	1178.9126344665394
961.2163030276424	969.1713521023208
1166.2552055127744	1168.4709428521992
1327.3407161627547	1323.0118543232843
1390.1706411265768	1393.2499185508705
1358.958210197481	1371.013796971395
1336.7915123895218	1340.8171587408012
858.5808079212438	869.7222783523804
1194.3996618105448	1204.8514476695739
1345.554357873887	1344.633080624376
1718.8573250660556	1716.9414061544799
1376.9259724280564	1377.8640314401198
1428.5402690488845	1434.3879713277174
1274.436692866031	1269.353448758
1478.4754099122365	1499.7880406209185
1090.7132332081965	1093.5985438783964
1165.4472193621623	1172.9628397791923
1423.6728598435293	1426.9463895951085
1151.404220690456	1144.7707838599226
975.014236487681	970.4755364599015
1236.6890924943436	1228.719662133514
1001.9964687764586	989.6540470147086
1230.4679705689487	1231.2459459224958
1434.7345606011222	1439.0135832759222
1330.445435176167	1327.8843023738439
1449.2767348061025	1455.099728831819
1027.9309953034099	1041.8558328946788
1444.9092079471448	1435.7347088496242
1507.6813330808072	1521.6666106998764
1261.740484334674	1257.3191172138293
947.2247041118972	940.0488289554082
1279.7326374964323	1283.7946385903347
1429.3146494425891	1422.4233782784781
1383.3365521949017	1376.098100168323
1635.4633960266074	1630.6504800432137
1488.1099440470862	1481.1763568748624
1048.2089752830798	1034.9761299637892
1005.8849551255407	1003.9000336496466
1338.3436757928284	1360.9871578859124
1370.1390770441794	1377.5610765432564
1298.890236411622	1293.4651866817167
1304.9328356369806	1309.867329309928
1281.374397863925	1267.9202347666094
1517.191957350442	1514.7034952639465
873.5458995756344	874.5208716332565
1613.0619147427497	1609.1035027047806
1093.2631177165022	1101.7732907449763
1197.013618760655	1202.6659373588996
1381.4706275503268	1387.259302434323
1511.1162897815811	1509.0712482827432
1196.7513993718894	1187.8048299135546
1193.2905706193415	1214.9712340956346
920.8320024601999	939.583398399343
1146.321901883406	1140.7694807381317
1321.7720380508108	1328.080769271682
981.8442496800271	991.6707769431872
1236.8417684058659	1233.2153599118917
1185.7706991800806	1192.7884334483238
888.0335723501339	874.4248755789488
1262.722724857449	1274.5573801455996
1491.859420430672	1498.7724501833618
1632.386359140597	1634.3350232733496
1259.7631116861012	1252.1822419923271
1030.895028584171	1040.912767107379
1250.020599391166	1254.1196020502853
1321.082587576704	1326.6247579811984
1248.5615673683642	1236.985123428915
1621.9809114737145	1616.2002313266037
1290.212856036349	1286.496585036623
1515.765301282605	1514.6972555028915
1629.0415056456113	1633.1601696216621
1254.8070428801002	1260.466650114719
1318.2438635776343	1314.6969485775076
1284.731371538015	1282.00623425063
1337.083593610354	1325.536115765745
1268.4432712698763	1261.2149516226827
1140.4794783001416	1132.46150219367
1386.622685897164	1385.6630661254014
908.6226697648963	909.9110822805093
1327.6136985762278	1335.0247138949876
1503.474982599495	1501.9984429573767
1321.9415515788132	1326.2189948346693
1448.496082527854	1432.5796952325688
1498.5711029836966	1504.0231999296843
1047.7522862211626	1060.43969483862
1188.4798144659144	1181.4465179063636
1288.2768143386347	1283.8066536518013
1457.133886058582	1445.1678211307385
1290.932650934934	1300.0389710164995
1531.2826049845899	1534.1274964988543
1599.1753285270825	1591.313256912648
1505.2680226123484	1496.7571501634602
1189.9265455518034	1189.4152948389155
1651.6065887094592	1649.1480596210195
1191.5197256098618	1183.691974685711
1176.9428195598884	1172.1253447631495
1539.9933526399836	1543.34337899697
939.8327335782524	962.1902578022399
1403.601643303904	1400.3322962403984
1263.501380760601	1277.5336204920156
877.954355605063	893.6241620021679
1350.7100280658342	1353.5128446122444
999.5215174253972	1001.8366146791482
687.9226473027084	819.7856076186412
1554.1296415220131	1550.749556987508
970.1232183999382	967.1411377484151
1348.1580342765374	1341.2182414766576
1739.9495648741722	1739.1981981183199
1665.3216153689718	1667.7692487660136
1622.0558501159248	1628.863606555461
1514.8136334313604	1519.568940983475
946.9783764414315	967.5281301625977
1624.092648012971	1620.4154166161659
1473.1859276248433	1470.6603004708636
1246.0882403443975	1255.8142293838148
1131.2617191178142	1129.340031979324
1190.9059146095242	1199.163198944241
1386.7652988056361	1377.4375301523958
1015.3753231122973	1017.7817469489721
1137.7108145545353	1145.4019213910717
971.6297925925464	952.5526824858144
1748.5017367203545	1752.4353844530096
1255.7441542837187	1249.4229023218113
1429.6868144289183	1430.7751579191295
1320.8362915328762	1319.7276732270982
1290.5133825138619	1287.4901350991927
1634.1944113642967	1636.769322706546
1477.4367739242152	1477.7658674172444
1245.3175332113751	1246.903595233038
1341.9473000372527	1358.9868541317999
1513.2365869616624	1511.0877778747517
1618.589555349492	1624.5230672323019
1382.6419261647388	1377.836852600029
1234.1703896356048	1228.4644729943768
1470.470386597095	1464.2236762106047
1257.7745798051474	1263.916250948583
1276.6151606507483	1270.0471827282083
697.9317556928145	692.1470998547983
1177.1721210459655	1180.0674845211247
1331.8920675156987	1345.4362363059458
1309.0701537664281	1307.284633208166
1384.989188148029	1392.6950147508685
1494.9803003725829	1502.6644478761805
1261.6883127704787	1276.42127571636
880.9103697590472	873.4152122954325
1125.443618673773	1123.8288869253781
1361.5618876593653	1364.248757793408
1378.6420490698074	1379.172026623415
1338.9970488322724	1335.7623639581557
1372.6967093542917	1363.5166229109493
1508.724028498109	1493.0142579340106
1081.0742680552648	1069.987272958098
1478.9671911214245	1477.9381424967369
1425.9639882846677	1429.7019173574006
1111.1277622445195	1113.0079282221795
1248.3976283726515	1247.9611249370118
1192.4346268319641	1198.879130651112
1087.5276042906917	1092.1153577992413
1339.0197959057405	1341.6949412484316
1149.214248366421	1147.41062196107
1305.584888727346	1304.47796211069
1448.8586533168855	1424.6128571149638
1626.7909661534068	1622.412053833838
1236.7210282128362	1227.5506925889065
1360.8297259768296	1368.5629381824554
874.3191209541983	882.7188471692132
1340.3081547613547	1326.3953437640114
1381.5567547817482	1384.6294176052893
1415.9934912877507	1428.5034464382509
1292.8507315536845	1298.1305718142125
1143.4334275774308	1146.6565192209282
1165.7159020041	1156.9495162400597
1070.4945540293702	1070.186332717124
1276.902054663282	1271.7270367634878
1264.9068701304204	1259.4033076402177
1440.4196298955649	1434.9998190501844
1576.648038821586	1580.9675437384024
1279.8644087969442	1277.4151205632043
1060.414793931006	1049.879535243974
1519.6434327607858	1515.087643066794
1432.6403180458	1436.2351842020153
1541.3315259910305	1545.315711244462
1053.0966607551672	1047.156886132213
1485.6614323907706	1480.3511349469675
1230.1452740516688	1227.8919369055445
1630.4784733658307	1632.685669744667
1614.572661185026	1618.1283994094972
997.8821268688189	999.0106752293149
976.2486777160084	994.2101173284065
1347.7690920465975	1343.3830916126024
1309.0596452800382	1307.821333991167
1333.503588216874	1333.1706611768627
1055.6190344133647	1056.7802719559184
1282.7788025034824	1279.1806980924982
1453.003989351273	1450.4054767354844
1241.7707034173363	1245.7266851529691
1125.316505173454	1131.7436278015678
1361.4411112378293	1370.091808280249
1004.0135265706631	1055.128448557036
1069.0082452262868	1064.9126186586652
1419.1622010886786	1420.4620440972549
1230.7381259866816	1218.198509619612
1390.2089113268885	1387.7930122985808
1360.8081324795494	1340.9222499178554
1384.6879178464587	1374.625500166497
1197.5240244946326	1196.4293222357405
1039.9049846501148	1059.6497538806132
1642.686296259344	1645.9321258142966
1226.9335920462618	1224.2517366331292
1315.53073259737	1314.834854429406
1415.708378498559	1410.8868265815436
1027.9441927257576	1035.2948836940107
1126.182132705464	1125.7193376347627
1562.9408771699527	1563.2016024680054
1502.949899944564	1507.1941091882975
1276.677436993632	1283.3754734712531
718.765453798318	715.1995456333971
1368.138644961844	1364.3993843058279
1436.3979301490763	1421.0734979373547
1509.5375675909454	1508.3146306525598
1280.8758203624166	1259.5594981106506
1223.975261390733	1210.2323037037836
1336.8341890698648	1322.0327206296656
1381.6419876204454	1383.5705937428927
1369.206454869709	1370.1677767110023
1412.5108501867799	1416.7253638623183
1346.7843496292771	1353.7373953210938
578.4313893647632	590.2661837680272
1107.6339451788226	1098.6633255036193
1389.1121724388795	1388.7389939285326
1250.2698141276487	1239.858437143178
1347.2221874186944	1343.4204913238052
1643.6872917728615	1637.3208721324174
1400.2157806224423	1381.604763450669
1546.9444353137224	1544.087481482234
1286.8862503572018	1284.8371656151016
1461.5368109426054	1448.6210116762265
1307.1834680065804	1292.6149569987745
1270.670260644576	1271.838100298277
1354.7225213407655	1352.8408791813704
1130.2578395333258	1128.8583493347078
1459.4649615633534	1452.9476660570417
984.4010812643974	984.4874772515644
1759.1015931101574	1754.8982070183908
1306.5505393600615	1296.0298812588464
1388.8214580578206	1377.7068784605478
574.332391329488	580.2370312892042
1415.5351628983917	1426.2658491020568
1223.172720604809	1223.6277193584033
1621.328351666656	1621.3799043831223
1509.6492963671917	1510.9615980045512
1177.980362528062	1174.5384290710679
1283.7628322281525	1297.2195367127051
1053.989089689916	1052.772001117868
1550.0873857720871	1546.8377115519738
1683.1705283788033	1679.3393876330679
1104.7670604282757	1105.9180631843753
913.0997143825516	900.7024198442102
1602.7215621522046	1612.0480595792715
1293.7094572761853	1292.0204451712098
846.13856390398	835.1959469336033
1274.3931834123505	1284.8591507579574
1320.7922016536177	1327.0167854766785
1620.8535183516215	1627.4880793790894
1554.85925055173	1552.0660109952232
1217.8831511221651	1208.7783783582186
1080.687878364668	1056.6318463500822
1360.8675531795307	1363.163207212946
1102.2454073483532	1103.2199141469132
1358.1270682277973	1355.9608583540612
869.9525958192826	880.9997197696315
1058.075554114621	1046.6981181093809
1215.5605694335536	1208.95850542768
1172.8848359558324	1178.3957046692112
1427.6177841450553	1432.0004653752364
1445.66647358326	1438.5897470004297
1234.663317521161	1245.1954289865591
1202.4990036686359	1190.9402936931908
1451.3212109357119	1455.0408203115371
1463.5193826361792	1445.7274068887475
1481.430453194509	1475.6256001495174
1225.8410755066434	1228.088298830488
1493.4396356306388	1497.4828953517979
1321.2303158341383	1327.0573206415427
1153.7887826252554	1159.2615792934348
1110.163817387278	1116.4912800784334
1231.2654505113023	1225.896016986363
1258.397897191695	1260.209549901714
1003.1224490178574	1005.8310604503448
1288.1828931436175	1288.3144172150382
1185.3158385135757	1190.3785758733716
927.6626507951005	930.4428305626691
953.8930499263806	929.9569601167755
1624.7715653421765	1622.4111702515072
1278.929611503263	1291.90434272351
1449.383657567465	1453.5188741472691
761.4677174030221	743.8667530372664
1441.2518283288518	1442.4155671838196
1362.9302769580972	1360.6711079519832
916.214334753633	921.8514980729865
986.1112393976073	985.7122987854838
1082.6060435854597	1086.98463874834
1343.7972253149492	1337.289437593997
1357.465563188569	1338.5938428666768
1169.999853455054	1175.9844486591896
1070.80869881119	1076.8944794425258
1076.5086617101915	1081.0403958796924
1132.8182703615166	1134.2120404989014
1278.0670111179934	1270.0199968555996
1202.8928348381014	1212.5367711397628
1107.8048730358132	1103.3240922241523
1543.0601786638144	1547.1329709410259
943.3849704942259	938.6165419909227
1279.1990770975244	1263.2558669361104
959.5410310674924	948.8736970522558
1118.5186224750942	1116.777122495598
683.7291469574411	683.3914362681573
1511.1267305559304	1506.430456711345
1150.7464291996148	1157.391530541652
1190.1552074652864	1193.778329149472
1071.9176831786754	1073.129867512099
1260.704913684458	1253.617625827486
1324.8970245492528	1319.974337478658
1280.2114624466049	1277.6045325421587
1449.003939318005	1444.057504173248
1110.7721301971178	1107.0944466218082
947.008415608725	931.4706160045263
1062.3727930789755	1062.6272888299827
1502.3348442899296	1503.5657391245604
1197.6555094456708	1180.9703662425102
1484.5444324901619	1487.1445760505537
1344.8466543812247	1331.6594846513426
1518.197241690883	1516.3633868721938
1567.3198797533987	1565.647676088622
1360.5070598486636	1366.5684257099626
976.3883578016248	965.1665766080039
1532.5416570265952	1538.5613933973011
1148.7267190715065	1152.1022114608656
1155.8572750510648	1169.1359716467073
1328.8372746475798	1348.0366282469595
1444.3710085665516	1433.6345890320156
1269.8711392918194	1253.8396985345878
1212.177401450579	1213.3551454485284
1170.9965371416765	1169.444642162424
1285.26374153918	1289.5454056005062
1547.7629902343324	1546.910032828545
1604.2980544877064	1597.3581552551632
1491.302195981145	1489.9647876572833
1295.5620982103283	1288.5472601195095
1351.3653375266877	1350.7960395986245
1443.4825666297693	1441.904261008244
1168.0109453633195	1143.8064920155375
1265.153701860545	1253.935307327591
1513.7939666746825	1516.0001755222988
1212.6526259315142	1207.6462796263563
1614.7960279335384	1619.7256548364003
1125.287679388217	1137.4229434350543
1182.6467888711195	1188.7531300094272
896.7554349042475	934.8959813039929
1628.6501953964762	1625.9952681152513
1195.8996861981868	1182.4003573051998
1215.2618661987653	1219.8195677988429
1396.2623643116676	1393.0789480126718
1032.9787543223647	996.2641189475814
1394.9241785482445	1400.4294982659749
1087.9023587809643	1085.1583578452544
1438.103111848497	1444.991096010351
1090.4533300202165	1093.4086485703435
1227.6043120005634	1237.803590551903
610.3102205382602	597.5263796160219
1050.7810743893206	1063.687789464538
1131.519870579621	1146.4509767951322
1028.545001765422	1026.365780373265
1324.9904221365287	1317.735285670892
1173.4295998851303	1153.8490046375316
1202.5623819012544	1196.3787666547937
1383.6734321975964	1380.7396645338665
811.7338149244315	817.0503151065824
1147.9430244005634	1157.2221487332617
1462.6407656009833	1460.1036634657391
1359.7113896011433	1356.4656600911778
1559.6791872831236	1561.0302572867274
1285.5013118440693	1275.4628852778362
1520.6641459302045	1520.1046477665504
1167.0502923423774	1161.6935466320554
1249.5218690903275	1246.0111679368636
1407.6317007986945	1414.395845487916
1458.0326087508292	1466.6417515766882
1342.9767321969266	1326.321138768301
1166.3928785178286	1154.9804494692385
987.1989013444982	982.4142905054215
1288.929914852226	1292.4682031967427
1439.013434232853	1443.9871908838663
964.717179760919	956.2702290368317
1231.606537924934	1231.0397324650419
1290.1242633382499	1291.4971067938836
787.6793067250401	807.8882584442197
1203.3847763567464	1205.1234515048397
1247.433312262554	1247.0825259130427
1325.6678715476592	1332.3100852623752
