1.533447924482968006e+02 5.277421277438399727e+00 1.000000000000000000e+00 1.000000000000000000e+06
1.424568580260823012e+02 4.501158669418931169e+00 1.000000000000000000e+00 3.162277660168379080e+05
1.298701718538167427e+02 3.464953755940259228e+00 1.000000000000000000e+00 1.000000000000000000e+05
1.190390345185616781e+02 2.554363906950006147e+00 1.000000000000000000e+00 3.162277660168379589e+04
1.113431388056076941e+02 2.034589813728470364e+00 1.000000000000000000e+00 1.000000000000000000e+04
1.008779943109461072e+02 2.365021927552244829e+00 3.162277660168379394e-03 1.000000000000000000e+06
1.005412347277702736e+02 1.955828715018151920e+00 1.000000000000000000e+00 3.162277660168379043e+03
7.943304725341768346e+01 1.879991350725634058e+00 1.000000000000000000e+00 1.000000000000000000e+03
7.817912114850551575e+01 1.866210708828844433e+00 3.162277660168379394e-03 3.162277660168379080e+05
5.599302271770720552e+01 1.537095235639917679e+00 1.000000000000000000e+00 3.162277660168379043e+02
4.956015101036088311e+01 1.322212085450743313e+00 3.162277660168379394e-03 1.000000000000000000e+05
4.275597483003128474e+01 1.390227982886723890e+00 1.000000000000000000e+00 1.000000000000000000e+02
3.741474695709989362e+01 1.186369276365298209e+00 1.000000000000000000e+00 3.162277660168379612e+01
3.684959770799192569e+01 5.319255681216105813e+01 9.999999999999999072e-11 1.000000000000000000e+03
3.017552948864708995e+01 9.389022176823642596e-01 1.000000000000000000e+00 1.000000000000000000e+01
2.947971768660203651e+01 9.256194471683789615e-01 3.162277660168379394e-03 3.162277660168379589e+04
2.280102333029967099e+01 7.518939224411652633e-01 1.000000000000000000e+00 1.000000000000000000e+00
2.203920520530755311e+01 8.689970550525032422e-01 1.000000000000000000e+00 3.162277660168379079e+00
2.100980267488944264e+01 7.256534416619584427e-01 9.999999999999999124e-06 1.000000000000000000e+06
2.051756247357555907e+01 9.838805405650097313e-01 3.162277660168379394e-03 1.000000000000000000e+04
1.970493139085663969e+01 2.193136973144384783e+01 9.999999999999999072e-11 3.162277660168379043e+03
1.745942679872086245e+01 1.866824281066612912e+01 9.999999999999999072e-11 1.000000000000000000e+04
1.742230939391844657e+01 8.563148504224021851e-01 9.999999999999999124e-06 3.162277660168379080e+05
1.703321455266197404e+01 7.800292625487857734e+00 9.999999999999999072e-11 3.162277660168379043e+02
1.702831438398564856e+01 9.220374515581878372e-01 3.162277660168379394e-03 3.162277660168379043e+03
1.589444103982539147e+01 8.691139516804852194e-01 9.999999999999999124e-06 1.000000000000000000e+05
1.517915059735605077e+01 9.484367977567600416e-01 9.999999999999999072e-11 3.162277660168379612e+01
1.479833993327467567e+01 8.993933438405742331e-01 3.162277660168379191e-08 1.000000000000000000e+06
1.453595512658892552e+01 7.099104761365877536e-01 9.999999999999999072e-11 1.000000000000000000e+02
1.431670572867442992e+01 7.493616347376839126e-01 3.162277660168379394e-03 1.000000000000000000e+03
1.419400040472710245e+01 7.639962499990512468e-01 9.999999999999999124e-06 3.162277660168379589e+04
1.404855045077756515e+01 1.108882378592045015e+01 9.999999999999999072e-11 3.162277660168379589e+04
1.313101843080693243e+01 9.773438263550483285e+00 3.162277660168379191e-08 3.162277660168379043e+03
1.299483479304506872e+01 5.221076539582788500e-01 9.999999999999999072e-11 1.000000000000000000e+01
1.263066908662973375e+01 7.947909429597022068e-01 3.162277660168379191e-08 3.162277660168379080e+05
1.207499795753797045e+01 6.066145035899839222e+00 3.162277660168379191e-08 1.000000000000000000e+04
1.206077980821875073e+01 5.929357810900490300e+00 9.999999999999999072e-11 1.000000000000000000e+05
1.203100973590259670e+01 8.393689291741498693e+00 3.162277660168379191e-08 1.000000000000000000e+03
1.198193001415196512e+01 4.257469080747294798e-01 3.162277660168379394e-03 3.162277660168379043e+02
1.187311215503278916e+01 6.526791357437639052e-01 9.999999999999999124e-06 1.000000000000000000e+04
1.120415162275207699e+01 3.856619324874933641e-01 9.999999999999999072e-11 3.162277660168379079e+00
1.117220432802475649e+01 2.893350917455206339e+00 9.999999999999999072e-11 3.162277660168379080e+05
1.109094501553732570e+01 2.563232808912451421e+00 3.162277660168379191e-08 3.162277660168379589e+04
1.099083129948836834e+01 6.991448269870159660e-01 3.162277660168379191e-08 1.000000000000000000e+05
1.092937048291385693e+01 1.057144333018177340e+00 9.999999999999999072e-11 1.000000000000000000e+06
1.091710785408812612e+01 1.561856164542085201e+00 9.999999999999999124e-06 3.162277660168379043e+03
1.084501669304780513e+01 3.670413025072380986e-01 3.162277660168379191e-08 3.162277660168379079e+00
1.047336344997707869e+01 2.676132884074279294e-01 3.162277660168379394e-03 1.000000000000000000e+02
1.032773801874986574e+01 3.270812810346658828e-01 3.162277660168379191e-08 1.000000000000000000e+01
1.024053298732678741e+01 2.509185970084527817e+00 9.999999999999999124e-06 1.000000000000000000e+03
1.011164553264817734e+01 3.642427726542900035e-01 9.999999999999999072e-11 1.000000000000000000e+00
1.009668321008354752e+01 3.632907653993427965e-01 3.162277660168379191e-08 1.000000000000000000e+00
9.668731159344343240e+00 2.876129190622799814e-01 3.162277660168379394e-03 3.162277660168379612e+01
9.199664525135741400e+00 3.339801551305046079e+00 3.162277660168379191e-08 3.162277660168379043e+02
8.970251677457378392e+00 3.363902562999334100e-01 3.162277660168379394e-03 1.000000000000000000e+01
8.879009995588786452e+00 8.994764202211345816e-02 3.162277660168379191e-08 3.162277660168379612e+01
8.848512353517838491e+00 2.956462635027641284e-01 9.999999999999999124e-06 1.000000000000000000e+00
8.578381970235644971e+00 8.362628237096569883e-01 9.999999999999999124e-06 3.162277660168379043e+02
8.440211695118843949e+00 3.021599809420106308e-01 3.162277660168379394e-03 1.000000000000000000e+00
8.181737393023015059e+00 3.809720359595721306e-01 3.162277660168379394e-03 3.162277660168379079e+00
7.917456763720615243e+00 3.045523745560602125e-01 9.999999999999999124e-06 3.162277660168379079e+00
7.806167202879988665e+00 2.398993183061998991e-01 9.999999999999999124e-06 1.000000000000000000e+02
7.698462780956719875e+00 3.941160343646041286e-01 9.999999999999999124e-06 1.000000000000000000e+01
7.623627282297209540e+00 2.364107887334899183e-01 3.162277660168379191e-08 1.000000000000000000e+02
7.590566253239698469e+00 4.225347402823899645e-01 9.999999999999999124e-06 3.162277660168379612e+01
