1.543092885150726374e+02 1.998617968899485398e+00 1.000000000000000000e+00 1.000000000000000000e+06
1.431068445923029344e+02 1.601431034657622821e+00 1.000000000000000000e+00 3.162277660168379080e+05
1.304125536614115504e+02 1.404717868928313740e+00 1.000000000000000000e+00 1.000000000000000000e+05
1.196339721356100227e+02 1.209626220806820474e+00 1.000000000000000000e+00 3.162277660168379589e+04
1.117374625445918781e+02 1.081743035337343617e+00 1.000000000000000000e+00 1.000000000000000000e+04
1.014402330737310081e+02 1.098250152439040450e+00 3.162277660168379394e-03 1.000000000000000000e+06
1.007821284763443543e+02 9.527712545134361388e-01 1.000000000000000000e+00 3.162277660168379043e+03
7.974507918163341458e+01 1.141961325416916972e+00 1.000000000000000000e+00 1.000000000000000000e+03
7.871781173867488235e+01 9.982753362709338996e-01 3.162277660168379394e-03 3.162277660168379080e+05
5.632406306322186396e+01 1.162469283671958120e+00 1.000000000000000000e+00 3.162277660168379043e+02
4.983619429215077901e+01 8.370416049011413229e-01 3.162277660168379394e-03 1.000000000000000000e+05
4.302760478899335794e+01 1.097869208036097000e+00 1.000000000000000000e+00 1.000000000000000000e+02
3.766449800080911103e+01 1.050834448983346325e+00 1.000000000000000000e+00 3.162277660168379612e+01
3.042596168656536904e+01 1.231859533343001800e+00 1.000000000000000000e+00 1.000000000000000000e+01
2.963151226055143184e+01 6.591648900909288233e-01 3.162277660168379394e-03 3.162277660168379589e+04
2.661237463401359804e+01 1.824514505242718343e+01 9.999999999999999072e-11 1.000000000000000000e+03
2.295729824674226549e+01 1.325290514001889131e+00 1.000000000000000000e+00 1.000000000000000000e+00
2.232160082445101423e+01 1.294493873359811253e+00 1.000000000000000000e+00 3.162277660168379079e+00
2.160282449964201135e+01 5.429328878537917902e-01 9.999999999999999124e-06 1.000000000000000000e+06
2.053188543090522700e+01 6.155043769930163000e-01 3.162277660168379394e-03 1.000000000000000000e+04
1.950555126150979390e+01 5.169530491578964160e+00 9.999999999999999072e-11 3.162277660168379043e+02
1.758849875293892140e+01 4.311056706076861200e-01 9.999999999999999124e-06 3.162277660168379080e+05
1.704196224844247354e+01 4.395241832156426831e-01 3.162277660168379394e-03 3.162277660168379043e+03
1.672969730100383146e+01 8.345370840717666994e+00 9.999999999999999072e-11 3.162277660168379043e+03
1.584315612310821564e+01 3.364041883646646802e-01 9.999999999999999124e-06 1.000000000000000000e+05
1.478639242265909992e+01 1.051726657261012887e+00 9.999999999999999072e-11 3.162277660168379612e+01
1.476401238944864325e+01 3.821768342329202595e-01 3.162277660168379191e-08 1.000000000000000000e+06
1.436403411067449554e+01 3.128750234766072835e-01 3.162277660168379394e-03 1.000000000000000000e+03
1.413972744101006285e+01 3.503252863337310008e-01 9.999999999999999124e-06 3.162277660168379589e+04
1.350919414968723764e+01 9.957903517143953387e-01 9.999999999999999072e-11 1.000000000000000000e+02
1.350779522762231899e+01 1.045815909138780198e+00 9.999999999999999072e-11 1.000000000000000000e+01
1.346045905324876912e+01 7.853047687526860443e+00 9.999999999999999072e-11 1.000000000000000000e+04
1.264634947109436425e+01 3.378026836052949289e+00 9.999999999999999072e-11 1.000000000000000000e+05
1.260187620732986069e+01 4.223533899195207608e-01 3.162277660168379191e-08 3.162277660168379080e+05
1.246790435678601838e+01 3.758754615720147907e+00 9.999999999999999072e-11 3.162277660168379589e+04
1.211143421725757108e+01 3.301998621536666456e-01 3.162277660168379394e-03 3.162277660168379043e+02
1.187716650727363898e+01 9.198704887260494845e-01 9.999999999999999072e-11 3.162277660168379079e+00
1.176689492658585401e+01 3.078426520100627228e-01 9.999999999999999124e-06 1.000000000000000000e+04
1.151210078214474741e+01 8.986242308301749526e-01 3.162277660168379191e-08 3.162277660168379079e+00
1.148633423514627339e+01 1.271970216624268568e+00 9.999999999999999072e-11 3.162277660168379080e+05
1.119605759645420484e+01 4.167944469490916237e-01 9.999999999999999072e-11 1.000000000000000000e+06
1.097297305092333630e+01 2.980968857333168853e-01 3.162277660168379191e-08 1.000000000000000000e+05
1.096499957033604389e+01 8.948364036632596719e-01 3.162277660168379191e-08 1.000000000000000000e+01
1.077027226974272800e+01 7.642570657531617684e-01 9.999999999999999072e-11 1.000000000000000000e+00
1.075847241066056981e+01 3.724671438748767827e+00 3.162277660168379191e-08 1.000000000000000000e+03
1.075437859890558556e+01 7.632087235260793801e-01 3.162277660168379191e-08 1.000000000000000000e+00
1.065098069993745433e+01 3.885672767285039964e-01 3.162277660168379394e-03 1.000000000000000000e+02
1.060935566791903994e+01 3.441061264664830865e+00 3.162277660168379191e-08 3.162277660168379043e+03
1.044921191090654666e+01 1.603247930713508629e-01 9.999999999999999124e-06 3.162277660168379043e+03
1.030396131942422144e+01 2.613207170066639828e-01 3.162277660168379191e-08 3.162277660168379589e+04
1.001992063804761379e+01 5.624180453687073200e-01 3.162277660168379394e-03 3.162277660168379612e+01
9.818218320379385133e+00 1.962152649005515226e+00 3.162277660168379191e-08 3.162277660168379043e+02
9.794635371091116482e+00 8.148487501339829464e-01 3.162277660168379191e-08 1.000000000000000000e+04
9.535981682697416417e+00 5.939438969534601709e-01 9.999999999999999124e-06 1.000000000000000000e+03
9.469115827993283219e+00 8.062375569923875274e-01 3.162277660168379394e-03 1.000000000000000000e+01
9.384411523747138162e+00 6.791340725453266502e-01 9.999999999999999124e-06 1.000000000000000000e+00
9.262559923630362846e+00 5.173331980885923498e-01 3.162277660168379191e-08 3.162277660168379612e+01
8.777802278877635089e+00 4.929618258233335881e-01 3.162277660168379394e-03 1.000000000000000000e+00
8.633737675326997874e+00 7.521639009416883903e-01 3.162277660168379394e-03 3.162277660168379079e+00
8.626454554922782236e+00 2.762126428240223031e-01 9.999999999999999124e-06 3.162277660168379043e+02
8.351112223302283866e+00 6.703214145467669693e-01 9.999999999999999124e-06 3.162277660168379079e+00
8.252069063736364285e+00 3.254392334089620253e-01 3.162277660168379191e-08 1.000000000000000000e+02
8.113053452319832104e+00 4.561277396526978722e-01 9.999999999999999124e-06 1.000000000000000000e+02
8.102683223439306914e+00 6.481919540792547840e-01 9.999999999999999124e-06 1.000000000000000000e+01
8.000308677567941729e+00 5.008970521618082428e-01 9.999999999999999124e-06 3.162277660168379612e+01
