1.692723603788052458e+02 5.211998751206083469e+00 1.000000000000000000e+00 1.000000000000000000e+06
1.636561837635882455e+02 5.198673489044240981e+00 1.000000000000000000e+00 3.162277660168379080e+05
1.504996803576465538e+02 5.035684559959020312e+00 1.000000000000000000e+00 1.000000000000000000e+05
1.280530779452887487e+02 4.322016272950709670e+00 1.000000000000000000e+00 3.162277660168379589e+04
1.023366279691834251e+02 2.853113609955610919e+00 1.000000000000000000e+00 1.000000000000000000e+04
7.614754185981180967e+01 3.379469701616537147e+00 1.000000000000000000e+00 1.000000000000000000e+00
7.388874942259405998e+01 1.851212278255049970e+00 1.000000000000000000e+00 3.162277660168379043e+03
7.373044558986329378e+01 1.848347575260274711e+00 3.162277660168379394e-03 1.000000000000000000e+06
4.602649166031521588e+01 1.465334612786395763e+00 1.000000000000000000e+00 1.000000000000000000e+03
4.554497557735564328e+01 1.480273819294677606e+00 3.162277660168379394e-03 3.162277660168379080e+05
4.103880909315522985e+01 1.996403343231353489e+00 3.162277660168379394e-03 1.000000000000000000e+00
4.088064858354935893e+01 1.991018741489487320e+00 9.999999999999999124e-06 1.000000000000000000e+00
4.088014683988812692e+01 1.991001316553928868e+00 3.162277660168379191e-08 1.000000000000000000e+00
4.088014525321157322e+01 1.991001261452064020e+00 9.999999999999999072e-11 1.000000000000000000e+00
2.785052369755162616e+01 1.120024288064704221e+00 1.000000000000000000e+00 3.162277660168379043e+02
2.773547520070244587e+01 1.423839365615731545e+00 1.000000000000000000e+00 3.162277660168379079e+00
2.688547182796525092e+01 1.093704710086872867e+00 3.162277660168379394e-03 1.000000000000000000e+05
1.943293823545189269e+01 9.582761785891744655e-01 1.000000000000000000e+00 1.000000000000000000e+02
1.754056286589481317e+01 7.123157917934954675e-01 3.162277660168379394e-03 3.162277660168379589e+04
1.584610062942617859e+01 6.156673223865725131e-01 1.000000000000000000e+00 1.000000000000000000e+01
1.567145839463143808e+01 6.880342135368293643e-01 1.000000000000000000e+00 3.162277660168379612e+01
1.262244803067130761e+01 4.152855532863111709e-01 3.162277660168379394e-03 1.000000000000000000e+04
1.199623355747291953e+01 7.723080328415378171e-01 3.162277660168379394e-03 3.162277660168379079e+00
1.191957177910517807e+01 7.758029647701278897e-01 9.999999999999999124e-06 3.162277660168379079e+00
1.191933035715636535e+01 7.758142618208402341e-01 3.162277660168379191e-08 3.162277660168379079e+00
1.191932959366403821e+01 7.758142975453889978e-01 9.999999999999999072e-11 3.162277660168379079e+00
1.115600034856081635e+01 1.567813192921207466e-01 9.999999999999999072e-11 1.000000000000000000e+06
1.108333177265547853e+01 1.548321567404960242e-01 9.999999999999999072e-11 3.162277660168379080e+05
1.093238185874259116e+01 1.503020461172578648e-01 9.999999999999999072e-11 1.000000000000000000e+05
1.070016676928289812e+01 1.513933472594752583e-01 9.999999999999999072e-11 3.162277660168379589e+04
1.051642509504471512e+01 1.446463336014989776e-01 3.162277660168379191e-08 3.162277660168379589e+04
1.041542882621342514e+01 1.277522834141712471e-01 3.162277660168379191e-08 1.000000000000000000e+05
1.034676165117888047e+01 1.557907935166146507e-01 9.999999999999999072e-11 1.000000000000000000e+04
1.029223149412493932e+01 1.535171564767916774e-01 3.162277660168379191e-08 1.000000000000000000e+04
1.010094334674985106e+01 2.088154038744807484e-01 9.999999999999999124e-06 1.000000000000000000e+06
1.002417233608428404e+01 2.209150406952084256e-01 3.162277660168379394e-03 3.162277660168379043e+03
9.933179522941507855e+00 1.149741945903915152e-01 3.162277660168379191e-08 3.162277660168379080e+05
9.871660889391453253e+00 1.461748157388254865e-01 9.999999999999999072e-11 3.162277660168379043e+03
9.856924200137571646e+00 1.460478716297514412e-01 3.162277660168379191e-08 3.162277660168379043e+03
9.329104456201850581e+00 1.450376245196310365e-01 9.999999999999999072e-11 1.000000000000000000e+03
9.325570417346158436e+00 1.450229032933715856e-01 3.162277660168379191e-08 1.000000000000000000e+03
9.248611836203762593e+00 1.057962223889415410e-01 3.162277660168379191e-08 1.000000000000000000e+06
8.936885841516907902e+00 1.425455104067444023e-01 9.999999999999999124e-06 3.162277660168379080e+05
8.753271819189302860e+00 1.498194231515896924e-01 9.999999999999999072e-11 3.162277660168379043e+02
8.752553294047814347e+00 1.498412677305474006e-01 3.162277660168379191e-08 3.162277660168379043e+02
8.751274524645555886e+00 1.464705750261451334e-01 3.162277660168379394e-03 1.000000000000000000e+03
8.685856462705739744e+00 1.464311987786220959e-01 9.999999999999999124e-06 1.000000000000000000e+03
8.586441629208328763e+00 1.201168515159556499e-01 9.999999999999999124e-06 3.162277660168379043e+03
8.560274653691854141e+00 1.572028913509682935e-01 9.999999999999999124e-06 3.162277660168379043e+02
8.438321424811066507e+00 1.164540217311284542e-01 9.999999999999999124e-06 1.000000000000000000e+05
8.413075325662950021e+00 1.242957749642742415e-01 9.999999999999999124e-06 1.000000000000000000e+04
8.315551548089358036e+00 1.374031038793163129e-01 9.999999999999999124e-06 3.162277660168379589e+04
8.185002692891170994e+00 1.915497071284968100e-01 9.999999999999999072e-11 1.000000000000000000e+02
8.184885823250542813e+00 1.915510304465790625e-01 3.162277660168379191e-08 1.000000000000000000e+02
8.149230910976138276e+00 1.918647452484459615e-01 9.999999999999999124e-06 1.000000000000000000e+02
8.106085863576407036e+00 3.961300905668356798e-01 9.999999999999999072e-11 1.000000000000000000e+01
8.106084580925987382e+00 3.961301388479457342e-01 3.162277660168379191e-08 1.000000000000000000e+01
8.105679346838559951e+00 3.961453951533793205e-01 9.999999999999999124e-06 1.000000000000000000e+01
8.031616780885208584e+00 3.975004237937040941e-01 3.162277660168379394e-03 1.000000000000000000e+01
8.005817440291988163e+00 1.070666713750364346e-01 3.162277660168379394e-03 3.162277660168379043e+02
7.784322984488758479e+00 2.171764521046198326e-01 9.999999999999999072e-11 3.162277660168379612e+01
7.784307856270468839e+00 2.171763795588703416e-01 3.162277660168379191e-08 3.162277660168379612e+01
7.779569810183363465e+00 2.171655114828720257e-01 9.999999999999999124e-06 3.162277660168379612e+01
7.508168658260466088e+00 1.450066575851093054e-01 3.162277660168379394e-03 1.000000000000000000e+02
7.410957808185669293e+00 1.979479705417371282e-01 3.162277660168379394e-03 3.162277660168379612e+01
