978.1580952452496	999.3938467997849
902.6904778616736	897.3790635429543
1672.8453088199894	1674.0787066588848
1469.5226910029305	1463.9740624254957
1234.0627120800782	1243.1560464338156
1294.9954036997224	1295.5671623195853
1290.932650934934	1297.7875991811818
1309.2879930533818	1320.3736269980075
1452.1091110971174	1444.032491512795
1143.7398276257445	1165.053176641813
1336.5843108431436	1339.0674479978252
1267.2439332688227	1276.0080351712388
1465.9300098995736	1477.924136389588
1127.2637867800076	1124.8007555239303
1044.2110933785734	1032.0769674952571
1150.2851615120599	1160.4644707608736
1365.0448904967925	1351.2558473663144
1327.7839375380718	1315.1571734093395
1042.6047377416398	1039.492296814497
1130.9860511102015	1139.3860189040117
1138.9614816738758	1137.8461800713053
1267.8757135310152	1263.132044368531
1004.7750901940744	1011.4805723395903
1551.9491928976495	1550.7503503842777
1408.3605520448182	1403.8098744260349
855.6057265445124	850.9956252222644
1318.4626556490548	1313.0291063911266
1274.671973407967	1276.7226622948726
1660.6609611054882	1657.987272548495
924.6837092798087	913.1290414034605
1321.455001281458	1317.8891632666978
1340.2784113257076	1338.9630816945569
1752.6816116103146	1759.2540738882349
1107.8048730358132	1098.822867448756
1054.8851097692386	1058.7144906826932
1382.0006868868659	1388.1722085315373
1153.3236186806462	1160.4981792068254
1421.623172130785	1421.493669610896
1004.8308041683049	998.4501336520651
1390.278494027938	1385.6633211566923
1116.5464929734298	1112.5187307384872
940.5803673757036	935.2533820525612
1496.2130376189307	1501.280010660873
1080.687878364668	1068.3930825756925
1454.9120431149204	1455.7035087554082
1624.6297879442573	1625.901407857165
1264.502046681504	1267.5376372467574
1187.9856131600682	1188.8930591092028
1584.286853454687	1590.330336438092
1533.6675889627368	1518.968320349425
1058.5029891883314	1061.2488249686598
1349.4170041467587	1352.228210884449
1057.6311731860624	1058.3206102773715
1228.9683628354687	1231.6702214293884
1507.879078996746	1509.3164680602206
1175.66254158417	1174.9054662622168
1075.7493582573952	1076.3267540104378
814.4344029892382	817.8183147590313
1162.6579928883002	1170.0062679147388
1331.2105786076863	1329.8116716905145
1373.8736534722848	1357.6359327987955
1639.962210146914	1636.5459732428635
1635.0721643901488	1640.073722563254
1018.1881812530046	1027.5285356791537
1424.7611241378763	1417.6924501680971
1056.5810260448488	1052.527545310249
1380.9682842018374	1385.5031047703817
970.6383681668376	980.0478081445758
1447.0155063128623	1444.12669387511
1097.7893312350789	1091.527781573619
1212.715897741	1204.2237745834486
1540.4538732592482	1537.812688357651
898.6408142907021	910.61017879525
1283.5647782987508	1282.8867348019082
1591.1615947726823	1607.1545283519442
1144.1076115107862	1142.309137744179
989.8746798302454	1006.4718274210434
1228.1344219952298	1244.9327607476164
1363.8641630378843	1364.2795108869775
1342.8445297007856	1352.1559511947382
1683.1705283788033	1677.2953245916287
1231.0610029345844	1230.5673895695031
1117.9365913902584	1120.729522161696
1243.1986397857545	1251.2278470767944
1477.6311112983385	1471.948214714071
1265.8343716363015	1257.265902903894
1309.3094172464334	1294.3656511219028
1429.520562271122	1431.701876406656
1329.4399179217871	1317.4746703730054
1388.8214580578206	1382.761906919672
1111.1955204098194	1107.9903811208521
1478.5610869875236	1483.5506123964826
1187.1838647669356	1185.4412237782676
1151.6084282749507	1141.823505612298
1343.1879560630186	1348.0820816336059
1294.3467946163146	1292.5075017777867
1098.3233375949203	1121.4566360098243
1179.9394686257874	1170.238032840473
1254.7785395299725	1267.035292436254
1545.4637106115115	1542.6086806865496
1763.5138971772685	1765.6238314904035
1217.9730590988765	1213.3477857378982
1618.459543366218	1623.405779850372
988.0363558160607	983.2865276746458
1285.3330470621586	1281.2018968135037
1307.3927405666036	1320.9379374158618
975.2982501070073	980.2145974992123
972.6269391252426	972.7139722772819
1137.068187417637	1140.6556596515275
676.3705526930862	693.2377635967501
1427.7266710237018	1430.8420496615447
783.3299005165172	811.5417420776716
1174.742852509662	1183.3415693531433
1576.8614383164968	1576.649258710961
1257.0922451052757	1260.2324458309797
1335.1503633308748	1341.1258772719316
1455.0498492106271	1456.7443160167559
1076.4639803082391	1073.5270740636208
1239.3239637157822	1234.374274850897
823.0146575269464	843.8868592818078
1279.819579675881	1276.4011882154582
974.8586878450005	964.3591575364823
1461.1118524360645	1446.918245046421
1347.2748554230784	1343.921195655841
983.1857449507806	976.605644236529
1141.191848231625	1148.6600156752754
1096.1735419924953	1099.8124283872528
1494.504871015175	1488.0691201386126
1465.252842397109	1464.499584640399
1067.762729861075	1057.9748236871474
874.1913950182789	887.2808629328842
1494.9390952759713	1502.0852668827326
1048.6816887359018	1042.8266827449293
1368.112040611537	1370.3748669788504
1107.342064729426	1112.138338748285
1164.5061351105978	1165.6997460153625
1234.2236924666504	1231.6680506343037
1287.0685502994165	1292.5416645233602
1165.3830119582126	1174.8243275642437
1078.8364929805975	1078.2587907308387
1261.464869509422	1253.2336845323578
1160.6153776539431	1162.4342661473077
1071.847530033876	1082.159606350571
759.2983461618715	767.9410111625574
980.2968084832537	964.1105381841088
1535.402777909243	1541.9593030870583
1390.4436312534963	1393.353421824474
1094.0985379033664	1066.2699053950482
1556.1370226820873	1560.4401455863526
1577.0289740625012	1583.7955999907877
1616.6867066188133	1612.908545793098
1094.518978930486	1091.4257276394223
1095.0656622736133	1087.294689082548
1109.13011192868	1112.0039716843314
1279.325906676153	1274.9208526575876
1213.9205940127722	1200.5861610568036
1475.103853838984	1480.9225041098605
1288.4785295970505	1288.311390358893
1049.559963101463	1041.2900395728163
1387.6091993029695	1382.8650152060304
1485.3173080515699	1496.8629618524444
1285.8020167192153	1281.7159920350746
898.2398266477103	879.0596097734774
1666.0677455095574	1672.8601989734573
1387.2877120580233	1388.3935581258856
1291.4299859236635	1275.9452588653858
704.5928936224227	703.9220902501343
1348.0589843510534	1350.3626280563235
1131.2617191178142	1126.8972790092491
979.1223953889275	963.1210355285216
1051.3892104791012	1056.5447393187894
1405.0019560949004	1400.148632097331
1419.9220498383802	1413.9036281262802
1138.2138452123618	1139.1174040146707
1249.3792654644058	1246.7690410837233
1426.3325950024591	1423.467225333586
1488.2011715108238	1484.3296158361547
1005.4766365898249	1003.9885342103005
1292.1703753810143	1299.867338935887
1512.0727458251058	1504.795319924466
1538.2224526715872	1548.2531324350605
1327.6454161229485	1317.54395226371
1331.8920675156987	1340.3795887967162
1476.1225674502493	1476.012221366788
1504.6566445214557	1504.5835437928408
1209.9227337326156	1189.1949340503395
1273.0071098821936	1274.3294393533542
1533.0797293199867	1526.9915032711924
1623.7008700798033	1631.9631092762963
1352.6103275001224	1340.916781739296
1236.6890924943436	1227.7832366754674
1284.0199064138287	1296.7394088419856
1070.1421148387599	1076.5348236028742
1633.2517687120126	1620.5599234258418
1164.1683251403156	1182.798118924135
1136.7128906212165	1136.486138774289
1236.484812553681	1234.254277634899
952.8464083145664	960.2623598800008
898.8159634169715	925.1346848931462
972.0145221015555	981.604198518816
1219.798313351639	1209.2733525651388
1321.0433898229676	1305.2740130643183
627.3580315160798	741.2513146649114
1491.0668713786872	1505.3231549875668
1402.910561081546	1398.4127423786363
910.1876356891589	915.413952067411
996.1832098591258	1025.1475509679847
1299.3107114124286	1300.6483314790992
1357.465563188569	1340.203987023055
1087.592522525345	1086.9297272295294
1481.430453194509	1478.2144647499235
1318.7719700929301	1319.8349187754006
932.1880167139461	836.2842395836528
1022.3275965425419	1027.2083061525498
1038.4499095390493	1034.4292289617072
1439.013434232853	1437.8805201761822
1290.4975136874127	1306.6940281728869
1637.3138535160106	1628.752240730326
1297.600764684088	1305.3486802673508
1472.4539402211958	1473.3253664802073
1130.083297396981	1135.4395344727316
956.4737036694714	964.2119481164551
1262.7550126199203	1257.2173175810244
1245.2325399514812	1229.8249791253518
1001.5717789223418	1008.1311308638464
999.0691513033526	996.1422041899357
1159.2937996898545	1172.5511792978598
1367.3503404069343	1377.6049480067777
1536.951391126233	1541.463928491613
1175.2896636447113	1173.1006425577966
1090.445074456802	1087.0565396331665
932.8883314089326	940.1409638036239
1256.0277127930312	1255.26170492343
1328.7752044952358	1318.9022295281738
1338.387549685489	1342.2963620900132
1221.3063505162136	1216.956858532241
1223.125408161868	1228.5373538467377
923.1885186895961	915.9765699307167
1167.2200210842711	1176.5697163977395
1257.8226959701278	1263.5089315256507
1481.2284824849921	1468.0026969066007
1269.088301327778	1274.9738443502679
1669.2334989242954	1658.1896393666211
1223.0825561051897	1240.7253530000085
1372.264804681734	1371.118090919337
1370.1390770441794	1379.7234712482143
1110.9414890752232	1111.4326615655762
870.1886839125073	883.2896554310611
1384.6469418696943	1374.187984882426
1358.9004129722307	1352.3077504932394
1277.4217769994284	1288.7060970671698
1190.2923136575846	1176.713391653198
1306.4152549718274	1302.5301576395564
952.4887980257918	955.6764069430111
852.304556899122	848.7529330870425
1090.4958378026786	1067.3345467989977
1009.2944600593473	1004.0644160979377
1240.2529470678128	1248.9022477944868
1014.2646292322315	1015.64794051942
1527.5242180262867	1517.7321956818678
1196.3670235102763	1179.4114676706238
1369.8062501320674	1365.8269679681616
1045.8782999362738	1050.4223218626796
1391.655021731247	1384.0866250354245
1376.78844457792	1387.9307611576432
1426.094984637457	1430.0260937938162
1753.1176317550126	1744.8964991671166
1305.308992946113	1295.9435812271818
1221.181603474106	1215.455561935675
1361.4686177873518	1369.388381223803
933.5961282629578	923.648358663797
1268.3563571742852	1263.3743487549702
1104.0922783798596	1097.3061919774955
1361.7222815376008	1359.0306747115676
1136.5655051950598	1146.94398999364
1202.4990036686359	1198.9956675888563
1455.7644998999604	1454.976725984123
1187.3068178846734	1196.635445405556
874.4911908313225	877.3905025769053
1166.87826225147	1164.7531402337468
1323.8789003517013	1326.170332207965
1319.8237543629075	1303.127342897909
1300.3620365472452	1307.1159245675126
1214.0186301996582	1214.6528183401058
1473.7906319556932	1482.049943382134
809.4735010759323	836.6780521350855
1552.8770964420983	1546.7443021076676
1415.1490136796783	1428.1641285530673
1477.4367739242152	1472.6472204550519
1218.5424027939735	1216.5604995957733
1552.3196810067457	1544.5565046905522
1257.7168317247997	1251.8457457026125
1416.7115389866522	1423.0043718267784
1061.067029494443	1058.58709903593
1535.214251788624	1521.4397302691148
1048.083179559646	1043.7493162884614
1163.3190977405757	1153.5033809449858
1309.8697693507129	1305.2948622753445
1543.0852351795475	1543.7319020144278
1615.0792373054137	1618.4554018012352
1228.5134468429023	1228.6118344533488
1276.6754222254676	1281.113021918989
1421.969847988832	1412.4036466540651
1178.6339490231185	1180.7624043244275
1474.4505628542101	1480.90735815603
1170.7819874193228	1166.775480472163
630.793095598754	613.9995242382059
1042.9811681238352	1050.0228626993437
1276.6485437692609	1285.1871850959944
1378.1547199756315	1385.038207069085
1250.074734954018	1253.398162402458
1373.7184901433357	1367.9211717617204
1627.3021273950872	1625.3080924311496
1093.2631177165022	1101.8276573403575
1510.25618037596	1512.6488180536257
1364.261066555424	1366.8108055660405
1091.0576946643414	1089.9771018993542
1210.219203724264	1204.8997659817408
651.7709624572599	675.280718141325
1001.3529597021115	1005.0930524762365
1272.9476461670129	1278.6745544499647
938.7184054452227	898.69828114586
1072.5772779839172	1073.8561077979225
1039.1171277183166	1041.7750787730697
1250.5388880954997	1251.324679825374
1753.3124382389942	1752.3288456246269
1160.6379908142262	1160.574372410639
1352.900377978367	1358.6904962791048
1361.0481041131134	1361.3415532965332
1185.9555025938607	1178.9664168343477
903.4320079079189	899.0452826426553
1001.5459835352376	1012.4317126157995
963.5133148924797	971.8848598518788
1289.723398970702	1297.1279977142633
1360.0776841971383	1352.0665283621431
1288.5937212519639	1294.7474955323428
1326.5531198511599	1325.6679826162565
1610.7094399505877	1614.8265904122306
1521.5444952611579	1515.3064187469224
1160.251109712175	1148.460610519192
1214.5207171824586	1228.9387199925054
1351.6795825597073	1351.6790822336702
1456.4604265608068	1457.5552516038033
1624.092648012971	1624.9243577868508
1433.2585910848575	1434.4111069409369
1252.3432611781463	1251.1230856876489
816.344279381563	822.3878558237602
1502.949899944564	1505.5282269282648
1164.7957212846377	1169.5275393057946
1203.5045029783505	1193.7956366805602
1518.012520739343	1523.7473539522973
806.0890296822181	807.7744109984906
1075.508738782606	1084.3952959783653
1185.7706991800806	1197.5538400610146
1392.3729748186888	1400.9242969059683
999.7585430988111	1018.7800243918348
1303.6096629700041	1299.193848202992
1287.5011526763556	1285.0730971239234
1460.719809402246	1460.1907172734952
1495.1117945459555	1495.3027833142219
1244.596437796863	1245.706563907235
1127.3462549737596	1125.2900153286973
1246.1020987106021	1241.328608832314
1207.8759326125728	1201.30596582535
1517.187350519147	1520.2769449705602
1553.3882052049448	1549.7674943663
1733.827451589692	1729.2663940595166
1118.023632229335	1111.5580146554887
1645.9956317085016	1645.808912018216
1490.228983883775	1492.7011851950379
1296.0041545615823	1307.2168397503465
1294.2502713618742	1289.229761434737
995.8845759991091	1002.6564762117907
1317.922492188256	1313.2128200442878
1106.6781365295465	1096.52048825105
1177.0614469702996	1171.1536453784352
1520.0214776974171	1522.2015209449419
1518.9162580399425	1507.8980167405668
1561.0666742125177	1567.5355839628182
1018.7594048237952	1005.0091584016759
1338.448420715722	1340.5202396644083
966.7044891031692	953.6727371345853
1407.1247290954343	1400.0641921440174
1229.211491206137	1218.0866156660584
1444.9455241294927	1445.0423046993767
792.0390872919525	789.1114150211072
1440.4823180895182	1448.682538969003
1463.3590367377328	1459.9311163799605
960.9060430240061	965.0860381882659
1544.544674867182	1545.5007412716886
1195.1379027269722	1212.2337466112635
1429.014530338638	1429.312931937196
1495.8329671605898	1488.814163224594
1119.3807160719298	1118.174654515498
985.2097641717119	968.5770128116926
1215.3492363162222	1215.988238564284
1081.9990486386232	1071.3110763342622
958.939387434395	955.7673658467253
1188.5586815117567	1186.1528086224246
1139.991914948827	1145.1839387663695
1129.4503249108093	1131.7178812007535
1063.1110241800488	1033.7800462358741
1312.9267302638036	1318.0315945307163
1344.068608598638	1342.549510684327
600.8000391023379	614.3680336928508
1371.430164036632	1382.7284629944907
1220.8352768972109	1226.020176239012
1501.033902441006	1499.3658425799892
1366.512949154334	1356.0793765883473
1099.0295029221452	1098.432545877039
886.4463303667726	889.7701430172423
1284.2895694421022	1276.174499660095
1352.2683169998345	1347.4678565410513
1734.2988086401892	1735.4528483953711
1126.0416126162454	1114.1067097147352
1219.9775189995416	1239.0130511252632
1332.736403946299	1297.2698746757237
1610.307240856142	1616.5672022814922
820.1786395964737	826.9363967423697
1369.1188475629606	1358.0967272065002
1840.362455851311	1834.1215529001367
1239.6685975750152	1237.5178720804938
892.4491873670486	906.2681937744468
1498.4390997035662	1495.3841665948314
959.1761338095821	949.1701632287812
996.5698625651421	994.8998764389748
1407.5117234342906	1405.4806425658528
1435.1612212725158	1431.6156400305936
1278.4714009207964	1292.8809882225398
980.3948834822513	977.4709415889521
1098.0441687709244	1090.0352431203958
1203.724517567607	1198.5490522120917
1084.9210139077622	1078.4957038413907
1061.334181393613	1041.2989335827192
1060.3841672439012	1070.7867696378937
1240.0850199041597	1244.0526275920217
1186.505867148895	1189.1657205123631
1213.4008749199857	1213.4251589793516
1411.0548761172686	1418.5366102925714
1478.9386618499702	1484.8502627134649
1343.3883557231165	1336.7352456545748
1225.1074910178722	1226.1380765018182
877.8540451721346	880.1146715202773
1388.1145565733023	1391.7926644296788
1497.5824426318577	1503.1432057588136
1041.458632295893	1030.6060982789809
1246.797017052595	1262.676823467436
1167.772924540419	1165.2250252145852
1327.3935449351848	1326.370585365177
1313.4255261722428	1303.7933673795658
878.7575787648675	878.8574599722075
1221.1889694313868	1225.091821516724
1318.5629335520207	1310.765286614946
1273.2869482102979	1264.02130947504
1123.3675007578277	1125.6594073985348
1376.5897371882165	1391.1001957868298
1454.2818203702918	1441.001337287059
1178.944148534676	1173.7608651177968
1155.0133115015924	1167.1083709625498
1042.5570717825904	1048.387574060718
1330.4420823491528	1327.5019918897826
1250.6989717517572	1247.8349408055094
1220.0686566684744	1208.9437466251927
1378.2086304147088	1375.2283274524004
1341.0640799169196	1330.3805749352045
1118.150878785149	1119.9520138744658
1235.2328220287745	1244.0469868376156
893.3120812205889	877.7946838218271
1101.9406448848895	1105.3301586319617
1092.5924719857285	1095.2518556212572
1344.3874544237915	1351.9980756519496
893.1258557636902	888.0627887744814
1441.5815469099034	1442.5426100463053
1378.7308695154788	1375.9899824506203
1256.1154838792863	1258.489667729849
1443.4085393623973	1443.854897066741
1259.866528711369	1258.1995802558497
1276.1565904200543	1262.943077503721
1356.962425986625	1358.6131227471858
1441.3436314696446	1444.0342851973517
1396.3773228545324	1393.5694135850922
1315.696358252666	1313.5466940654837
1333.696210717375	1341.2418517457554
1026.9732385813259	1029.5530059028029
1335.869323389983	1321.8601084731336
878.1618444787746	880.9787761033073
1573.5828766125778	1573.830182345572
1380.4490547174355	1385.9121892837236
1464.1943621578102	1450.566522118236
1337.6967100530746	1337.717612007171
1382.6419261647388	1383.983333292238
1116.9614674439945	1128.9937018149305
1517.6989755571412	1516.1149584526834
1591.5048082373687	1595.251318320048
1589.3913010183314	1599.9153865334629
1398.715106135758	1402.84208326604
1646.3721985153097	1637.8136149087518
1340.749785864522	1344.2184445035014
1582.7784883244021	1581.654964684756
1191.8985343907552	1184.614504921944
1194.949784171884	1203.5739391267705
1282.2809517861751	1282.4689180369598
1375.8318567847018	1381.621955860422
1267.364180690376	1267.4258908674994
938.6625168625033	960.0020443082192
1076.418647106766	1077.2970539556222
910.0552984505775	903.3456039263118
1131.9123916741519	1131.7610009790628
1519.3581032827497	1515.8316477551484
779.6247313483909	774.3485977061586
1477.202706384036	1472.6736591629901
997.5309815691726	992.1122711650688
1608.279031751037	1605.8153408607193
1437.264919577021	1446.0517642574052
1218.2452048347914	1204.070417932564
1557.742134255357	1553.8694584389486
1161.1737859838177	1154.4134221062939
1203.0882282564417	1202.348349396637
1370.1152862085146	1364.3615004334508
1455.6656511691108	1461.7472992109704
1012.164914313762	924.3722317387537
1055.1335355335614	1056.0834133435799
952.0525529890438	942.9260111622757
1275.5193746661535	1278.942229752978
1430.714123679325	1429.5006045354937
854.8104135325993	865.3292456259206
1023.3733041647938	1006.0965514518036
1451.4154296125052	1450.0035484342868
1261.7151967817917	1272.0604710926434
1155.1467559502344	1135.4075858206054
1204.8399769199314	1203.6014209095829
1447.8977667239087	1433.0498461054833
1239.298867417121	1244.3576403085303
967.6132077963266	985.4661310423165
1224.3970260759816	1212.8680908329266
1493.7769816132495	1490.7988353847713
1424.386174915795	1433.6889581355974
1430.198067955469	1425.7630201062022
1318.2438635776343	1309.335487103871
1305.5750102406892	1311.2009398942032
1252.0358786114084	1254.5552088468746
1226.5639402816014	1216.6560613960955
1201.3063853399071	1205.5538315221124
1151.9896158181655	1160.2653439411365
1734.796728273417	1733.386048517694
1022.4191900518199	1020.6464332504023
1440.9761132001295	1433.552575758581
1166.7496497801912	1170.1753761200769
1321.7848786631948	1318.0521197120017
1502.3348442899296	1506.2987509955162
1507.5330596738204	1522.2792198133407
1234.2196690240526	1230.3923795218523
1641.2754320495296	1640.626067257814
1302.658482555271	1310.4088380036026
1175.8174536287552	1178.2708971834356
1158.6839032856224	1146.8816603772743
1210.2851941449335	1212.6455737304302
1094.640819137363	1098.1065372089097
927.5376394317427	929.6376960374714
320.07632849752554	396.73199644282926
1327.405939479795	1334.1539138786225
1171.4851607033052	1163.6801613829762
1629.292399903381	1622.0556623283671
1186.6939864492451	1187.2397493628232
1323.6111821192608	1325.4397981558557
1302.3885379259882	1298.5172244421892
1196.5342623469187	1192.4500502241208
1537.8734952224477	1547.3564436801512
1246.5054935635999	1237.4609837057212
908.858364284999	897.0251143902174
1400.5100312438444	1371.6610719048158
1389.646241084789	1393.2433241224328
1350.811269994767	1357.1778744707665
1313.391388380027	1308.4293136611518
1150.1062322974321	1143.2281956803065
1306.0570881547173	1288.1914478983224
992.0238636852882	974.4997418870336
1455.4857379568857	1447.6095760015576
1096.72068008699	1085.6023247076193
1103.7833398615767	1115.907478922936
1322.619454552565	1309.1322300943184
1510.4191730951134	1507.1138886780984
1331.2566785284143	1329.038606627489
1153.8180384608859	1153.9152855368263
811.6724026117008	807.3866947263504
1289.0599828051345	1290.6504363749589
1202.6079035034345	1202.5501877498955
1168.0109453633195	1134.643739130029
1239.8367380388954	1247.8556399995027
1508.74614900272	1504.2167524544368
1621.2728905848053	1618.9486165816822
704.2980361693772	685.7153173708223
1145.7076968217443	1147.9281635013863
1146.635856410663	1157.9572552718798
1284.4190582806186	1290.9973861819394
1332.1190504700353	1335.7975390691288
1621.0200986484997	1622.2802954694534
1382.7443952871836	1375.1286990745323
1193.2516983470123	1197.3046793730382
1235.0331541018677	1239.853836115463
971.2332667083538	978.8868889369305
1622.8882349114574	1616.9521211016536
1373.5838689587254	1367.878020294831
1329.892682628415	1329.6681015456088
565.3556809416041	550.3775768915373
1020.6870710698422	1012.5339758274248
1379.3778998380003	1378.8303084939453
1540.9883361246902	1546.1544280810874
1137.6612118032062	1144.002045017062
1494.104744818731	1486.5356804797325
1631.87252807591	1633.0734414329734
1390.8726476283919	1390.142234399108
1493.4658109682496	1500.3148046193808
787.6793067250401	800.1854225457686
1230.7381259866816	1216.4630902222516
1442.5779291242652	1434.9012480850547
1269.9540037801198	1268.3635576464862
1276.697223350493	1275.5751024691572
1291.3282680498087	1278.4840367407796
1325.331006984692	1320.1612694346045
1553.8684219559364	1555.4479841882749
1258.4782142844342	1243.389212409726
1550.8494238536514	1553.1446566267894
1130.4233475459332	1128.6120673246342
1209.22691906002	1209.2848778504303
1308.6578886176867	1331.0626376455282
1141.9266386752424	1144.0156757112018
1174.5971762703266	1178.1559544848583
1401.8187744859606	1392.5459977449934
1154.3934916918224	1182.8610147026156
954.4046853908221	957.1295889753322
1013.3447956305172	1025.567751398234
867.0918195326085	884.2175741674986
1258.8651394396147	1265.4882897112454
1124.2441177213623	1119.453765273513
1139.5640207827382	1142.636999580351
1173.6532870835217	1171.17020682686
1402.890296477999	1412.0563912732105
973.7779478621669	972.2885740440962
1335.8540612118086	1336.2553901662893
1279.1832715022028	1297.7323503138416
1471.929315480491	1450.8684580667982
971.4573652629624	972.2325599812698
1431.8723592995375	1436.7195376004836
1280.276164773124	1280.2249533447666
1132.8009135000175	1118.260301234183
1836.7523071652395	1825.788375130088
1335.8264989786258	1335.7467915839713
1014.1976975364378	1014.564140882016
1320.7215436623374	1331.0720583965935
1145.1497065284057	1158.261062806902
1285.5392767256417	1279.9364821966428
1337.2896194914938	1326.5039356397988
1332.3756463124591	1321.775325490852
1365.1137916404696	1361.6168120490847
1574.0639317713503	1569.1856644273137
1349.6244822260924	1356.7879329405496
1448.764134950412	1459.8063475547197
1216.2368318422814	1210.9887243320177
1102.9073496707715	1103.1299574890722
1242.8731162139156	1240.4749564062338
1368.3976044842857	1359.7099532907696
1402.457301501825	1401.8393111908101
966.8280272931443	943.7482452821728
1502.4134534611658	1499.0923631155222
1047.0909826346033	1039.6518987510008
1247.8329403501994	1251.3672734202494
1418.3743262926582	1434.5778730614463
1382.880084093078	1386.7065488346861
996.085602127685	990.8998644465935
1275.4005419989408	1268.0803037316389
1381.803098814009	1377.552260620711
1514.8136334313604	1518.920608619109
1377.1729232471262	1374.026594857348
1188.4852621134487	1185.5997810109188
1170.8553192884137	1161.116505271567
1281.0050095604092	1286.208359083327
1572.6648434169765	1584.8230011585038
1151.091256302083	1149.8432889504093
1245.1057340806874	1258.8095069314415
1181.2997843226767	1177.6149566351594
1501.9943936662748	1517.7057189216148
1262.2961115130747	1262.805386242372
1108.0740842921077	1114.4897989800877
1245.8152468910266	1247.3171357715623
1113.8860569382668	1103.5456605351735
1536.8893208803493	1546.5772315702495
1296.0715205244778	1292.2430161922734
1332.6418992921535	1334.6939388900237
970.3294475211296	971.1157186525012
999.2048579667753	997.8668578912191
1093.0307550502475	1078.3705729802307
1115.7683632238477	1114.3837551711854
1282.7805769411789	1278.3743658607389
1298.4176351478964	1298.5751113498857
1744.3293067716877	1744.4518335212804
1048.798613427818	1051.9272876972755
1323.5746089398745	1319.4552556202268
1191.6820710865723	1207.0050897659873
985.1905110742664	982.7672745764893
1350.9858290927368	1376.2636478666157
1151.5960814931896	1168.109559453717
1419.8972686693887	1427.157041003534
1365.6999567049497	1369.5308055906369
1466.6088323771255	1466.5464624763372
1300.9772942403797	1303.5730707504606
1104.6861843762745	1111.4569427173287
1141.1310441692767	1138.427206191913
1457.8799203927047	1456.4573003494322
1173.9195239068358	1159.9351023014015
1048.385386443697	1069.4757939207348
1437.8954687268415	1431.5943245773535
1192.582038615481	1190.5595938597
976.1292814226763	987.3537841377115
1242.1180094848678	1240.9760747382124
1131.13336128011	1127.320369641209
1227.6043120005634	1231.2149240619856
1193.2905706193415	1212.727470609655
1210.3364470554807	1212.6684530310465
1376.711862613418	1383.5486886937324
1011.1863594252209	1000.5622910091859
1120.2948248266766	1115.162587326927
1028.4487346539972	1032.6336271029672
1272.6091198374052	1276.0830437533998
1269.4761872784002	1271.7660925813225
1410.2270392332575	1418.8336860475542
1226.9222424663021	1227.6190506961311
1454.0250666973006	1441.773702191554
1382.455209011503	1377.7873372181296
1086.1495810973865	1091.4423687243775
923.8854339243553	931.5522686215764
1267.4643754660792	1269.2759965199982
1434.3956832155527	1442.099826292119
1007.6358389877132	1012.3089325531139
1324.8970245492528	1329.293992686182
920.3472061917419	937.6576733193751
1038.794356059807	1037.672537042087
1064.3476137006073	1067.6562665333313
1296.3356127313164	1292.8672916587523
1099.9831387448066	1100.7111033025033
1391.2528948745166	1388.8230848279734
1335.2484371123428	1337.3683938838064
1597.1839929912821	1592.7996458058271
1167.7607615348825	1174.04636080464
1248.4911333583877	1237.8751988317429
1264.8429757250124	1247.778265341453
855.5156212273287	862.9779042471215
1298.1068840051012	1296.8327384917473
1374.0113720527443	1379.0782975146592
1120.9571736994549	1121.3229980851802
858.4583401242271	855.317472986266
1270.9840220646001	1266.8728229902822
1516.749034378503	1507.391273078819
1068.642449910054	1070.2163319581355
1134.7282144979981	1123.3719284773388
1538.3904199365643	1539.759715193354
1130.7905279277475	1130.6037460119962
1401.9150388010312	1363.0438189623637
1176.0541212917014	1178.6458077163584
1262.8975719323498	1261.269125145287
1543.8062994248467	1547.2331005228712
1067.5232026127342	1080.4081725526755
1183.1924564072688	1178.919878159222
1145.4722577489447	1139.9421671718403
1095.2709258293908	1092.4654070587794
1321.5198739724292	1324.6962267250449
1218.1587607748515	1233.98622201535
1054.9996194353735	1064.3373003273869
1015.6564629168133	927.7178318229935
955.2042946545116	956.5673854340217
1036.7898553183186	1031.66480884932
1215.6095534350607	1216.5453235514256
1359.4502573225473	1360.5529152978556
1179.302731905831	1175.785624134158
1279.249346467288	1282.992268884313
1194.0702821091982	1194.8101710103472
1004.0135265706631	1054.5208920838604
880.5812796087121	885.611106224028
1143.067534457252	1129.7045163827502
1424.7837003493041	1422.3880028580165
1197.2150247617392	1202.4260935680322
961.2053263437992	959.0557226104104
1275.6800236090785	1276.658548850691
1202.0027786422288	1196.7326202651077
850.4823576931376	839.6922631225717
1384.2923687093426	1382.743559464581
1064.524814460252	1065.772111763773
1100.9449725220911	1100.4742497822317
1295.5014087065647	1297.3076936725838
1369.8934193426394	1375.7462922912925
1377.9794096361438	1362.6070830201877
1243.4131009727134	1239.9678690629632
1512.0620615707885	1512.2413100676267
1449.4775838031492	1445.760352675423
1098.1386395959125	1089.6011242748014
1755.7906924080162	1754.8265992884665
1378.6420490698074	1385.5783315719998
1329.1503112915088	1332.5703296050115
1538.6402909337485	1540.3193496042038
999.2322629413975	994.7197407862105
1227.2528038606106	1246.4733020836536
1670.5595300947316	1673.9096632018102
1394.3816248485527	1409.7988739927937
1427.7975370414497	1427.165459019391
1154.669162183156	1161.227876830096
1364.5210199569701	1348.5025072943204
1380.4314892673574	1386.6863832760464
606.2566182487062	623.8049652491522
1117.0851319287613	1107.1504352989543
1430.634693684493	1431.1361702677682
1149.5422741810034	1139.045554903401
1492.2400682799635	1504.2914520599982
1629.0415056456113	1629.1108812516745
1417.4182210901927	1423.6804220741794
1361.912297998817	1364.3190835298128
1073.9337053851632	1068.2381602545347
1633.0003464502224	1629.8419076119098
1165.8508194376482	1175.5305341896278
1143.9474545366247	1146.660268642596
1372.4917055146361	1369.421848745049
1615.9379810596874	1623.18858324216
1229.4570111839275	1220.0282139493745
1337.62569501088	1331.7351384710598
991.7302471427538	996.3379356508292
1130.18748032031	1125.8835122988978
1301.4358333376003	1290.7180184356368
1421.9170135880413	1419.5884318987398
992.2603343270603	988.5421986653046
1562.9408771699527	1562.1668661302274
1156.6292088128685	1162.6949476443274
1055.3901928968553	1048.0469702018938
1329.0397138496337	1321.3914770718386
915.9747494378826	920.1802276601097
1185.6776475750958	1189.1511894117223
1368.138644961844	1364.3536851538886
1469.2078911931894	1481.4773820690941
1759.9560215444362	1753.6823723493876
1015.3753231122973	1014.4970339507202
835.9445894350938	821.156261156781
1475.4784588454058	1484.8683704298662
1529.1931376498542	1524.2695100151334
1103.137518061878	1100.5098566762802
734.9061270856764	750.1575158437707
1161.0498713047418	1159.4367568408254
1423.6728598435293	1427.0217860259033
1362.737667928508	1361.8263423395479
1294.6460042776307	1291.0197875510883
1476.728103152418	1490.340110380241
1431.4810809293995	1434.0329259177195
1448.3963797278993	1448.369389617623
1112.8137418078259	1106.6982719616012
1486.5795490940218	1506.5461296185886
1292.848976624402	1283.3274474499212
1296.8207768637221	1291.6424598220779
1335.6305651791918	1326.0456934175108
1403.6044451793423	1397.9874977828445
799.3564552441239	796.0040414223496
1375.4162444630347	1383.481069348661
1441.1032038746634	1430.1055801294933
1248.789570036024	1242.4323235290278
1568.6294341188623	1561.3446980379751
1391.7489395977173	1394.1074295805079
837.4153360586497	835.316734833883
1626.7909661534068	1621.1209476455067
1365.564184782008	1361.722380586746
1171.5796839851828	1168.1692795926297
1431.4012947187293	1431.8828500333977
1646.4268271893961	1647.6240348733538
1574.6101659031992	1575.0015193742236
1287.618913965067	1284.2689043850423
1058.013901600003	1025.9390215126066
1068.3952932023676	1076.3714727136753
1607.444188474561	1606.4774418786994
1219.2241740050958	1213.8343027048206
1247.8213633253472	1240.11267250363
1124.8761179591238	1111.681773747674
1019.4460936972464	1025.3688289410306
705.6203609162767	735.0456347724959
1568.9240757634107	1575.1208883526199
1136.174146466743	1146.1661455162953
1470.1014012153028	1478.7934204989767
1150.7464291996148	1155.4247253580966
1030.895028584171	1039.0718853236763
1195.8225420544622	1190.257530046161
727.2981586876849	723.1119610879
1073.051130986947	1062.762914217252
1294.9996463150019	1293.1028981188847
1248.3976283726515	1254.351446162722
1427.6100539927138	1433.1044266037422
1740.2185086372483	1736.35995407575
1196.6599760070385	1207.554341906694
1182.4049759664922	1177.9736576806038
1178.236248945439	1169.1105701939855
990.8780910161731	985.5008709293048
1295.222027282056	1286.7171559256496
985.0611367576057	988.6977111831092
1507.799828385294	1503.2257443690467
1172.8848359558324	1174.3549473067742
1117.3796101647022	1110.9535576891722
1152.5241535257665	1177.7572681973888
1675.190202754835	1678.2740065461942
1543.9556443153415	1544.2979102954903
1035.3366238990857	1049.0907997756044
1524.679681767564	1501.1250948469242
1098.2770604071848	1101.573234301775
1282.5485883794317	1277.8814415180664
1147.1642302764812	1154.8706512905594
970.6479591161769	957.5948317653667
775.1624984063092	781.5906438365279
1462.6407656009833	1456.6145507626047
1437.2585368851724	1437.6645735066456
1362.0293694129214	1363.9589150411389
979.7865354492387	978.898570191305
1434.5187896685384	1423.7715348983768
1098.7003444770526	1102.4416988345633
1436.805294887803	1428.697201368647
1242.4945282296685	1241.8714333376538
1084.678643666848	1084.4280219193804
1519.8959559356153	1520.6932758971752
1189.9768092584272	1203.2818736317563
1068.2543010252411	1047.1535758124792
1291.0628626563994	1287.0114883752558
1628.1471716825326	1625.8727965319372
954.7957659270323	968.7683782754591
1554.1296415220131	1546.5629373791767
1538.6710669201857	1539.1191886832025
1048.2089752830798	1037.9302415947675
1326.233430320921	1322.4137551679198
1113.737431706948	1122.9754916707273
1057.7877873007674	1058.7486443764467
990.4752430330846	979.4831652965746
908.6226697648963	905.4608838554287
1318.0275525036268	1307.216547483908
1246.9372941468027	1244.0282109140326
1249.402970559575	1261.2974008805163
1257.2036074971838	1237.0192973449125
1569.4242437107314	1557.6977985116312
1032.060539125203	1027.758890731989
1267.8795417615038	1279.253776227471
1321.2779957383755	1318.4429311329416
1082.7755711515492	1078.0241737353003
1568.9809139608697	1571.8510162684656
1367.0834036955494	1364.9302776280238
1148.6996387591062	1165.556755717603
1423.5300506305066	1432.5795380734887
1103.2093716324598	1109.0123271251339
1171.8501290750282	1179.33179344632
1308.9709722952975	1318.1496017147294
1488.4179234949115	1484.5222140806447
1486.5637595978042	1489.2819801599237
1322.0630812355375	1311.2800129963844
1353.984189438488	1355.6959065191
1087.7299925821717	1076.3363666909945
1454.8861976455082	1456.4993558092667
1157.3758437922806	1169.7750324608805
1338.6053416068607	1339.787515099119
1409.5299806102412	1403.7059392648323
1194.2853691436176	1183.5003605584689
1032.7120199435158	1015.0858589593862
1294.9931052736356	1292.8945558849664
1423.7813776303083	1420.5015819840983
1381.2893341635936	1378.9217990199793
1374.6249527197797	1371.2817656574996
1156.8806590582826	1157.9878740633217
1232.6258348867123	1231.2994500608631
1256.4186611342302	1259.0976101793676
1291.325522967527	1292.7565628831444
1602.110121865233	1591.2593506597088
1384.40707407039	1377.8578974068691
1146.3268271840643	1156.604450351949
1218.6083922247053	1226.6183865199837
1108.0505394939682	1106.4116674475251
1324.9992028563865	1326.6470407063184
1049.5342649482773	1046.7437837424425
917.2867003180436	913.1198716051796
1019.2732708269032	1035.9103679781185
945.7154875937267	942.5343863869164
1630.825579398661	1626.5388302109088
1186.5396518144698	1189.9814372660844
1143.3046906400705	1145.7121163433053
1077.413668263558	1078.5976131511934
1271.3576003999624	1277.1310359663482
1272.6191398845112	1271.9466531034354
1668.5980043650488	1672.6410601148893
1263.4266210704227	1267.4804823664638
1452.758082990651	1461.9150441576505
975.6697485631448	978.3744499436363
1084.6120506336156	1084.7386474429486
1191.9636458212917	1188.7528371111864
1438.103111848497	1441.4874113187238
1415.8482340970659	1426.6719086206297
1120.4114785583806	1109.6476585283763
1051.8181862821511	1051.5622786234383
1329.1277503715537	1333.0960825691727
1500.2928822379326	1502.8209312837696
1196.7908502029604	1208.7609273911896
1178.7344760392152	1182.6808686422617
1098.1799812852987	1088.658829634532
1252.363281396014	1245.6716898742268
683.7291469574411	700.2109582809276
1197.5240244946326	1196.7539542483858
1344.3615045785555	1340.2608356881808
1232.759988692589	1227.8826475064177
1225.004049570969	1216.7235424996945
1130.2578395333258	1130.5240061608638
1373.173080839828	1390.338502618606
1397.743877851608	1398.3751997685538
1153.1096799656516	1144.2738195782533
1414.144514000218	1420.7445863191876
1258.0476159417303	1272.3163149589725
1549.8765903880412	1548.2935040778602
1565.051943399798	1576.322064864066
1011.3511818264378	1027.9966453212749
1282.7788025034824	1283.1005136951983
1242.8951333481236	1250.4845609352535
778.2338399862638	772.9155656828297
1106.851440497092	1104.3626766323514
1493.1831638222502	1492.7190972585781
1407.6317007986945	1414.5470631694805
1385.6445302320644	1386.7499360206696
1436.524279970501	1449.432898046841
1399.9520629462204	1399.6229666346262
1205.148505684425	1208.0912009976398
1001.2140023469401	1022.6648033490163
1045.6483081859478	1050.6282783636098
1257.0756991724193	1253.6341112864247
1518.1198286631843	1512.6142920847465
945.0448527981061	950.9084650338323
1457.433716820873	1448.3197015726437
973.1288229972706	982.3192192597668
1517.9812418888614	1512.183820964474
1443.4793918853102	1446.9476584685328
1126.5903886928863	1116.0607764958463
1093.5518358953996	1066.1284293119734
1273.8588170512812	1261.1336872986117
1208.7807667340676	1203.6961738495734
1212.6202271401417	1197.233123708262
1222.1480073155253	1220.1329194614968
1764.2168737405736	1761.7526657315232
955.5023872316233	942.879551779913
1171.6770480758278	1160.7649152903412
1314.2810661985131	1300.6934544794526
1323.8240692492109	1332.0160467466787
841.6264263355406	848.82422748885
1339.9613221096224	1348.7999439392247
1078.2415686913882	1085.844925985873
1208.9271730874898	1217.448281006779
1428.3181135967316	1433.3326417791968
1219.5236242073588	1218.5456526549574
1259.5599629326316	1252.0143211355207
1345.0011826262344	1346.46736195771
1619.3053202840674	1624.8997074673412
1626.7945286644972	1621.3185047360898
1721.5700172934448	1727.2438393826242
1146.445388742286	1144.990808003095
1618.114655160898	1618.438899038442
1458.4012992417847	1451.3115982622583
1424.90815275762	1433.3952570672704
1415.708378498559	1409.0775373885156
1054.9231770877086	1062.7348658522849
1209.696086422773	1208.5094465702111
837.157590003917	855.2294115679443
864.2033079334069	878.4285580763732
960.4843609639502	950.9438285919324
1203.1973050986126	1211.573620018666
1748.164695147716	1748.9523828373851
876.8338803022925	880.4438555098114
1049.263994323701	1065.1739919796053
1241.1073115173785	1246.5132938806198
1108.6990982901189	1122.556548536235
1487.4866223108547	1494.7685800203553
1729.5117139637296	1734.3196776275477
1748.5805590809614	1748.1518505059755
961.2163030276424	968.421603138698
1615.3762005864992	1612.6979353658357
1555.4502834445739	1563.4436184990195
1018.4623117011215	1021.417890631043
1378.1640218637767	1374.8612815008291
1094.5290020514803	1071.4686549450719
1267.451812188956	1265.6647975682204
1268.4998184483557	1269.7524345760464
1143.1720644145971	1142.436682259566
1745.5605667103082	1743.417649201076
1596.8396207465557	1605.360605807541
1305.2017277939885	1316.6636131875428
1195.3848833831144	1197.7827273754447
1602.9739302057715	1610.7574794936195
1001.659212702536	1007.6764311913549
1385.6918599752826	1390.3105079939962
983.8505501296604	982.9323793778073
1391.2039001939702	1385.7580451713102
775.3887267011305	764.8928470459343
1733.702145323652	1735.0018726278633
1141.8536535609455	1139.2411420029223
1361.8399642334844	1355.586716405511
944.0743857256602	941.827634827384
1508.3023359047656	1503.0340787195187
1425.4647140622837	1407.7939686277532
1102.7928784824035	1098.7613634101972
888.4661713500973	897.041563432438
1392.213591581094	1393.6045831318797
578.4313893647632	593.9221078536474
1554.7799960574775	1555.2435316402975
1247.99612296524	1256.9491161071367
837.2315152556985	854.6752464079275
1031.7410539548437	1039.5350564343769
1144.0823072650237	1147.18600506062
1246.3717306874169	1248.2705918758977
1491.3253945160832	1484.5185768872075
994.8213513071532	989.3026376579114
883.5498198290006	907.1916243628274
1123.716383148363	1120.9017921510601
1176.7867939392454	1176.6681564643955
1427.553433411318	1426.4705398883784
1070.4945540293702	1069.5761751875011
1241.0541401459777	1247.408546889854
1248.458242730616	1240.38076861372
1145.0089768525504	1158.201173613505
1292.8890267651586	1286.180952663438
1351.3980530256813	1346.5738446799508
1106.2661545641022	1093.7770897273933
982.4117316728225	974.0431101217317
1513.0465200446488	1520.1064399045033
1621.736209652765	1622.742847671693
1221.051110751665	1226.4794089786674
1191.5197256098618	1179.3442725196333
1478.8498188788944	1472.9403844328506
1376.1380502096144	1369.351708279515
1119.2439058729215	1134.567673166094
1423.7604396770475	1440.5286182498794
1233.0416220381449	1234.9586576788647
1537.101558615308	1544.8066157515677
1265.317349091405	1276.2368288877817
1099.7548597590066	1101.256620576166
1210.8919579676585	1206.0813600520128
1255.1910963975824	1245.2697161430365
1508.0473897964694	1509.2592101698654
1274.9734396835556	1271.8869378961485
1219.2822381465812	1215.8416943566315
1552.8328329972574	1551.3403443311436
1323.6198484273918	1325.1678990650619
1463.5193826361792	1449.5261519103303
854.5590800947102	848.4194549110204
1105.6079996949702	1109.8505859728339
1361.5618876593653	1368.3374204215736
1455.9554817716707	1451.9526741763955
1083.3252518326917	1084.0678750182276
1288.276587783068	1284.6041983789787
1167.588311745174	1157.9281917100068
1404.718849032768	1404.4793836617732
1418.2169087269576	1414.352430936338
1531.2045061100798	1537.3535821003395
1378.4068849351315	1383.5301905057056
1067.2754713774193	1053.6862330500542
1046.8691651655536	1053.6976338045629
997.833433247928	1011.8613914537211
1214.5021557791624	1214.242167122292
905.0846534374723	905.7855524220099
1516.199556025298	1506.1480419891316
1312.957897399203	1306.6238629610725
1106.9414147473872	1114.2952734073624
1479.026510980184	1472.0080918051806
1188.0875929470349	1188.2812773432788
1097.3482814320305	1091.9576768661816
1089.2944494256808	1073.4887009340357
896.5254780030227	885.4236000023924
832.1127981538593	828.2324527750217
1362.4473497809668	1377.8802477214808
1117.4265527989483	1119.9693441518125
1116.0362905554066	1118.5715321180305
1442.181089905731	1428.5165463070878
1166.289579337492	1166.2304335187364
1014.3932805083459	1010.7620906678056
1193.6941207773343	1191.2594527594467
1135.7908845110796	1135.4110569965355
1427.1406722609536	1439.111596536661
1395.7044634344638	1406.0349176017696
1435.6413913855213	1439.936627054188
1243.518636300665	1252.4043727512794
1290.212856036349	1283.7879529352942
1253.4424215851177	1254.643575866699
1208.108606275433	1211.7324414114348
1332.9911826524185	1338.161631265883
1404.0589442054625	1406.2257332318
1051.8835286861868	1032.4664813289812
1552.6249674450082	1549.77620508561
1536.4098968729377	1543.7732877141955
1501.7263022791012	1491.6865308780825
1346.2395222978375	1346.3179885998752
1175.6709357014333	1179.398543572521
1081.5234669756028	1082.3610869783124
1529.0948942442774	1508.6446591121166
1571.6538430661312	1559.7124789853317
985.0088078953559	985.8294605387072
1333.503588216874	1333.031842019212
1324.5028810335207	1313.1518860696203
1283.4648664513952	1278.1899532764248
1308.3166301094752	1319.3809481914295
1365.8220346716407	1369.1854502090555
1014.2230280912481	1006.5647207425284
1243.0499189361872	1248.396774993927
1282.0276855545526	1275.3393683607608
1138.4334526119346	1138.9255357998936
1190.5883829395461	1194.1860136915889
1255.7441542837187	1252.51207937106
1175.0168146016076	1176.6905557444109
1282.6531392766337	1271.4350498990718
1307.909677607735	1317.3497019681677
1194.6642821789428	1203.5102500906776
1443.1999851529836	1443.5024223267096
1552.460311464034	1554.0188892583483
1319.336869634164	1343.3680501501135
1121.5116431654315	1121.9478070511757
1237.6918616017792	1237.2431311580342
1178.9071074077801	1172.511700792404
1260.945200518443	1261.104589179586
1242.4865900143632	1234.773627363641
1249.2488934993453	1252.8942013436845
1496.4320959288161	1479.4893193458329
1013.3048126710928	1020.0316679349659
1077.4300810687419	1080.7295152629072
1515.960731540661	1520.7948354236903
949.5869498386746	934.863773830828
1241.9099772199988	1254.8914679154425
1245.0240913119633	1256.9344534004351
1284.2353008917125	1284.8784255967146
813.1626124600007	815.594876465303
1339.112562669441	1338.610318442889
1359.7113896011433	1368.6858263299157
1617.7008054843463	1626.3808758604648
1359.1788608969946	1372.1784778282226
929.0593201183656	937.6109630588102
1375.6549871998432	1385.6139836403904
1250.020599391166	1254.871648479451
1448.496082527854	1433.3529254371042
1420.738393424137	1434.4499154428117
1152.276331246976	1162.5168379977301
1482.1477005880442	1486.59020842754
1489.3326678069716	1491.1851819997041
1352.2200099796464	1343.6896750473675
949.5022242803243	910.0368470860861
1238.3282215260551	1245.048885759589
1531.9592645984085	1527.0021655618732
1620.0613564940868	1622.8436149093698
1317.9681736747443	1330.3144914590157
1465.1578334525693	1466.853066639075
1203.2979028221162	1207.206320988801
1133.1269138453645	1125.9553918202391
1228.9912412100239	1218.2822654478036
1334.757671281026	1314.4622331861722
1633.2377230230195	1626.9595700497298
1492.107662407885	1489.2477779385404
1453.003989351273	1456.0275663921184
1509.5077140767535	1510.1764467885755
1438.6969186609494	1440.5893715541213
1031.8889168048627	1019.7932833546862
1025.2251114585088	1044.1465665680932
1093.4380833304604	1099.2818248748379
1269.915798022208	1278.110721772166
1098.5896201449505	1098.1919265416138
1048.9039946841076	1052.9950350017173
1306.6845280686684	1299.3567242642757
1387.6965635901433	1372.8976309987315
1434.0543232135242	1439.422392814034
1446.6212655557028	1443.77245533187
1221.794730209047	1214.0084807650944
1385.1448492913332	1383.1584971201592
1386.6279618857952	1393.1789582957551
1074.7845021525573	1074.4825181805586
1338.2665089913644	1337.9961196513464
1391.6932794787863	1385.132621662775
1120.6299303282576	1125.4371695834586
901.3737314869068	901.3607186596035
1344.7502415916824	1348.8790209034607
1302.8122875906702	1301.6950664430863
1378.5871501707297	1386.3535094928081
1452.3295630538196	1449.3473389450146
1206.8077186640585	1202.2088805461628
1224.5114250687766	1213.7363080994348
1240.782299689803	1247.32757309158
1638.3378656618297	1629.2403818388468
1089.0467451578297	1092.7044373661786
1619.0550038001093	1617.8373358382455
1526.6350335245952	1519.8236742838167
1475.6127933725948	1481.433194981619
1460.4622802234953	1450.4051239127286
1103.5054653458646	1096.0386445118827
1255.2036079693644	1254.705338707144
1293.79767751068	1300.3196545140868
1225.2474683854089	1219.2608847835
1425.4547104412632	1428.5709169463316
1340.4599152911396	1334.5869996384033
1388.5770860175253	1393.3652478722038
1479.0230716893566	1484.5972676986535
1048.4281740032893	1044.1827180065502
812.8326999994752	811.925633030148
1623.2773187024286	1618.3446931328901
1142.339376820426	1154.104068848811
1260.370731701405	1265.028233643941
1613.068917243887	1607.6690264097347
1133.1388847299386	1119.0929054238532
1300.8357302057266	1303.8864023604178
1544.5088260337652	1547.5285346480814
1025.5274303618935	1010.514329027315
1441.0606326602865	1447.3064576704319
1757.0052016462141	1747.5147450290087
1536.1314061934245	1538.143374667856
1172.5244050420588	1159.8629935059207
1057.837859860767	1062.6808633985718
1348.7883935562859	1343.347278276622
1004.4984258773911	1019.1700776769138
1519.6434327607858	1513.0892466597913
1332.1628953925974	1331.537460870285
1383.9850355566887	1384.7794491259003
1368.6134066729282	1361.266698381031
1459.0573194018216	1450.7333119589948
1228.6330150809372	1243.8644372095596
1476.916318928328	1477.9192412226005
950.8205114117882	951.829671736353
965.857024622208	971.6216533530792
1352.5128297873307	1351.468081275055
1358.1402615374245	1355.784710609899
1630.6165459439799	1628.068131664472
1530.6738315974071	1523.5409962205954
1118.6962911371375	1124.4336011782536
1260.0267337312107	1260.6956248437834
1341.9473000372527	1351.183340246187
896.7554349042475	921.3646759511348
1271.9023754430818	1277.4795551891523
985.7566364737868	984.0246822388822
1243.6618614086765	1247.1319755523846
1269.8711392918194	1268.2402294049816
1401.2605038012553	1392.676673804299
1462.2774652545631	1456.7000349376242
1230.5025450206595	1228.2750475191408
1102.0236316867522	1105.2683884850262
1454.3468460768054	1449.3227892051061
1622.0558501159248	1622.6532221089756
1287.2955836220644	1294.2069511734887
1381.5567547817482	1385.7888585615146
999.4854602991836	1014.1919417511664
1443.6242292989045	1444.5975842436726
1279.7326374964323	1283.350236357094
1096.6555611480144	1090.3880632503303
856.1750516142638	852.897423026937
1038.7568728320184	1031.7230625043608
1096.7109330203675	1103.5204238141505
1374.2655684701167	1360.7010368608157
1248.188728930836	1259.1088506459612
1096.809829297912	1106.9872043961348
1300.2147695957392	1303.3838680253627
1124.244004899927	1122.4099835889085
1251.7653098237352	1237.3164738898445
1156.171802734927	1165.8372774301815
1101.9552292922453	1098.933083144428
1318.6143788722402	1307.2161898189952
1249.0393469416886	1232.7014537385614
1629.7960059045872	1625.7449217948385
1425.5273317153915	1418.3103687996468
1449.14926054448	1449.3074189713095
1368.3254327368923	1364.9719277814188
1260.6146835533727	1263.9957068016147
1049.8040792252577	1042.6912737352752
1255.7402366281021	1252.0379291948518
1209.5031922322523	1214.3486088730076
1440.8992987888632	1443.6535377595012
1266.0705628430587	1259.0250209172455
1259.9585685750644	1257.007736572324
1208.714651501563	1201.3009045955941
1437.7539062198484	1443.2286978473098
1582.8463890869753	1587.1803454039377
1138.3921728277055	1133.241731816044
1369.0654459529324	1357.6477343762695
1363.5393880383053	1361.4441783417274
1476.8287213079457	1483.4879717882984
1226.9335920462618	1216.7878105884186
1360.5070598486636	1364.28381941383
1387.6453062046203	1386.0032234418393
745.915529879363	748.1958355531874
820.8110167035484	818.8308618367081
1391.2912711058452	1401.6548653157347
1441.2117465301126	1451.7853171749837
1236.7989883249975	1241.5166771840989
1286.8053125478036	1289.3770148534616
725.9054278059048	731.4370712616901
1427.0110125618812	1427.8183230536542
1381.3254602185334	1376.4136744846112
1499.6962754543056	1505.9064808674086
984.4010812643974	983.7770125273693
1313.3473783346417	1317.4377438277133
438.74467065576755	502.24263742756165
1122.349990375602	1123.5674041327513
1229.966033554374	1231.0464749573719
1232.2140012820018	1236.718130652874
797.5702619339572	780.0242340926267
1309.3937892673712	1311.8224460958088
1303.3332717099402	1310.2490523096287
1226.5546926548705	1214.330195797686
1264.9068701304204	1264.7534455828106
1232.547578182508	1225.8729821083905
1342.5062862268533	1339.8305105809065
997.9530396787741	998.6701448643125
1363.464381446247	1362.8213523667919
1185.9257968729362	1186.6294421704283
1232.2050093337602	1233.0900613569027
964.462251748424	966.2855362712921
1154.0756238161703	1157.6818278379617
1481.9232554104237	1486.9348376177188
1648.717627507809	1647.4010282088934
1428.3631224812416	1415.8977962291272
1314.4175334918837	1328.2995045702594
1380.2519026736263	1365.399589257103
1238.867761499685	1238.534746742338
1649.2616303229588	1644.1852344294196
1275.3200064921984	1285.523597066984
1097.5127329751267	1112.1135146609447
1279.8309143739752	1282.1492650565106
1271.6141238156997	1275.6927171441166
1394.1183890791435	1390.1708684675093
1315.4203987055807	1316.6376003761056
1369.6436319981876	1369.6849114131617
1624.7595474107657	1619.7296773175287
1392.4499565716833	1397.7269996594744
1329.231987833191	1325.5070070399888
