1.680276649756145275e+02 2.491451501005280456e+00 1.000000000000000000e+00 1.000000000000000000e+06
1.624584325762724859e+02 2.351635496924148860e+00 1.000000000000000000e+00 3.162277660168379080e+05
1.493647268571680513e+02 1.994968812133132374e+00 1.000000000000000000e+00 1.000000000000000000e+05
1.270774286422338974e+02 1.234087404121917864e+00 1.000000000000000000e+00 3.162277660168379589e+04
1.017479339822296822e+02 6.001273935043347496e-01 1.000000000000000000e+00 1.000000000000000000e+04
7.674244156081650203e+01 3.621676399582166361e+00 1.000000000000000000e+00 1.000000000000000000e+00
7.350632609059353229e+01 1.045739214801657990e+00 1.000000000000000000e+00 3.162277660168379043e+03
7.335581523113371816e+01 1.037845426332998366e+00 3.162277660168379394e-03 1.000000000000000000e+06
4.579482760478826719e+01 1.259749366340686016e+00 1.000000000000000000e+00 1.000000000000000000e+03
4.531371649090415588e+01 1.275973704930490005e+00 3.162277660168379394e-03 3.162277660168379080e+05
4.155126922209580442e+01 1.783406225052865501e+00 3.162277660168379394e-03 1.000000000000000000e+00
4.139498080982376393e+01 1.775438532634321609e+00 9.999999999999999124e-06 1.000000000000000000e+00
4.139448593200141602e+01 1.775413455264800655e+00 3.162277660168379191e-08 1.000000000000000000e+00
4.139448436703799672e+01 1.775413375962405560e+00 9.999999999999999072e-11 1.000000000000000000e+00
2.776331777419384750e+01 1.139750722810996653e+00 1.000000000000000000e+00 3.162277660168379043e+02
2.776196803647751565e+01 1.612550404605877841e+00 1.000000000000000000e+00 3.162277660168379079e+00
2.678776981988612604e+01 1.096959539355680802e+00 3.162277660168379394e-03 1.000000000000000000e+05
1.946884742139010172e+01 9.249290070195170799e-01 1.000000000000000000e+00 1.000000000000000000e+02
1.755400031476734313e+01 7.965560155426587574e-01 3.162277660168379394e-03 3.162277660168379589e+04
1.594352711686030055e+01 5.118026214244711936e-01 1.000000000000000000e+00 1.000000000000000000e+01
1.576860315220526410e+01 7.942009959904720029e-01 1.000000000000000000e+00 3.162277660168379612e+01
1.267871337673932430e+01 5.930688846374768675e-01 3.162277660168379394e-03 1.000000000000000000e+04
1.195292708753085620e+01 4.294435928649469880e-01 3.162277660168379394e-03 3.162277660168379079e+00
1.187499845249005936e+01 4.303130002383329100e-01 9.999999999999999124e-06 3.162277660168379079e+00
1.187475622406137532e+01 4.303136058120658469e-01 3.162277660168379191e-08 3.162277660168379079e+00
1.187475545802744747e+01 4.303136077317986086e-01 9.999999999999999072e-11 3.162277660168379079e+00
1.121184225439754201e+01 2.800573718486442099e-01 9.999999999999999072e-11 1.000000000000000000e+06
1.113904711008065185e+01 2.662993301201941332e-01 9.999999999999999072e-11 3.162277660168379080e+05
1.099415097544120457e+01 2.537582003851315271e-01 9.999999999999999072e-11 1.000000000000000000e+05
1.075702597345370215e+01 2.473763135757745257e-01 9.999999999999999072e-11 3.162277660168379589e+04
1.057082282496418202e+01 2.440118375392178185e-01 3.162277660168379191e-08 3.162277660168379589e+04
1.046494431993779095e+01 2.453005908164846982e-01 3.162277660168379191e-08 1.000000000000000000e+05
1.039332469159704786e+01 2.332267540218203317e-01 9.999999999999999072e-11 1.000000000000000000e+04
1.033754044455146115e+01 2.332109465826509576e-01 3.162277660168379191e-08 1.000000000000000000e+04
1.022404684576451928e+01 3.760713175198793778e-01 9.999999999999999124e-06 1.000000000000000000e+06
1.014661541952237123e+01 3.863841829656743943e-01 3.162277660168379394e-03 3.162277660168379043e+03
9.992243315104193613e+00 2.409874286025302792e-01 3.162277660168379191e-08 3.162277660168379080e+05
9.897340539286824779e+00 2.353618922530957558e-01 9.999999999999999072e-11 3.162277660168379043e+03
9.882747920598820457e+00 2.355313948881276043e-01 3.162277660168379191e-08 3.162277660168379043e+03
9.390538472755105559e+00 2.279228614563192090e-01 3.162277660168379191e-08 1.000000000000000000e+06
9.314366413731406169e+00 2.429960155872110950e-01 9.999999999999999072e-11 1.000000000000000000e+03
9.310988138558313310e+00 2.431933366052660417e-01 3.162277660168379191e-08 1.000000000000000000e+03
9.105224057569174079e+00 2.294188384122279600e-01 9.999999999999999124e-06 3.162277660168379080e+05
8.912674381591127570e+00 2.531591446486060604e-01 3.162277660168379394e-03 1.000000000000000000e+03
8.718499593604715159e+00 2.653205079712133707e-01 9.999999999999999072e-11 3.162277660168379043e+02
8.717804968973187130e+00 2.653639808507849418e-01 3.162277660168379191e-08 3.162277660168379043e+02
8.716309037748620980e+00 2.633017074525088597e-01 9.999999999999999124e-06 1.000000000000000000e+03
8.668265026051965805e+00 2.235269116326467631e-01 9.999999999999999124e-06 3.162277660168379043e+03
8.659810573755908791e+00 1.906132078045245648e-01 9.999999999999999124e-06 1.000000000000000000e+05
8.575100289901886441e+00 1.942644354961275133e-01 9.999999999999999124e-06 1.000000000000000000e+04
8.545148315130100869e+00 1.908826462727066797e-01 9.999999999999999124e-06 3.162277660168379589e+04
8.533023003647924654e+00 2.756967155913621625e-01 9.999999999999999124e-06 3.162277660168379043e+02
8.175492042881394639e+00 2.662723549660375721e-01 9.999999999999999072e-11 1.000000000000000000e+02
8.175376568756252738e+00 2.662764702153510021e-01 3.162277660168379191e-08 1.000000000000000000e+02
8.170290330672404622e+00 2.157761521852312459e-01 3.162277660168379394e-03 3.162277660168379043e+02
8.140456282093975204e+00 2.674347242549011683e-01 9.999999999999999124e-06 1.000000000000000000e+02
8.020493979821097241e+00 3.108139311821500606e-01 9.999999999999999072e-11 1.000000000000000000e+01
8.020492894760872460e+00 3.108138678590910975e-01 3.162277660168379191e-08 1.000000000000000000e+01
8.020150121105558583e+00 3.107938752224548851e-01 9.999999999999999124e-06 1.000000000000000000e+01
7.968296762067327066e+00 3.047774372763387696e-01 3.162277660168379394e-03 1.000000000000000000e+01
7.740070333249081891e+00 3.090302204553556087e-01 9.999999999999999072e-11 3.162277660168379612e+01
7.740056827398561268e+00 3.090309977407303954e-01 3.162277660168379191e-08 3.162277660168379612e+01
7.735824518244041492e+00 3.092836502904162121e-01 9.999999999999999124e-06 3.162277660168379612e+01
7.641804228382615527e+00 2.425176194553550491e-01 3.162277660168379394e-03 1.000000000000000000e+02
7.437469037272810723e+00 3.312347984939126300e-01 3.162277660168379394e-03 3.162277660168379612e+01
