1358.9004129722307	1354.1944074991163
1128.7446700740838	1127.0614770388408
1620.2677501743892	1621.5202415537879
1385.5542867396725	1370.444877342538
1467.6972615806735	1474.3724434971102
1344.3874544237915	1355.6289867349042
1168.8568800648209	1169.761619649662
1377.1919076877239	1372.272411200468
1227.8258211488428	1226.8152679852033
1372.1580809263105	1376.8191398722215
1479.9897085487028	1479.8912836430416
964.462251748424	964.3013734213768
1431.4810809293995	1437.4901930215183
946.1801664217783	951.2933094365692
1211.3835684953665	1214.3100316313416
1277.9964810766396	1292.8651508206485
1259.866528711369	1256.2330527276076
1049.939173810737	1058.651841864759
1551.3788179022667	1547.7579065530033
1203.824466596241	1202.9183739145485
1281.2364016526844	1282.411496452636
1411.0548761172686	1418.9995770364567
1672.8453088199894	1675.709845954173
1324.4721519955492	1326.2182142143174
1734.2988086401892	1735.6076144405383
1515.765301282605	1519.1182725820322
1510.5728149851202	1506.4018619622584
1147.356565741764	1152.489526569001
1623.725106558908	1631.1590371768166
1545.047315628064	1555.6959950439687
1375.4182058594597	1377.8376821964587
1018.7594048237952	1008.9672403188055
1361.3747408986383	1361.1914024110522
1537.8734952224477	1543.7779526906543
1282.516053405474	1277.4880587648568
1613.7699739132659	1611.3398615556757
1091.294401987252	1087.3422086723979
1554.3819469785376	1547.4576429946765
1189.9265455518034	1202.8092098632462
1362.5012901139853	1362.3440999182587
1733.702145323652	1733.6524575898202
1317.5639047388686	1321.5579677775077
1336.8341890698648	1332.387628583912
1607.4085484359239	1609.1632412854362
1516.04939988337	1515.6414976113451
1246.7082807833212	1248.4380234262467
1666.1762111083954	1666.2520395396828
1404.181180842861	1396.5550342614627
1457.133886058582	1450.3376201696872
1362.8827827870555	1366.9375457683316
1074.062050778215	1068.1785289452512
813.1626124600007	817.1429494059886
1625.0444326619618	1627.2489591705823
1325.331006984692	1318.8405586040344
1314.1213374025538	1313.7174277354482
1104.0922783798596	1099.550008724845
1103.4380994450767	1088.482221508082
1628.801000745938	1630.2994964535162
1340.5109237926663	1339.492042441204
1064.3027781708224	1081.9544987476077
1258.5405295704259	1265.9904183325664
1138.8101969855488	1144.4337598138823
1325.6678715476592	1328.1908181759923
1369.206454869709	1372.902093463522
1172.0185495270707	1168.5039454059613
1641.1610078508384	1642.555342991909
1439.8902984764427	1437.7534425116423
1007.9477364733757	1012.6661432046842
989.5992208200623	996.1546587944615
852.8592619067931	863.1374773366188
1152.5624184242915	1169.379936776107
1428.134972022468	1436.315579256752
1425.6060942529293	1427.8986104823823
1176.1592227747606	1172.3613266380016
1043.9761680091033	1052.1777160136287
1014.5900075479876	1021.9591137881448
1240.960145322082	1230.1483905300381
1109.7938964297937	1105.9541169475553
1077.9361305752245	1062.4724726155519
1284.6940241724078	1292.4176906174405
1089.2137419329083	1095.238849869172
1187.630352655804	1193.3614568129792
1379.7534189721337	1372.9201847090571
1098.5225361595221	1093.6116411688258
1130.2695815969491	1139.4608322384756
1620.7070936682867	1622.9855801391313
1503.6939337670046	1515.404950357989
1733.827451589692	1728.5798271197043
873.5458995756344	880.7112509724255
1312.957897399203	1305.9851944790516
1508.3023359047656	1504.177738127816
1324.9992028563865	1325.420832143165
892.1523459677701	882.9400471856205
1047.0909826346033	1044.55493419668
1223.1112156956515	1222.9312334834524
1507.315067328862	1509.6044375774973
696.4964900951891	699.1859960326586
985.7566364737868	981.7907525368596
1620.8535183516215	1627.812989166346
1457.3975813563738	1454.9767331698247
1227.8808287832653	1235.4577653142605
914.8279855813016	907.3085124095699
1188.4852621134487	1189.7966673038666
1350.8948245798529	1345.5680243335137
1547.1727524044982	1545.5949715926672
961.2163030276424	964.2577247021827
1442.3117255510297	1447.634793539433
1116.375095136813	1120.1059298984267
1485.2376830411959	1487.1242010251065
1099.2838414538128	1099.072273239966
1362.619803466223	1354.4887022458154
777.5018869891064	768.208969799568
1308.9709722952975	1318.773120770069
1461.7621080087556	1459.5307642922462
1482.1477005880442	1484.408946321228
1748.8124411542376	1736.284935985832
1416.9517088078137	1406.8917096550397
1639.962210146914	1637.4320952488135
1633.0003464502224	1629.90483519737
1160.6607223454048	1155.6271545434688
1505.4276015343785	1505.249722530063
1298.0775959650928	1279.1580018652562
908.858364284999	901.1636382365427
1168.5792397894547	1177.379538214994
1059.2863124307187	1061.44102531457
1501.2293227816117	1501.4043585528211
1314.4826476312592	1297.1302108006366
1435.5873313337797	1441.7664768575223
1294.6460042776307	1294.332316505413
1319.0387561846	1313.661783113299
1313.1545026802341	1316.484510364062
1097.0316103242221	1086.2847143245262
748.0333462431881	762.1632885963401
1265.665895849932	1259.0398747401366
1253.4424215851177	1256.8081522944767
1183.9384165383526	1169.7375607932188
1442.026613162714	1446.770140431924
961.2053263437992	957.4604591214911
1430.105612279469	1424.681353710357
1519.1487657779944	1511.2913244515748
1591.1615947726823	1603.3316170058401
1618.589555349492	1622.507291531042
1277.825042587443	1272.1591527496917
1077.4488736110216	1080.2335282700717
1623.3299974488327	1626.2110896391953
1158.481392226735	1145.1040263468087
994.0418868144043	1024.1183725031879
1489.213251002162	1489.6600660625525
1315.53073259737	1313.917341245887
1221.8005627585517	1219.1247428655154
1254.0367118846916	1257.9407860060596
1475.968496362475	1475.4402224458074
852.304556899122	855.7844599115231
1097.1966634363635	1090.2763820477167
1460.2788436384872	1454.384844233438
989.7275583210285	996.2953726328944
1210.219203724264	1211.7722809936533
1063.7149132722989	1082.8799540154334
978.6720147451852	971.7034012664527
1627.2302111937897	1635.4863855358212
1339.890596989484	1344.7809693833542
1247.8213633253472	1235.9724441450817
1145.2032807299984	1142.3214952653966
1636.1955443426268	1644.464427086827
1043.6375110120862	1032.2901796586348
1126.3730815747695	1117.1145036069393
1302.3885379259882	1298.411845502691
1340.5164311087574	1345.2579623697254
1252.0358786114084	1256.650320780346
1535.214251788624	1524.586791310069
1382.880084093078	1387.5530096253897
1273.6535839470162	1269.1417389708365
1641.2754320495296	1640.8933780445502
1001.2140023469401	1029.0657963044323
1118.150878785149	1117.2266970907804
1609.8058482781926	1613.9751388533955
1502.6381823582924	1507.5947212359642
1045.416029462358	1038.0785721942466
1291.0628626563994	1289.916440735103
1617.5999622847012	1613.8071621616432
1167.2062705834396	1161.649545602852
1434.0549233339261	1439.0294510650788
1519.888230597513	1512.115510148804
1274.3931834123505	1284.980400421156
1268.085558479681	1252.5103467269366
891.1242974320485	915.2525972904697
1493.8676285671245	1488.1048946280991
1645.8145180432766	1649.1076202391255
1191.866740524274	1187.5893984024792
1096.019254861836	1097.9041294687959
1187.9986514041666	1179.2180269223431
1150.7464291996148	1152.9990655355696
1054.6425726814778	1059.6682587857324
1222.1480073155253	1220.0533318370146
1525.6824484728859	1518.885998975078
1336.9928715486894	1335.4919690460074
925.8846319716249	925.0412191409059
1004.8880524975539	1011.1473948202643
1136.1029654555314	1136.4621014502334
1127.2637867800076	1127.1261998941525
1474.0383135123702	1470.1839224169428
1260.0095526448567	1266.3015189327393
1228.6330150809372	1245.145706479057
1144.887921098125	1144.6737187911021
1370.2686745963874	1368.8321476479387
1571.6538430661312	1563.156952564594
1433.631870094483	1437.481591697803
1173.8545293161296	1172.3347500862724
1392.0808769196155	1422.0143399512656
1194.3996618105448	1195.5802472222024
1018.7585653454298	1012.9353362582401
1120.783605048724	1126.130211665818
1482.2037010880886	1479.64712478789
889.3955384904402	879.4506706777101
919.5990224051056	897.8718719128168
1227.4835396650888	1230.5415868096168
1257.0756991724193	1255.2609314453935
1427.0016248052416	1434.3639979409522
1042.5570717825904	1051.1581145981136
704.2980361693772	683.4289921483728
1328.4126479277038	1329.0925084925314
1072.5772779839172	1073.3307226919721
1512.465343652846	1512.767406493576
1409.1303533542086	1412.3363345355347
1467.561265213997	1455.0831070127535
1481.9232554104237	1485.1997893576006
1330.4420823491528	1327.7835082029055
1077.248082530481	1093.9207256932373
1198.9357078328321	1194.1862954161138
1424.7331891679496	1436.1066492328714
1752.6816116103146	1760.2270542363383
1311.3688707847032	1315.8281808262354
1509.5375675909454	1512.8593646797135
983.1857449507806	979.9882938970263
1269.2963099818735	1271.1349924054107
1311.8738495315192	1315.1189256217788
1526.6350335245952	1519.7719208755675
953.7538926374982	968.9360692730363
1263.8402954897902	1274.2506565328029
985.0443425940175	985.2586898825609
1176.9428195598884	1173.7683439836658
1514.1980673501967	1506.8015084340739
1094.640819137363	1093.9923324585156
878.1209135689278	869.3090405234321
1153.4916738084576	1137.307433595118
1034.5485934810713	1040.8250721623924
1124.2441177213623	1116.1291920199424
699.7708491417288	701.7761302769993
1230.8670924479957	1229.5989031712008
1732.5441317782097	1730.6875112611883
1527.9454004995932	1513.175145052707
1049.4882163247094	1030.5838745542378
1234.4576261827606	1228.8791261863028
1018.977801815141	1019.2043065051065
1647.79660045958	1641.6471159956272
1153.4229053518502	1160.9682045143752
1211.8864964133245	1230.785540000738
1566.1838732810575	1575.842517709966
1146.1276429803693	1154.3503767477132
1330.3629856826446	1328.2609922872846
1191.6437287202862	1200.5028342633582
1203.724517567607	1198.9885700660093
1263.847162243008	1262.386544263414
987.0270351246872	978.7941369854669
1482.0466475264693	1484.6147693217172
1500.2928822379326	1504.9074505525566
1267.280152063584	1263.7974175201869
1518.4995412076823	1517.1406017116915
1239.298867417121	1244.2192266994007
973.349624211929	965.8541810538711
1241.1445742487267	1244.9569782088106
1065.574029168347	1062.1403097592383
1261.740484334674	1259.11331636026
1433.1094049052044	1430.0150300257526
1246.0882403443975	1250.3387931675334
1284.9470177088224	1287.5699187889638
1721.9799380534678	1725.3532422594271
1217.809704222018	1219.8016096884598
1107.7497277363436	1095.327251938582
1050.4495179321384	1061.505422600009
1004.5690745066095	1009.2216215132588
1623.331889157358	1622.699204335166
1171.8004010851146	1176.4948973100277
759.2983461618715	767.6741731742736
1312.9507952237618	1311.6590073827342
1313.4255261722428	1307.0463935246182
1394.1183890791435	1390.989468522441
1409.3391272090375	1395.4469281222355
1219.5236242073588	1219.2651102270481
1322.7257769783027	1338.0117726128917
1006.1831596630509	1017.4946185656175
1492.177647237142	1488.9157961829787
1149.8753522824263	1161.6586316041942
1426.6710063380597	1423.1664178182746
1136.5501156448736	1133.2442715484951
1117.3796101647022	1113.2548352761146
1034.3453973745636	1053.565308174075
1525.641193690215	1523.4182702570358
1357.3368532751629	1345.6499013784896
1268.1784431760607	1275.7726664845536
1372.737179000018	1391.1801352926457
903.1854978467163	896.2153763540115
1033.5842710676952	1026.550069167794
1271.9457792069006	1273.8311917699898
1565.3321099476598	1555.087919441049
1476.916318928328	1477.7359000709655
1453.6323788795853	1451.6422404213959
1084.889792812086	1083.6790732844638
1188.7591139186407	1190.8112711045076
729.0028944322548	742.369597584994
1230.7869687493949	1246.2747805457377
1262.722724857449	1262.2372141446106
1477.202706384036	1477.2734608485564
1273.2867477885738	1279.4368949226214
1127.1135908943252	1119.3245200618496
1254.438332444348	1261.9808041547694
1000.9523593032209	1012.3368780206116
1340.3975847022957	1343.6582072862511
1351.3980530256813	1347.3521259964589
1241.7542137926794	1243.316286582371
1343.1879560630186	1347.1161957789895
1269.894671629998	1264.6100770709916
1608.992360631295	1613.6164253329277
910.7671183919883	899.1059121503088
1392.5637910279038	1401.9707762056892
1217.2522004528728	1210.8488303508636
1647.6197801441594	1646.8712263893653
1085.0113509821822	1081.2136452495884
1226.1711348910176	1232.714600048341
1335.1503633308748	1339.5204628923586
1524.2787654058484	1531.2612753333794
1273.9191053227696	1281.4782950749207
1729.945850866061	1724.387711617795
1041.458632295893	1031.5940022547265
1363.4629377712845	1367.0946631215586
959.4182987550157	952.7750815409544
1274.671973407967	1278.7395894435867
1454.5315514744725	1445.9807334708676
1084.9745686991664	1074.10697538876
528.6074140086275	521.8959637910373
1414.863955126697	1422.299849450312
1542.6234141244786	1546.394337129758
1295.9455045883951	1292.8088684275913
1551.9491928976495	1550.701460297969
999.0824976958102	991.1965859560718
1043.418890070403	1060.9525729587272
1101.1609126557014	1108.6266415646617
1332.1190504700353	1338.050679787685
950.8205114117882	952.4122885468042
1098.2770604071848	1101.884740367146
1273.3243645204348	1284.5578080460414
750.7944241187361	762.739151972457
1208.1276347911044	1210.2022000193617
1196.9030287284404	1184.057552519988
894.1188126365596	875.3171049365241
1023.925017985719	1027.3620533652056
1459.8392064151994	1466.1553608941922
1255.7675459258026	1258.1169245735834
1386.300627083372	1389.6280530302483
1105.7588220591424	1086.7760796933565
1072.882068649662	1061.5335549638414
1417.7294028045435	1427.8036287775121
483.0759866333683	563.1906761119124
1227.9318134029454	1216.836271743829
888.6687058295938	880.9501793196914
1275.4005419989408	1271.2214265909593
1449.2767348061025	1455.7388956213842
1190.9487747155363	1188.6569781827382
999.6025653425604	984.1580993440966
1486.4716877031315	1473.1205492496476
841.6264263355406	841.0305866189257
1588.1434506049263	1598.948066054388
1366.0055954412383	1364.5415683421722
1342.6829443803872	1339.241641956252
1576.648038821586	1578.6647837796634
1143.700070501829	1155.621800445315
1123.9593085429806	1117.8268807611041
1383.263415072317	1378.7711712773569
904.5119491302466	917.3724862399946
1194.949784171884	1202.6451203649308
1303.6096629700041	1297.5654689506337
1401.2605038012553	1389.1368427945
1167.4405961554148	1149.9433883262766
1226.5546926548705	1217.7006752440736
1120.4114785583806	1111.5833382068856
1424.4761315851065	1420.9388483518553
1624.092648012971	1624.8393962147911
1045.7499805946718	1051.0620911478777
1015.9113351429696	1006.6723738487444
1448.9653241297056	1441.555055984986
1276.6754222254676	1282.226746718939
1388.757880167046	1400.6868582948448
1113.8860569382668	1099.8045376056325
1423.3697801473318	1415.1726217918485
1300.4867353336886	1291.131619721925
1244.9655631048663	1272.3516395976803
1371.640749314538	1360.9542681354433
1478.9386618499702	1478.6620029907588
1200.7302497780765	1197.6699878966617
1323.8400372534816	1338.3802682033165
1151.6084282749507	1136.0595756240798
1354.5932095016178	1345.504062394518
903.2840779233957	904.5310865880211
1150.4991704899876	1143.4956505981904
1499.6067653014034	1497.6670400929816
1185.6776475750958	1190.6313387552336
1203.2979028221162	1211.8899345535542
1611.5018481675652	1608.4987010944865
1237.2160284465645	1235.953411748013
992.2478627849487	987.440951679037
1373.042776610935	1370.7928680918428
849.8507201619213	853.527645958419
1337.9499738206505	1346.8341906857297
1599.1753285270825	1589.8529634250542
1140.2460562004999	1133.5448702776753
1156.984082600713	1153.5510472532753
1323.5073459952546	1322.3828017215455
1429.0620938970824	1434.913458404273
1095.2614210310276	1095.4053071313779
1337.782827459072	1339.049979107275
1345.378852330905	1351.590764423221
1451.3877527713776	1440.652052005988
1208.837998412433	1217.0165551346543
1510.6873391611734	1500.837492042136
1156.6292088128685	1162.9094718451845
1113.10724775173	1108.018697608677
1338.7505020819954	1337.1608319671745
1508.331108313083	1510.6252230125124
1116.4789381353476	1123.3683609425425
1113.6357268331922	1120.2982088163074
1486.1300632708007	1486.3069763168558
1447.9100998929935	1488.5543750513548
1106.6700052515953	1106.7169025640355
1051.8835286861868	1036.087135859801
1464.4602242122928	1464.810332796065
976.568269264506	984.9629753650521
916.214334753633	923.331013524087
1324.4446717789106	1305.589880139818
1021.8308272657159	1007.1548794788123
1163.1697351871117	1162.511941068855
1296.3356127313164	1291.6309851627761
1256.8810938840033	1255.943967942261
1061.9053524299234	1073.4113580173641
1288.9749940630572	1300.4128119262193
1334.2774657103291	1336.255146330731
1211.955024458206	1209.1304353075795
1501.7924943257822	1512.5833517660687
1440.0183611866378	1439.9638768803882
1209.9227337326156	1190.2839737069125
850.1753952207218	849.5121795540588
1763.3079842295265	1759.4021777999815
1451.5888084683975	1454.7936429155222
971.4573652629624	969.7750478377277
1296.0715205244778	1292.9497392173698
1509.3256416818476	1504.9790299841377
1496.2612074646167	1498.0227871231793
1252.545778634114	1238.182677733408
988.124082543829	991.4986678450272
952.8468317047227	956.9792755518695
1131.4857469262788	1131.224144310159
1218.3549009512353	1226.0050788009403
1328.1605115371058	1334.0075385398932
1093.832694162731	1090.4472796701143
1086.9485458606505	1093.648270960618
1425.5273317153915	1418.131405872026
1165.3166332478868	1158.3650960993832
1435.6413913855213	1442.1150565563144
1137.4815402585082	1136.7601303277488
1290.1806726524665	1296.7232636141885
1092.5924719857285	1101.0423250026245
1251.3923197895347	1264.8044871853533
1013.3434388327587	1009.768968833004
1155.413594274898	1155.3923248042822
1276.152949968906	1270.421552530375
1158.7101876993402	1171.3823646660692
1279.819579675881	1279.0520701520852
1018.655405253754	993.3749046478206
1007.4568658940261	1009.1745475215334
126.95108544333198	283.68267839342417
1397.743877851608	1394.9999694536687
1427.0485822878254	1439.4383552795357
1726.1470909136988	1730.5726660765122
1362.4473497809668	1381.6909200881996
799.3564552441239	810.262915202722
1755.7906924080162	1753.0020475058147
901.9980426345137	904.2037722414793
1492.1961639046785	1490.4612089001578
1303.1243622490147	1303.2058642516663
1440.5741080433654	1443.6300165732644
1345.0011826262344	1349.6442911238328
1265.530168228317	1257.698672129822
618.209001867086	622.6584714314158
1313.5837864167988	1318.81937979702
1278.9188257920905	1286.0148417710363
1073.6546962228604	1054.2190925895368
1220.6892905481218	1213.0260602785097
1472.548885077209	1469.3460089083821
1391.8858407337393	1398.0448236709121
1840.362455851311	1838.1199981783109
1161.8724849443824	1160.2663427103703
1584.1271704476385	1576.43482358476
1144.65876450605	1129.5372309568288
1202.6079035034345	1201.9803700892962
1512.470246195211	1503.4219349554253
1270.3346126028919	1267.352237867456
1261.2485386851185	1259.0374526572691
1332.3756463124591	1324.183874582526
961.9364797828603	962.7615468401028
1073.643442892324	1083.7850581578743
1295.5620982103283	1295.7293467465004
1571.0864769577165	1565.4775067646299
1048.6816887359018	1041.6108382202149
1187.3068178846734	1192.9918033203041
1752.753474674886	1756.311337449459
1272.316473176994	1278.6439706359154
1362.9302769580972	1360.6313681645527
1378.499188206828	1377.3636685481129
1242.8177398750558	1239.6937263968189
876.8338803022925	881.8070638584758
1613.068917243887	1608.8597255840746
1093.8890482135466	1106.689405809191
1543.031356849824	1540.8098091128495
1633.8775064425718	1636.1192341015199
1080.3851052214159	1069.8815325076873
1065.3099434340256	1073.102785195003
1233.4750024177774	1238.3402325758796
1486.2410019363742	1488.2617916374372
1170.9965371416765	1162.3533517505941
1581.067376556719	1574.5629930480775
1376.9819006228645	1378.9521461793195
1182.2117223579553	1194.8330608571034
1639.8668860580947	1643.1696375944607
975.014236487681	970.0704108127725
1301.6629590983212	1299.910481970968
1476.9195006116643	1466.077656110223
1032.124567123392	1022.6081750196848
1454.8409985297185	1453.7234134373932
1428.3726228205487	1424.68496138847
767.8506557210349	765.9731198143272
1079.5658936412074	1082.133931972602
1335.050187660876	1333.3697686918536
1151.404220690456	1144.0311998122356
379.2731596425001	419.1170388893653
1426.094984637457	1431.5344676228997
1155.2322086760832	1154.7160865895064
1459.0759440057154	1458.0724593528987
1127.263471081038	1124.7678225891177
1490.174709811312	1484.8379085946447
1302.8122875906702	1302.2812078450845
1265.317349091405	1277.4125955449795
1215.7031724829576	1235.942747871639
1327.2393338437541	1326.6335941215716
1226.7083963593468	1220.3981460039604
1763.5138971772685	1763.0970013629035
1367.112767557148	1378.0266498016035
1404.6674307682842	1395.9217442449988
1478.2071289853193	1478.2209139754405
1130.18748032031	1120.844952737254
1234.9498986155668	1235.9134187144864
1111.009633886657	1112.4946543625751
698.7954110003338	692.5290188773263
1198.0267428028747	1194.99574893086
1120.0979880454834	1121.5495324312371
1328.6204722609255	1319.6925158215035
1157.2159920080449	1168.6624776973854
1431.8723592995375	1439.759936246582
1261.7151967817917	1275.6129016280952
1193.7971356008202	1185.7615690084233
1404.0589442054625	1406.3693606333798
1546.7309476844384	1542.7270526918926
1208.714651501563	1206.245204049709
1336.815452075447	1330.2491356532155
1634.5731383779494	1637.164976696932
1332.1628953925974	1332.6427974349322
1209.5031922322523	1220.0837451425502
1547.2337384572602	1549.4692954783
1246.3717306874169	1248.5127588886628
1342.8191897358338	1348.5430565403706
1491.302195981145	1495.548092418228
1348.9939760671114	1340.9845354044344
1415.9934912877507	1421.5506315904486
1050.7810743893206	1061.5677638225015
1644.3448417377658	1642.494047859989
1623.7008700798033	1631.0773639143629
1349.447234299325	1340.4007547657
1043.111480236228	1031.493919696949
1291.301146810758	1284.9018516706005
1032.8513820764492	1029.8655654048769
1198.9289410489146	1199.9696764461823
1171.1166211790114	1181.7077727836006
1053.4986876196635	1061.5613315527955
1369.9615121664247	1368.8886762697516
1117.4265527989483	1119.882654404828
1173.9195239068358	1162.6284838395566
1446.5245658522763	1445.0598680418025
1270.670260644576	1270.0777616012915
1246.5054935635999	1242.8129479098188
1493.91045713739	1497.809015336696
1118.6380717752036	1123.5487164297351
1503.407493959472	1491.6254757471158
1220.378942778916	1208.0030399189043
1431.2698559881828	1427.2002681651372
952.0525529890438	947.7767152620506
881.2261647612613	873.619185970922
1043.0059930184216	1043.8316622421971
1331.4835176826746	1324.829630120219
1132.9428841752524	1136.5053670612692
1437.9543377095833	1437.9515572177058
892.9330312846287	879.7787270766389
925.9292875131068	931.0395628663605
1622.0558501159248	1624.2971722043544
1157.6981468211743	1143.3467512902564
877.645827013388	884.3259322009202
1179.391214072617	1192.7449540051364
1168.1995276779926	1163.2940951646726
1105.6627138774493	1104.6935030510306
1125.443618673773	1117.5141808832184
1145.4722577489447	1142.2451865780279
1330.3164165594208	1329.3627320224418
1236.7210282128362	1229.4345359534918
1001.5459835352376	1006.01536304346
1132.1190012132574	1141.1340664421007
1372.4917055146361	1381.5584913957007
1218.6083922247053	1227.1693807512488
1068.2288646360103	1057.2970428437172
1505.0432773410867	1510.9187888390352
1614.7960279335384	1618.8793076002726
1276.6485437692609	1282.4916212632056
1341.698529080575	1337.4495776796264
1396.9680882604443	1386.3170728928628
1370.1390770441794	1380.2210607329862
1622.0290659611637	1637.980279394018
1278.1632806549023	1274.6520840185083
1518.1198286631843	1514.039469486707
1205.491596205131	1201.2644385985577
1106.1567211244546	1097.1731852934552
1296.3106893404329	1287.7292402663372
1273.7518450658245	1281.044136017773
1456.4604265608068	1459.557265678634
1197.013618760655	1206.1948196893209
1519.3581032827497	1516.706915773033
1526.678651657945	1522.7306543448112
1254.1969952798972	1260.119355843642
1188.196759539249	1169.2868437722277
1539.9933526399836	1540.7794663782684
1485.2738575291296	1503.3393429645669
1350.5409772592539	1340.1168174333413
1197.2150247617392	1209.0969715237122
1075.5891958608117	1075.6122983507835
1600.3810053850757	1605.3702757585916
1067.654025387339	1085.6849246889026
1558.77362964215	1555.1744793797327
1384.2923687093426	1382.2116781136187
1005.2848241314059	1011.7293082074535
1000.8024465250783	1007.4868673681249
1471.929315480491	1452.7610934273694
1420.738393424137	1432.8571620699984
1402.6058309277869	1432.4321966699993
1311.6905161261675	1311.9626530533244
1753.7940405267582	1765.269334235656
1241.7707034173363	1248.559776529632
1231.2654505113023	1221.6863275091448
1076.6610325212823	1068.0666178773408
1399.5423669632582	1392.0139560993312
1105.9483255120576	1105.904324751818
1437.3478522769292	1432.1414568785767
1205.2921527182043	1210.5747070787731
1362.3198359407834	1360.1002464270148
1299.888178370311	1308.841301427652
1493.5086605700199	1500.7450392953747
1153.9644248765544	1155.1589671694858
910.0552984505775	903.8928697655646
1758.7728914314357	1761.633324219802
920.1259300967504	904.8772508269573
1447.2782061203616	1442.1384438849066
888.3361929326784	880.2329454742243
1397.8398036569415	1391.4772197251416
1635.9811078317289	1631.924636885401
1082.8403007851448	1081.7072470306239
991.9038122064085	990.6532903119871
1146.8869859531405	1153.5813480290042
1533.5272441613197	1543.0399496304517
1432.9577019757999	1442.6337116488933
1497.3531075228238	1485.811444798056
1266.4141790528374	1280.4662150719487
1632.1471539199702	1623.7422956536752
1427.1822762176744	1427.2237667967713
1218.2452048347914	1206.7766922788658
1075.1680419300683	1058.160204631878
1520.3589023275708	1516.8559528345083
1483.3937398219714	1493.8317168962221
1188.7614221940166	1190.1402942430275
1211.630544033571	1186.753758757304
1219.8922602802631	1227.8305321078974
913.0136143693817	897.2250181696883
1204.8445962401456	1199.0896525897354
1367.3503404069343	1377.7147998813275
1321.9415515788132	1329.249197322365
1182.6467888711195	1198.5834074664226
913.6709328224533	904.4305447216663
1555.1901985998556	1553.098911846731
1306.3612970674585	1308.2375358832603
1474.9174777633452	1466.6853805854812
1078.1008809708292	1099.7191377377155
1136.5655051950598	1148.5155940030315
1136.600819212268	1114.6813904916228
1724.2541916175978	1720.2758763631214
1574.8994482372946	1576.470734098484
1559.4230340053618	1555.2931842837174
1290.3301912498428	1289.6484558306333
1028.2562192819314	1017.9349820887808
1207.8016803207283	1194.4229748492446
1298.4176351478964	1298.464947760022
1584.286853454687	1589.1949549920728
980.3056504295964	978.3728731015431
1673.3780435396766	1673.9385892776465
1079.1063712649047	1074.691920484256
1078.924486356991	1092.6690425923903
1392.1069085727213	1394.0630531601334
1368.8063359658408	1365.9062301257402
1491.2376181148575	1498.9090528725706
920.6683093223255	942.8813595750612
1624.4658842095523	1619.4059142205115
1261.6419051182747	1252.2596138315043
1150.779708048096	1154.765182358083
1468.7133631753095	1461.7240690024598
1148.662288607302	1152.26541068787
1180.9223724763433	1183.9277023658592
889.7436545311066	889.310685432953
1640.0196801784914	1637.6774824300762
1048.2089752830798	1032.1794541189672
1277.3987567904987	1277.0707809145167
1285.26374153918	1294.6304990079861
1351.7444576287817	1352.7016389951452
892.4491873670486	909.1524599198376
1193.2516983470123	1194.2182505621504
1143.143931716797	1130.2112588249752
970.6383681668376	979.2489203117684
1253.580811862601	1249.2824694244314
1275.4902039405715	1270.3420130762806
1335.869323389983	1318.7590480067013
1367.0834036955494	1369.720671712062
1108.5843505552039	1107.7417563346821
1134.7194210967573	1124.4402433446123
1072.3832624866627	1070.172436584729
1558.515872120508	1559.4534942694024
1363.9969137771986	1359.2742311196212
1097.6550142767665	1102.534213536906
1190.2923136575846	1173.2014024541868
1465.19425959012	1462.0968604691916
1243.8054553995898	1256.0166210543568
1626.7110940743587	1626.2874372853148
1368.3254327368923	1369.2976405844436
1726.3477164295327	1734.3489102603837
1147.9430244005634	1151.7233597812246
1536.951391126233	1539.2716646292217
1444.0496744343836	1441.0989295640059
1340.7895200973726	1334.203664880938
1471.1158243153768	1476.6468474125393
889.298236430157	882.2197440826199
1411.7052751814772	1453.0548901495538
1418.72769697482	1413.7318478813122
1161.896858600725	1161.2542972184442
1403.2904676125618	1403.832938911982
1622.1369678012852	1622.3162669601131
1128.9732983366412	1128.0103307938484
1396.925052278384	1402.4033567685492
1067.5232026127342	1084.389664432047
1141.8536535609455	1135.6284595754828
1191.4784334169235	1185.9470739428507
1214.5021557791624	1213.6189619131735
1338.2665089913644	1334.8029329424526
1357.0857654847496	1341.71870158697
1454.4017443729972	1439.1897043140316
1131.3672941981931	1126.2960658162842
1274.9734396835556	1265.6268142096076
1205.192369006807	1209.1422334523506
1038.8239367991046	1053.9903980081106
1504.8481297537219	1512.0979567794286
1036.956068850297	1046.0040341673982
1494.9187908637396	1498.692395544983
1321.8785991792975	1324.0838550645128
1284.5514609778766	1295.90922364152
1443.4793918853102	1448.6314272780203
1336.9168373801513	1327.7704234226742
1619.046116714715	1621.0323770984137
940.5803673757036	941.3130857653935
1526.4990292894072	1509.4138435642794
1128.1949806047196	1120.5227228930148
1284.6522779689403	1280.908811897096
1309.0701537664281	1311.2423753992416
987.6286823470728	967.2250038163381
1167.6848996445478	1164.0385802051148
1249.2488934993453	1251.0603822144085
1131.8732629051374	1123.549973502508
1438.21787783716	1434.8903649701283
815.8010202787118	819.8522248773056
1620.1920287127432	1618.6879937771423
1291.2373963824066	1284.026258186343
1128.5020548489701	1127.9336377980908
1187.6305638210906	1185.7847848421432
990.059442984988	984.5571892358766
1048.4281740032893	1039.5937651513389
1502.3348442899296	1505.893077606382
1508.8295135682856	1509.4878247727406
1245.898403304629	1246.5670943565776
1646.0450841817656	1645.7006093503983
1300.3114948634757	1298.550320347735
893.932792868698	885.6966618962678
796.1471265628061	785.7506587368063
1383.9850355566887	1388.7659707677622
1509.50264370261	1512.2884426949493
1582.8463890869753	1585.1841401252948
1253.7653748428565	1253.3096622608955
1335.8264989786258	1339.4536709197469
1316.573357763351	1302.390313623637
1045.4391597638605	1037.6694387637974
1385.9668344159436	1391.850623473848
938.7184054452227	900.9594423387691
1466.406882831856	1467.2017049472054
960.1150634422083	960.9525455951187
1567.2268858259195	1554.206366786386
1445.798616744607	1438.7320394997555
1517.1726778863522	1521.1155462164963
1387.8667824283475	1396.1445442114896
1101.9406448848895	1106.762172773747
1386.0587849637377	1386.4567952758746
1510.2268824120401	1498.3643368706764
1407.4926753480977	1411.699348715611
1081.2962389419263	1083.7024548444977
841.9874150063843	859.9536681290217
1735.524393388332	1735.611031195054
1196.6599760070385	1200.8673895585055
1323.403228850133	1326.9979846858062
1449.8581925023173	1431.9499485906886
1195.9774070743588	1192.220044472768
1059.7028512184916	1070.3336935111708
1115.059384984197	1116.7497167182112
959.2465868650761	974.522865649476
1275.1907250949007	1293.7155978972914
1645.6984874795016	1640.2604245444113
1346.33820295005	1336.5572425724388
1157.5467370881233	1156.8104491342801
1446.2175490322697	1465.6148839176058
1268.3563571742852	1260.503359685877
1017.5837798253924	1017.8728062239281
1511.1162897815811	1517.9822234545059
1413.6245296863199	1422.192600524945
1555.6943718484254	1553.5395340159978
883.7016645878903	878.6212305090921
1279.8309143739752	1283.1949526366268
1277.7821916723042	1266.5028343806914
1287.4292724591796	1282.6781750379726
1023.7240188137512	1018.303350603714
1244.4514718998398	1246.2719313636567
1103.5553149162151	1063.2587492915834
1409.5299806102412	1408.2250103213648
1133.6603718952974	1127.7250180975873
1343.2513981287193	1340.0886613689772
1084.6120506336156	1084.1972372757464
1031.7410539548437	1037.0944885335616
1255.2036079693644	1258.3867208694385
1177.365386306803	1168.9749771205734
1141.2921222927398	1139.9411797053435
1580.662816460972	1581.4010598939553
1060.6515253622201	1073.461734237468
1223.971822746913	1228.6621870213057
1101.844875469833	1101.2103446647873
1221.4366348423646	1235.2309194844877
1386.848835726647	1390.9696222004925
1543.152312267921	1542.1342661532296
921.753757020022	943.183541499396
924.8105023803073	931.084985841475
1232.353505672625	1229.0209602418502
1145.1486301297555	1157.2332348127081
1014.2646292322315	1014.2751424404192
1322.6085818030988	1319.4472819046618
1274.7469158175227	1270.6566003911012
1447.0155063128623	1442.7240665514078
1639.2302213002695	1637.6154515680182
1509.213192243129	1511.3003523078887
1413.391306655656	1418.8855844722862
971.2332667083538	973.4072995278074
1248.28512802982	1247.8322647127552
813.0461289049126	809.2805238709246
984.4010812643974	985.9844249162355
1387.1908332172898	1382.612046207656
1361.8399642334844	1356.3880080150195
923.1885186895961	921.8047400963717
1434.7007978636248	1433.9347249655218
591.7627315404243	579.9016035019364
1441.0989710632712	1433.4149186768864
1126.182132705464	1122.8081943594098
1197.670954295143	1182.5526169598324
1232.6258348867123	1232.7237776565223
1348.264931604761	1360.2150301055106
1485.3407289193128	1485.3399543722867
1321.271739583026	1295.5265041266412
1057.6311731860624	1053.3066148246246
1419.1072170771367	1424.224229909042
1574.383776797913	1580.1612098925352
1613.0619147427497	1611.1275904004194
1555.785041763651	1551.5123911722685
1078.7157228947617	1079.271582874868
1101.0701828603342	1099.6915265694772
1239.3411714822869	1233.4115111198525
1165.7288206644007	1171.4325532505961
1023.6818204943556	1019.4977703097765
1371.430164036632	1378.5424996349789
1178.9071074077801	1169.4245416383203
1475.4665111070208	1485.4851801297286
1565.812396047928	1557.7272535584375
1184.7363645795267	1186.1700334722293
1101.6876795444405	1083.9759678542978
1447.7285558122094	1445.849341612475
1084.0581152623636	1078.7273519068526
1372.8929477596248	1380.4500652694871
1104.3647016262112	1103.2824528543545
1363.020234984433	1364.2127797505432
1203.310258479003	1204.717497577351
1460.3533571101143	1463.5867977685496
1060.7726116515696	1065.6580268467476
1076.1843800822971	1065.906874597347
1051.3554313609202	1059.9444515130187
1515.1972287601675	1508.012781400737
1338.448420715722	1341.9886332096705
1118.023632229335	1111.258312799461
1280.1662298271258	1282.9033766350567
1277.8392807018245	1277.123108175049
1430.2266053047497	1419.5985273117233
1294.9931052736356	1291.3958688511016
1211.4979422693723	1221.8568157849531
1063.5052197723999	1084.4267534202215
1228.1022423738905	1218.3767101559733
1301.7487112742092	1302.58315457194
1503.2864646041417	1509.6427580935983
1100.9998849401309	1086.44926758069
1453.5933856912307	1454.8869872587509
1152.448295561917	1154.5729541744272
1628.5584719090548	1635.3172194294805
1057.7877873007674	1058.336594251291
1184.0972832768166	1182.9127316728618
1111.3894425945473	1109.4834250844294
1219.798313351639	1210.9184541375498
1353.497689635813	1356.7869264873268
1287.5011526763556	1282.3537915858674
1388.1633312234771	1386.3786913903944
1197.8074314852129	1212.7391612523895
1383.2534241224348	1374.1115941313901
1252.0437946519523	1260.3431567804132
1107.6339451788226	1099.342251947896
1455.762635423569	1443.8025912413177
1028.5890200151189	1018.2588217965931
1403.850575323304	1404.8408597744005
1245.0240913119633	1250.6488593121571
1295.3217195163306	1294.6632472713268
1274.8415273487626	1277.050458980492
669.4676372329122	669.2438446416335
1010.3486230160343	1011.8789854139995
1431.4263017236954	1429.9853348131526
941.7963506675733	943.456729621589
1206.6191631272668	1215.7245703946196
1431.0728737669997	1431.078932454573
1220.4813428320922	1232.7139777712525
1204.6116016531014	1201.1979340656235
1275.2221770797332	1266.999953910833
1667.57132150291	1669.7154017461203
1416.720798521681	1402.187597615429
1290.4975136874127	1302.599722808425
1724.3223780589178	1728.8751245514595
1268.2381061681372	1257.8811102172986
1132.0691886881832	1129.0470947271172
1046.153764390503	1035.107828403434
1417.4182210901927	1428.7277229901485
1651.6065887094592	1647.0195239379916
1282.1989039909386	1252.9417881869006
1244.7837695821945	1246.020415066668
1642.8373626985995	1644.051619604361
1339.615234086552	1333.2370354880418
834.587572234741	835.3859523103091
1452.758082990651	1462.382874171971
1281.2395637550508	1282.0813451816505
1439.1034129324253	1434.2795041292309
1169.977695338137	1164.9584649419178
1426.5217527414788	1427.6837325345377
1406.187692948588	1412.8529695544046
1388.1565480438585	1385.1697205413295
1507.0064675150206	1497.6012770970551
1110.6107957236527	1106.2471897764876
1195.3848833831144	1203.325234683003
1288.0055333601485	1279.1960725400857
1411.3600958517054	1413.329623510147
1246.797017052595	1264.3251440200427
1178.1554359691509	1161.6184831338674
1278.7251286637038	1281.915045071752
1300.0457696252852	1290.2065278476314
1304.6118340934336	1305.3422914964472
1085.6470654836448	1086.8489832172454
1255.155828196759	1238.9897878111758
1236.7989883249975	1239.9146736149391
1418.3210641213227	1421.4983578463514
1286.8976809452288	1292.27167401565
1418.3743262926582	1433.907202277725
1238.9210309708433	1224.3392254635326
922.5611699020665	930.5433453182823
1351.6035151497636	1357.054989974817
1231.2675243539852	1234.792866989032
1110.163817387278	1114.6137507197475
1167.588311745174	1156.1855559364956
954.4046853908221	957.6771857187179
860.9088401678018	872.4010774681059
1174.6368066408904	1177.6690807994696
1240.3461662010814	1242.4351368043945
1286.5650982432708	1293.7898707283878
1419.1622010886786	1419.6119644939724
1513.7819679125096	1505.1414550045997
1167.8861531987786	1169.56922307163
1543.9556443153415	1544.8671871215238
1138.8849590436148	1138.0445360135745
1526.53404915813	1514.159864159778
1614.8972732503025	1606.2902126544723
1370.2102849394723	1381.8475517116317
1493.641608669248	1497.786854904486
1621.6354914933327	1622.117345941487
1494.643036052672	1494.462243656579
1200.8578061485314	1198.4918443318738
1215.8684617489344	1221.411785028444
1062.4978282217635	1064.062560062757
1049.153529463947	1056.670270212879
1042.9399996286666	1055.9671488305337
1604.0964088368928	1616.2011631426046
1476.1225674502493	1476.7795582442016
1248.5615673683642	1239.52980602116
1345.4318789217505	1339.8768910128142
1159.2800456561963	1165.3159014975301
1264.8463928686688	1289.613370687373
954.0166646382131	963.1836883832057
1099.4823796933051	1104.7844474649032
1392.213591581094	1399.7463290032924
1252.8104254062055	1260.2676049983713
1245.9438640089065	1249.7963646204103
1429.520562271122	1431.9743156878887
1361.5618876593653	1368.6565996161796
1329.4752969157707	1330.3844829326918
1360.2421528881823	1368.4223705383672
1155.6105827631545	1154.647868197694
1331.1473555538687	1336.4904197428418
1490.228983883775	1491.663766860635
1485.5900687879475	1475.2397931415737
1306.0570881547173	1289.4537271312138
1238.867761499685	1239.242567753819
1241.4425881120842	1248.0858572939826
741.4725910786074	766.507211866389
1546.958576637844	1549.600543768729
1103.137518061878	1097.1167369864252
1209.8462370726047	1202.8925392124365
1429.5265747041267	1442.503492446457
1120.2948248266766	1113.9208737018969
976.1292814226763	988.5164610597665
1083.1942520263256	1068.8781414451194
1551.3155444290896	1551.9874039125705
1374.919537580281	1368.4575735533365
1390.1906559542986	1388.1694785501518
1449.4775838031492	1443.1480371265227
1141.9266386752424	1141.6464274210584
1250.074734954018	1255.411958254443
1436.3979301490763	1421.249471924366
1220.2076284108625	1234.7400892749624
1277.1106692314788	1288.546962445111
1158.4986030569999	1169.7699097871787
1475.186106995825	1478.316150220479
1427.7578807753162	1420.1886949421553
1380.3456675593334	1388.302016141644
1276.677436993632	1279.4124225547866
1545.4637106115115	1544.197922375869
1626.40754191851	1635.4805153038776
977.4115793458186	970.9377071504545
1365.479404324229	1357.3836110308596
1487.0002776139881	1491.1808373501485
1244.038658123929	1253.379111378758
1402.457301501825	1401.9373738475535
951.1281166011468	949.1322661750257
879.9679452078999	889.6714880379343
1211.1699573732913	1209.3405518049776
719.4791739861394	770.7977033856839
1504.3847169073415	1511.445257377032
1273.915369757975	1288.3860328284668
1629.9658827800013	1631.2546484097347
787.6793067250401	796.066250916512
1296.6235788540216	1288.941706863388
1018.4623117011215	1021.0495540151069
1279.7326374964323	1281.65846729609
1357.963583144301	1379.40333005254
1313.391388380027	1314.6159257918646
1208.0671529508254	1215.1058520671415
1036.0077756317332	1050.0603526827208
1255.6082999131759	1238.0656325873035
1513.498010278272	1503.2002133293245
1499.2307570967241	1499.9035399371041
1309.2155313447292	1320.7522362308787
1200.40976496425	1201.732293664756
1115.7719185682363	1106.711449791121
1339.899083336466	1341.2778785893595
1392.7124738195853	1399.2272349699
1236.7200242168328	1234.3812503763193
1372.0487738859374	1382.1344626254074
1536.4098968729377	1547.0421515184705
716.5087902168161	744.2818433453753
1574.0639317713503	1570.6503901722094
992.9363546261156	984.8604880145974
1388.8214580578206	1380.6804155146483
1060.3714787373028	1059.9067735880692
1334.906774984178	1330.3615274273236
1083.9247906620149	1077.6390769936418
1339.3238768584852	1348.989268748245
917.6102934161318	949.94544814473
1326.3336319622176	1320.5424157335408
818.6863570861751	826.4302623541308
1293.7094572761853	1289.9773500074953
1181.5232506104512	1188.5422006310719
1139.5594288195716	1148.2989428084065
1125.573324738216	1114.9582538970167
1609.3498238935717	1613.5219732800167
1376.78844457792	1386.0960740312212
1442.4656781113881	1438.041130128654
1245.045612480957	1249.5143463310794
1165.5912569255743	1146.1674021127094
1283.7628322281525	1287.287199803098
1372.6960108480707	1373.1024637811308
1312.9443326522014	1329.2534354405775
1243.929055913468	1247.4889567532482
1567.8978287678037	1560.125556755661
1249.886936894909	1267.97935008109
1492.2669078023173	1501.845701070395
1096.3110494568537	1093.6842463097341
904.1987276590662	906.7725209102073
1163.2997269847838	1171.0929348843306
1475.103853838984	1480.3075520806628
1360.357405945484	1338.715103240051
1404.631808359205	1397.637147235183
1462.9905749720929	1459.0432029604765
1439.013434232853	1438.420572226339
1057.9076358956227	1038.8306814816674
932.8883314089326	942.83107163737
1604.7499463723507	1616.6990496841051
1523.3940246227721	1517.201491902809
1634.3156582351075	1629.7862383696854
1652.61954079743	1637.3344195993632
1375.479625743872	1366.673310936028
1461.5368109426054	1457.5051134098348
1136.7128906212165	1139.4189411126488
1292.5603056818072	1286.6871563811867
1141.0870767104498	1130.4454090461381
942.3188368151023	942.5522937249689
940.2490788139694	929.6950260014323
1119.7855255921604	1116.6044873549822
1032.1728854336252	1052.6903957449695
1478.4754099122365	1504.1269270078892
1481.430453194509	1478.9560223702588
1155.821758318867	1143.9555620191663
1097.1122999145882	1101.0442445050367
1330.8014045862074	1324.1872110530098
1171.8501290750282	1178.2233030500558
1263.4266210704227	1267.6359185821675
313.095737904674	381.93711595472564
1092.672822916822	1099.4564455757047
1620.658281156735	1616.705321541465
1290.212856036349	1288.3948588569638
1248.3976283726515	1254.114882790298
1047.5867908460787	1050.5313399413626
1145.8381418787467	1145.9025224312634
1024.0322310808406	1019.4115351081413
898.8686727141903	893.5315181215072
1669.6686446101521	1676.9015059793214
975.1686047344992	982.0821287725653
1252.363281396014	1248.6446627912203
1218.5424027939735	1219.2438289644074
1199.6154248891398	1195.8942064467435
1440.8992987888632	1444.0026048158015
1848.7320847638475	1844.90256828088
1040.5948491728632	1045.873739360763
1483.2878466377442	1489.3546695172015
1175.2710943173151	1178.4334281152555
1120.6299303282576	1119.5721022872917
1633.7759304109786	1630.38199145558
1160.5700374177832	1159.8856345093557
1259.944763934589	1283.8403179945938
1273.8842565071245	1272.6697691380928
1110.6777820587158	1118.5950635092845
852.2202928202751	861.9975410629521
1557.7953651430435	1562.7571482002793
1350.0942285649653	1354.023414906067
1237.6918616017792	1233.2802158824045
1128.2909035151824	1126.0940150807573
683.7291469574411	700.6498765051107
1338.2545636664727	1323.6237452027588
1376.6646969488938	1373.216625361138
1203.0348530561896	1203.7548561206459
1633.2377230230195	1629.0631648578517
1493.4396356306388	1500.7518131784966
1666.5398452357913	1671.003774471659
1242.3423564363911	1239.824835609963
947.431184096029	947.9851799399171
1323.736240788392	1320.7357332125343
1313.2706564668042	1311.321406710679
1758.349882837152	1753.8194727369487
1391.655021731247	1385.0142012491287
1263.5890973854112	1268.5650576978142
1346.9191237865307	1336.989470868855
1733.6073761397274	1728.448611278946
1511.7891028619197	1504.4959120945687
1443.6015060974169	1447.2926625010234
1508.1176541107125	1504.2365554205503
1442.282048347406	1450.4420646462588
1388.2133685765148	1392.2832068010334
1450.5036042519205	1454.4277028653883
1373.7184901433357	1367.9533178296592
1172.8848359558324	1170.077753287493
1152.5241535257665	1177.0940798275763
1298.2296096703503	1287.172682723961
1204.4128015357128	1214.233352346742
1149.5048722804058	1152.1701243642788
1474.3362935506448	1482.2107684105843
1493.1831638222502	1490.1258693932843
1486.3419235021574	1494.9802840224936
1023.3733041647938	1001.9762701256204
1004.0097343512753	1014.5862882006232
1429.3962030884286	1422.7598593163298
1119.045945647027	1122.5577671698138
1302.737632098375	1307.791560364845
1271.9722012202838	1266.5598175392254
1058.829388536542	1055.8705671119128
1380.4314892673574	1386.6085086685564
1428.5402690488845	1438.9468524594465
1557.9459811946144	1558.9879308365375
1164.7957212846377	1170.69624676268
1344.166927869548	1344.4925744155014
934.9456668606726	937.4470176077352
1219.0328196306946	1236.3727230000752
1096.1735419924953	1093.8196238091311
1175.0321900516283	1186.0168440376526
969.9275991120085	986.3047883925602
1493.7517392557347	1492.7965328484895
1338.8857818638498	1334.4155516097828
1185.7342347924132	1191.6503989401222
1217.8831511221651	1209.0190069042562
1412.4620332230406	1411.0944449070844
1334.75760879906	1343.8877914617085
1503.4949958307552	1508.9657880605569
1204.2084919037297	1196.4899002350344
879.3222137864796	873.5955774341758
1233.418549215101	1236.008598949123
1146.9290302136797	1140.181409272216
1403.338568754145	1396.404383163343
1016.6936187932442	995.4117574209853
1135.3365775523707	1133.5943621555466
1383.826625803893	1372.3465500311115
1520.8504814802436	1516.8544039755268
1211.5297756609216	1196.0645235959619
952.6480753825163	967.5732031423046
1095.0656622736133	1091.2945992823695
1473.353377031337	1480.0045592924146
587.0430134190829	607.8142401782055
1243.0857457799139	1239.2223743347165
1306.4152549718274	1305.9484683402745
1152.3558594479691	1158.9207239360906
1315.655736676039	1310.7484548380753
1444.599785348808	1426.1331937812995
1442.7965084453172	1444.5223861436561
1210.2851941449335	1210.2326239539327
1063.0716650700488	1067.2029623278652
1039.9049846501148	1053.916454329096
1629.9666362753778	1621.206255203918
1200.2275659922161	1194.59985821841
1306.2797041181766	1310.1438691638823
1632.2398863924318	1621.0120345432504
1161.4271256798238	1170.9069913370658
981.2672819635773	990.9587964872427
705.6203609162767	728.0628592367069
1005.0210222213354	1011.1476527270353
1276.6606232266058	1271.0531229108824
1087.5578523072181	1091.9862343317088
1341.1594004608633	1336.3985575934778
1235.2072423810314	1224.2373960946427
1378.1640218637767	1378.1031907729878
1501.4456245650363	1511.941511594338
995.4724539871386	1009.423443964366
1141.0046745554137	1146.2195021807856
1249.2361579566204	1246.0002521000815
972.5175666494179	967.7363192346819
1023.5291644324316	1032.3025638002916
1195.608647948975	1189.065695863849
1231.263072863745	1219.9456372093432
1126.5283559628297	1122.5029259422902
1355.2971920326527	1353.863288925356
1440.4823180895182	1449.4674338634477
1130.2578395333258	1123.755814167496
1346.2675016869325	1357.1055107742154
959.1761338095821	946.3280572105184
1333.503588216874	1332.328845764103
1182.2240232030745	1176.460742708512
1037.5750258274493	1034.6031531003448
1341.7691019914928	1346.1466768068262
1172.3083621566184	1166.1722492863469
1280.7345701644372	1288.544403013391
691.507622496385	685.1138980490754
746.3423755132244	751.1386421970045
1247.077004176681	1250.7971130754452
1022.5663572085323	1025.6270800321145
1120.279837786802	1117.0823630137647
1266.8451220687712	1266.3771697951106
1294.7986280492914	1297.4080187720801
1135.251799477759	1143.2700863733387
1142.3684256578272	1135.019520571314
1279.8043181036483	1272.708826840175
1356.3449624519562	1377.146746496276
1437.3736596401432	1442.2834791076568
1111.723410965642	1115.9968715028556
1259.1397355975932	1264.623994313122
1075.5531114608166	1088.2830630393137
1620.8387650695513	1625.147019915194
1487.788112988579	1498.232187543187
1384.849811701948	1387.6368140998538
1304.2836643047049	1294.7054806040103
1295.7364304030489	1293.8921693781053
1079.8148501696123	1071.5340753545793
1267.3118986239715	1265.572482529063
1448.8586533168855	1447.2445883311893
1237.2960167267302	1236.4765472961933
1249.5218690903275	1236.08829978337
1063.3337359630968	1065.1367789847743
1115.7966216606146	1098.579679676754
1460.4622802234953	1446.191718215091
1518.7532387486426	1517.0045661678796
1063.4528991318075	1064.4265448683275
1345.420827284077	1349.5610265906428
1285.9864213963447	1278.2311725187678
1609.0876759329112	1613.6950087197558
1317.7364184656763	1335.4177144118432
1319.7272321499768	1303.612743619132
1193.2330890300218	1181.3732245800945
1140.2253626360325	1121.8319942228334
1400.2956599378376	1402.2916544297875
934.8933141416346	936.5636211017882
1075.508738782606	1085.6355320480404
1174.2571898771857	1171.5610632402606
1249.4305603309476	1248.262863328213
835.9445894350938	815.0194583059063
817.1055850811099	805.3853551158323
1350.3488952468324	1344.8364308104574
1318.1905664839724	1319.1782918775239
1169.759072303481	1153.8318686300788
1040.6888206415751	1024.5384082030662
1431.649855294614	1427.8110447270108
1347.320578755287	1336.8020196456398
1096.6555611480144	1090.098584989729
1421.9075227079738	1425.6686626809992
1359.7113896011433	1368.8521170782624
1623.2773187024286	1617.5635261874083
1444.3710085665516	1428.85479200289
1409.5603183907806	1423.2037244411094
1429.3146494425891	1424.5091495789611
1268.4998184483557	1271.980928979371
1421.2213521962985	1419.4402780425437
1544.544674867182	1544.2175527254042
1214.0186301996582	1216.3114693572068
1306.6845280686684	1298.1194171761751
1035.8131344793364	1048.9901610479133
1032.7553156780777	1019.539262817051
1365.6999567049497	1366.9062898382263
1380.2519026736263	1363.825912964822
1305.5750102406892	1313.2399718490176
1487.925346685195	1476.5891005888002
1424.7837003493041	1424.6088464072445
1103.6063578837784	1110.1560840129882
861.3257561521314	851.633059441386
1534.1851934421575	1536.4508586927573
1035.599405533576	1026.4118755315628
1110.9414890752232	1113.5433547412931
1153.3848056028655	1145.2917756399206
1281.6702494418423	1275.1511345595488
1499.4408933925151	1500.4565015889573
1181.2997843226767	1179.3948572872673
1249.0393469416886	1236.5181713840386
1067.762729861075	1056.8010865927374
1273.8723042132624	1267.136476596879
1619.01025540111	1615.7741131585212
1258.0476159417303	1271.6863488022927
1111.5695579568564	1119.3097133504039
1099.7906964031863	1098.107094881638
1257.468868364318	1259.9374614522662
1354.71434731083	1358.8923590680467
1319.336869634164	1341.1852636500766
1501.9943936662748	1520.5892697616207
877.7593940747902	877.4032026595011
1117.475816078746	1120.676393472454
1170.6416075653397	1178.61077237002
1456.0226501316356	1451.1716164979302
1629.7960059045872	1623.24515219387
1126.4004946450586	1111.125918054378
1391.0160072561994	1391.1884724759364
1607.444188474561	1606.0670081651579
1425.6037714073027	1423.9661678405373
1510.984308963205	1508.3776947600645
1011.8065632537764	1004.9050695251349
1441.3436314696446	1441.0292827537878
1749.2322266011906	1755.2809269939494
1538.6710669201857	1539.254081694681
1187.6142526802141	1186.0822916779991
1347.7211911668128	1348.3530509576588
1354.7154364406015	1366.8758164919577
1190.1552074652864	1196.0516354225124
1095.281449485541	1097.1315572664364
1322.2692989277712	1320.972154002489
1235.567558370909	1259.8800900894037
999.2048579667753	1000.1591175426183
1272.3889147761802	1281.3326386197948
1501.3122672734025	1501.9767955666384
1257.2736687104625	1264.3800590029996
1432.4784703940968	1440.8756999329746
944.5946913011139	950.4441689235217
1731.3790371957875	1729.619746909186
1334.6578669114679	1338.525609575824
1453.9002606770664	1446.8342798099006
