1.677799423222375594e+02 2.994055631394888284e+00 1.000000000000000000e+00 1.000000000000000000e+06
1.622007717622236100e+02 2.723044050979501307e+00 1.000000000000000000e+00 3.162277660168379080e+05
1.492656134071027907e+02 2.220462689469524520e+00 1.000000000000000000e+00 1.000000000000000000e+05
1.273194800925884209e+02 1.792671840849729081e+00 1.000000000000000000e+00 3.162277660168379589e+04
1.019496576789931908e+02 1.453904392862860329e+00 1.000000000000000000e+00 1.000000000000000000e+04
7.556526233027858552e+01 4.166341786715539008e+00 1.000000000000000000e+00 1.000000000000000000e+00
7.368712279683117572e+01 1.290568836567019595e+00 1.000000000000000000e+00 3.162277660168379043e+03
7.353190111784155647e+01 1.275816013747969047e+00 3.162277660168379394e-03 1.000000000000000000e+06
4.591044274583815366e+01 1.373690013836377899e+00 1.000000000000000000e+00 1.000000000000000000e+03
4.541599597823805823e+01 1.296995145973163011e+00 3.162277660168379394e-03 3.162277660168379080e+05
4.001736245816961457e+01 2.159699918440981747e+00 3.162277660168379394e-03 1.000000000000000000e+00
3.985954486051367951e+01 2.152297273431874380e+00 9.999999999999999124e-06 1.000000000000000000e+00
3.985904427017290175e+01 2.152274531604410956e+00 3.162277660168379191e-08 1.000000000000000000e+00
3.985904268714445209e+01 2.152274459688253927e+00 9.999999999999999072e-11 1.000000000000000000e+00
2.802559554802447650e+01 1.434817770177337470e+00 1.000000000000000000e+00 3.162277660168379043e+02
2.723446353785841012e+01 2.121818180022190248e+00 1.000000000000000000e+00 3.162277660168379079e+00
2.698529996030630329e+01 1.215871005397360483e+00 3.162277660168379394e-03 1.000000000000000000e+05
1.969837612473919108e+01 1.205866732462374191e+00 1.000000000000000000e+00 1.000000000000000000e+02
1.771584177955955397e+01 9.075849457906453033e-01 3.162277660168379394e-03 3.162277660168379589e+04
1.585098678624382629e+01 9.503259262259988738e-01 1.000000000000000000e+00 3.162277660168379612e+01
1.575299516165334168e+01 1.107036489822234682e+00 1.000000000000000000e+00 1.000000000000000000e+01
1.273486481004253079e+01 5.478508844274462275e-01 3.162277660168379394e-03 1.000000000000000000e+04
1.162615129446241902e+01 1.083817381046984663e+00 3.162277660168379394e-03 3.162277660168379079e+00
1.155136000246382011e+01 1.080819218591314579e+00 9.999999999999999124e-06 3.162277660168379079e+00
1.155112651120261447e+01 1.080813373636259067e+00 3.162277660168379191e-08 3.162277660168379079e+00
1.155112577279722430e+01 1.080813355153626310e+00 9.999999999999999072e-11 3.162277660168379079e+00
1.092903570926184642e+01 9.493945919489488183e-02 9.999999999999999072e-11 1.000000000000000000e+06
1.086776249549091133e+01 8.631777721907389622e-02 9.999999999999999072e-11 3.162277660168379080e+05
1.073075074772356707e+01 7.387480927032472056e-02 9.999999999999999072e-11 1.000000000000000000e+05
1.051325242145134453e+01 6.788621943280742643e-02 9.999999999999999072e-11 3.162277660168379589e+04
1.033768106052385427e+01 7.683631804551852018e-02 3.162277660168379191e-08 3.162277660168379589e+04
1.023586794170790881e+01 9.819816184809285198e-02 3.162277660168379191e-08 1.000000000000000000e+05
1.022964331908268321e+01 3.046807649502462634e-01 9.999999999999999124e-06 1.000000000000000000e+06
1.018157032753232194e+01 8.653166780101965994e-02 9.999999999999999072e-11 1.000000000000000000e+04
1.016021283699839550e+01 3.134963369640341169e-01 3.162277660168379394e-03 3.162277660168379043e+03
1.012943592198205423e+01 8.833602358256766041e-02 3.162277660168379191e-08 1.000000000000000000e+04
9.782791828073927221e+00 1.498569415064940347e-01 3.162277660168379191e-08 3.162277660168379080e+05
9.735555814902271621e+00 1.389611949923376666e-01 9.999999999999999072e-11 3.162277660168379043e+03
9.721799313702778278e+00 1.397608559919606974e-01 3.162277660168379191e-08 3.162277660168379043e+03
9.249011192206641141e+00 2.079032035577531856e-01 9.999999999999999072e-11 1.000000000000000000e+03
9.245604350709765384e+00 2.079913488457788284e-01 3.162277660168379191e-08 1.000000000000000000e+03
9.165674023443894924e+00 2.118911718292812996e-01 3.162277660168379191e-08 1.000000000000000000e+06
9.041256059167187331e+00 2.629918011586094284e-01 9.999999999999999124e-06 3.162277660168379080e+05
8.883848961441945136e+00 2.673062319281363508e-01 3.162277660168379394e-03 1.000000000000000000e+03
8.779643649368310321e+00 2.525818333674439420e-01 9.999999999999999072e-11 3.162277660168379043e+02
8.778926288200562311e+00 2.525988735772116134e-01 3.162277660168379191e-08 3.162277660168379043e+02
8.651290599474275922e+00 2.260996311666653713e-01 9.999999999999999124e-06 1.000000000000000000e+03
8.592026573977737058e+00 2.561913455688791252e-01 9.999999999999999124e-06 3.162277660168379043e+02
8.539885295204168614e+00 2.224397050934971698e-01 9.999999999999999124e-06 3.162277660168379043e+03
8.537710867590188712e+00 2.611147478029992031e-01 9.999999999999999124e-06 1.000000000000000000e+05
8.438120055075197357e+00 2.647129981718112091e-01 9.999999999999999124e-06 1.000000000000000000e+04
8.401088766637283101e+00 2.746820615907505370e-01 9.999999999999999124e-06 3.162277660168379589e+04
8.327937872144058673e+00 2.687725035257439998e-01 9.999999999999999072e-11 1.000000000000000000e+02
8.327820373416340516e+00 2.687737206932184764e-01 3.162277660168379191e-08 1.000000000000000000e+02
8.292710520876847013e+00 2.688835779689700001e-01 9.999999999999999124e-06 1.000000000000000000e+02
8.157568782219804859e+00 2.568985850375554714e-01 3.162277660168379394e-03 3.162277660168379043e+02
8.113889284124192969e+00 5.767455958196473498e-01 9.999999999999999072e-11 1.000000000000000000e+01
8.113888131432323902e+00 5.767454694017132288e-01 3.162277660168379191e-08 1.000000000000000000e+01
8.113524447060555644e+00 5.767058104990042677e-01 9.999999999999999124e-06 1.000000000000000000e+01
8.052223739610912645e+00 5.668735197814200877e-01 3.162277660168379394e-03 1.000000000000000000e+01
7.971415620267348068e+00 2.785353880686775030e-01 9.999999999999999072e-11 3.162277660168379612e+01
7.971401319845165645e+00 2.785349973505101828e-01 3.162277660168379191e-08 3.162277660168379612e+01
7.966931785458595705e+00 2.783671819885201737e-01 9.999999999999999124e-06 3.162277660168379612e+01
7.666436813424721386e+00 2.323820777454868314e-01 3.162277660168379394e-03 1.000000000000000000e+02
7.606136041231152944e+00 2.544493346396021760e-01 3.162277660168379394e-03 3.162277660168379612e+01
