1390.1706411265768	1398.2065697442854
1346.4052223041363	1361.0073550252282
1043.418890070403	1061.1263800150814
1069.232310440013	1076.2356428837913
1408.1428370108188	1400.1465534443514
1299.7745419772982	1307.9178372802025
1519.8959559356153	1523.013871590928
1267.451812188956	1261.55892962053
1255.6766070423764	1254.1476055183755
1408.2727711198386	1411.962603678767
1256.0277127930312	1250.2535976914157
1103.137518061878	1099.7517765224304
959.1531332963496	958.2981941218046
1285.726948197931	1282.777469688489
1063.1110241800488	1037.7614880695005
976.5761458576017	968.8617231429225
1212.2112062349042	1206.1794964720218
1567.3198797533987	1560.9777534313705
1439.013434232853	1436.9073379246079
1328.6204722609255	1316.8216452181198
958.9360092708375	967.950381038233
1360.8675531795307	1360.7574249990332
1239.86993215236	1242.0935863612522
1285.5013118440693	1282.5417103130872
1019.4460936972464	1025.6475447147573
1616.1076615647762	1618.2803800497777
1429.0620938970824	1432.7856786846469
1179.143915867462	1192.0438611663396
1426.5217527414788	1429.1521049341109
1485.6614323907706	1472.3474604355881
1251.1346530521114	1252.8928050939517
1346.7843496292771	1358.8778436623236
1373.042776610935	1367.7016160825094
1083.9247906620149	1077.1597731790205
1726.1470909136988	1730.9464521674602
1170.617216810293	1165.4650790321218
1550.0873857720871	1546.7412263189321
1516.0635968399874	1525.2989093869287
1198.6805503421347	1212.845023055094
1229.7448434429243	1241.586776775724
1188.904011638544	1195.123249776026
1190.8336694228637	1190.8893497454185
785.2386870049231	785.2037939707642
1328.0315320941154	1335.9313798952169
1143.067534457252	1129.7794655234172
1360.2421528881823	1371.620193135277
920.9873175257817	935.6584802494408
1287.7657705590827	1286.3712863223275
1335.7926419135183	1337.7822669511197
1248.4911333583877	1238.2561113468928
1490.503412056336	1485.5836401056226
1211.2709392731194	1219.7929308124274
1422.2691060812504	1429.7865638161368
1191.9636458212917	1195.3152357715433
1317.5639047388686	1322.111057107176
725.9054278059048	726.5973649745654
1374.207226868777	1375.642007904475
1547.1727524044982	1549.9095897576376
1276.9174238654377	1278.8142126279372
1438.2556639772083	1438.691779671398
1232.353505672625	1225.0430231926334
1245.883633413352	1247.5884998360227
1145.932812714891	1129.4920040055983
1141.5034934215655	1139.5911901334428
1235.2328220287745	1248.8200804944622
1097.1966634363635	1092.307139599587
1344.3874544237915	1348.6150736569741
1562.8054149640957	1554.389338479777
1493.9633983352105	1492.4423612883013
1450.5607930807746	1449.4744143459354
1219.8552155818033	1221.3724982439117
1339.890596989484	1349.435733518735
1336.53415568333	1350.1723120645643
1191.4784334169235	1182.0609505066398
959.7257939627452	944.415179243273
1130.2578395333258	1127.1046429474004
1317.2154124566587	1308.3246084248622
1355.1567983521963	1358.7071492606183
1159.2800456561963	1163.6365003880317
716.5087902168161	739.8813877510305
1391.0160072561994	1393.3385963736896
1385.4394635095668	1386.6456312395662
1087.5276042906917	1092.334228685595
1611.7832909453718	1610.470059706885
961.1909551963327	961.4908297654383
1292.9941625219362	1293.9996310168733
1283.7628322281525	1288.8987380987276
1235.32136781179	1233.4933593594924
1051.950347037462	1060.0009319227484
1333.1379981550272	1336.9761132751946
1391.4981053998927	1385.9160908601048
1457.814637237636	1467.6098032177456
947.431184096029	945.7491696035266
1472.937256086152	1477.1843253955444
985.8174072625116	990.9044057126113
879.4618503114325	874.974515870652
1524.2787654058484	1532.1486727483596
1454.6743405666493	1448.2518235288833
1288.5072765340446	1287.9837926843654
1284.2895694421022	1277.798278511406
1174.6224169452325	1186.8704385164654
1267.161974384304	1277.653362929815
794.6963720633648	768.684222079426
1152.8994028561865	1155.1615319734888
1391.2528948745166	1387.6374115049186
1230.3936526472098	1226.547356787466
1598.8457755396375	1611.2820380411179
1327.3935449351848	1326.3588772376131
1000.9523593032209	1011.8933782646252
1300.1139806441497	1297.2292267353348
704.2980361693772	684.4176204758567
1465.0909397520008	1468.3941704824
938.4258478958509	948.247296749782
1113.8556390886952	1125.7175421690745
1496.728199118108	1495.022937411496
1168.9799615436932	1172.2639196756954
1533.4458730743208	1522.5009624125544
1442.385832206026	1441.4078812527005
1632.3577241552412	1624.5020447716588
1152.5624184242915	1166.7373882850607
1169.999853455054	1176.9160425883288
1495.9687564307533	1500.0977069852177
1232.4966871116776	1237.6913554703356
1243.929055913468	1246.6825264466725
1390.278494027938	1391.5299694630867
1433.2585910848575	1432.6664157106682
1275.4902039405715	1271.3070730267762
1143.7545950236963	1169.4866243059746
1247.912736685481	1254.1733894642605
1525.2951012173435	1523.4787535595565
1513.2290314686834	1518.5392105776318
1084.9067935367639	1084.5808036132491
1100.9449725220911	1101.501225274596
1339.528953074565	1342.288038808536
970.1232183999382	966.1447381662086
1171.1166211790114	1181.3750037250484
1413.5034284449648	1415.0337031612894
850.4823576931376	833.7588356306336
1343.4779134868877	1330.0004637897214
907.6630425709882	894.9645011462987
1348.1094702783157	1343.5640010585246
1364.7244929605804	1357.1842689083715
1617.681000346376	1625.1259695046367
1163.2997269847838	1176.2898881879828
1454.4017443729972	1443.6384493798605
1223.4235879379848	1212.2820854303018
1527.5242180262867	1521.3555775459636
1508.6229792819358	1491.1191588110553
1471.1158243153768	1478.2526319553397
1455.4857379568857	1448.2818700538264
1432.6435804390348	1420.894309404774
1298.0775959650928	1278.9036249119374
1403.485110579728	1398.1513241947523
796.1471265628061	792.2821474704164
1250.074734954018	1256.3095381631458
1077.413668263558	1081.5630689621046
1318.6868132726813	1308.653520280794
1092.8734637738671	1099.797487784011
1498.5711029836966	1505.4504403679382
1078.344185298658	1071.0369673662385
1560.6426543746202	1556.1709187887616
1151.2101887192111	1150.2612369062012
1372.217391529848	1379.9053269964156
1096.3490827621426	1095.2923337167451
1317.362563814997	1325.9952795439872
1387.6965635901433	1375.594452553726
578.4313893647632	592.5174772427223
1441.7136418682348	1449.2530096500036
1640.4016945665935	1646.4764156341712
1154.0756238161703	1162.7875581465814
1360.0776841971383	1353.18378839662
1345.080993671174	1344.24477595817
1437.0344104993274	1438.8821246034486
934.8933141416346	939.4694371018434
1261.4712491783139	1275.4246034026603
811.6724026117008	802.759919349591
1250.020599391166	1251.8595095154321
1271.9722012202838	1266.619238638598
1099.4823796933051	1107.8228290320662
1101.218377282814	1100.1512280139887
1087.9023587809643	1085.1462631585725
1011.9853100092441	1010.1505256723757
1343.2513981287193	1344.1965555849035
1016.9711908395984	1017.3712417694518
1195.608647948975	1193.2426180214604
1265.1489738328964	1263.936625243983
1281.0050095604092	1287.2087651110712
1613.068917243887	1608.3633684937722
1024.1806130255572	1030.2588679207322
1113.8995999974431	1117.5324047248869
1086.5560385495774	1078.7013564500276
1390.3844107644109	1395.8099244986297
1034.9855468144524	1025.6542008813053
1634.3156582351075	1631.7858770604178
1756.6263620259124	1753.349543216213
1372.9509806144342	1370.5883717114002
1503.877155962342	1496.1210069184226
1184.578912855417	1209.0136020902619
1369.6436319981876	1369.1621242784083
1353.2896484066732	1369.848366116606
1116.375095136813	1123.8016895255912
1308.3166301094752	1315.8718069956506
1258.3357774480246	1257.4277425655196
1292.9448753473407	1295.999045464253
975.6697485631448	982.1562679131086
1096.4332983712375	1102.6039712267457
1329.8838836731738	1338.1531986790474
1403.6993715071294	1405.510308936992
1318.5097648176306	1308.8650816917836
1160.3267906164983	1154.2004558214394
1317.0491040247725	1302.0496119315662
1220.1105069709884	1213.6571457655994
1225.6695921305218	1223.62917694519
985.5827211427968	982.7824748286826
1488.0634823122236	1496.2936476537684
1155.782401623641	1150.7110226631241
1170.759841170453	1164.3196723109731
1275.6836482362996	1277.4852884133295
1558.77362964215	1552.390361398222
1397.8398036569415	1389.2379485163494
1476.504417096643	1476.6335736345331
914.8279855813016	905.9492846271529
999.0691513033526	1000.4357171493447
1451.6994192792918	1458.3347332806686
1254.4972162205377	1265.4252412189994
1122.141239932971	1125.0817058954915
1372.6967093542917	1350.4607671500387
1128.5020548489701	1121.7816082682725
1342.4556249665911	1350.3001880513907
1295.9455045883951	1285.8230456231347
1338.2545636664727	1320.1825628239876
1303.9941917132237	1300.107885201159
1757.3305062935688	1758.0994957813036
1294.2502713618742	1289.6089973496125
1291.1557863201888	1299.48187248924
1305.192228744796	1311.5461388510853
1462.6816380076343	1457.271385774446
1426.8978204459418	1421.8666297816028
1249.2361579566204	1246.239189637209
1343.7972253149492	1340.666747718458
895.9919444745174	908.3856133685041
1151.9264259272604	1162.5510472650208
1309.2155313447292	1317.9452606926002
1271.9457792069006	1269.042105173797
1445.6191788750584	1455.4905929348242
1576.8614383164968	1576.0795561553032
1345.3657558256236	1341.8834200386893
1406.3675909490848	1403.2083387237808
1078.7157228947617	1081.7184227260939
1510.6873391611734	1498.076775759899
1132.9428841752524	1130.5912723819854
1278.2346253923315	1266.9006517190314
1540.7368551086984	1544.5849357671534
1487.9851793560374	1499.221178350724
888.792739544413	906.4886581891709
1120.783605048724	1122.6615758240903
1321.384893353883	1325.423847091291
1384.6915497201553	1375.1431086008208
1620.7070936682867	1622.4396465935072
1073.051130986947	1061.2618905132776
1158.2423969249066	1146.8295219829597
1227.4317349025223	1229.3760570886952
843.1645849430352	833.552544776994
1116.717052217864	1137.7674704301146
1494.5004637988168	1483.6697136603846
1228.099472085305	1246.1480134800206
967.182814539352	972.6865088516478
1179.9269410230336	1171.1784024721414
1388.0370776217896	1375.745517872323
1673.3780435396766	1672.7842139184816
1564.1215566111787	1555.8556050531276
1077.0978402993933	1078.7536515804836
1341.947939856589	1336.707721347903
1515.960731540661	1521.9660886670777
1063.0804503436957	1062.603674630282
852.304556899122	853.7228457449495
849.5560382169788	841.1309661885132
1319.1715438690444	1332.5326092626308
829.7733147902181	835.7443258286047
1675.190202754835	1673.4410510169341
1517.0674257994106	1528.823468330457
1533.6675889627368	1522.1249771939292
1635.0721643901488	1642.4896934264725
1620.0613564940868	1624.6544988560327
1307.4424487948709	1321.9671207010697
1635.9811078317289	1634.0254244035407
1509.3256416818476	1503.5426487920936
1041.9749044461641	1041.1575500889116
1615.3762005864992	1616.0287803429842
1247.780377662275	1227.6695479939026
1390.2089113268885	1382.692661790092
1110.0122698884807	1122.9468556376835
1036.3719075789559	1026.3556393412237
1609.511390500993	1599.4692233049893
1337.6967100530746	1341.175248629197
1555.8730988433526	1551.1506192589861
1260.4195501395152	1262.1569749043908
1340.1993078550731	1337.983845280938
1450.3194338151661	1462.382002901412
1578.3344063816476	1571.294065493467
1282.1989039909386	1249.8546708625329
1418.3743262926582	1432.8946646762795
1129.5520172319084	1141.018099574357
884.0017855205806	878.9256239801393
1223.4557502723183	1234.7060612759703
1360.2132436262036	1349.1892901856693
1281.4832467379747	1273.375556217648
952.8468317047227	957.9960438349464
783.2143161125277	781.0789219303825
992.2483363034262	1011.0675010083536
1384.6469418696943	1374.7471171010304
1363.1808527491812	1353.2595569645948
1187.2833978988929	1188.0388818142162
1375.208624513325	1385.0628729740217
1132.1429751133255	1160.4159590842692
1111.86923804853	1122.9649951401177
1575.3253727868141	1569.9283049864925
1293.854654102499	1295.879923042089
1156.171802734927	1165.6353783847296
1611.5209838536684	1615.0426217302222
1355.4028394784254	1356.6460862103065
974.7745621372014	964.0036380345754
1356.0127852785517	1358.546422258763
1082.9313396324287	1093.5368094229636
1270.670260644576	1270.4272734621663
985.5424550081952	991.9170089553526
1625.0444326619618	1627.737095388127
1288.5937212519639	1294.1517345911732
1724.9124600910582	1726.0366406133046
1338.045461954869	1341.3252553585799
1348.264931604761	1360.2784717488078
1251.4366156248434	1247.2713999967475
932.9694253792695	939.7983944603014
1427.907794797502	1425.2371386306936
1538.2224526715872	1546.5211742185588
1270.695118622447	1277.2949972816687
1434.1860456146824	1442.291969730159
894.1188126365596	875.1284124497498
1194.8542424894113	1247.9936986590767
1227.874325522076	1241.1689935326272
1336.8341890698648	1328.4142385169744
1513.498010278272	1495.615660811276
884.9819243815	898.7894030823502
1339.3238768584852	1346.7531528493864
1353.497689635813	1357.091267214146
1326.7351514380134	1313.0862376692937
1257.181443983136	1247.3689534643765
1158.2513015655131	1158.8649860775388
1249.5218690903275	1235.808893565758
1474.4190921943518	1481.2843872321082
1427.7975370414497	1425.5852846304049
1295.3350339209137	1287.934772944486
727.2981586876849	729.0788467481111
1160.6153776539431	1157.3560028230195
965.857024622208	970.8552752152672
1147.1049047248962	1153.2994092180973
1025.2251114585088	1042.5420750113008
992.6511306076718	1004.3216962657922
1409.699660591723	1404.696161760237
1270.1373354375537	1270.7894116088682
1492.1961639046785	1492.6056086608437
1246.797017052595	1265.5482847552923
1413.6245296863199	1420.851828487503
1288.061558927322	1279.57379633543
1493.91045713739	1497.8619581662845
1086.9485458606505	1087.96977615257
850.8568937512173	852.3093105291263
1169.632389656559	1165.31456645688
1118.1790479064803	1131.226450385001
1419.9872963069065	1418.3264171522837
1302.6801713644527	1292.0765218806528
1187.9986514041666	1180.1792932199976
1097.650565586955	1099.6834889611234
1624.3236019975157	1617.9088200146866
1211.0269992039248	1208.608829710049
1239.666840538208	1242.4548946017671
1003.7378743785957	1016.1057028372131
1618.114655160898	1619.0318191113072
1004.0097343512753	1017.9886022844065
982.981204757758	981.3178475324389
1132.0778017554258	1131.3994243214702
1229.0197157950315	1232.8941852990365
1155.2722294030245	1166.573207147011
971.4020005470375	968.97744570249
1571.0864769577165	1567.0569937762605
1645.41576048368	1641.9115386388412
1313.8767512511695	1311.839154978838
1059.6669714955206	1059.8699743846287
1383.6530551502365	1388.6207066528639
1314.2719767283997	1303.7010042009815
1745.5605667103082	1745.4267125840315
1330.2974376744241	1313.7944824754986
953.133853307314	947.3321120933235
1032.3857157761522	1033.1061625801553
904.1987276590662	911.0217684061502
1515.45279699791	1511.41641677854
1036.7898553183186	1032.091807228993
1224.7511890344322	1232.288948552642
1108.3327722584072	1113.0947060662975
1367.0834036955494	1372.027140957455
1632.386359140597	1633.9571765399069
1437.3736596401432	1440.9222598143742
1540.4538732592482	1541.2795465557192
1056.0640072212555	1056.434958498678
1023.6818204943556	1016.1827781126207
676.3705526930862	691.5586887209074
1555.785041763651	1552.6929984177493
1223.172720604809	1203.2862592466356
1263.4860839575704	1266.0786303188918
1242.2817511012254	1258.2176508841358
1114.2222206257284	1114.8921610062655
1356.2097506193677	1361.926878645379
1517.1726778863522	1524.2532481650933
981.243996240315	981.590895130443
1275.3200064921984	1287.220988749711
1049.7612773003057	1045.6543553294016
1325.5050298319838	1326.7962861315843
1234.3849347515497	1248.660609845774
1142.3684256578272	1133.3684468563274
1195.8225420544622	1192.36970746147
1336.2411663759558	1351.4835210186543
1147.988646412181	1139.1625706707343
1220.4937337769952	1214.126720694422
1165.1443864454923	1167.4869421217252
1108.3137114484853	1103.7702933815413
823.0146575269464	842.2779147480886
1104.0922783798596	1098.4100187872539
1329.0397138496337	1325.4523693007654
1266.4141790528374	1284.3473604178132
1648.3383111087896	1647.3508675638402
1513.7819679125096	1502.4185209079353
1468.281153413438	1478.8548663109636
1100.6767048976908	1101.7556422654595
1450.4735968527966	1448.6737276153283
1457.0891870435444	1458.7945859793442
1322.7426687266561	1332.1677242551875
1307.917175100214	1308.2115064936095
1084.9210139077622	1081.5262405159347
1130.18748032031	1120.177859018644
1340.3975847022957	1340.7729228361984
1302.658482555271	1312.1632281486995
1133.6061361591273	1131.3832337804838
1340.4931443257374	1331.2798703356477
976.1292814226763	988.9088159941346
1279.159156589536	1275.7895069189697
1248.5615673683642	1237.534417516662
813.7525569045683	820.1082867008873
946.2326139744255	961.5609566269707
1619.7542117233097	1620.7464063446291
1492.177647237142	1492.310545212553
1263.209393283265	1253.5108853655256
1153.7887826252554	1161.6042900065488
713.1785631877865	694.6718808103385
1270.5968443411402	1267.3328546852358
1135.8499420559674	1129.8997337281319
1238.5270011316752	1237.8484209921255
1340.5925157454913	1338.3768439789474
1574.0639317713503	1566.6085536435967
1214.1616363734065	1214.751318336371
1202.308288048138	1194.024204053124
1240.960145322082	1230.9913930555153
1096.4043226911162	1094.403959194636
1061.1364245133009	1062.6278414731614
1638.3378656618297	1628.0228313960238
1551.3788179022667	1550.7608673481354
1507.879078996746	1513.8386349853693
1361.4411112378293	1361.708556215533
854.5590800947102	851.7353671373587
1203.2829097874637	1180.2504684177688
1216.6115311247995	1227.5389447774699
1426.160356964625	1434.414443547217
1094.9861546238535	1103.5626607439235
1460.1195680017117	1473.5835421395027
1329.0617527161958	1332.675199016508
1384.40707407039	1377.5413921080622
1035.5432983361534	1043.5521634292604
1354.312194358732	1351.2430676895492
1405.0460051156988	1410.0174025470126
1067.762729861075	1055.6922601130836
1331.0662766376918	1326.523062993285
1260.8821873603738	1264.6925796996718
1290.1806726524665	1295.1618152549565
1370.1390770441794	1378.8908711165
1628.9728403493355	1628.3939401370847
1505.4276015343785	1503.2884991042583
1475.6542299651774	1471.1982278971302
1200.9173817061528	1189.106968687952
1428.6102136267582	1426.4122765100017
1556.1370226820873	1560.9332673601716
1162.9805697108968	1175.310484311073
991.7302471427538	999.1215303167457
1288.0055333601485	1285.2084487696457
1494.9390952759713	1501.2962160612028
1209.1970851574733	1216.957771963751
1234.5231897214544	1234.290046828795
1091.1424788026197	1109.7287259703603
1186.6939864492451	1189.1006669701953
1330.445435176167	1316.1046875933557
1191.5202117395238	1185.9573599099065
907.7613147671218	921.1537141259425
1623.6458340075915	1628.0671923405064
831.4992930841981	834.0165808087069
1038.7568728320184	1031.8437196313039
1363.7310747476877	1360.3106728310665
1160.903148320358	1173.8862478288404
1641.1610078508384	1639.4938130806058
1368.138644961844	1367.892428660268
1218.6083922247053	1228.1305661884098
1333.0447219971684	1328.216954249471
1526.1529856987763	1522.4733220417716
1563.5583079623757	1568.2113874553413
1263.5218872649712	1263.337420892237
1138.8101969855488	1144.872174854638
1458.2497512490372	1457.6825333673482
1418.1400100861501	1412.1264986777935
1097.0828409685346	1095.793712123524
1493.4396356306388	1503.34449494032
1276.677436993632	1280.817268790785
1182.576711190428	1189.4662719965468
1252.7692272672139	1248.3557282505567
1194.6642821789428	1202.9090233674556
1437.900005510921	1435.4518257307066
1158.1606936244061	1187.2275917642578
1183.522822295461	1179.3976517661108
1276.6754222254676	1279.9935417648794
1015.6564629168133	1010.7121514796722
1598.0329669341736	1596.5418178596667
1357.5693820012675	1358.078391228706
1182.6467888711195	1193.0399588421608
1334.6578669114679	1343.489401490349
974.0924040680402	981.347062875009
1745.4080180911114	1748.4313868200459
1460.8593639885075	1475.1739754384719
1580.662816460972	1580.3185828531864
1291.325522967527	1288.2493299209787
1374.1426888942078	1382.4730017743914
1174.6368066408904	1176.49562054779
728.1688065754133	740.8551761981802
1383.3365521949017	1377.6652042600304
1493.760251625994	1487.431873587704
1221.040056477068	1229.9521697523749
1306.2797041181766	1309.35114142094
1117.659946030646	1113.0510868194146
1271.3576003999624	1279.5137313481491
1087.5473890551366	1109.5191077425209
1386.6279618857952	1394.5475360890694
1396.925052278384	1394.7294131994909
1367.7162426394934	1366.5497913730972
1247.8213633253472	1235.427622521751
1106.1567211244546	1090.3393132207095
1282.2964829530101	1290.0403789926122
1239.103492540773	1244.7405661384096
1158.552869323481	1163.4472535073805
1298.579616930714	1290.975014052979
1434.7345606011222	1443.4445663919998
1417.4182210901927	1427.4418811788305
1758.7728914314357	1761.9052808614574
1493.641608669248	1493.2126640044983
1082.5417289089237	1071.2243322138136
1333.503588216874	1334.6367671490916
1547.1264471576724	1555.5911540641234
1324.9904221365287	1324.1679333365946
1325.1366630600533	1331.3798773153276
1126.182132705464	1123.8954493199913
986.9924334582174	1006.1956979350068
1231.7611195305071	1211.0364773189847
1453.4824653272517	1447.5122284968718
1190.0905351627734	1185.6498104066675
801.8328306136536	822.272240812894
1334.906774984178	1332.2103855794892
1277.4024143483548	1271.8118238259317
1220.6892905481218	1214.40009896502
1456.4604265608068	1458.0462823832115
1531.2826049845899	1535.747470343218
1354.9175685435184	1366.9863689623753
1620.2585131725937	1624.1698666443217
893.932792868698	886.1652545417405
1137.6612118032062	1146.6393500414108
1508.1739992315124	1506.8485118254844
1627.342728825257	1629.2058927083947
1304.8917009681754	1315.8013312019443
1414.3563418452977	1414.7844097458885
1182.5460115123715	1191.4659262146474
1235.472960515297	1231.011481954233
1344.8466543812247	1337.1617706742147
1306.2586940618348	1305.2478456378822
1249.6738375891873	1249.7316246782084
1540.4537598064926	1548.553413938171
1013.4500362866384	1011.4297118030883
1733.2100609309273	1736.6821191244662
1622.8882349114574	1618.0009745900131
1209.0871588693408	1203.7653866214596
1177.0614469702996	1177.2049490818417
1182.4273619009764	1183.6392719281387
1208.7227547489747	1205.325743759299
1411.0548761172686	1419.955324774758
1368.0721485460235	1361.1143889164969
1386.1681982365262	1391.1586112279822
1200.435552146053	1201.7445685423254
1154.8986823499145	1163.3198388032527
873.9383798606577	871.6164943650066
1474.0383135123702	1468.9020676850687
1248.3976283726515	1256.2213968977255
1513.0465200446488	1520.5363937860432
1166.87826225147	1165.074997552514
1280.2114624466049	1286.5381831903162
1490.7020884509257	1500.4607458373296
1294.9931052736356	1291.4048595346164
1321.7720380508108	1326.3500112956137
1608.992360631295	1610.5099229745113
1414.863955126697	1422.7548314852272
1272.3889147761802	1276.8786999094887
1543.0852351795475	1545.8612470396683
1431.4309961179097	1430.3460591064081
1304.9328356369806	1316.0694034785308
1042.5570717825904	1050.9473131139544
1272.1477628820285	1284.04092925624
1546.9444353137224	1551.192019691143
1631.87252807591	1633.3003964680943
1448.3963797278993	1449.2703487787833
1227.288250810263	1231.115656595388
1625.7419160300924	1624.8578398170025
1371.9920184174553	1376.2893999865576
1562.3660019768577	1551.534206435063
1292.4609806355147	1317.8461003243553
945.0448527981061	953.6513226269404
1257.0756991724193	1257.0551153581832
947.2247041118972	942.4828972810535
892.1523459677701	887.29788522817
1571.6538430661312	1563.9025912999539
1188.196759539249	1170.6922129548097
1623.7008700798033	1631.8491533556269
1138.8056069472223	1142.6178397128147
1257.468868364318	1257.5305413965268
1178.6339490231185	1173.5248113837365
1126.5903886928863	1110.1405367280295
1116.0362905554066	1120.203752430415
1085.6470654836448	1087.192431767327
1374.4550899215683	1381.2737614120442
1173.4295998851303	1164.124102974443
1183.1924564072688	1179.2981382093078
1341.698529080575	1334.8518024175312
1525.998361409962	1515.1634597331015
1242.2139389769873	1243.372205207056
974.4758852025843	972.0078684606336
1316.056763627159	1312.7587523871784
1361.5229088297056	1366.0208356366368
1335.1503633308748	1340.6250658153037
1028.5890200151189	1015.6238729255606
1227.8258211488428	1226.6583299636259
1846.8468279155495	1836.5357860001182
1346.5475413308304	1344.2149799750669
1115.924444336386	1092.9682634358494
1441.0989710632712	1432.0146542874047
1520.5023460074153	1523.9794635497435
1165.7159020041	1161.7285798567927
1129.9525767154119	1131.4024571324749
1153.8180384608859	1147.656505336821
945.342301569297	946.3242576887525
1519.3976028006	1524.8195842726086
1497.4279125030152	1501.3816645800516
972.6269391252426	970.2566098201321
1170.857406499621	1163.7456627457293
1244.1770614135894	1242.8379859538657
1124.9589479693095	1133.572824773754
1462.32586855095	1457.2946168222477
1234.977095739916	1244.0624519959865
1353.2462712431152	1346.9517188443224
1204.9895191659452	1212.0668094142827
1143.7398276257445	1170.0139828034883
1240.4317745523003	1238.3883794000405
1137.648063107219	1121.688971102545
1429.488026195846	1447.021038985237
1441.6601648291107	1433.9507410291317
984.3980431261298	975.1163927589051
1189.9768092584272	1201.893665241757
1493.7769816132495	1491.7596024500353
633.3590370596794	668.2124277779882
1476.916318928328	1475.6371685683514
1166.9654707253794	1167.3405898661024
1134.9429680012108	1131.3256933206976
1721.5700172934448	1727.0538354124035
1453.545205268514	1448.9838442051164
775.1624984063092	786.5116669604348
1460.4992923484533	1453.7120487029783
1226.9335920462618	1219.7312366783622
1653.2115769871743	1647.1716177990895
1428.638971987093	1435.2413593673448
1352.5589015484147	1363.8600065841044
1143.3046906400705	1147.4169271966305
1224.5114250687766	1212.5134282078661
1390.8726476283919	1392.972222813518
1125.1678292951547	1119.7414222585796
1264.8429757250124	1247.884847340554
1077.1294759032317	1078.6515124521666
1636.2931228225934	1645.4132585402451
1332.4280984447687	1344.7953876189022
1208.837998412433	1216.1890398771695
1562.9408771699527	1563.554966031933
1316.6399017864023	1310.3353330573354
1058.5029891883314	1065.2678332262553
1187.1838647669356	1189.9256403745455
1221.181603474106	1216.2257713643387
1323.736240788392	1319.3840593213065
1124.8109656129964	1097.8870936123203
1613.5856415646558	1615.9962763474834
1081.6461936669657	1077.8915480694968
1469.5226910029305	1467.144289469565
1342.4568610558345	1348.1192974246558
1144.187028338638	1138.3912371313168
1012.9847318484972	1021.6892623880442
1195.910510750662	1163.0792192273063
938.3437545903143	952.9390865161076
1243.1986397857545	1245.6233770240503
1752.6816116103146	1754.7827450531843
1453.8198827292363	1446.3439739085045
1239.8367380388954	1251.5131332566682
1283.7174673372065	1283.4005076635244
1423.2451909958036	1412.1243985498097
1520.3589023275708	1516.9111225743588
1390.2763646352105	1386.708947209342
1406.6883993671217	1402.50760008567
1369.953574590967	1363.4118921071
1347.8283060951508	1354.6522118795074
1029.2263519449916	1007.1296779725175
1382.0006868868659	1391.2552985087477
1161.0498713047418	1158.2226036640598
1070.7419110020855	1073.0485866668705
1195.1545700443676	1197.6751198298482
1315.696358252666	1313.9399155626184
1366.7133388537623	1364.5359006220137
1183.1819478038233	1177.3542453760804
1241.9099772199988	1259.0380967825756
1198.3961957141582	1194.4923405534823
1284.4190582806186	1289.3290509647004
1296.8795410881867	1293.6146372751189
1310.084171586088	1318.469062762316
1079.9669318645902	1083.709489270266
986.1112393976073	981.2494482564748
1085.440703365748	1091.385829136678
1409.1303533542086	1412.3836977475448
1431.4890060839534	1437.352897135849
1724.2541916175978	1719.9181959080045
1261.5522962566756	1264.6351031266292
1211.3835684953665	1215.697006623662
606.2566182487062	634.6724077480627
1158.9471467694966	1160.7253446291045
1269.894671629998	1266.6805810738479
1408.3605520448182	1400.6172338794092
1130.333098698029	1123.2547181982409
1295.1879758147115	1288.8416756833103
1492.3541278690973	1483.9075201425842
1549.0346060676966	1542.2702019613077
920.8320024601999	935.5373863901233
1291.5952431274345	1290.8618118961137
1032.1728854336252	1051.8270614812802
1626.7945286644972	1619.8423953686543
1070.5152389711293	1069.6905419776679
1316.9916314652946	1314.9936347971052
901.4052702792396	895.0078705529713
1184.7363645795267	1185.3568640570406
1759.9863149736775	1753.2615833447385
1287.5011526763556	1285.6868898731066
1283.2392408733722	1279.882209448325
1261.5633965113957	1264.570288170934
1030.895028584171	1038.8465656095614
1570.9609919743962	1573.7842239797133
1329.9823833597766	1345.8593115755964
972.2635578830377	981.3957604435308
1242.327185454982	1240.5989869103755
879.3222137864796	868.6896038891458
1303.3332717099402	1311.639880423772
1054.987884397473	1057.6992592793604
1343.771995658899	1335.8557395675323
1184.7090368866338	1183.937638028128
1407.2460846874746	1411.8971588871793
1417.1978408292925	1429.531867586647
910.0552984505775	903.2392440675584
1426.7854446823185	1421.7413994092944
1584.1271704476385	1576.3835596272118
891.3995670368749	881.6659910119893
1230.758301793161	1224.7744095806827
1246.3412972635124	1237.5071767693005
1236.5421655075625	1235.542257030842
1386.7316109044477	1378.7963829671564
1256.6393484357104	1266.370911613689
1172.5244050420588	1154.2474720852642
1075.9039785607602	1071.4086810246913
1369.039327607985	1362.9555243244959
1277.933860483492	1279.1812586225647
1233.4750024177774	1235.8620757653377
910.5629743107129	919.738137500733
1338.359640862007	1328.5156102903718
889.5565723425825	890.9481205785926
1617.8318341014383	1616.2131161672237
973.0880810956296	951.2866680901338
1325.6678715476592	1330.3359773459892
1476.6297238681582	1475.6155439710517
1627.565668844065	1633.5228752252783
1460.7075108781282	1438.3292423468706
1441.1881874094834	1419.7226313906215
1197.746676490031	1178.101535659611
1317.2975906678766	1306.4049109806351
1317.3819318582828	1327.4443953301022
1459.1630696518405	1461.2347017457919
1082.8403007851448	1081.8643521343793
1360.357405945484	1334.7234258263336
1252.3158690038254	1265.9369049867432
1464.1943621578102	1451.9485803802004
1278.9188257920905	1284.4998384436085
1608.279031751037	1603.3138107730183
1503.407493959472	1489.0047252035447
1211.4718621520733	1206.3364385929017
1440.4823180895182	1451.1098384610796
882.3540787558595	879.0039965774527
1197.013618760655	1205.1204847949
1191.4040473198693	1190.531288501281
1374.0431974151288	1369.6641654726207
1288.622106451745	1290.7873091478225
1395.4441696040158	1390.8514350714424
1428.9161169145664	1433.6973567096634
1351.8495005556033	1353.5672176191476
997.5309815691726	991.2168280159827
1152.1480199037178	1160.722625365901
1342.3687047712447	1348.0386320266493
1317.6370177859499	1318.5446775059042
1298.1068840051012	1297.6299375978604
1231.521278633125	1222.1985092185503
1387.9667334369733	1386.0914818896442
1277.7821916723042	1267.5566393312035
1455.9636033468123	1466.859330695385
1051.8835286861868	1039.884667426772
1374.1407142922399	1370.922088185846
1087.611338941526	1100.5441459153021
1288.276587783068	1289.045309844031
1621.2728905848053	1617.2073847775953
1323.5746089398745	1319.6234635778699
1448.8586533168855	1442.042890098235
1055.0305739695614	1053.80115237987
1499.2307570967241	1497.4719078964335
1497.3958209595294	1495.2992576148947
1296.6235788540216	1292.869939246578
1037.5750258274493	1034.3433264809078
1270.6007370859443	1263.1196944755052
1437.19907562164	1426.54065694305
1497.5824426318577	1504.5464754873346
1508.3023359047656	1503.7191742957436
1231.2478611253318	1200.5153938483243
1319.0387561846	1313.8650856200363
1415.9323149683769	1410.5323417523489
1370.1152862085146	1369.5265969170562
1462.6407656009833	1457.3601603434142
1142.6891273764195	1140.126466658847
1288.929914852226	1286.029825295549
1313.088470233488	1312.947971202355
1435.1612212725158	1432.7833261473688
1181.423993222561	1174.802057070531
1516.199556025298	1509.15320966456
1139.1968271691294	1127.4392267020655
764.1582663184963	767.116696016959
1485.96393505804	1477.3589667258864
1543.2500959448516	1530.5041917719059
1237.0135347092291	1235.2360586084762
1150.5302374926396	1140.015777555601
1753.3124382389942	1750.602415738835
1329.1503112915088	1331.313071000325
1454.8861976455082	1456.056142500609
1436.5990584678366	1428.215951251779
675.9284511434671	679.4310937519235
1034.3967262254446	1031.4350477555286
1115.7719185682363	1109.610663743513
983.1857449507806	979.9813082120122
815.3563591990387	811.8753783886362
1449.6137774459785	1450.0243162776217
1349.9443366894848	1347.8733111598121
1197.8074314852129	1208.2324989482072
1049.1986511497525	1050.6669149159757
989.8746798302454	1006.2925780896428
1300.6995045954536	1306.945385322328
1249.09254034271	1254.3283989065114
1166.4957481864258	1162.7469383037273
1166.709939715045	1166.5568184756687
878.1882310217479	877.2346732098131
1161.6076337128761	1171.4439309106383
998.8228621733433	1001.7104846604694
1183.3634151010774	1169.8914888335607
1481.9232554104237	1485.4928926406512
1567.0510766338266	1565.383530893089
1249.4559917882725	1220.2278268509053
1464.735387785331	1463.2193604437928
1332.1190504700353	1336.9801008728018
939.8327335782524	952.9805115522133
1365.302442831482	1373.0071927831802
1135.237452001602	1142.4407470103977
956.6664750271302	959.3078995468256
987.1238700405811	986.8772220929326
1116.3961712444143	1125.0611673753053
1268.9247486545064	1275.2907614442668
1482.0430138649535	1460.8907373173054
1516.950694764615	1513.5130246126441
1307.1834680065804	1295.841469738715
1384.8691040855483	1383.4217259336517
1428.3181135967316	1436.5534556140278
1505.0600821268163	1505.305501905769
999.2156088280026	976.3359662492821
1179.2897239539598	1164.4064215205249
1335.8264989786258	1338.1992280941254
1062.4978282217635	1061.5556896326837
1227.3067610731814	1218.872963386823
1148.9243141268962	1164.9893303065483
1380.0095747236628	1378.3459353316837
986.6760930681776	966.7799012536559
1296.7133710245835	1294.6991940927892
1424.4761315851065	1421.683938597768
1240.2529470678128	1246.2927097636666
1329.7436907881638	1334.7555199059098
1507.323680225847	1509.1462782606013
1075.0257009885972	1087.523627345074
970.0465878071554	961.2930580745516
1534.3977563960943	1534.7073572934444
1481.330188449996	1477.2642853118143
761.4677174030221	733.9259627285816
1139.8118432901974	1132.6699205053192
1491.859420430672	1498.8346911011477
1146.920138234942	1136.6589813484793
1269.2963099818735	1271.7582575628712
1272.24003790383	1254.7637985762713
1126.0416126162454	1119.413473764604
1430.2372972011508	1435.6733250573263
1010.4931154792139	1005.2349634494742
1306.0570881547173	1289.5827881151672
1531.2045061100798	1538.9996958677411
1162.883095006633	1172.8084450630859
1155.0133115015924	1173.7905743577576
1431.8564403774217	1435.5032160011253
1247.99612296524	1250.3857627548218
1609.8058482781926	1609.1500286267828
1323.8400372534816	1335.2226327786873
1295.5014087065647	1294.8698612068765
1040.6888206415751	1032.6400695287925
1440.1662602243596	1440.7776329831145
1633.7759304109786	1634.8968584405468
1048.5297279636725	1055.248406640156
785.5844166207826	782.6591784275712
1497.3067256213399	1493.3622937386008
1292.2377740956144	1299.9143706175305
1371.640749314538	1363.5447790360045
1144.65876450605	1134.796846421759
1288.2768143386347	1293.42066389031
1154.8031246874598	1155.5274590723366
1361.3747408986383	1360.8472607617614
1320.7922016536177	1326.935467285928
1187.6305638210906	1179.038897365741
961.2053263437992	957.6395793276247
972.5175666494179	964.6982072962513
1125.443618673773	1120.308590386119
1203.972654457757	1183.7918149984282
1331.3237876185158	1323.2527573615737
1111.0432096686563	1100.3035157974539
1087.592522525345	1085.5057897169836
1298.329772121826	1311.264829774382
400.3300156038895	459.91815921267334
1378.499188206828	1380.0591156682922
1014.3409980594297	1011.6084934683532
1596.5325643885299	1606.8059586434558
1215.5605694335536	1208.9498427563667
1245.3535384811985	1251.4011066922244
1414.2047073174617	1407.9451172348813
1005.8849551255407	1002.2095052161818
1279.8844798606588	1281.0701869450254
1014.3932805083459	1006.6183667126814
1217.8831511221651	1212.5322040338096
1300.582279475202	1303.5097777389797
1327.405939479795	1338.071933430305
1146.3268271840643	1157.3783996147272
1005.6371908426227	993.6833553749078
1557.742134255357	1554.4215883796699
1295.521546273725	1302.9518110820532
1387.4768456107704	1387.0741949168246
1177.1132644007157	1159.633708142643
1293.79767751068	1290.3579583149417
1267.9536505597644	1266.1535688333715
1251.7653098237352	1240.078267700516
1009.2944600593473	1004.1209274041831
1495.0185862541548	1508.1107099292124
1150.789138114662	1136.0420374868593
1339.4552591363608	1343.826900885106
1241.0558904614882	1242.5034932782962
1242.8177398750558	1244.9707264891902
510.3362299549917	577.2084209413646
1393.1227904287807	1389.629459059657
1841.1001658593595	1845.1018018964842
1744.9080265063676	1738.3714120957115
1729.5117139637296	1737.0272134364052
1362.8435079345072	1366.1291198695917
769.577880154684	761.9304504908687
1193.6941207773343	1190.7292763178389
1337.083593610354	1335.7342450748322
1498.197125817649	1499.0408778328024
1082.1753171986784	1097.5787590758678
759.2998298539896	748.8515450518496
1457.3299807298463	1457.3392886871025
1272.316473176994	1281.2584084041955
1456.9469617439026	1444.8897910386363
1200.7302497780765	1200.7681721164333
691.507622496385	685.0080597946238
1068.642449910054	1069.6133513293178
1137.1883365993854	1137.051298744781
991.2557088797039	982.1722192702349
683.7291469574411	699.7891646317643
1065.574029168347	1056.6072498115223
1347.2748554230784	1345.3945604482522
1156.8298286556383	1165.4863843987516
1387.2877120580233	1391.3031602608223
1114.00106870351	1108.1585841655096
1240.0850199041597	1244.2240344680547
1438.5598404644115	1435.7732743363067
1268.6084591104009	1275.4497237041805
1114.4785412677447	1097.3314336680141
1048.385386443697	1065.0786702566263
1037.2049702483637	1048.6019195947877
1218.038287785428	1217.870098579429
1369.8007412508014	1373.0032953695174
887.4335238256608	879.9136971540294
1762.6622999834653	1757.4083613288676
1193.3881272922445	1184.4872119359804
1256.8208178230852	1256.9423980175661
852.2202928202751	858.4718096362365
1290.5133825138619	1292.6769317526382
1055.0288655992772	1063.058214635602
1334.757671281026	1320.9544249984926
1084.571052202402	1091.8275360233774
1048.7279235375463	1055.7730788720648
1642.1902716129262	1640.6572567864653
1439.406015310873	1435.711498074037
1241.1073115173785	1248.551892663493
1378.6420490698074	1384.1097447070638
1440.5741080433654	1446.4587256940613
1448.6577487393806	1444.3420502252718
951.2950257545453	935.2526026187386
1092.604232112004	1088.3213976663053
1236.1450991688762	1231.0117736248878
1141.9266386752424	1143.173252756407
1442.0258818753937	1453.319708565644
1509.2436641010281	1502.8919736470868
1435.7045445873518	1436.7237238377422
1312.9267302638036	1315.1755197301015
1083.3921996376885	1077.9609180412237
1443.0731311571726	1438.3491704941428
1322.6085818030988	1321.3701664421276
1179.9394686257874	1171.2306565282186
1577.6088902319898	1582.969018121445
1040.8246996185626	1043.053360138483
1270.9814138563233	1271.699418880951
1452.758082990651	1461.0830110734075
1096.3218907554692	1089.085864059322
1356.962425986625	1357.371359598477
1554.216740120697	1553.8790116281127
1184.0914527940913	1189.1022676320304
1125.1765590111318	1125.6454296872237
1200.140531437035	1193.6569609034846
1314.4175334918837	1324.2899222313426
917.6102934161318	951.2887855170942
1132.986498490849	1142.146667429662
1733.6073761397274	1728.5208639438292
976.568269264506	981.414583049507
1340.2659514667466	1342.8437700926722
1378.5640905204345	1375.0531148882696
1455.0885004931188	1460.010129613409
1041.368975657504	1036.8168883836024
1640.8215048529091	1637.633429642004
1330.399030619068	1347.6179223901604
1275.8106640162005	1287.9070135746638
1384.989188148029	1393.165068809325
829.609895483969	846.5075186815379
1239.871799953049	1233.589687648687
1601.9621457301546	1589.9275555285726
1453.9002606770664	1447.8822600707563
1623.3299974488327	1626.8408635285523
1292.1703753810143	1298.6915434476562
1212.5135456902208	1221.3347304160272
1048.6816887359018	1042.5958873988038
1113.737431706948	1121.0890583973655
1194.9896839225548	1193.7577065392322
1006.4960689804284	1033.716105769346
1506.9647564742481	1508.7121669447001
1436.453619413951	1448.9480854850513
1324.4446717789106	1304.0282782580439
1241.7542137926794	1242.2885974724352
1380.4490547174355	1382.5675334807172
1202.5623819012544	1200.813197640628
1004.4984258773911	1011.9189481083306
921.7946757171885	912.694617256871
1016.6936187932442	992.5686939825168
1335.6094611270528	1328.4266907506942
1436.524279970501	1452.0036288622755
1265.153701860545	1254.3073824704468
1457.7303704908409	1445.5283744208682
975.3720283326402	978.9104306395941
1438.542926603026	1440.4202100411164
1251.0830425835156	1251.5491026577297
1733.9015213489765	1732.7566453433067
1060.6099565330078	1069.9695624834062
1167.2062705834396	1163.14829024005
1250.2698141276487	1238.2854107884275
1515.765301282605	1519.6404752655787
1117.3796101647022	1116.5031311947682
1139.5023883052345	1149.7288238626106
1319.336869634164	1340.3928466273687
1060.9794737935008	1071.2654624818326
1201.1230553943315	1201.2888829666435
1520.6641459302045	1515.9078540476582
1096.7109330203675	1105.1754545546014
1064.524814460252	1070.8944054388899
1453.0999533990398	1449.8643784157996
1593.6610624861787	1598.1623701488
921.753757020022	944.1902054375743
1018.4623117011215	1018.9186479851343
1000.8603973318532	1001.1850808322871
1299.429016459966	1282.0192618407104
1467.9729313501157	1469.2635099697336
1302.737632098375	1309.9135052564232
1153.1754139016266	1149.9369302080784
1446.8105187825277	1446.2348741844578
1077.9361305752245	1064.094439089246
1294.95427926915	1300.690652944363
1270.5611348275852	1254.8588222523683
1315.53073259737	1312.1425128420183
1375.1473183304188	1374.6959609955688
882.4826576617779	877.6910438875074
1175.7836236666772	1154.7312768471215
1541.3315259910305	1542.8963654524534
905.0846534374723	905.9726522334602
1321.3047591679497	1313.6506161440973
1145.2670175112144	1125.5150039226523
1137.7108145545353	1141.7658880633205
1499.4091036040627	1503.9346603131514
1352.2683169998345	1348.7363469725942
958.8848526342772	960.0831495689155
1304.676747270627	1307.230984703454
1225.2474683854089	1216.9321421374132
1187.293727799144	1187.7484707020722
1552.8770964420983	1545.6033224592086
1023.241918995278	1023.7846239104202
1554.7799960574775	1551.402023567527
1370.978021247749	1365.1412339649178
1572.204547130561	1565.6229283696437
1271.3367924260092	1251.6616158418485
1107.7688086178678	1115.0473737878037
1533.5272441613197	1544.0002424597083
1268.8065125958528	1269.6264830878679
1068.6145494646917	1091.5064290995747
1493.1831638222502	1489.1487385011915
932.8883314089326	941.8048534187492
996.4103335023974	985.0697679164026
1036.9737021185283	1013.7168203032596
911.9983594023506	935.7920282032048
926.9056489210925	944.0889209718466
1162.658852588851	1169.2919846634047
1429.2771851782454	1426.5857482881856
818.6863570861751	827.0461629278136
1408.7599292208615	1403.0917920752179
1233.388952828711	1247.766287641759
1215.3863780950487	1213.7016516083027
958.939387434395	956.2448257961562
1379.1744599907543	1379.5196583483503
1064.3027781708224	1074.8152420768636
1433.1094049052044	1426.5782400518915
1098.4469713004073	1099.3447324556246
1155.7932893144316	1152.229917618742
1755.6488726404496	1755.9347194438176
1211.955024458206	1209.6589826726733
1127.4064446039556	1128.0260541020045
1282.4159868490533	1289.8310973124935
1543.5399303409213	1545.197350855588
1229.9341784397548	1225.5304673466135
888.3361929326784	879.1748347442806
1317.9681736747443	1329.3224177023678
1498.4390997035662	1499.0737569721214
1840.362455851311	1835.2699039063973
1024.029875494598	1011.312899861216
1611.5018481675652	1608.3365369643686
1008.6669079667481	1007.5858194761043
1734.69636323725	1732.838173857064
1349.7263819556101	1346.4232905302795
1194.9684049804346	1193.7687529885966
1320.7600507150928	1317.643977695332
1035.599405533576	1039.3538794804963
1390.4436312534963	1394.7925576590146
1318.4303113107453	1317.0660102026002
1266.7394492038293	1277.0347049695567
1567.615434649284	1584.4457524504094
1141.2147020213306	1130.9233248551109
1313.050887112564	1324.9447904723793
1049.534339425998	1061.352968045879
1066.2771439738572	1061.5728698640867
1328.4194528421212	1327.1925184362406
1389.4796839688788	1390.6392884565657
1463.3590367377328	1456.063288043104
1009.773734495684	1005.3583122807518
1629.4963461761363	1633.3752186073157
1483.3937398219714	1496.1023982645702
1627.418284489686	1625.0107835987822
1637.747342958668	1630.0289037713296
1345.3571480532119	1340.0585664463083
1508.5463826566993	1502.335601790584
1634.1944113642967	1635.7771672088888
1422.7898750560416	1424.9150291690148
1044.7465494130156	1069.952440440155
1057.9076358956227	1027.2357409375975
1208.0865044140373	1190.1882304479102
947.078178927477	906.2034542003677
1476.9195006116643	1469.044167469684
1245.9438640089065	1252.2236903414891
1469.4384528204391	1466.4042888933996
1589.6276746432704	1582.0102829407829
1237.43906158951	1272.175463524394
1474.3278894286195	1484.1620543071192
1005.2848241314059	1005.4585355164241
975.2982501070073	980.0169695491776
1372.0487738859374	1375.3864967484992
1333.547074078524	1331.021374497602
1490.174709811312	1484.9496058930777
1142.688043202419	1137.8790930948612
1064.3476137006073	1068.4334366900998
1135.251799477759	1141.4839985616845
1295.7364304030489	1296.5042954452906
1007.4568658940261	999.169969207432
1384.0401002264698	1383.8026174266324
1124.5439439846377	1118.3855469745522
1170.731826169882	1168.795109970304
1519.1487657779944	1510.5751546876327
1203.0882282564417	1203.904418722391
1347.018637214438	1377.501919307168
1471.929315480491	1451.8246114798624
1503.0669564548589	1512.34169240626
1282.6531392766337	1276.3760492436686
1021.8585661200923	1020.5559415446683
1243.6256651542208	1257.492501446328
935.1008185299579	939.3055757333806
1534.1851934421575	1537.168851837161
1362.854142399563	1354.6578555019146
1763.3079842295265	1757.4043738111275
1496.4320959288161	1480.0348996450139
1134.3215715624683	1134.4821053879173
893.1258557636902	878.0685432938275
855.183824077103	902.7365676307094
1563.2299461238727	1575.0141791839403
1220.4805532521277	1218.1263244977504
1463.6663030530617	1467.1791210872043
1164.1045724088326	1157.922776808382
1586.6305112493283	1599.0776546137342
1263.5890973854112	1264.8587925603974
1523.2728409972624	1521.0242397318254
1083.9382901011268	1076.953961718735
1242.3423564363911	1239.1769314044002
1069.5185473599122	1068.688011922922
1487.788112988579	1497.5108869007531
1161.1561001049995	1149.850174139623
1104.1602658987686	1106.932042915221
1621.0403791656427	1621.5423417552447
1409.3391272090375	1397.5529670432159
1313.5837864167988	1320.3267142985537
1347.8674684845028	1355.306213281456
1294.6986466819944	1294.4948021511088
1372.8929477596248	1380.3964412011055
1214.5021557791624	1216.5704230441936
1068.1159979858785	1053.1073783072186
1374.919537580281	1372.200264514631
1113.5365856811404	1112.9478373543766
1381.0586070505087	1366.301874076955
1330.3164165594208	1331.499494855624
1326.5531198511599	1324.3970607156566
1135.2270653274318	1139.1964567435007
1062.1726126976428	1031.4259679487602
1570.3190133266035	1580.666359491388
1262.2532778605237	1280.5149080315473
999.2838912594889	993.6331848512817
1437.2585368851724	1439.0365800709383
1510.4642879070016	1510.939447914821
1163.5951408202236	1164.505882287206
1273.6535839470162	1271.4020282435922
1312.6921666166163	1320.7182415555744
1134.1632441408	1145.502489788862
984.9304741794185	982.7231413397403
1166.289579337492	1169.461278763961
1228.9683628354687	1233.2405479230429
1434.3956832155527	1444.430594675493
1087.5578523072181	1090.175174042766
1487.4866223108547	1493.9102363246077
1024.984007143823	1029.2676618367284
1135.8802798634279	1133.4819968733584
1424.8943657917262	1428.5965375874823
1416.2003520662838	1409.049126923291
1110.8909720794472	1098.993350821688
528.6074140086275	516.8658073499771
1109.0157414903515	1085.4387728537763
1443.4793918853102	1449.2801909970376
1543.3167953385273	1545.6191475540022
1050.963818664255	1062.6227136519926
1334.2960015621502	1332.4746737289947
1118.023632229335	1111.6536529892824
1236.5258230434847	1230.8785115583116
1438.9625217505672	1438.8582792492991
1224.014792681468	1214.4123779992572
1375.3044630370568	1371.1472122549326
1241.7707034173363	1249.3412111247371
1619.682099603553	1621.8220229024048
1152.0571824700455	1176.2247847367382
1210.219203724264	1209.2261944033405
1169.9859274691553	1177.7495467624417
1328.5193318133825	1336.4806196440898
1478.8498188788944	1472.946497239275
1119.8108838936023	1118.691842617675
1362.7234710137418	1363.3220591424772
1364.261066555424	1367.5394827097691
1374.9518350475118	1375.7083979131737
1076.7133265674056	1081.067824200315
1337.2573046711623	1334.903225033387
1390.2904170904949	1373.6141355953027
1098.1799812852987	1088.3600477309383
1035.9170704879507	1041.7061057385142
910.7671183919883	913.8406040889305
1435.2306981075963	1425.873775799077
1153.9061283300398	1161.7273007193987
1153.97704494567	1154.5567808101684
1495.5592935069872	1490.2801803098387
1013.8781179818325	1017.1319678628429
1344.068608598638	1344.5360010493548
1279.536658712983	1290.819251417623
1379.365908639069	1384.894808672425
855.6057265445124	844.6022770551791
1130.083297396981	1134.9186283758047
1045.6483081859478	1048.5476253699883
1150.4991704899876	1141.9656475109612
1450.5036042519205	1454.2603863561228
1293.8805554622086	1293.4386061243933
1245.045612480957	1253.6445542180095
1104.6773317412299	1095.0767379792528
1572.4265834965045	1576.3976633128527
1550.8494238536514	1551.7044609745585
1440.6023424610903	1444.1905894330864
1426.488295979303	1419.9291551933802
1256.8810938840033	1255.6684452806892
1268.2998617679987	1279.1070567678648
1291.3282680498087	1279.074312047299
1126.4004946450586	1110.806826759326
1117.1488821544626	1126.691160313607
1089.2944494256808	1075.5170042271054
1060.3751952259918	1066.8636684795495
944.5205523302429	942.1269163127178
1488.802960225643	1495.4054595353691
1555.4502834445739	1562.621107139655
1045.309625221882	1034.6592727332727
1340.7895200973726	1330.488552277365
1473.4604677024763	1471.480832517383
1437.8954687268415	1431.320652178652
1337.5156519142329	1339.1339415847158
1414.5442729250353	1410.8250995838785
1231.4464390809298	1226.7139801398355
1441.3436314696446	1441.014063089519
856.89142395003	836.4200150772624
1381.9581893735449	1381.711694151244
1378.1640218637767	1377.4821579144013
1249.886936894909	1269.1133005077406
1368.6134066729282	1363.1371205690918
1298.6591518557398	1299.4519402887263
1003.682432696136	1010.5922419432691
1733.827451589692	1727.304455276577
1014.5955846629804	988.1338054178774
1190.9487747155363	1186.413020557667
1402.2447143232275	1400.1393291831564
1163.3934160141798	1149.0581732827256
1627.3021273950872	1626.5481607411514
1425.6060942529293	1424.164109462119
1174.742852509662	1186.6560721106366
1229.4570111839275	1212.0372512146037
1222.1429335334979	1221.137309452086
1430.3606283766567	1430.2661406017255
1166.9261391861364	1166.6478241292205
1168.8568800648209	1165.4403373069335
1567.6847142133338	1561.714938155728
1510.287780376675	1508.3401433130057
1176.388520663866	1177.2926793605748
1500.9434592852776	1493.7228928737065
1093.832694162731	1085.8833805879513
1150.2034616630408	1159.8633348048784
1731.2382889320143	1728.8975894645394
1327.6739911475743	1328.119795129036
1370.131668884831	1371.9556063455905
1514.9811911668803	1510.6321478010045
1480.1054931871477	1475.511638027412
1084.9498167497513	1102.4647213765509
1415.8482340970659	1427.8113465698757
1575.5067764176056	1578.2673953387302
1300.0457696252852	1291.2266063965596
1258.0476159417303	1272.9468057731942
1059.7028512184916	1074.2868941895715
1474.8624847721949	1480.4586053887533
1330.6542700381833	1333.394281386177
1153.1096799656516	1143.9168369039503
1368.5247680566972	1368.9440987219157
1124.5373243090871	1124.9702824644028
1198.4358504086558	1199.916747756184
1604.7499463723507	1611.1835570208134
1560.8417933451128	1566.5760707724507
1209.4139445275941	1211.9769204999225
1334.064969217201	1342.6761129826837
1113.1500539302651	1129.6314638377714
1216.427137645398	1219.2854416496525
1490.8774431384809	1503.573191279025
1321.082587576704	1329.109494363218
1270.9840220646001	1268.5177830756138
1621.8802999377658	1622.256953458346
414.565700112551	394.89754647637994
1377.3337569704163	1366.9789880598826
1195.1645961935865	1198.9959386339476
1301.4358333376003	1291.3331222627667
1088.1008593454317	1088.4442063172012
1619.3053202840674	1626.1538968183438
1318.913986773754	1317.7319072627952
1430.5543026367668	1435.1377612429853
1349.6244822260924	1357.382002632179
865.2434243482712	861.2926073857957
