1.690622498238111859e+02 3.091028010664364611e+00 1.000000000000000000e+00 1.000000000000000000e+06
1.633974632418082535e+02 2.991406595094567411e+00 1.000000000000000000e+00 3.162277660168379080e+05
1.501854401105520367e+02 2.598719084481455610e+00 1.000000000000000000e+00 1.000000000000000000e+05
1.277954075865733756e+02 1.715118960621084154e+00 1.000000000000000000e+00 3.162277660168379589e+04
1.021407424297450035e+02 1.276376353825469989e+00 1.000000000000000000e+00 1.000000000000000000e+04
7.593839461842473781e+01 1.555913817437870605e+00 1.000000000000000000e+00 1.000000000000000000e+00
7.376009532753023734e+01 1.016255432968373063e+00 1.000000000000000000e+00 3.162277660168379043e+03
7.360971677239126620e+01 1.023452095186034194e+00 3.162277660168379394e-03 1.000000000000000000e+06
4.599679425288097434e+01 1.138644463830842835e+00 1.000000000000000000e+00 1.000000000000000000e+03
4.552037409086916853e+01 1.130838706409555749e+00 3.162277660168379394e-03 3.162277660168379080e+05
4.049438785882527014e+01 7.428142347468266182e-01 3.162277660168379394e-03 1.000000000000000000e+00
4.033600539953986441e+01 7.394640769099899424e-01 9.999999999999999124e-06 1.000000000000000000e+00
4.033550418250165137e+01 7.394541631100087775e-01 3.162277660168379191e-08 1.000000000000000000e+00
4.033550259749163303e+01 7.394541317594118812e-01 9.999999999999999072e-11 1.000000000000000000e+00
2.787419361901864789e+01 1.021998288869279348e+00 1.000000000000000000e+00 3.162277660168379043e+02
2.725598179539546706e+01 9.271299855635819487e-01 1.000000000000000000e+00 3.162277660168379079e+00
2.690081115866130901e+01 9.705620010397166819e-01 3.162277660168379394e-03 1.000000000000000000e+05
1.944499966723942563e+01 7.528428428390070426e-01 1.000000000000000000e+00 1.000000000000000000e+02
1.752937661142497561e+01 5.976528211419436243e-01 3.162277660168379394e-03 3.162277660168379589e+04
1.570449824441606701e+01 6.698657256769960933e-01 1.000000000000000000e+00 1.000000000000000000e+01
1.566523545513677185e+01 5.171248764138155485e-01 1.000000000000000000e+00 3.162277660168379612e+01
1.261219637470472854e+01 2.493574618230944007e-01 3.162277660168379394e-03 1.000000000000000000e+04
1.158961505629180344e+01 5.860586175454023383e-01 3.162277660168379394e-03 3.162277660168379079e+00
1.151379472109592150e+01 5.838033480402486930e-01 9.999999999999999124e-06 3.162277660168379079e+00
1.151355635127855592e+01 5.837975175196600253e-01 3.162277660168379191e-08 3.162277660168379079e+00
1.151355559744370893e+01 5.837974990802672348e-01 9.999999999999999072e-11 3.162277660168379079e+00
1.119177781679704076e+01 3.076481567734731248e-01 9.999999999999999072e-11 1.000000000000000000e+06
1.111571693105737779e+01 2.982015563992557183e-01 9.999999999999999072e-11 3.162277660168379080e+05
1.097757814585372316e+01 2.861389605595971442e-01 9.999999999999999072e-11 1.000000000000000000e+05
1.075863130191584105e+01 2.782399256948188682e-01 9.999999999999999072e-11 3.162277660168379589e+04
1.057116375329529845e+01 2.796549238342233568e-01 3.162277660168379191e-08 3.162277660168379589e+04
1.045566548648645622e+01 2.908961263334569058e-01 3.162277660168379191e-08 1.000000000000000000e+05
1.041734531005173992e+01 2.852939047979696219e-01 9.999999999999999072e-11 1.000000000000000000e+04
1.036258066659579136e+01 2.854926688150514758e-01 3.162277660168379191e-08 1.000000000000000000e+04
1.014634340140688451e+01 1.947149250941403176e-01 9.999999999999999124e-06 1.000000000000000000e+06
1.007694509181284204e+01 1.810598541639675263e-01 3.162277660168379394e-03 3.162277660168379043e+03
9.984887257169390296e+00 2.882710131298503731e-01 3.162277660168379191e-08 3.162277660168379080e+05
9.931006595989060770e+00 2.987965155417073859e-01 9.999999999999999072e-11 3.162277660168379043e+03
9.916734335182216142e+00 2.989052946887338358e-01 3.162277660168379191e-08 3.162277660168379043e+03
9.354923965991162049e+00 2.928433229387929493e-01 9.999999999999999072e-11 1.000000000000000000e+03
9.351607003457775846e+00 2.928157112284747177e-01 3.162277660168379191e-08 1.000000000000000000e+03
9.343802187628039491e+00 2.807475663740962579e-01 3.162277660168379191e-08 1.000000000000000000e+06
8.967068603007195549e+00 2.470409135854216287e-01 9.999999999999999124e-06 3.162277660168379080e+05
8.804544161488582432e+00 2.227078359472833002e-01 3.162277660168379394e-03 1.000000000000000000e+03
8.777730254369828344e+00 2.824239477617712102e-01 9.999999999999999072e-11 3.162277660168379043e+02
8.777046771813408199e+00 2.824000085161667561e-01 3.162277660168379191e-08 3.162277660168379043e+02
8.757972441633819827e+00 2.934140724098263098e-01 9.999999999999999124e-06 1.000000000000000000e+03
8.666406850738576750e+00 2.907842581783820490e-01 9.999999999999999124e-06 3.162277660168379043e+03
8.595031043159981010e+00 2.757938864643995069e-01 9.999999999999999124e-06 3.162277660168379043e+02
8.525356630567866745e+00 2.611637095329352731e-01 9.999999999999999124e-06 1.000000000000000000e+04
8.498020542098302599e+00 2.583394892466478465e-01 9.999999999999999124e-06 1.000000000000000000e+05
8.438917966390032888e+00 2.543574292602016618e-01 9.999999999999999124e-06 3.162277660168379589e+04
8.251289942525769305e+00 2.932637863932051059e-01 9.999999999999999072e-11 1.000000000000000000e+02
8.251176271917270100e+00 2.932565311284690002e-01 3.162277660168379191e-08 1.000000000000000000e+02
8.216541408761139920e+00 2.910578811030537505e-01 9.999999999999999124e-06 1.000000000000000000e+02
8.091304688434931336e+00 2.599740863249032641e-01 3.162277660168379394e-03 3.162277660168379043e+02
7.986990619283925064e+00 3.829967822668726152e-01 9.999999999999999072e-11 1.000000000000000000e+01
7.986989368881125984e+00 3.829967969670828309e-01 3.162277660168379191e-08 1.000000000000000000e+01
7.986596850266236558e+00 3.829989034020068184e-01 9.999999999999999124e-06 1.000000000000000000e+01
7.916917383547263043e+00 3.846067879768742537e-01 3.162277660168379394e-03 1.000000000000000000e+01
7.859309008033378063e+00 2.648034724494579550e-01 9.999999999999999072e-11 3.162277660168379612e+01
7.859293954170878393e+00 2.648025861049386198e-01 3.162277660168379191e-08 3.162277660168379612e+01
7.854585154340102626e+00 2.645231682856208910e-01 9.999999999999999124e-06 3.162277660168379612e+01
7.602304129834237756e+00 2.746095195447544324e-01 3.162277660168379394e-03 1.000000000000000000e+02
7.478242059026991129e+00 2.522507488510202234e-01 3.162277660168379394e-03 3.162277660168379612e+01
