2.196549430405424566e-02 2.264776120317549951e-04 1.000000000000000036e-10 1.000000000000000000e+06
3.252741432557443996e-02 3.602966354288589658e-04 3.162277660168379191e-08 1.000000000000000000e+06
4.582330078632387144e-02 3.711183451808830968e-04 9.999999999999999124e-06 1.000000000000000000e+06
1.198240601320687687e-01 1.039057346581247990e-03 3.162277660168379394e-03 1.000000000000000000e+06
1.677682223288701757e-01 1.349999280867833279e-03 1.000000000000000000e+00 1.000000000000000000e+06

1.866641757734641832e-02 2.028005480782511013e-04 1.000000000000000036e-10 1.000000000000000000e+05
2.715237236615020838e-02 3.009776584538320556e-04 3.162277660168379191e-08 1.000000000000000000e+05
3.998592177489368460e-02 3.386473034264810152e-04 9.999999999999999124e-06 1.000000000000000000e+05
6.027011235272840273e-02 5.625949034932344658e-04 3.162277660168379394e-03 1.000000000000000000e+05
1.656858405962107483e-01 1.339690471637720133e-03 1.000000000000000000e+00 1.000000000000000000e+05

1.024018665310190770e-02 4.623284161285377380e-04 1.000000000000000036e-10 1.000000000000000000e+00
1.161119640687579245e-02 9.629769667978946345e-05 3.162277660168379191e-08 1.000000000000000000e+00
1.585072000481246510e-02 1.972897536296432705e-04 9.999999999999999124e-06 1.000000000000000000e+00
2.551051128531613837e-02 3.035097916206348583e-04 3.162277660168379394e-03 1.000000000000000000e+00
3.671968816729905688e-02 3.201754649248219112e-04 1.000000000000000000e+00 1.000000000000000000e+00

2.012657430649159029e-02 2.044978289716786995e-04 1.000000000000000036e-10 3.162277660168379080e+05
2.923998874039401841e-02 3.195231727437686676e-04 3.162277660168379191e-08 3.162277660168379080e+05
4.248866265509424617e-02 3.222142501356960393e-04 9.999999999999999124e-06 3.162277660168379080e+05
8.375981596496344384e-02 7.454586785524551680e-04 3.162277660168379394e-03 3.162277660168379080e+05
1.672621121120580201e-01 1.347508437893574131e-03 1.000000000000000000e+00 3.162277660168379080e+05

1.303970401017737202e-02 1.429468193609890201e-04 1.000000000000000036e-10 1.000000000000000000e+02
1.650935899634345394e-02 1.959910962547762453e-04 3.162277660168379191e-08 1.000000000000000000e+02
2.498458506746080443e-02 3.220544705875584535e-04 9.999999999999999124e-06 1.000000000000000000e+02
3.739044491107924167e-02 3.836218702438051915e-04 3.162277660168379394e-03 1.000000000000000000e+02
5.205541143816833083e-02 5.188491696358012205e-04 1.000000000000000000e+00 1.000000000000000000e+02

1.012702412936602667e-02 9.122628577910092858e-05 1.000000000000000036e-10 3.162277660168379523e+00
1.292076065145317601e-02 1.606409272323843320e-04 3.162277660168379191e-08 3.162277660168379523e+00
1.784613373331995351e-02 2.236974424242839995e-04 9.999999999999999124e-06 3.162277660168379523e+00
2.794346085814848266e-02 3.059891221545641879e-04 3.162277660168379394e-03 3.162277660168379523e+00
4.157192779640849628e-02 3.109588401054856253e-04 1.000000000000000000e+00 3.162277660168379523e+00

1.746450906623660607e-02 2.059816581292404144e-04 1.000000000000000036e-10 3.162277660168379225e+04
2.567320527337111843e-02 2.908569537985089591e-04 3.162277660168379191e-08 3.162277660168379225e+04
3.801768361097844495e-02 3.757741261270892931e-04 9.999999999999999124e-06 3.162277660168379225e+04
5.204050584142466684e-02 5.179767538621290416e-04 3.162277660168379394e-03 3.162277660168379225e+04
1.609319181673814492e-01 1.315034636990525295e-03 1.000000000000000000e+00 3.162277660168379225e+04

1.495072990718312490e-02 1.200041383224800280e-04 1.000000000000000036e-10 1.000000000000000000e+03
1.932575834470552298e-02 2.131814810752446132e-04 3.162277660168379191e-08 1.000000000000000000e+03
2.906181629646590811e-02 3.176746540578533366e-04 9.999999999999999124e-06 1.000000000000000000e+03
4.248065655749418829e-02 3.219931049164237663e-04 3.162277660168379394e-03 1.000000000000000000e+03
8.376490052474566683e-02 7.454804449050463685e-04 1.000000000000000000e+00 1.000000000000000000e+03

1.098876900255208941e-02 1.114825728740595381e-04 1.000000000000000036e-10 1.000000000000000000e+01
1.427581272539827674e-02 1.758501817849904812e-04 3.162277660168379191e-08 1.000000000000000000e+01
2.010413259717726275e-02 2.366268829099164904e-04 9.999999999999999124e-06 1.000000000000000000e+01
3.058218287409229103e-02 3.065159092212848386e-04 3.162277660168379394e-03 1.000000000000000000e+01
4.580213358477412677e-02 3.747284771622768208e-04 1.000000000000000000e+00 1.000000000000000000e+01

1.640042723460812327e-02 1.941821922911463494e-04 1.000000000000000036e-10 1.000000000000000000e+04
2.366203589217867262e-02 2.583332494817591122e-04 3.162277660168379191e-08 1.000000000000000000e+04
3.576701760524525486e-02 3.794016335765443325e-04 9.999999999999999124e-06 1.000000000000000000e+04
4.890538346025775918e-02 4.608869741201918231e-04 3.162277660168379394e-03 1.000000000000000000e+04
1.478834519276544801e-01 1.236286436031470981e-03 1.000000000000000000e+00 1.000000000000000000e+04

1.564387163764533253e-02 1.561563841999366359e-04 1.000000000000000036e-10 3.162277660168379498e+03
2.129362394451134871e-02 2.295769092816142760e-04 3.162277660168379191e-08 3.162277660168379498e+03
3.244249702613216657e-02 3.609787609173142637e-04 9.999999999999999124e-06 3.162277660168379498e+03
4.582317332424363371e-02 3.711253506428686174e-04 3.162277660168379394e-03 3.162277660168379498e+03
1.198259353303177399e-01 1.039063881806364482e-03 1.000000000000000000e+00 3.162277660168379498e+03

1.409765141795254681e-02 1.337385918772872524e-04 1.000000000000000036e-10 3.162277660168379043e+02
1.769390401924598663e-02 2.114109610353011271e-04 3.162277660168379191e-08 3.162277660168379043e+02
2.676057481881638500e-02 2.963868960953897221e-04 9.999999999999999124e-06 3.162277660168379043e+02
3.986696179971520315e-02 3.406513696510397328e-04 3.162277660168379394e-03 3.162277660168379043e+02
6.027889270797563703e-02 5.624831738627619846e-04 1.000000000000000000e+00 3.162277660168379043e+02

1.196314385284248487e-02 1.248339172027846723e-04 1.000000000000000036e-10 3.162277660168379256e+01
1.548971826688013906e-02 1.707629174637713529e-04 3.162277660168379191e-08 3.162277660168379256e+01
2.267449641037714084e-02 2.855538893607072800e-04 9.999999999999999124e-06 3.162277660168379256e+01
3.412863463214371729e-02 3.842126223017251654e-04 3.162277660168379394e-03 3.162277660168379256e+01
4.893481821114017971e-02 4.624300359516733900e-04 1.000000000000000000e+00 3.162277660168379256e+01

